날짜 시간 시가 고가 저가 종가 거래량
20200504 901 4965 4975 4960 4970 1400
20200504 902 4960 4960 4955 4955 284
20200504 903 4950 4950 4935 4935 297
20200504 904 4925 4925 4905 4910 577
20200504 905 4900 4900 4895 4895 809
20200504 906 4895 4895 4895 4895 11066
20200504 907 4895 4895 4895 4895 532
20200504 908 4895 4895 4895 4895 139
20200504 909 4900 4900 4890 4890 598
20200504 910 4885 4885 4885 4885 20
20200504 912 4905 4905 4905 4905 360
20200504 913 4910 4910 4910 4910 100
20200504 918 4925 4930 4925 4930 101
20200504 919 4940 4945 4940 4945 4320
20200504 920 4945 4950 4945 4950 101
20200504 921 4950 4950 4950 4950 99
20200504 922 4950 4960 4950 4960 45
20200504 924 4960 4960 4950 4960 320
20200504 925 4960 4960 4960 4960 109
20200504 926 4960 4965 4960 4960 5345
20200504 929 4955 4955 4955 4955 223
20200504 930 4955 4955 4955 4955 1082
20200504 931 4955 4955 4955 4955 505
20200504 932 4955 4955 4955 4955 500
20200504 933 4955 4955 4955 4955 50
20200504 934 4960 4960 4955 4955 2162
20200504 935 4950 4950 4940 4940 252
20200504 937 4935 4935 4925 4925 4305
20200504 938 4930 4930 4930 4930 3
20200504 939 4930 4930 4925 4925 255
20200504 940 4920 4925 4915 4920 3339
20200504 944 4930 4930 4930 4930 500
20200504 945 4930 4930 4930 4930 501
20200504 947 4930 4930 4930 4930 10
20200504 948 4920 4920 4915 4915 128
20200504 949 4910 4910 4900 4910 1152
20200504 951 4910 4915 4900 4900 311
20200504 952 4915 4915 4915 4915 1
20200504 953 4900 4900 4900 4900 706
20200504 954 4915 4915 4915 4915 1
20200504 955 4915 4915 4915 4915 10
20200504 956 4900 4900 4900 4900 236
20200504 957 4900 4900 4900 4900 1
20200504 958 4905 4905 4900 4905 22
20200504 959 4905 4905 4905 4905 150
20200504 1000 4910 4910 4910 4910 1
20200504 1003 4925 4930 4925 4930 3005
20200504 1009 4940 4940 4940 4940 1
20200504 1010 4930 4930 4930 4930 70
20200504 1011 4935 4935 4935 4935 1
20200504 1015 4940 4940 4940 4940 11
20200504 1018 4935 4935 4935 4935 2599
20200504 1019 4935 4935 4935 4935 1085
20200504 1020 4935 4935 4930 4930 416
20200504 1021 4940 4945 4940 4945 201
20200504 1023 4945 4945 4945 4945 10
20200504 1025 4945 4945 4945 4945 1
20200504 1026 4945 4945 4945 4945 1
20200504 1027 4945 4950 4945 4950 49
20200504 1029 4960 4960 4960 4960 1
20200504 1033 4965 4965 4965 4965 5
20200504 1034 4965 4965 4965 4965 150
20200504 1035 4965 4965 4965 4965 100
20200504 1036 4960 4960 4960 4960 51
20200504 1037 4965 4965 4965 4965 26
20200504 1041 4965 4970 4965 4970 122
20200504 1042 4980 4980 4980 4980 5
20200504 1043 4980 4980 4980 4980 245
20200504 1044 4980 4980 4965 4965 2402
20200504 1045 4975 4975 4975 4975 14
20200504 1046 4975 4975 4975 4975 2
20200504 1049 4975 4975 4975 4975 8
20200504 1054 4985 4985 4985 4985 100
20200504 1055 4990 4995 4990 4995 253
20200504 1056 4995 4995 4995 4995 10
20200504 1057 4995 5000 4995 5000 106
20200504 1058 5000 5000 5000 5000 20
20200504 1059 5000 5000 5000 5000 128
20200504 1102 5005 5005 5005 5005 109
20200504 1104 5000 5000 5000 5000 200
20200504 1105 5000 5000 5000 5000 1635
20200504 1106 5000 5000 5000 5000 1000
20200504 1107 4995 4995 4995 4995 112
20200504 1108 4995 4995 4995 4995 1000
20200504 1110 4995 4995 4995 4995 11
20200504 1111 4995 4995 4990 4990 1111
20200504 1112 4985 4985 4985 4985 1110
20200504 1115 4985 4985 4985 4985 600
20200504 1119 4990 4995 4990 4995 91
20200504 1122 4995 4995 4995 4995 6
20200504 1123 4995 4995 4995 4995 2
20200504 1125 4990 4990 4990 4990 1
20200504 1128 4980 4980 4980 4980 1
20200504 1130 4985 4985 4975 4975 9
20200504 1132 4975 4975 4975 4975 249
20200504 1133 4985 4985 4985 4985 1
20200504 1134 4975 4985 4975 4985 21
20200504 1135 4985 4985 4985 4985 3
20200504 1140 4985 4985 4985 4985 7492
20200504 1141 4995 4995 4995 4995 50
20200504 1143 4995 4995 4995 4995 1
20200504 1144 4995 4995 4995 4995 569
20200504 1146 4995 4995 4990 4990 299
20200504 1152 4995 4995 4995 4995 1
20200504 1155 4995 4995 4995 4995 66
20200504 1157 4995 4995 4995 4995 35
20200504 1158 4995 4995 4995 4995 216
20200504 1159 4995 4995 4995 4995 1
20200504 1202 4995 4995 4995 4995 1
20200504 1204 4995 4995 4995 4995 681
20200504 1205 5000 5000 5000 5000 83
20200504 1206 5000 5000 5000 5000 100
20200504 1207 5000 5000 5000 5000 187
20200504 1208 5005 5015 5005 5015 52
20200504 1209 5015 5015 5015 5015 20
20200504 1211 5015 5015 5015 5015 103
20200504 1213 5005 5005 5005 5005 57
20200504 1214 5015 5015 5015 5015 1
20200504 1215 5015 5015 5015 5015 2
20200504 1224 5010 5015 5010 5015 9000
20200504 1237 5015 5015 5015 5015 10
20200504 1238 5015 5015 5015 5015 10
20200504 1241 5015 5025 5015 5025 203
20200504 1243 5020 5020 5020 5020 10
20200504 1248 5020 5020 5020 5020 50
20200504 1253 5010 5010 5010 5010 10
20200504 1256 5010 5020 5010 5020 20
20200504 1257 5015 5015 5015 5015 2
20200504 1258 5015 5015 5015 5015 100
20200504 1259 5020 5020 5020 5020 1
20200504 1300 5020 5020 5020 5020 2000
20200504 1307 5020 5020 5020 5020 100
20200504 1310 5025 5025 5025 5025 1500
20200504 1312 5025 5025 5025 5025 110
20200504 1315 5020 5020 5020 5020 5
20200504 1323 5015 5015 5010 5010 2311
20200504 1324 5020 5020 5020 5020 1
20200504 1325 5010 5010 5010 5010 20
20200504 1326 5020 5020 5020 5020 1
20200504 1330 5005 5005 5000 5000 568
20200504 1332 4995 5005 4995 5005 191
20200504 1333 5005 5005 5005 5005 10
20200504 1336 5005 5005 5005 5005 1
20200504 1338 5000 5000 4995 4995 714
20200504 1339 4990 4990 4990 4990 55
20200504 1340 4985 4985 4985 4985 40
20200504 1344 4990 4990 4990 4990 1
20200504 1346 4985 4985 4985 4985 8
20200504 1348 4995 4995 4995 4995 1
20200504 1355 4985 4985 4985 4985 419
20200504 1356 4985 4985 4985 4985 100
20200504 1357 4985 4985 4985 4985 5
20200504 1401 4980 4980 4970 4970 754
20200504 1403 4970 4970 4970 4970 10
20200504 1406 4965 4965 4965 4965 156
20200504 1407 4965 4965 4965 4965 10
20200504 1408 4960 4960 4960 4960 28
20200504 1409 4955 4960 4955 4960 11
20200504 1410 4960 4960 4955 4955 13
20200504 1411 4955 4955 4955 4955 1
20200504 1412 4955 4955 4955 4955 200
20200504 1414 4965 4965 4965 4965 1
20200504 1415 4960 4960 4960 4960 20
20200504 1416 4955 4955 4955 4955 3
20200504 1417 4965 4965 4965 4965 1
20200504 1421 4970 4970 4970 4970 1
20200504 1422 4965 4965 4965 4965 683
20200504 1426 4965 4965 4965 4965 194
20200504 1427 4965 4965 4965 4965 106
20200504 1435 4960 4960 4960 4960 501
20200504 1436 4960 4960 4960 4960 584
20200504 1437 4955 4955 4955 4955 5
20200504 1438 4955 4960 4950 4960 51
20200504 1439 4965 4965 4965 4965 1
20200504 1440 4950 4965 4950 4965 47
20200504 1443 4960 4965 4960 4965 106
20200504 1445 4960 4965 4960 4965 4
20200504 1447 4955 4955 4955 4955 799
20200504 1448 4965 4965 4950 4950 800
20200504 1449 4965 4965 4950 4950 800
20200504 1450 4965 4965 4950 4950 800
20200504 1451 4965 4965 4950 4965 812
20200504 1452 4965 4965 4965 4965 50
20200504 1455 4945 4955 4945 4955 2
20200504 1456 4945 4945 4940 4940 1500
20200504 1457 4940 4955 4940 4955 11
20200504 1458 4955 4955 4940 4955 12
20200504 1459 4955 4955 4955 4955 1
20200504 1501 4955 4955 4955 4955 600
20200504 1505 4955 4955 4955 4955 3
20200504 1507 4940 4950 4935 4935 220
20200504 1508 4950 4950 4935 4945 203
20200504 1509 4945 4945 4945 4945 1
20200504 1510 4945 4950 4945 4950 37
20200504 1512 4950 4950 4950 4950 93
20200504 1514 4950 4950 4950 4950 14966
20200504 1516 4950 4955 4950 4955 161
20200504 1518 4945 4955 4945 4950 65
20200504 1519 4955 4955 4955 4955 1
20200504 1520 4945 4950 4945 4950 2501
20200504 1530 4955 4955 4955 4955 77
20200506 901 5055 5055 5045 5045 18387
20200506 902 5045 5055 5045 5055 494
20200506 903 5050 5055 5050 5055 4099
20200506 904 5055 5055 5055 5055 100
20200506 905 5060 5070 5060 5060 656
20200506 906 5060 5060 5060 5060 400
20200506 907 5060 5060 5055 5060 405
20200506 908 5060 5060 5060 5060 1000
20200506 909 5060 5060 5060 5060 8712
20200506 910 5060 5075 5060 5075 11
20200506 911 5080 5080 5075 5075 2515
20200506 912 5075 5075 5075 5075 5016
20200506 913 5080 5080 5080 5080 411
20200506 914 5090 5095 5090 5095 14050
20200506 915 5095 5105 5095 5100 17024
20200506 916 5105 5105 5105 5105 10000
20200506 918 5100 5100 5100 5100 40
20200506 919 5110 5110 5100 5110 1477
20200506 920 5110 5120 5110 5120 2095
20200506 921 5125 5150 5125 5150 820
20200506 922 5145 5145 5140 5140 9577
20200506 923 5130 5135 5125 5125 682
20200506 924 5120 5125 5120 5125 5820
20200506 925 5125 5125 5120 5120 2000
20200506 926 5120 5120 5115 5115 1648
20200506 927 5115 5115 5115 5115 4052
20200506 929 5115 5120 5115 5120 101
20200506 930 5110 5120 5110 5115 1401
20200506 931 5120 5130 5120 5130 13952
20200506 932 5135 5135 5130 5130 177
20200506 933 5135 5145 5135 5140 11752
20200506 934 5140 5140 5140 5140 1
20200506 935 5145 5145 5140 5140 4100
20200506 936 5130 5145 5125 5145 9300
20200506 938 5140 5140 5130 5135 1517
20200506 940 5135 5140 5135 5140 54
20200506 941 5140 5145 5140 5145 355
20200506 942 5150 5150 5150 5150 500
20200506 943 5140 5140 5130 5130 13
20200506 944 5130 5130 5125 5125 40
20200506 946 5125 5125 5120 5120 3107
20200506 947 5125 5125 5125 5125 1
20200506 948 5120 5120 5120 5120 37
20200506 952 5115 5115 5115 5115 63
20200506 953 5115 5115 5115 5115 283
20200506 954 5110 5110 5110 5110 85
20200506 955 5105 5105 5100 5100 1010
20200506 956 5100 5100 5100 5100 500
20200506 957 5090 5090 5090 5090 26
20200506 958 5100 5100 5100 5100 1
20200506 959 5090 5090 5090 5090 740
20200506 1000 5100 5100 5100 5100 1
20200506 1003 5090 5090 5090 5090 3700
20200506 1004 5085 5085 5080 5080 3176
20200506 1006 5070 5070 5070 5070 47
20200506 1007 5065 5065 5060 5060 266
20200506 1008 5060 5070 5060 5070 5996
20200506 1009 5070 5070 5070 5070 499
20200506 1010 5070 5070 5070 5070 3
20200506 1011 5070 5070 5060 5060 103
20200506 1012 5070 5070 5070 5070 1397
20200506 1016 5070 5070 5070 5070 96
20200506 1020 5080 5080 5075 5075 2
20200506 1024 5070 5070 5070 5070 500
20200506 1025 5075 5075 5070 5070 125
20200506 1026 5070 5070 5070 5070 1
20200506 1030 5070 5070 5070 5070 299
20200506 1031 5075 5080 5075 5080 2
20200506 1032 5080 5085 5080 5085 300
20200506 1034 5085 5085 5085 5085 150
20200506 1035 5085 5085 5085 5085 50
20200506 1036 5085 5085 5085 5085 1000
20200506 1037 5085 5085 5085 5085 1500
20200506 1038 5080 5080 5080 5080 1
20200506 1041 5085 5090 5085 5090 2
20200506 1043 5095 5095 5095 5095 1
20200506 1046 5090 5090 5090 5090 1000
20200506 1047 5080 5080 5080 5080 1158
20200506 1048 5080 5080 5080 5080 250
20200506 1050 5070 5070 5070 5070 2106
20200506 1051 5070 5075 5070 5075 6
20200506 1053 5065 5070 5065 5070 130
20200506 1055 5060 5060 5060 5060 200
20200506 1056 5070 5075 5070 5075 422
20200506 1059 5065 5075 5065 5075 2
20200506 1100 5070 5070 5070 5070 50
20200506 1101 5075 5075 5070 5070 270
20200506 1103 5065 5065 5060 5060 999
20200506 1104 5055 5065 5055 5065 19
20200506 1111 5050 5065 5050 5065 159
20200506 1112 5065 5065 5065 5065 1
20200506 1113 5065 5065 5065 5065 1
20200506 1119 5060 5060 5060 5060 200
20200506 1121 5060 5060 5060 5060 1
20200506 1129 5060 5060 5060 5060 1
20200506 1132 5060 5060 5060 5060 1
20200506 1134 5055 5060 5055 5060 57
20200506 1136 5060 5065 5060 5065 51
20200506 1137 5055 5065 5055 5065 3
20200506 1140 5060 5060 5060 5060 8000
20200506 1141 5060 5060 5060 5060 1
20200506 1145 5060 5060 5060 5060 1
20200506 1146 5065 5065 5065 5065 30
20200506 1150 5055 5055 5055 5055 54
20200506 1151 5060 5060 5060 5060 5
20200506 1153 5060 5060 5060 5060 10
20200506 1156 5065 5065 5065 5065 1
20200506 1157 5055 5060 5055 5060 3
20200506 1158 5055 5055 5055 5055 1
20200506 1159 5065 5065 5065 5065 1
20200506 1200 5065 5065 5065 5065 1000
20200506 1204 5065 5065 5065 5065 1000
20200506 1205 5070 5070 5070 5070 1
20200506 1206 5065 5065 5065 5065 7896
20200506 1208 5070 5070 5070 5070 1283
20200506 1209 5070 5070 5070 5070 1183
20200506 1210 5070 5070 5070 5070 1183
20200506 1213 5070 5070 5070 5070 104
20200506 1217 5075 5080 5075 5080 302
20200506 1218 5080 5085 5070 5085 12
20200506 1219 5085 5085 5085 5085 1974
20200506 1222 5085 5085 5080 5080 33
20200506 1227 5075 5080 5075 5080 176
20200506 1228 5070 5070 5070 5070 500
20200506 1229 5080 5080 5080 5080 1
20200506 1240 5070 5070 5070 5070 20
20200506 1242 5065 5065 5065 5065 101
20200506 1243 5065 5065 5065 5065 4206
20200506 1245 5065 5065 5065 5065 1
20200506 1251 5065 5065 5060 5060 155
20200506 1252 5055 5065 5055 5065 125
20200506 1257 5055 5065 5055 5065 201
20200506 1309 5055 5055 5055 5055 1037
20200506 1311 5065 5065 5065 5065 1
20200506 1318 5065 5065 5065 5065 115
20200506 1319 5065 5065 5065 5065 145
20200506 1320 5070 5070 5070 5070 1
20200506 1322 5070 5070 5070 5070 88
20200506 1323 5070 5070 5070 5070 5
20200506 1328 5070 5070 5070 5070 1
20200506 1329 5070 5075 5070 5075 407
20200506 1330 5075 5075 5075 5075 1
20200506 1332 5070 5070 5070 5070 203
20200506 1333 5075 5075 5075 5075 1
20200506 1336 5075 5075 5075 5075 21
20200506 1338 5075 5075 5075 5075 5
20200506 1339 5075 5075 5075 5075 20
20200506 1340 5070 5070 5070 5070 2
20200506 1347 5075 5075 5075 5075 5
20200506 1354 5075 5075 5075 5075 1
20200506 1355 5075 5075 5075 5075 30
20200506 1356 5075 5075 5075 5075 237
20200506 1358 5075 5075 5075 5075 763
20200506 1400 5080 5080 5080 5080 1
20200506 1402 5080 5080 5080 5080 200
20200506 1406 5080 5080 5080 5080 1968
20200506 1407 5080 5080 5075 5075 2
20200506 1408 5080 5085 5080 5085 2
20200506 1409 5085 5085 5085 5085 101
20200506 1410 5090 5090 5090 5090 500
20200506 1411 5090 5090 5090 5090 2364
20200506 1412 5090 5090 5090 5090 5912
20200506 1413 5090 5090 5090 5090 90
20200506 1418 5090 5090 5085 5085 47
20200506 1421 5090 5090 5085 5085 30
20200506 1423 5090 5090 5090 5090 1
20200506 1425 5075 5075 5075 5075 50
20200506 1426 5090 5090 5090 5090 1
20200506 1431 5090 5090 5090 5090 31
20200506 1432 5095 5095 5095 5095 2000
20200506 1436 5090 5090 5090 5090 4000
20200506 1438 5090 5090 5090 5090 50
20200506 1442 5090 5090 5090 5090 1
20200506 1443 5090 5090 5090 5090 189
20200506 1444 5090 5090 5090 5090 1811
20200506 1445 5095 5095 5095 5095 1
20200506 1446 5085 5085 5085 5085 1
20200506 1447 5095 5095 5085 5085 2
20200506 1451 5095 5095 5095 5095 1
20200506 1454 5080 5080 5080 5080 1
20200506 1458 5090 5090 5090 5090 2
20200506 1501 5080 5080 5080 5080 5
20200506 1502 5080 5080 5080 5080 150
20200506 1504 5090 5090 5090 5090 1
20200506 1505 5090 5090 5090 5090 15
20200506 1506 5090 5090 5090 5090 1026
20200506 1508 5090 5090 5090 5090 100
20200506 1509 5080 5080 5080 5080 2380
20200506 1510 5080 5080 5080 5080 1467
20200506 1512 5080 5085 5075 5085 55
20200506 1513 5080 5080 5080 5080 1000
20200506 1514 5085 5085 5085 5085 1
20200506 1515 5080 5080 5080 5080 2
20200506 1517 5080 5080 5080 5080 1
20200506 1518 5075 5075 5075 5075 1000
20200506 1520 5080 5080 5080 5080 1
20200506 1530 5070 5070 5070 5070 169
20200507 901 5040 5040 5040 5040 1092
20200507 902 5035 5035 5035 5035 1
20200507 903 5045 5045 5045 5045 1
20200507 904 5030 5030 5030 5030 300
20200507 905 5030 5030 5030 5030 200
20200507 907 5030 5030 5030 5030 200
20200507 908 5030 5030 5030 5030 2288
20200507 909 5030 5030 5030 5030 3762
20200507 910 5030 5035 5030 5035 729
20200507 911 5030 5030 5025 5025 1160
20200507 912 5020 5020 5020 5020 1226
20200507 913 5020 5020 5020 5020 200
20200507 914 5025 5025 5025 5025 201
20200507 915 5025 5035 5025 5035 326
20200507 916 5030 5030 5030 5030 30
20200507 917 5035 5035 5035 5035 10
20200507 919 5040 5040 5040 5040 1984
20200507 920 5040 5040 5040 5040 100
20200507 921 5040 5040 5040 5040 128
20200507 923 5030 5030 5030 5030 299
20200507 925 5035 5035 5030 5030 146
20200507 926 5030 5030 5030 5030 1
20200507 930 5025 5025 5025 5025 2384
20200507 933 5030 5030 5030 5030 10
20200507 934 5030 5030 5030 5030 10
20200507 937 5030 5030 5030 5030 198
20200507 940 5030 5030 5030 5030 1
20200507 941 5020 5020 5020 5020 1
20200507 942 5030 5030 5030 5030 297
20200507 943 5030 5030 5030 5030 101
20200507 946 5030 5030 5020 5020 802
20200507 947 5030 5030 5030 5030 21
20200507 948 5030 5030 5030 5030 1345
20200507 949 5025 5025 5020 5020 500
20200507 950 5035 5035 5025 5025 15
20200507 951 5035 5035 5035 5035 6
20200507 952 5035 5035 5035 5035 10
20200507 954 5020 5035 5020 5035 32
20200507 956 5030 5030 5030 5030 286
20200507 957 5030 5030 5030 5030 714
20200507 1000 5030 5030 5030 5030 1
20200507 1001 5045 5045 5045 5045 291
20200507 1004 5055 5055 5050 5050 60
20200507 1005 5050 5055 5050 5055 214
20200507 1006 5045 5050 5045 5050 292
20200507 1007 5050 5050 5050 5050 14
20200507 1010 5050 5050 5050 5050 25
20200507 1013 5050 5050 5050 5050 17
20200507 1016 5060 5060 5060 5060 1
20200507 1018 5060 5060 5060 5060 17
20200507 1020 5070 5075 5070 5075 985
20200507 1022 5070 5070 5070 5070 18
20200507 1023 5070 5075 5070 5075 759
20200507 1026 5070 5070 5070 5070 58
20200507 1027 5075 5075 5075 5075 20
20200507 1029 5070 5070 5065 5065 990
20200507 1030 5065 5065 5065 5065 3369
20200507 1031 5060 5060 5060 5060 6
20200507 1032 5065 5065 5065 5065 217
20200507 1033 5060 5060 5060 5060 310
20200507 1035 5060 5060 5060 5060 17
20200507 1036 5055 5055 5055 5055 9
20200507 1039 5055 5055 5055 5055 18
20200507 1040 5050 5050 5050 5050 3
20200507 1041 5050 5050 5050 5050 2441
20200507 1043 5055 5055 5055 5055 18
20200507 1044 5055 5055 5055 5055 10
20200507 1045 5045 5045 5045 5045 1
20200507 1046 5050 5055 5050 5055 6023
20200507 1047 5055 5055 5050 5050 20
20200507 1048 5055 5055 5055 5055 154
20200507 1051 5050 5050 5050 5050 167
20200507 1053 5045 5045 5045 5045 137
20200507 1054 5050 5050 5050 5050 17
20200507 1055 5045 5045 5045 5045 376
20200507 1057 5045 5050 5040 5040 9922
20200507 1059 5035 5035 5035 5035 1
20200507 1101 5035 5040 5035 5040 30
20200507 1104 5035 5035 5035 5035 18
20200507 1107 5035 5035 5035 5035 18
20200507 1109 5035 5035 5035 5035 122
20200507 1110 5035 5035 5035 5035 17
20200507 1111 5035 5035 5035 5035 17
20200507 1113 5035 5035 5035 5035 18
20200507 1116 5035 5035 5035 5035 17
20200507 1120 5035 5035 5035 5035 18
20200507 1121 5035 5035 5035 5035 10
20200507 1123 5035 5035 5035 5035 102
20200507 1124 5035 5035 5035 5035 1044
20200507 1129 5050 5050 5050 5050 17
20200507 1130 5045 5045 5045 5045 17
20200507 1131 5045 5045 5045 5045 9
20200507 1132 5045 5045 5045 5045 18
20200507 1136 5045 5045 5045 5045 18
20200507 1139 5040 5050 5040 5050 22
20200507 1142 5050 5050 5050 5050 18
20200507 1143 5050 5050 5045 5045 31
20200507 1144 5045 5045 5045 5045 10
20200507 1148 5055 5055 5055 5055 18
20200507 1149 5055 5060 5055 5055 2227
20200507 1150 5060 5060 5055 5055 31
20200507 1152 5050 5050 5050 5050 18
20200507 1153 5055 5055 5055 5055 1
20200507 1157 5055 5055 5055 5055 18
20200507 1159 5050 5050 5050 5050 161
20200507 1203 5060 5060 5060 5060 51
20200507 1204 5055 5070 5055 5070 3198
20200507 1206 5070 5070 5070 5070 3992
20200507 1207 5070 5070 5070 5070 18
20200507 1208 5070 5070 5070 5070 18
20200507 1210 5070 5070 5070 5070 100
20200507 1211 5070 5070 5065 5065 1186
20200507 1212 5070 5070 5070 5070 1
20200507 1214 5065 5065 5060 5060 5
20200507 1215 5070 5070 5070 5070 27
20200507 1216 5070 5070 5070 5070 708
20200507 1217 5070 5070 5065 5065 235
20200507 1220 5065 5070 5065 5065 415
20200507 1223 5065 5065 5065 5065 137
20200507 1225 5060 5060 5060 5060 2452
20200507 1226 5060 5060 5060 5060 18
20200507 1229 5060 5060 5060 5060 25
20200507 1230 5060 5060 5055 5055 94
20200507 1233 5055 5055 5055 5055 250
20200507 1234 5055 5055 5055 5055 6
20200507 1235 5060 5060 5055 5055 11011
20200507 1236 5055 5055 5055 5055 17
20200507 1237 5060 5060 5060 5060 100
20200507 1241 5060 5060 5060 5060 18
20200507 1242 5060 5060 5060 5060 17
20200507 1244 5055 5055 5055 5055 104
20200507 1245 5055 5055 5055 5055 50
20200507 1246 5055 5060 5055 5060 47
20200507 1248 5065 5065 5065 5065 1
20200507 1250 5055 5060 5055 5060 18
20200507 1251 5060 5060 5060 5060 3952
20200507 1252 5060 5060 5060 5060 3952
20200507 1253 5060 5060 5060 5060 1370
20200507 1254 5065 5065 5065 5065 421
20200507 1255 5065 5065 5065 5065 8501
20200507 1256 5070 5070 5070 5070 2
20200507 1257 5070 5070 5070 5070 6369
20200507 1258 5070 5070 5070 5070 17982
20200507 1259 5070 5070 5070 5070 991
20200507 1300 5070 5070 5070 5070 8000
20200507 1301 5070 5070 5070 5070 13127
20200507 1302 5070 5070 5070 5070 20
20200507 1303 5065 5065 5065 5065 140
20200507 1305 5070 5070 5070 5070 17
20200507 1306 5065 5065 5065 5065 986
20200507 1307 5070 5070 5070 5070 1
20200507 1308 5065 5065 5065 5065 17
20200507 1309 5070 5070 5070 5070 1
20200507 1311 5070 5070 5060 5065 718
20200507 1313 5060 5070 5060 5070 800
20200507 1317 5075 5075 5075 5075 9017
20200507 1318 5075 5080 5075 5080 18000
20200507 1319 5080 5080 5080 5080 9413
20200507 1320 5080 5080 5080 5080 9018
20200507 1321 5080 5080 5080 5080 17
20200507 1323 5085 5085 5085 5085 3
20200507 1324 5090 5090 5090 5090 1
20200507 1326 5085 5085 5085 5085 17
20200507 1327 5090 5090 5090 5090 628
20200507 1329 5085 5085 5085 5085 606
20200507 1330 5085 5085 5085 5085 19
20200507 1332 5085 5085 5085 5085 29
20200507 1334 5085 5085 5085 5085 200
20200507 1337 5085 5085 5085 5085 17
20200507 1338 5085 5085 5085 5085 10
20200507 1340 5085 5085 5080 5080 257
20200507 1341 5085 5085 5085 5085 1
20200507 1343 5080 5080 5080 5080 17
20200507 1346 5080 5080 5080 5080 18
20200507 1348 5080 5080 5075 5075 400
20200507 1349 5080 5080 5075 5080 19
20200507 1352 5070 5075 5070 5075 97
20200507 1353 5070 5070 5070 5070 785
20200507 1354 5075 5075 5075 5075 1
20200507 1356 5075 5075 5075 5075 20
20200507 1357 5070 5070 5070 5070 742
20200507 1359 5070 5070 5070 5070 17
20200507 1401 5065 5065 5065 5065 10
20200507 1402 5070 5070 5070 5070 17
20200507 1403 5070 5070 5070 5070 2
20200507 1404 5065 5070 5065 5065 56
20200507 1405 5060 5065 5060 5060 33
20200507 1406 5065 5065 5065 5065 1
20200507 1408 5060 5060 5060 5060 9
20200507 1410 5065 5065 5065 5065 9
20200507 1412 5060 5060 5055 5055 27
20200507 1414 5055 5055 5055 5055 10
20200507 1415 5060 5060 5055 5055 116
20200507 1417 5050 5050 5050 5050 15664
20200507 1418 5045 5050 5045 5050 58
20200507 1420 5050 5050 5050 5050 10
20200507 1421 5050 5050 5050 5050 18
20200507 1424 5050 5050 5050 5050 17
20200507 1425 5050 5050 5050 5050 1
20200507 1427 5050 5050 5050 5050 17
20200507 1428 5050 5050 5050 5050 50
20200507 1429 5050 5050 5050 5050 69
20200507 1432 5050 5050 5050 5050 17
20200507 1434 5050 5050 5050 5050 17
20200507 1437 5050 5050 5050 5050 27
20200507 1439 5050 5050 5050 5050 1
20200507 1440 5050 5050 5045 5050 60
20200507 1441 5050 5050 5050 5050 3
20200507 1443 5050 5050 5050 5050 18
20200507 1445 5050 5050 5050 5050 6
20200507 1447 5050 5050 5050 5050 18
20200507 1449 5045 5050 5045 5050 401
20200507 1451 5050 5050 5045 5045 639
20200507 1452 5045 5050 5045 5050 11
20200507 1453 5045 5045 5045 5045 17
20200507 1454 5050 5050 5040 5050 74
20200507 1458 5050 5050 5050 5050 17
20200507 1459 5045 5045 5040 5045 920
20200507 1501 5050 5050 5040 5050 802
20200507 1502 5050 5050 5050 5050 10
20200507 1503 5050 5050 5050 5050 72
20200507 1504 5050 5050 5050 5050 228
20200507 1505 5050 5065 5050 5065 10184
20200507 1506 5055 5065 5055 5065 20
20200507 1509 5050 5050 5050 5050 17
20200507 1510 5060 5060 5060 5060 1
20200507 1511 5055 5055 5055 5055 1
20200507 1512 5050 5055 5050 5050 48
20200507 1513 5060 5065 5060 5065 2
20200507 1515 5050 5050 5050 5050 603
20200507 1516 5060 5060 5060 5060 1
20200507 1518 5055 5060 5055 5060 18
20200507 1519 5060 5060 5045 5045 18
20200507 1520 5060 5060 5060 5060 1
20200507 1530 5060 5060 5060 5060 909
20200508 901 5120 5120 5120 5120 2750
20200508 902 5100 5100 5100 5100 3002
20200508 903 5100 5100 5100 5100 1
20200508 905 5115 5115 5100 5100 2
20200508 906 5120 5120 5100 5100 10794
20200508 907 5115 5120 5115 5120 505
20200508 909 5110 5110 5110 5110 378
20200508 910 5110 5110 5110 5110 1500
20200508 911 5120 5130 5120 5130 199
20200508 912 5130 5130 5125 5125 4217
20200508 913 5110 5110 5110 5110 150
20200508 916 5115 5115 5115 5115 10
20200508 917 5125 5125 5125 5125 1
20200508 918 5125 5125 5125 5125 2
20200508 921 5120 5125 5120 5125 53
20200508 922 5120 5120 5120 5120 11050
20200508 923 5115 5115 5115 5115 2140
20200508 924 5115 5115 5115 5115 293
20200508 925 5115 5115 5110 5110 4313
20200508 926 5110 5115 5110 5115 11
20200508 928 5110 5110 5110 5110 40
20200508 929 5105 5105 5105 5105 209
20200508 930 5105 5105 5100 5100 1933
20200508 931 5100 5100 5100 5100 7
20200508 932 5095 5095 5095 5095 15
20200508 933 5100 5100 5100 5100 1
20200508 936 5100 5100 5100 5100 1
20200508 937 5105 5105 5105 5105 93
20200508 938 5105 5105 5105 5105 2136
20200508 939 5110 5110 5110 5110 8011
20200508 941 5110 5110 5110 5110 2000
20200508 943 5110 5110 5105 5105 303
20200508 944 5105 5110 5095 5095 2054
20200508 945 5105 5105 5095 5095 220
20200508 946 5105 5105 5105 5105 1
20200508 947 5095 5100 5090 5100 378
20200508 950 5100 5100 5100 5100 20
20200508 951 5100 5100 5100 5100 196
20200508 953 5100 5100 5100 5100 200
20200508 954 5110 5110 5110 5110 1
20200508 957 5110 5110 5110 5110 200
20200508 958 5105 5105 5105 5105 220
20200508 959 5110 5110 5110 5110 989
20200508 1000 5110 5110 5110 5110 200
20200508 1001 5105 5105 5105 5105 3717
20200508 1003 5100 5100 5100 5100 110
20200508 1004 5100 5100 5100 5100 1
20200508 1007 5095 5095 5095 5095 1002
20200508 1013 5095 5095 5095 5095 12
20200508 1014 5095 5095 5095 5095 4179
20200508 1018 5090 5090 5090 5090 500
20200508 1019 5100 5100 5100 5100 1
20200508 1021 5095 5095 5095 5095 10
20200508 1022 5095 5095 5095 5095 25
20200508 1023 5090 5090 5090 5090 2889
20200508 1024 5085 5085 5085 5085 766
20200508 1025 5095 5095 5095 5095 10
20200508 1028 5095 5095 5095 5095 15
20200508 1029 5095 5095 5095 5095 30
20200508 1034 5085 5085 5085 5085 21
20200508 1035 5080 5080 5080 5080 2646
20200508 1038 5085 5085 5085 5085 1
20200508 1041 5085 5085 5085 5085 25
20200508 1043 5080 5080 5080 5080 20
20200508 1045 5090 5090 5090 5090 1
20200508 1049 5090 5090 5090 5090 1
20200508 1050 5095 5095 5095 5095 4001
20200508 1055 5090 5090 5090 5090 40
20200508 1057 5090 5090 5090 5090 8
20200508 1100 5080 5080 5080 5080 1
20200508 1101 5090 5090 5090 5090 1
20200508 1106 5090 5090 5090 5090 1
20200508 1113 5080 5080 5075 5075 500
20200508 1114 5090 5090 5090 5090 1
20200508 1116 5085 5085 5085 5085 7
20200508 1117 5080 5080 5080 5080 30
20200508 1118 5080 5080 5080 5080 12
20200508 1119 5080 5080 5080 5080 8
20200508 1120 5085 5085 5085 5085 113
20200508 1121 5085 5085 5080 5080 34
20200508 1122 5085 5085 5080 5080 18
20200508 1123 5085 5085 5085 5085 4376
20200508 1124 5090 5090 5090 5090 7
20200508 1125 5095 5095 5090 5090 9
20200508 1127 5090 5090 5090 5090 17
20200508 1128 5090 5090 5090 5090 8
20200508 1129 5095 5095 5095 5095 1
20200508 1130 5090 5090 5090 5090 7
20200508 1132 5090 5090 5090 5090 7
20200508 1133 5090 5090 5090 5090 8
20200508 1135 5090 5090 5090 5090 237
20200508 1136 5090 5090 5090 5090 8
20200508 1137 5095 5095 5095 5095 1
20200508 1138 5090 5090 5090 5090 7
20200508 1139 5090 5090 5090 5090 8
20200508 1141 5090 5090 5090 5090 7
20200508 1142 5090 5090 5090 5090 8
20200508 1143 5090 5090 5090 5090 200
20200508 1144 5090 5090 5090 5090 474
20200508 1145 5090 5090 5090 5090 100
20200508 1147 5085 5085 5085 5085 7
20200508 1148 5085 5085 5085 5085 7
20200508 1150 5090 5090 5085 5090 1808
20200508 1151 5090 5090 5085 5085 321
20200508 1152 5090 5090 5090 5090 589
20200508 1154 5085 5085 5085 5085 7
20200508 1156 5085 5085 5085 5085 1008
20200508 1157 5085 5085 5085 5085 15
20200508 1159 5085 5085 5085 5085 8
20200508 1200 5090 5090 5085 5085 8
20200508 1203 5085 5085 5085 5085 100
20200508 1207 5090 5090 5090 5090 1000
20200508 1209 5090 5090 5090 5090 1
20200508 1213 5085 5085 5085 5085 542
20200508 1216 5085 5085 5080 5080 50
20200508 1217 5090 5090 5090 5090 1
20200508 1220 5080 5080 5080 5080 1231
20200508 1221 5090 5090 5075 5075 4768
20200508 1222 5090 5090 5090 5090 45
20200508 1232 5090 5090 5090 5090 10
20200508 1237 5085 5085 5085 5085 2
20200508 1239 5080 5080 5080 5080 10
20200508 1240 5080 5090 5080 5090 3
20200508 1241 5090 5090 5090 5090 1
20200508 1247 5090 5090 5090 5090 2
20200508 1248 5090 5090 5090 5090 3
20200508 1249 5090 5090 5090 5090 60
20200508 1253 5080 5080 5080 5080 120
20200508 1258 5090 5090 5090 5090 1
20200508 1300 5080 5090 5080 5090 101
20200508 1302 5085 5085 5085 5085 6
20200508 1306 5080 5095 5080 5095 9
20200508 1307 5095 5095 5095 5095 1
20200508 1308 5090 5090 5090 5090 80
20200508 1310 5090 5090 5090 5090 200
20200508 1311 5090 5090 5090 5090 10100
20200508 1314 5080 5080 5080 5080 2
20200508 1315 5095 5095 5095 5095 1
20200508 1318 5095 5095 5090 5090 200
20200508 1319 5090 5090 5090 5090 100
20200508 1320 5090 5090 5090 5090 15
20200508 1323 5085 5085 5085 5085 3005
20200508 1324 5090 5090 5085 5085 31
20200508 1331 5080 5080 5080 5080 1000
20200508 1332 5080 5080 5080 5080 14
20200508 1335 5080 5080 5080 5080 638
20200508 1337 5080 5080 5080 5080 35
20200508 1338 5090 5090 5090 5090 1
20200508 1341 5090 5090 5090 5090 50
20200508 1349 5080 5080 5080 5080 1303
20200508 1350 5085 5085 5085 5085 15
20200508 1352 5075 5075 5075 5075 15
20200508 1353 5085 5085 5085 5085 4
20200508 1404 5080 5080 5080 5080 4
20200508 1409 5080 5080 5080 5080 10
20200508 1412 5080 5080 5080 5080 20
20200508 1415 5080 5080 5080 5080 500
20200508 1419 5080 5080 5080 5080 1485
20200508 1420 5085 5090 5085 5090 3
20200508 1428 5090 5090 5090 5090 230
20200508 1430 5090 5090 5090 5090 32
20200508 1434 5085 5085 5085 5085 10
20200508 1435 5085 5085 5085 5085 134
20200508 1441 5080 5080 5080 5080 100
20200508 1442 5080 5080 5080 5080 3262
20200508 1444 5075 5075 5075 5075 1070
20200508 1445 5085 5085 5085 5085 1
20200508 1446 5085 5085 5085 5085 50
20200508 1452 5075 5085 5075 5085 91
20200508 1453 5085 5085 5085 5085 100
20200508 1456 5080 5080 5080 5080 3500
20200508 1459 5080 5080 5080 5080 1049
20200508 1500 5080 5080 5080 5080 1000
20200508 1501 5080 5080 5080 5080 15
20200508 1505 5075 5075 5075 5075 1
20200508 1507 5075 5075 5075 5075 7677
20200508 1509 5070 5070 5070 5070 2439
20200508 1513 5070 5070 5070 5070 1004
20200508 1514 5065 5065 5065 5065 1592
20200508 1515 5065 5070 5065 5065 1820
20200508 1516 5070 5075 5060 5075 1378
20200508 1517 5060 5075 5060 5075 2049
20200508 1530 5075 5075 5075 5075 863
20200511 901 5080 5080 5080 5080 2438
20200511 902 5080 5080 5080 5080 50
20200511 903 5080 5080 5080 5080 200
20200511 904 5090 5090 5090 5090 11
20200511 908 5080 5085 5080 5085 900
20200511 910 5085 5090 5085 5085 518
20200511 912 5090 5095 5090 5095 140
20200511 913 5095 5095 5095 5095 13
20200511 914 5095 5095 5095 5095 655
20200511 915 5095 5095 5095 5095 1126
20200511 916 5100 5100 5100 5100 317
20200511 917 5100 5100 5100 5100 280
20200511 918 5105 5110 5105 5110 6276
20200511 919 5110 5110 5100 5100 20
20200511 920 5105 5105 5105 5105 30
20200511 921 5105 5105 5105 5105 50
20200511 922 5105 5105 5100 5100 2507
20200511 925 5090 5090 5090 5090 553
20200511 928 5085 5085 5085 5085 10
20200511 929 5085 5085 5085 5085 1098
20200511 930 5085 5100 5085 5100 814
20200511 931 5090 5090 5090 5090 40
20200511 933 5090 5090 5090 5090 299
20200511 936 5090 5090 5085 5085 218
20200511 937 5080 5080 5080 5080 245
20200511 939 5075 5075 5075 5075 121
20200511 940 5075 5075 5070 5070 790
20200511 941 5070 5070 5070 5070 29
20200511 942 5070 5070 5065 5065 23
20200511 943 5065 5070 5065 5070 1183
20200511 944 5060 5065 5060 5060 1033
20200511 946 5060 5060 5060 5060 560
20200511 947 5055 5055 5050 5050 89
20200511 948 5050 5050 5050 5050 20
20200511 949 5050 5050 5045 5045 41
20200511 952 5040 5045 5030 5045 989
20200511 955 5060 5060 5060 5060 2
20200511 956 5060 5060 5055 5055 50
20200511 958 5060 5060 5060 5060 1
20200511 959 5060 5060 5060 5060 99
20200511 1001 5060 5060 5060 5060 38
20200511 1003 5060 5060 5060 5060 40
20200511 1004 5060 5060 5060 5060 7
20200511 1005 5060 5060 5055 5055 20000
20200511 1006 5050 5050 5050 5050 5
20200511 1014 5065 5065 5065 5065 11
20200511 1015 5070 5070 5070 5070 93
20200511 1016 5070 5070 5070 5070 4233
20200511 1017 5070 5070 5070 5070 10
20200511 1024 5070 5075 5070 5075 1430
20200511 1025 5075 5075 5075 5075 1
20200511 1026 5075 5075 5075 5075 20
20200511 1028 5080 5080 5080 5080 1
20200511 1033 5080 5080 5080 5080 44
20200511 1034 5080 5080 5080 5080 10
20200511 1035 5080 5090 5080 5090 970
20200511 1038 5090 5090 5090 5090 1049
20200511 1039 5090 5090 5090 5090 2
20200511 1042 5080 5080 5080 5080 5
20200511 1043 5095 5095 5095 5095 1
20200511 1046 5085 5085 5080 5080 2870
20200511 1048 5095 5095 5095 5095 100
20200511 1053 5080 5095 5080 5095 6
20200511 1054 5080 5095 5080 5095 6
20200511 1100 5075 5085 5075 5085 60
20200511 1103 5080 5080 5075 5075 21
20200511 1104 5085 5085 5085 5085 1
20200511 1106 5085 5085 5085 5085 300
20200511 1112 5075 5085 5075 5085 121
20200511 1113 5085 5085 5085 5085 300
20200511 1116 5085 5085 5085 5085 1
20200511 1119 5080 5080 5080 5080 104
20200511 1120 5085 5085 5085 5085 180
20200511 1124 5075 5075 5075 5075 499
20200511 1125 5075 5075 5075 5075 20
20200511 1126 5070 5070 5070 5070 3709
20200511 1132 5080 5080 5080 5080 1
20200511 1137 5070 5070 5070 5070 10
20200511 1144 5070 5070 5070 5070 3000
20200511 1145 5080 5080 5080 5080 1
20200511 1153 5070 5070 5070 5070 109
20200511 1156 5080 5080 5080 5080 1
20200511 1158 5070 5070 5070 5070 125
20200511 1209 5070 5070 5070 5070 1
20200511 1210 5075 5075 5075 5075 20
20200511 1212 5065 5065 5065 5065 300
20200511 1216 5065 5065 5065 5065 100
20200511 1220 5060 5070 5060 5070 801
20200511 1221 5065 5065 5065 5065 3300
20200511 1222 5070 5070 5070 5070 1
20200511 1223 5065 5070 5065 5070 600
20200511 1233 5080 5080 5080 5080 1
20200511 1240 5080 5080 5080 5080 1
20200511 1243 5070 5070 5070 5070 456
20200511 1247 5070 5070 5070 5070 10
20200511 1255 5070 5070 5070 5070 1
20200511 1300 5060 5060 5060 5060 100
20200511 1302 5065 5065 5065 5065 200
20200511 1307 5060 5060 5060 5060 200
20200511 1308 5070 5070 5070 5070 200
20200511 1310 5070 5070 5070 5070 20
20200511 1311 5070 5080 5070 5080 44
20200511 1315 5080 5080 5080 5080 100
20200511 1318 5075 5075 5075 5075 100
20200511 1319 5075 5075 5075 5075 50
20200511 1323 5070 5070 5070 5070 100
20200511 1324 5065 5065 5065 5065 100
20200511 1325 5060 5060 5060 5060 1000
20200511 1330 5060 5060 5060 5060 300
20200511 1331 5060 5060 5060 5060 74
20200511 1333 5055 5065 5055 5065 263
20200511 1336 5050 5050 5050 5050 9625
20200511 1337 5065 5065 5065 5065 1
20200511 1339 5065 5065 5065 5065 1
20200511 1341 5060 5060 5060 5060 3
20200511 1343 5060 5060 5060 5060 2160
20200511 1347 5055 5055 5055 5055 64
20200511 1349 5050 5050 5050 5050 102
20200511 1356 5050 5050 5050 5050 1
20200511 1357 5055 5055 5055 5055 1
20200511 1403 5050 5050 5050 5050 212
20200511 1406 5045 5045 5045 5045 90
20200511 1407 5045 5045 5045 5045 56
20200511 1408 5040 5045 5040 5045 725
20200511 1409 5045 5045 5045 5045 1
20200511 1410 5040 5040 5040 5040 50
20200511 1413 5040 5040 5040 5040 10
20200511 1415 5040 5040 5040 5040 302
20200511 1420 5040 5040 5040 5040 50
20200511 1421 5040 5040 5040 5040 171
20200511 1423 5040 5040 5040 5040 1000
20200511 1428 5035 5035 5035 5035 36
20200511 1429 5035 5035 5035 5035 78
20200511 1433 5035 5035 5035 5035 101
20200511 1435 5035 5035 5035 5035 1
20200511 1438 5030 5030 5030 5030 293
20200511 1441 5030 5030 5030 5030 201
20200511 1442 5030 5030 5030 5030 11
20200511 1445 5025 5025 5025 5025 423
20200511 1446 5025 5025 5025 5025 6
20200511 1448 5030 5030 5025 5025 400
20200511 1450 5020 5020 5020 5020 284
20200511 1453 5015 5015 5015 5015 212
20200511 1454 5010 5010 5010 5010 10
20200511 1457 5015 5015 5015 5015 10
20200511 1458 5015 5015 5015 5015 21
20200511 1459 5015 5015 5015 5015 50
20200511 1501 5015 5015 5015 5015 1000
20200511 1502 5015 5015 5005 5005 970
20200511 1504 5005 5005 5005 5005 50
20200511 1506 5005 5005 5005 5005 13
20200511 1508 5005 5005 5005 5005 210
20200511 1509 5010 5010 5010 5010 1
20200511 1510 5005 5005 5005 5005 2
20200511 1511 5010 5010 5005 5005 1028
20200511 1512 5005 5005 5005 5005 1375
20200511 1513 5010 5010 5010 5010 1
20200511 1514 5005 5005 4995 4995 6552
20200511 1515 5000 5005 5000 5005 11
20200511 1517 5000 5000 5000 5000 1249
20200511 1518 4995 4995 4995 4995 125
20200511 1530 5000 5000 5000 5000 2392
20200512 901 4990 4990 4990 4990 300
20200512 903 4990 4990 4990 4990 163
20200512 904 4980 4980 4980 4980 151
20200512 905 4980 4980 4975 4975 31
20200512 906 4970 4970 4965 4965 1579
20200512 907 4970 4970 4970 4970 319
20200512 908 4970 4970 4970 4970 1
20200512 909 4970 4970 4965 4965 531
20200512 910 4965 4965 4965 4965 5
20200512 911 4960 4960 4960 4960 852
20200512 912 4960 4960 4955 4955 57
20200512 913 4960 4960 4960 4960 200
20200512 914 4960 4960 4960 4960 51
20200512 915 4955 4955 4955 4955 202
20200512 916 4950 4950 4950 4950 395
20200512 917 4950 4950 4945 4945 104
20200512 918 4940 4940 4935 4935 35
20200512 919 4940 4940 4940 4940 100
20200512 920 4945 4945 4935 4945 278
20200512 921 4940 4940 4940 4940 21
20200512 922 4940 4940 4935 4935 208
20200512 923 4935 4935 4935 4935 10
20200512 924 4935 4935 4935 4935 20
20200512 926 4935 4935 4935 4935 300
20200512 928 4935 4935 4935 4935 3
20200512 929 4930 4930 4925 4925 593
20200512 930 4920 4920 4920 4920 408
20200512 931 4915 4920 4915 4915 332
20200512 932 4910 4910 4910 4910 126
20200512 933 4905 4905 4900 4900 201
20200512 934 4900 4900 4895 4895 4283
20200512 935 4890 4890 4885 4885 5010
20200512 936 4885 4885 4880 4880 3900
20200512 938 4900 4900 4900 4900 306
20200512 939 4895 4900 4895 4900 4641
20200512 940 4900 4900 4900 4900 4000
20200512 942 4905 4905 4905 4905 3
20200512 943 4905 4905 4905 4905 3000
20200512 944 4900 4900 4900 4900 7000
20200512 945 4910 4910 4910 4910 200
20200512 946 4910 4910 4910 4910 4
20200512 947 4910 4910 4910 4910 1
20200512 948 4915 4915 4895 4895 10306
20200512 949 4895 4895 4890 4890 228
20200512 950 4885 4885 4880 4880 10000
20200512 951 4880 4880 4880 4880 100
20200512 952 4880 4885 4880 4885 87
20200512 953 4885 4885 4875 4875 408
20200512 954 4875 4875 4870 4870 5254
20200512 955 4865 4865 4865 4865 55
20200512 956 4865 4865 4865 4865 5
20200512 957 4870 4870 4870 4870 1
20200512 959 4860 4865 4860 4865 350
20200512 1000 4855 4865 4855 4865 401
20200512 1001 4865 4865 4860 4860 99
20200512 1002 4860 4870 4855 4870 5514
20200512 1004 4870 4870 4870 4870 20
20200512 1005 4870 4870 4855 4865 6041
20200512 1006 4865 4865 4865 4865 43
20200512 1008 4870 4870 4870 4870 179
20200512 1009 4870 4870 4870 4870 593
20200512 1010 4870 4870 4870 4870 1607
20200512 1011 4875 4875 4875 4875 20
20200512 1012 4875 4875 4875 4875 372
20200512 1013 4875 4890 4875 4890 5127
20200512 1015 4885 4885 4885 4885 450
20200512 1016 4885 4885 4885 4885 5
20200512 1017 4885 4885 4885 4885 21
20200512 1018 4885 4885 4885 4885 41
20200512 1019 4885 4885 4885 4885 30
20200512 1020 4885 4885 4885 4885 20
20200512 1021 4885 4885 4885 4885 20
20200512 1022 4890 4890 4890 4890 1
20200512 1025 4885 4885 4885 4885 2
20200512 1026 4895 4900 4895 4900 1301
20200512 1029 4900 4900 4900 4900 200
20200512 1030 4900 4900 4900 4900 1
20200512 1033 4895 4900 4895 4900 300
20200512 1035 4905 4905 4905 4905 13
20200512 1036 4905 4905 4905 4905 6
20200512 1037 4900 4900 4895 4895 5314
20200512 1042 4890 4890 4890 4890 1052
20200512 1046 4885 4890 4885 4890 211
20200512 1047 4885 4885 4885 4885 1
20200512 1048 4880 4880 4880 4880 1202
20200512 1051 4880 4885 4875 4875 68
20200512 1055 4890 4890 4890 4890 53
20200512 1058 4890 4890 4890 4890 1000
20200512 1059 4890 4890 4890 4890 2
20200512 1103 4895 4895 4895 4895 5
20200512 1117 4895 4895 4895 4895 13
20200512 1118 4895 4895 4895 4895 50
20200512 1129 4895 4895 4895 4895 100
20200512 1130 4890 4890 4890 4890 925
20200512 1132 4890 4890 4890 4890 200
20200512 1133 4890 4890 4890 4890 30
20200512 1140 4895 4895 4895 4895 3
20200512 1149 4890 4890 4890 4890 40
20200512 1153 4890 4895 4890 4895 53
20200512 1156 4895 4895 4895 4895 86
20200512 1157 4895 4895 4895 4895 414
20200512 1200 4890 4890 4890 4890 1
20200512 1201 4895 4895 4890 4890 360
20200512 1203 4885 4885 4885 4885 2273
20200512 1213 4885 4885 4885 4885 1
20200512 1225 4880 4880 4880 4880 100
20200512 1228 4880 4880 4880 4880 8
20200512 1229 4885 4885 4885 4885 200
20200512 1230 4885 4885 4885 4885 10
20200512 1235 4880 4880 4880 4880 234
20200512 1236 4880 4880 4880 4880 2
20200512 1244 4885 4885 4885 4885 1
20200512 1249 4885 4885 4885 4885 131
20200512 1251 4885 4885 4885 4885 13
20200512 1252 4885 4885 4885 4885 3
20200512 1254 4885 4885 4885 4885 61
20200512 1256 4880 4880 4880 4880 470
20200512 1257 4885 4885 4885 4885 1
20200512 1258 4885 4885 4885 4885 17
20200512 1305 4885 4885 4885 4885 263
20200512 1306 4890 4895 4890 4895 51
20200512 1308 4895 4895 4895 4895 1
20200512 1315 4890 4890 4890 4890 1
20200512 1318 4895 4895 4895 4895 1000
20200512 1321 4900 4900 4900 4900 7122
20200512 1322 4900 4900 4900 4900 1125
20200512 1323 4900 4900 4900 4900 1020
20200512 1324 4900 4900 4900 4900 1021
20200512 1326 4900 4900 4900 4900 510
20200512 1330 4900 4900 4900 4900 8826
20200512 1336 4890 4890 4890 4890 400
20200512 1341 4900 4900 4900 4900 40
20200512 1342 4900 4900 4900 4900 5
20200512 1343 4900 4900 4900 4900 2
20200512 1344 4895 4895 4895 4895 7
20200512 1345 4900 4900 4900 4900 1
20200512 1349 4905 4905 4890 4905 3
20200512 1355 4910 4910 4910 4910 9
20200512 1356 4910 4910 4910 4910 18
20200512 1359 4915 4915 4915 4915 952
20200512 1400 4915 4915 4915 4915 148
20200512 1407 4915 4915 4915 4915 103
20200512 1410 4920 4920 4920 4920 1
20200512 1411 4920 4920 4920 4920 200
20200512 1412 4920 4920 4910 4910 5104
20200512 1413 4915 4920 4915 4920 1001
20200512 1414 4920 4920 4920 4920 3
20200512 1415 4920 4920 4920 4920 3
20200512 1418 4915 4915 4915 4915 5000
20200512 1419 4920 4920 4920 4920 133
20200512 1420 4925 4925 4925 4925 150
20200512 1421 4925 4930 4925 4930 5364
20200512 1426 4930 4935 4930 4935 36
20200512 1429 4930 4930 4930 4930 600
20200512 1431 4930 4930 4930 4930 500
20200512 1434 4935 4940 4935 4940 1000
20200512 1436 4940 4940 4940 4940 2900
20200512 1439 4945 4945 4945 4945 5
20200512 1440 4945 4945 4945 4945 5
20200512 1441 4945 4945 4945 4945 300
20200512 1444 4935 4945 4935 4945 67
20200512 1447 4945 4945 4945 4945 84
20200512 1449 4935 4945 4935 4945 6424
20200512 1451 4945 4945 4945 4945 80
20200512 1452 4945 4945 4945 4945 4
20200512 1455 4930 4930 4930 4930 1211
20200512 1458 4925 4925 4925 4925 2000
20200512 1459 4925 4925 4925 4925 2000
20200512 1500 4935 4935 4935 4935 1
20200512 1503 4920 4920 4920 4920 299
20200512 1504 4915 4915 4915 4915 922
20200512 1505 4915 4915 4915 4915 2221
20200512 1508 4920 4920 4920 4920 40
20200512 1512 4910 4910 4910 4910 368
20200512 1513 4910 4910 4910 4910 2
20200512 1514 4905 4905 4905 4905 567
20200512 1515 4915 4915 4900 4900 9817
20200512 1516 4915 4915 4915 4915 1
20200512 1518 4915 4920 4915 4920 4
20200512 1519 4920 4920 4920 4920 700
20200512 1530 4910 4910 4910 4910 900
20200513 901 4830 4830 4825 4830 520
20200513 902 4820 4820 4815 4815 29
20200513 908 4825 4825 4825 4825 8
20200513 909 4830 4840 4830 4840 1379
20200513 910 4830 4830 4830 4830 1
20200513 911 4845 4845 4840 4840 15
20200513 912 4835 4835 4835 4835 417
20200513 914 4835 4835 4835 4835 1000
20200513 915 4835 4835 4835 4835 22
20200513 916 4835 4835 4835 4835 11738
20200513 917 4835 4840 4835 4840 3296
20200513 918 4840 4845 4840 4840 1101
20200513 919 4840 4850 4840 4840 5036
20200513 920 4840 4840 4840 4840 19865
20200513 921 4850 4850 4840 4840 192
20200513 923 4850 4850 4840 4840 6001
20200513 926 4845 4845 4840 4840 4
20200513 927 4850 4850 4850 4850 1
20200513 928 4850 4850 4850 4850 36
20200513 931 4850 4850 4850 4850 1
20200513 932 4850 4850 4850 4850 5
20200513 933 4850 4850 4850 4850 2164
20200513 934 4855 4860 4855 4860 12
20200513 935 4855 4855 4845 4845 26
20200513 944 4845 4845 4845 4845 100
20200513 945 4855 4855 4855 4855 400
20200513 947 4860 4860 4860 4860 4414
20200513 948 4855 4855 4855 4855 2
20200513 949 4865 4870 4865 4870 5420
20200513 950 4875 4875 4875 4875 63
20200513 951 4875 4875 4875 4875 4
20200513 952 4880 4880 4880 4880 91
20200513 954 4870 4870 4870 4870 500
20200513 957 4865 4865 4865 4865 6
20200513 1002 4875 4880 4875 4880 185
20200513 1003 4880 4880 4880 4880 5787
20200513 1004 4885 4885 4885 4885 39
20200513 1005 4885 4885 4885 4885 20
20200513 1007 4885 4885 4885 4885 100
20200513 1010 4885 4885 4885 4885 5
20200513 1011 4875 4875 4875 4875 50
20200513 1012 4875 4875 4875 4875 1
20200513 1013 4865 4865 4865 4865 51
20200513 1015 4865 4865 4865 4865 1
20200513 1018 4865 4865 4865 4865 200
20200513 1020 4865 4865 4855 4855 7648
20200513 1027 4875 4875 4875 4875 1
20200513 1029 4870 4870 4870 4870 6
20200513 1032 4875 4875 4875 4875 151
20200513 1033 4870 4870 4865 4865 232
20200513 1036 4865 4865 4865 4865 10
20200513 1039 4875 4875 4875 4875 2
20200513 1040 4875 4875 4875 4875 10
20200513 1041 4880 4880 4880 4880 10
20200513 1042 4880 4880 4875 4875 67
20200513 1043 4870 4870 4870 4870 10
20200513 1045 4880 4880 4880 4880 100
20200513 1046 4880 4880 4880 4880 15
20200513 1050 4870 4870 4870 4870 78
20200513 1053 4875 4875 4875 4875 1
20200513 1101 4880 4880 4880 4880 500
20200513 1102 4880 4880 4880 4880 4821
20200513 1103 4885 4885 4885 4885 2614
20200513 1105 4885 4890 4885 4890 2269
20200513 1108 4890 4890 4890 4890 110
20200513 1109 4890 4890 4890 4890 1890
20200513 1110 4895 4895 4895 4895 1
20200513 1112 4885 4885 4885 4885 5
20200513 1114 4885 4885 4885 4885 150
20200513 1116 4890 4890 4890 4890 10
20200513 1119 4895 4895 4895 4895 10
20200513 1121 4890 4890 4890 4890 10
20200513 1125 4890 4890 4890 4890 1
20200513 1134 4895 4900 4895 4900 245
20200513 1135 4900 4900 4900 4900 10
20200513 1137 4900 4900 4900 4900 10
20200513 1138 4900 4900 4900 4900 10
20200513 1139 4895 4895 4895 4895 200
20200513 1140 4900 4900 4900 4900 11
20200513 1141 4900 4900 4900 4900 1352
20200513 1142 4905 4905 4905 4905 8
20200513 1153 4905 4905 4905 4905 274
20200513 1159 4895 4895 4895 4895 100
20200513 1205 4900 4900 4900 4900 104
20200513 1206 4900 4900 4900 4900 61
20200513 1211 4900 4900 4900 4900 136
20200513 1214 4900 4900 4900 4900 200
20200513 1223 4900 4900 4900 4900 200
20200513 1224 4900 4900 4900 4900 1
20200513 1225 4905 4905 4905 4905 1
20200513 1234 4900 4900 4900 4900 180
20200513 1235 4900 4900 4895 4895 3
20200513 1238 4905 4905 4905 4905 10
20200513 1241 4895 4895 4895 4895 100
20200513 1245 4905 4905 4905 4905 2
20200513 1246 4910 4910 4910 4910 2609
20200513 1255 4910 4910 4910 4910 1
20200513 1258 4900 4900 4900 4900 2
20200513 1300 4900 4900 4900 4900 100
20200513 1301 4900 4900 4900 4900 366
20200513 1305 4900 4900 4900 4900 1020
20200513 1307 4900 4900 4900 4900 1
20200513 1309 4895 4895 4895 4895 1601
20200513 1311 4890 4890 4890 4890 482
20200513 1314 4885 4885 4885 4885 1410
20200513 1317 4890 4890 4890 4890 1
20200513 1319 4880 4880 4880 4880 500
20200513 1321 4890 4890 4890 4890 60
20200513 1322 4890 4890 4890 4890 10
20200513 1323 4890 4890 4890 4890 84
20200513 1324 4890 4890 4890 4890 1
20200513 1326 4890 4890 4890 4890 259
20200513 1328 4900 4900 4900 4900 1
20200513 1331 4895 4895 4895 4895 5084
20200513 1332 4910 4910 4910 4910 1
20200513 1338 4900 4900 4900 4900 10
20200513 1339 4895 4895 4895 4895 3
20200513 1341 4900 4900 4900 4900 14
20200513 1342 4900 4915 4900 4915 346
20200513 1343 4900 4900 4900 4900 2
20200513 1346 4915 4915 4915 4915 1027
20200513 1348 4910 4910 4910 4910 10
20200513 1349 4910 4910 4910 4910 50
20200513 1355 4910 4910 4910 4910 62
20200513 1358 4905 4905 4905 4905 1200
20200513 1401 4905 4905 4905 4905 1
20200513 1403 4910 4910 4910 4910 1
20200513 1404 4910 4910 4910 4910 1
20200513 1405 4905 4905 4900 4905 1514
20200513 1407 4910 4910 4910 4910 1
20200513 1408 4910 4910 4910 4910 1
20200513 1409 4920 4920 4915 4915 2
20200513 1410 4920 4920 4920 4920 11
20200513 1414 4910 4910 4910 4910 21
20200513 1415 4915 4915 4915 4915 1
20200513 1417 4910 4910 4910 4910 2
20200513 1422 4905 4910 4905 4905 506
20200513 1423 4915 4915 4915 4915 1
20200513 1424 4915 4915 4915 4915 1
20200513 1428 4905 4910 4905 4910 3
20200513 1429 4900 4905 4900 4905 1201
20200513 1432 4910 4910 4910 4910 1
20200513 1435 4910 4910 4910 4910 1
20200513 1441 4910 4915 4910 4915 2
20200513 1444 4915 4915 4915 4915 1
20200513 1445 4910 4910 4910 4910 10010
20200513 1446 4915 4915 4915 4915 1
20200513 1449 4910 4910 4910 4910 100
20200513 1452 4905 4905 4905 4905 1
20200513 1453 4905 4905 4905 4905 1
20200513 1503 4905 4905 4905 4905 80
20200513 1505 4905 4905 4905 4905 116
20200513 1506 4905 4910 4905 4910 6
20200513 1508 4910 4910 4910 4910 3456
20200513 1509 4910 4910 4910 4910 2
20200513 1511 4910 4910 4905 4910 12
20200513 1515 4915 4915 4915 4915 1
20200513 1516 4910 4915 4910 4915 103
20200513 1520 4915 4915 4915 4915 407
20200513 1530 4915 4915 4915 4915 4963
