날짜 시간 시가 고가 저가 종가 거래량
20191001 928 12407 12407 12402 12402 17
20191001 937 12437 12437 12437 12437 16
20191001 1010 12476 12476 12476 12476 8
20191001 1011 12476 12476 12476 12476 2
20191001 1012 12471 12471 12471 12471 8
20191001 1023 12491 12491 12491 12491 18
20191001 1032 12501 12501 12501 12501 9
20191001 1036 12501 12501 12501 12501 8
20191001 1039 12501 12501 12496 12496 16
20191001 1042 12496 12496 12496 12496 31
20191001 1045 12501 12501 12501 12501 4
20191001 1049 12506 12506 12506 12506 8
20191001 1051 12506 12506 12501 12501 11
20191001 1054 12501 12501 12501 12501 8
20191001 1056 12496 12496 12496 12496 8
20191001 1101 12501 12501 12501 12501 17
20191001 1104 12501 12501 12501 12501 8
20191001 1107 12496 12496 12496 12496 8
20191001 1108 12496 12496 12496 12496 8
20191001 1109 12491 12491 12491 12491 8
20191001 1110 12486 12486 12486 12486 18
20191001 1113 12486 12486 12481 12481 16
20191001 1115 12476 12476 12476 12476 8
20191001 1116 12471 12471 12471 12471 9
20191001 1120 12476 12476 12476 12476 9
20191001 1123 12471 12471 12471 12471 16
20191001 1126 12471 12471 12471 12471 8
20191001 1127 12466 12466 12466 12466 9
20191001 1129 12466 12466 12466 12466 18
20191001 1137 12481 12481 12481 12481 6
20191001 1139 12481 12481 12481 12481 9
20191001 1142 12481 12481 12481 12481 8
20191001 1144 12476 12476 12476 12476 8
20191001 1148 12481 12481 12481 12481 9
20191001 1150 12476 12476 12476 12476 8
20191001 1152 12476 12476 12476 12476 8
20191001 1156 12476 12476 12476 12476 8
20191001 1158 12476 12476 12476 12476 9
20191001 1200 12471 12471 12471 12471 8
20191001 1201 12471 12471 12471 12471 29
20191001 1205 12476 12476 12476 12476 24
20191001 1212 12486 12486 12486 12486 7
20191001 1217 12491 12491 12491 12491 9
20191001 1220 12491 12491 12491 12491 8
20191001 1222 12486 12486 12486 12486 17
20191001 1226 12491 12491 12491 12491 9
20191001 1229 12491 12491 12491 12491 8
20191001 1233 12486 12486 12486 12486 8
20191001 1237 12491 12491 12491 12491 9
20191001 1241 12491 12491 12491 12491 8
20191001 1242 12491 12491 12491 12491 8
20191001 1245 12491 12491 12491 12491 9
20191001 1250 12491 12491 12491 12491 8
20191001 1252 12491 12491 12491 12491 8
20191001 1255 12491 12491 12491 12491 9
20191001 1258 12491 12491 12491 12491 8
20191001 1305 12496 12496 12496 12496 9
20191001 1309 12496 12496 12496 12496 8
20191001 1311 12496 12496 12496 12496 8
20191001 1317 12501 12501 12501 12501 8
20191001 1318 12496 12496 12496 12496 9
20191001 1321 12496 12496 12496 12496 8
20191001 1324 12496 12496 12496 12496 9
20191001 1326 12496 12496 12496 12496 8
20191001 1330 12496 12496 12496 12496 8
20191001 1337 12501 12501 12501 12501 8
20191001 1339 12501 12501 12501 12501 8
20191001 1342 12501 12501 12501 12501 9
20191001 1344 12496 12496 12496 12496 9
20191001 1346 12496 12496 12496 12496 8
20191001 1349 12496 12496 12496 12496 8
20191001 1350 12491 12491 12491 12491 24
20191001 1352 12491 12491 12491 12491 9
20191001 1355 12491 12491 12491 12491 8
20191001 1356 12486 12486 12486 12486 8
20191001 1359 12486 12486 12486 12486 8
20191001 1403 12486 12486 12486 12486 9
20191001 1409 12491 12491 12486 12486 16
20191001 1411 12486 12486 12486 12486 9
20191001 1413 12481 12481 12481 12481 8
20191001 1414 12481 12481 12481 12481 8
20191001 1415 12476 12476 12476 12476 9
20191001 1418 12476 12476 12476 12476 8
20191001 1427 12486 12486 12486 12486 8
20191001 1428 12481 12481 12481 12481 24
20191001 1430 12481 12481 12481 12481 9
20191001 1432 12476 12476 12476 12476 9
20191001 1433 12471 12471 12471 12471 16
20191001 1436 12471 12471 12471 12471 8
20191001 1438 12466 12466 12461 12461 17
20191001 1440 12461 12461 12461 12461 9
20191001 1443 12461 12461 12461 12461 8
20191001 1447 12466 12466 12466 12466 32
20191001 1452 12471 12471 12471 12471 8
20191001 1455 12466 12466 12466 12466 17
20191001 1501 12471 12471 12471 12471 8
20191001 1511 12481 12481 12481 12481 8
20191001 1514 12481 12481 12481 12481 8
20191001 1516 12476 12476 12476 12476 9
20191002 921 12362 12362 12352 12352 10
20191002 940 12367 12367 12362 12362 5
20191002 941 12357 12357 12357 12357 3
20191002 942 12352 12352 12347 12347 4
20191002 952 12357 12357 12357 12357 3
20191002 1000 12362 12362 12357 12357 5
20191002 1001 12357 12357 12357 12357 2
20191002 1006 12357 12357 12357 12357 3
20191002 1007 12357 12357 12357 12357 2
20191002 1009 12352 12352 12352 12352 2
20191002 1010 12352 12352 12352 12352 3
20191002 1012 12347 12347 12347 12347 3
20191002 1013 12347 12347 12347 12347 2
20191002 1014 12342 12342 12342 12342 3
20191002 1016 12332 12332 12332 12332 2
20191002 1043 12347 12347 12347 12347 34
20191002 1044 12347 12347 12342 12342 5
20191002 1047 12342 12342 12337 12337 5
20191002 1053 12342 12342 12337 12337 5
20191002 1056 12337 12337 12337 12337 2
20191002 1059 12337 12337 12337 12337 3
20191002 1102 12337 12337 12337 12337 2
20191002 1103 12332 12332 12332 12332 3
20191002 1105 12332 12332 12332 12332 3
20191002 1106 12327 12327 12327 12327 2
20191002 1108 12327 12327 12327 12327 2
20191002 1110 12322 12322 12322 12322 3
20191002 1111 12322 12322 12322 12322 3
20191002 1112 12317 12317 12317 12317 2
20191002 1113 12313 12313 12313 12313 3
20191002 1115 12313 12313 12313 12313 2
20191002 1121 12317 12317 12313 12313 5
20191002 1123 12308 12308 12303 12303 5
20191002 1133 12298 12298 12298 12298 2
20191002 1144 12308 12308 12308 12308 3
20191002 1148 12313 12313 12313 12313 3
20191002 1151 12313 12313 12313 12313 2
20191002 1154 12313 12313 12313 12313 3
20191002 1159 12313 12313 12313 12313 2
20191002 1200 12308 12308 12308 12308 2
20191002 1201 12308 12308 12308 12308 3
20191002 1204 12308 12308 12308 12308 2
20191002 1207 12308 12308 12308 12308 3
20191002 1210 12308 12308 12308 12308 2
20191002 1211 12303 12303 12303 12303 2
20191002 1216 12303 12303 12303 12303 5
20191002 1221 12303 12303 12303 12303 3
20191002 1225 12308 12308 12308 12308 3
20191002 1231 12313 12313 12313 12313 3
20191002 1233 12308 12308 12308 12308 2
20191002 1234 12303 12303 12298 12298 5
20191002 1235 12298 12298 12298 12298 2
20191002 1247 12313 12313 12313 12313 2
20191002 1250 12313 12313 12313 12313 3
20191002 1255 12317 12317 12317 12317 17
20191002 1256 12317 12317 12317 12317 3
20191002 1259 12313 12313 12313 12313 4
20191002 1305 12317 12317 12317 12317 2
20191002 1308 12317 12317 12317 12317 3
20191002 1311 12317 12317 12317 12317 2
20191002 1315 12317 12317 12317 12317 3
20191002 1316 12313 12313 12313 12313 3
20191002 1317 12313 12313 12313 12313 2
20191002 1320 12313 12313 12313 12313 3
20191002 1321 12308 12308 12308 12308 3
20191002 1324 12308 12308 12303 12303 4
20191002 1328 12303 12303 12303 12303 3
20191002 1330 12303 12303 12298 12298 5
20191002 1333 12298 12298 12298 12298 3
20191002 1336 12298 12298 12298 12298 2
20191002 1339 12298 12298 12298 12298 3
20191002 1342 12298 12298 12298 12298 2
20191002 1345 12298 12298 12298 12298 3
20191002 1348 12298 12298 12298 12298 2
20191002 1349 12293 12293 12293 12293 3
20191002 1351 12293 12293 12288 12288 5
20191002 1354 12288 12288 12288 12288 2
20191002 1358 12288 12288 12288 12288 3
20191002 1400 12288 12288 12288 12288 2
20191002 1407 12293 12293 12293 12293 2
20191002 1410 12293 12293 12293 12293 3
20191002 1413 12293 12293 12293 12293 2
20191002 1418 12293 12293 12293 12293 3
20191002 1419 12293 12293 12293 12293 2
20191002 1420 12288 12288 12288 12288 3
20191002 1423 12288 12288 12288 12288 3
20191002 1426 12288 12288 12288 12288 2
20191002 1428 12288 12288 12288 12288 3
20191002 1429 12283 12283 12283 12283 3
20191002 1440 12283 12283 12283 12283 3
20191002 1441 12278 12278 12278 12278 2
20191002 1442 12273 12273 12268 12268 5
20191002 1445 12253 12253 12253 12253 2
20191002 1456 12248 12248 12248 12248 5
20191002 1502 12248 12248 12248 12248 5
20191002 1507 12248 12248 12248 12248 3
20191002 1508 12248 12248 12248 12248 2
20191002 1511 12248 12248 12243 12243 5
20191002 1517 12248 12248 12248 12248 3
20191004 952 12174 12174 12174 12174 34
20191004 953 12179 12179 12179 12179 11
20191004 954 12179 12179 12179 12179 23
20191004 955 12184 12184 12184 12184 35
20191004 1001 12188 12193 12188 12193 69
20191004 1002 12198 12203 12198 12203 69
20191004 1005 12203 12203 12203 12203 34
20191004 1006 12208 12208 12208 12208 34
20191004 1018 12218 12218 12218 12218 34
20191004 1019 12218 12218 12218 12218 35
20191004 1024 12218 12218 12218 12218 34
20191004 1026 12223 12223 12223 12223 35
20191004 1033 12218 12223 12218 12223 181
20191004 1047 12213 12213 12213 12213 35
20191004 1048 12218 12218 12218 12218 34
20191004 1049 12223 12228 12223 12228 68
20191004 1056 12238 12238 12238 12238 34
20191004 1058 12243 12243 12243 12243 34
20191004 1100 12243 12243 12243 12243 35
20191004 1103 12248 12248 12248 12248 35
20191004 1130 12238 12238 12238 12238 112
20191004 1131 12238 12238 12238 12238 34
20191004 1136 12238 12243 12238 12243 69
20191004 1145 12238 12238 12238 12238 35
20191004 1148 12238 12238 12238 12238 69
20191004 1154 12233 12233 12233 12233 34
20191004 1209 12223 12223 12223 12223 34
20191004 1221 12213 12213 12213 12213 35
20191004 1222 12218 12218 12218 12218 34
20191004 1224 12218 12218 12218 12218 34
20191004 1230 12213 12213 12213 12213 34
20191004 1238 12213 12213 12213 12213 35
20191004 1239 12213 12213 12213 12213 34
20191004 1244 12213 12213 12213 12213 34
20191004 1249 12213 12213 12213 12213 35
20191004 1258 12208 12208 12208 12208 35
20191004 1302 12208 12208 12208 12208 34
20191004 1303 12213 12213 12213 12213 34
20191004 1306 12213 12213 12213 12213 34
20191004 1307 12218 12218 12218 12218 102
20191004 1308 12223 12223 12223 12223 35
20191004 1310 12228 12228 12228 12228 34
20191004 1311 12228 12228 12228 12228 35
20191004 1315 12233 12233 12233 12233 35
20191004 1316 12233 12233 12233 12233 34
20191004 1325 12228 12228 12228 12228 35
20191004 1329 12233 12233 12233 12233 68
20191004 1334 12233 12233 12233 12233 35
20191004 1338 12233 12238 12233 12238 68
20191004 1343 12238 12238 12238 12238 34
20191004 1352 12233 12233 12233 12233 34
20191004 1400 12233 12233 12233 12233 34
20191004 1401 12233 12233 12233 12233 35
20191004 1405 12233 12233 12233 12233 34
20191004 1406 12238 12243 12238 12243 69
20191004 1407 12248 12248 12248 12248 35
20191004 1410 12248 12253 12248 12253 68
20191004 1411 12258 12258 12258 12258 34
20191004 1413 12263 12263 12263 12263 35
20191004 1419 12268 12268 12268 12268 34
20191004 1420 12273 12273 12273 12273 35
20191004 1422 12278 12278 12278 12278 34
20191004 1500 12248 12248 12248 12248 35
20191007 927 12243 12243 12233 12233 3
20191007 936 12218 12218 12218 12218 1
20191007 937 12218 12218 12218 12218 1
20191007 949 12233 12233 12233 12233 1
20191007 950 12228 12228 12228 12228 1
20191007 951 12223 12223 12213 12213 3
20191007 959 12188 12188 12188 12188 1
20191007 1002 12188 12188 12188 12188 1
20191007 1003 12184 12184 12184 12184 1
20191007 1017 12179 12179 12179 12179 1
20191007 1018 12174 12174 12174 12174 1
20191007 1019 12169 12169 12169 12169 2
20191007 1020 12164 12164 12164 12164 1
20191007 1043 12208 12208 12203 12203 2
20191007 1102 12213 12213 12208 12208 2
20191007 1106 12203 12203 12203 12203 1
20191007 1108 12203 12203 12203 12203 1
20191007 1111 12203 12203 12203 12203 1
20191007 1114 12198 12198 12193 12193 3
20191007 1115 12184 12184 12179 12179 2
20191007 1133 12188 12188 12188 12188 1
20191007 1135 12193 12193 12193 12193 29
20191007 1151 12208 12208 12208 12208 1
20191007 1157 12213 12213 12213 12213 1
20191007 1200 12208 12208 12208 12208 1
20191007 1202 12203 12203 12198 12198 2
20191007 1203 12198 12198 12198 12198 1
20191007 1209 12203 12203 12203 12203 1
20191007 1212 12203 12203 12203 12203 1
20191007 1214 12203 12203 12203 12203 6
20191007 1218 12203 12203 12203 12203 1
20191007 1227 12213 12213 12213 12213 1
20191007 1232 12213 12213 12213 12213 1
20191007 1234 12213 12213 12213 12213 1
20191007 1240 12213 12213 12213 12213 1
20191007 1245 12213 12213 12213 12213 2
20191007 1249 12213 12213 12213 12213 1
20191007 1253 12213 12213 12213 12213 1
20191007 1257 12213 12213 12213 12213 1
20191007 1259 12213 12213 12213 12213 1
20191007 1304 12218 12218 12218 12218 1
20191007 1307 12218 12218 12218 12218 1
20191007 1310 12218 12218 12218 12218 1
20191007 1325 12233 12233 12233 12233 1
20191007 1326 12228 12228 12228 12228 1
20191007 1328 12228 12228 12228 12228 1
20191007 1332 12228 12228 12228 12228 3
20191007 1337 12233 12233 12233 12233 1
20191007 1340 12233 12233 12233 12233 1
20191007 1343 12228 12228 12228 12228 2
20191007 1344 12228 12228 12228 12228 1
20191007 1348 12228 12228 12228 12228 1
20191007 1354 12228 12228 12228 12228 1
20191007 1356 12228 12228 12228 12228 2
20191007 1401 12233 12233 12233 12233 1
20191007 1402 12228 12228 12228 12228 1
20191007 1404 12228 12228 12228 12228 1
20191007 1406 12228 12228 12228 12228 2
20191007 1411 12228 12228 12228 12228 1
20191007 1414 12228 12228 12223 12223 2
20191007 1415 12218 12218 12218 12218 1
20191007 1417 12218 12218 12218 12218 1
20191007 1420 12218 12218 12218 12218 3
20191007 1423 12218 12218 12218 12218 1
20191007 1427 12213 12213 12213 12213 1
20191007 1429 12213 12213 12213 12213 1
20191007 1430 12208 12208 12208 12208 1
20191007 1431 12203 12203 12203 12203 1
20191007 1439 12213 12213 12213 12213 1
20191007 1441 12213 12213 12213 12213 1
20191007 1451 12218 12218 12218 12218 1
20191007 1453 12218 12218 12218 12218 1
20191007 1458 12218 12218 12218 12218 1
20191007 1459 12218 12218 12218 12218 1
20191007 1508 12223 12223 12223 12223 1
20191007 1511 12218 12218 12218 12218 3
20191008 906 12253 12253 12253 12253 1
20191008 907 12258 12258 12258 12258 1
20191008 920 12238 12243 12238 12243 2
20191008 921 12248 12248 12248 12248 1
20191008 932 12268 12268 12268 12268 1
20191008 933 12273 12273 12273 12273 1
20191008 937 12273 12273 12273 12273 1
20191008 939 12273 12273 12273 12273 1
20191008 940 12278 12278 12278 12278 1
20191008 941 12283 12283 12283 12283 1
20191008 950 12303 12303 12303 12303 1
20191008 954 12298 12298 12298 12298 1
20191008 956 12293 12293 12293 12293 112
20191008 1002 12293 12293 12293 12293 1
20191008 1003 12298 12298 12298 12298 1
20191008 1004 12303 12308 12303 12308 2
20191008 1024 12293 12293 12293 12293 1
20191008 1025 12298 12298 12298 12298 1
20191008 1028 12303 12303 12303 12303 1
20191008 1032 12298 12298 12298 12298 1
20191008 1038 12293 12293 12293 12293 7
20191008 1047 12283 12283 12283 12283 1
20191008 1050 12288 12288 12288 12288 1
20191008 1051 12288 12288 12288 12288 1
20191008 1055 12288 12298 12288 12298 3
20191008 1102 12293 12293 12293 12293 1
20191008 1103 12298 12303 12298 12303 2
20191008 1106 12303 12303 12303 12303 1
20191008 1107 12308 12308 12308 12308 1
20191008 1108 12313 12313 12313 12313 1
20191008 1114 12322 12322 12322 12322 1
20191008 1117 12327 12327 12327 12327 1
20191008 1118 12327 12327 12327 12327 1
20191008 1125 12322 12322 12322 12322 1
20191008 1127 12322 12322 12322 12322 16
20191008 1132 12322 12322 12322 12322 1
20191008 1137 12317 12317 12317 12317 1
20191008 1140 12317 12317 12317 12317 3
20191008 1144 12322 12322 12322 12322 1
20191008 1148 12317 12317 12317 12317 1
20191008 1150 12322 12322 12322 12322 2
20191008 1152 12322 12322 12322 12322 1
20191008 1156 12322 12327 12322 12327 2
20191008 1159 12332 12332 12332 12332 1
20191008 1220 12337 12337 12337 12337 1
20191008 1221 12342 12342 12342 12342 5
20191008 1223 12342 12342 12342 12342 1
20191008 1225 12342 12342 12342 12342 1
20191008 1234 12332 12332 12332 12332 1
20191008 1237 12332 12332 12332 12332 1
20191008 1239 12332 12332 12332 12332 1
20191008 1241 12332 12332 12332 12332 1
20191008 1242 12337 12337 12337 12337 1
20191008 1249 12332 12332 12332 12332 1
20191008 1253 12332 12332 12332 12332 1
20191008 1254 12332 12332 12332 12332 1
20191008 1256 12332 12332 12332 12332 1
20191008 1315 12313 12313 12313 12313 1
20191008 1323 12308 12308 12308 12308 1
20191008 1327 12308 12308 12308 12308 1
20191008 1331 12308 12308 12308 12308 1
20191008 1333 12308 12308 12308 12308 2
20191008 1336 12308 12308 12308 12308 1
20191008 1342 12303 12303 12303 12303 1
20191008 1344 12303 12303 12303 12303 1
20191008 1346 12303 12303 12303 12303 1
20191008 1347 12308 12308 12308 12308 1
20191008 1351 12308 12308 12308 12308 1
20191008 1354 12308 12308 12308 12308 1
20191008 1356 12313 12313 12313 12313 1
20191008 1357 12313 12313 12313 12313 1
20191008 1401 12313 12313 12313 12313 1
20191008 1402 12313 12313 12313 12313 1
20191008 1405 12313 12313 12313 12313 1
20191008 1430 12288 12288 12288 12288 1
20191008 1431 12288 12288 12288 12288 1
20191008 1432 12293 12293 12293 12293 2
20191008 1435 12293 12293 12293 12293 1
20191008 1437 12293 12293 12293 12293 3
20191008 1438 12298 12298 12298 12298 1
20191008 1439 12298 12298 12298 12298 1
20191008 1440 12298 12298 12298 12298 1
20191008 1443 12298 12298 12298 12298 1
20191008 1444 12298 12298 12298 12298 1
20191008 1447 12298 12298 12298 12298 1
20191008 1448 12303 12308 12303 12308 2
20191008 1450 12313 12313 12313 12313 3
20191008 1451 12313 12313 12313 12313 1
20191008 1452 12317 12327 12317 12327 3
20191008 1454 12327 12327 12327 12327 4
20191008 1455 12327 12327 12327 12327 1
20191008 1458 12327 12327 12327 12327 1
20191008 1502 12327 12327 12327 12327 1
20191008 1503 12332 12332 12332 12332 1
20191008 1504 12337 12347 12337 12347 3
20191008 1506 12347 12347 12347 12347 1
20191008 1507 12352 12352 12352 12352 1
20191008 1510 12352 12352 12352 12352 1
20191008 1511 12347 12347 12347 12347 7
20191008 1513 12357 12362 12357 12362 2
20191010 933 12174 12174 12174 12174 172
20191010 935 12193 12193 12193 12193 110
20191010 937 12193 12193 12193 12193 47
20191010 938 12184 12193 12184 12193 288
20191010 939 12198 12198 12198 12198 274
20191010 956 12198 12198 12198 12198 112
20191010 957 12193 12193 12193 12193 180
20191010 958 12188 12188 12188 12188 112
20191010 1001 12193 12198 12193 12198 201
20191010 1003 12198 12198 12198 12198 173
20191010 1004 12203 12208 12203 12208 334
20191010 1005 12213 12213 12213 12213 178
20191010 1006 12213 12213 12213 12213 198
20191010 1008 12208 12208 12208 12208 86
20191010 1016 12198 12213 12198 12213 581
20191010 1017 12218 12218 12218 12218 155
20191010 1018 12223 12223 12223 12223 178
20191010 1019 12223 12223 12223 12223 151
20191010 1021 12228 12228 12228 12228 155
20191010 1024 12243 12243 12243 12243 112
20191010 1025 12248 12248 12248 12248 112
20191010 1028 12248 12253 12248 12253 404
20191010 1029 12258 12258 12258 12258 172
20191010 1039 12263 12268 12263 12268 333
20191010 1040 12273 12278 12273 12278 494
20191010 1041 12283 12283 12283 12283 167
20191010 1044 12283 12288 12283 12288 320
20191010 1048 12283 12283 12283 12283 112
20191010 1054 12278 12278 12278 12278 56
20191010 1056 12278 12278 12278 12278 177
20191010 1059 12273 12273 12273 12273 65
20191010 1100 12273 12273 12273 12273 101
20191010 1102 12278 12283 12278 12283 474
20191010 1103 12273 12273 12273 12273 112
20191010 1107 12283 12283 12283 12283 59
20191010 1108 12278 12278 12278 12278 219
20191010 1115 12273 12273 12273 12273 112
20191010 1117 12273 12273 12273 12273 40
20191010 1118 12268 12268 12268 12268 112
20191010 1120 12273 12273 12273 12273 50
20191010 1121 12273 12273 12268 12268 205
20191010 1124 12268 12268 12268 12268 183
20191010 1125 12273 12273 12273 12273 77
20191010 1126 12278 12283 12278 12283 409
20191010 1127 12283 12283 12283 12283 153
20191010 1131 12283 12283 12283 12283 180
20191010 1133 12288 12288 12288 12288 339
20191010 1134 12293 12293 12293 12293 166
20191010 1155 12278 12278 12278 12278 179
20191010 1158 12278 12278 12278 12278 152
20191010 1200 12278 12278 12278 12278 112
20191010 1201 12278 12278 12278 12278 112
20191010 1202 12278 12278 12278 12278 182
20191010 1205 12278 12278 12278 12278 87
20191010 1206 12278 12278 12278 12278 19
20191010 1207 12273 12273 12273 12273 183
20191010 1208 12278 12278 12278 12278 150
20191010 1211 12278 12278 12278 12278 151
20191010 1223 12263 12263 12263 12263 155
20191010 1226 12268 12268 12268 12268 346
20191010 1227 12273 12273 12273 12273 278
20191010 1230 12273 12273 12273 12273 27
20191010 1232 12268 12268 12268 12268 169
20191010 1233 12268 12268 12268 12268 27
20191010 1235 12273 12273 12273 12273 137
20191010 1239 12268 12273 12268 12273 334
20191010 1242 12273 12273 12273 12273 163
20191010 1245 12273 12273 12273 12273 170
20191010 1255 12263 12263 12263 12263 167
20191010 1257 12263 12263 12263 12263 167
20191010 1313 12243 12243 12243 12243 112
20191010 1314 12238 12238 12238 12238 112
20191010 1315 12243 12248 12243 12248 112
20191010 1316 12243 12243 12243 12243 180
20191010 1319 12243 12248 12243 12248 373
20191010 1322 12248 12248 12248 12248 171
20191010 1326 12248 12248 12248 12248 153
20191010 1331 12248 12248 12248 12248 180
20191010 1334 12248 12248 12248 12248 162
20191010 1335 12248 12248 12248 12248 172
20191010 1337 12253 12253 12253 12253 164
20191010 1338 12253 12253 12253 12253 159
20191010 1339 12258 12258 12258 12258 181
20191010 1340 12263 12263 12263 12263 152
20191010 1341 12263 12263 12263 12263 174
20191010 1342 12263 12263 12263 12263 112
20191010 1344 12263 12263 12263 12263 162
20191010 1346 12268 12273 12268 12273 333
20191010 1347 12273 12273 12273 12273 171
20191010 1348 12273 12273 12273 12273 112
20191010 1350 12278 12278 12273 12273 182
20191010 1351 12273 12273 12273 12273 112
20191010 1354 12273 12273 12273 12273 180
20191010 1359 12268 12268 12268 12268 183
20191010 1401 12273 12273 12273 12273 150
20191010 1402 12278 12278 12278 12278 112
20191010 1403 12273 12273 12273 12273 160
20191010 1404 12278 12278 12278 12278 154
20191010 1405 12283 12283 12283 12283 112
20191010 1406 12278 12278 12278 12278 173
20191010 1407 12283 12283 12283 12283 154
20191010 1410 12283 12283 12283 12283 166
20191010 1411 12288 12293 12288 12293 333
20191010 1412 12298 12303 12298 12303 344
20191010 1414 12303 12308 12303 12308 270
20191010 1415 12308 12308 12308 12308 163
20191010 1418 12308 12308 12308 12308 170
20191010 1421 12298 12298 12298 12298 112
20191010 1429 12298 12298 12298 12298 157
20191010 1430 12303 12303 12303 12303 171
20191010 1431 12303 12303 12303 12303 177
20191010 1433 12308 12308 12308 12308 162
20191010 1434 12308 12308 12308 12308 160
20191010 1435 12313 12313 12313 12313 175
20191010 1443 12332 12332 12332 12332 173
20191010 1444 12337 12337 12337 12337 160
20191010 1452 12332 12332 12332 12332 266
20191010 1457 12332 12332 12332 12332 112
20191010 1458 12332 12332 12332 12332 67
20191010 1459 12332 12332 12332 12332 153
20191010 1500 12332 12332 12332 12332 112
20191010 1502 12332 12332 12332 12332 180
20191010 1505 12327 12332 12327 12332 272
20191011 926 12367 12377 12367 12377 25
20191011 927 12382 12382 12382 12382 9
20191011 937 12362 12362 12362 12362 25
20191011 951 12352 12352 12352 12352 8
20191011 952 12352 12352 12352 12352 9
20191011 954 12357 12357 12357 12357 8
20191011 955 12357 12357 12357 12357 8
20191011 956 12362 12362 12362 12362 9
20191011 957 12367 12367 12367 12367 8
20191011 1001 12352 12352 12352 12352 44
20191011 1007 12352 12352 12352 12352 8
20191011 1009 12357 12357 12357 12357 8
20191011 1011 12357 12357 12357 12357 9
20191011 1015 12352 12352 12352 12352 25
20191011 1019 12352 12352 12352 12352 8
20191011 1020 12352 12352 12352 12352 9
20191011 1021 12357 12357 12357 12357 8
20191011 1023 12357 12357 12357 12357 8
20191011 1025 12362 12362 12362 12362 9
20191011 1026 12362 12362 12362 12362 8
20191011 1027 12367 12367 12367 12367 50
20191011 1029 12372 12377 12372 12377 18
20191011 1032 12377 12377 12377 12377 26
20191011 1033 12382 12382 12382 12382 9
20191011 1034 12387 12387 12387 12387 8
20191011 1036 12382 12382 12382 12382 17
20191011 1042 12377 12377 12377 12377 8
20191011 1043 12382 12387 12382 12387 17
20191011 1047 12387 12387 12387 12387 8
20191011 1049 12387 12387 12387 12387 9
20191011 1052 12382 12382 12382 12382 42
20191011 1054 12382 12382 12382 12382 8
20191011 1057 12382 12382 12382 12382 17
20191011 1100 12382 12387 12382 12387 16
20191011 1101 12387 12387 12387 12387 16
20191011 1103 12387 12387 12387 12387 8
20191011 1104 12387 12387 12387 12387 8
20191011 1107 12387 12387 12387 12387 9
20191011 1109 12387 12387 12387 12387 8
20191011 1113 12382 12382 12382 12382 17
20191011 1122 12372 12372 12372 12372 8
20191011 1128 12367 12367 12367 12367 8
20191011 1129 12372 12372 12372 12372 17
20191011 1131 12372 12372 12372 12372 8
20191011 1132 12377 12377 12377 12377 16
20191011 1134 12377 12377 12377 12377 9
20191011 1145 12367 12367 12367 12367 9
20191011 1147 12367 12372 12367 12372 16
20191011 1150 12372 12372 12372 12372 8
20191011 1152 12377 12377 12377 12377 24
20191011 1153 12377 12377 12377 12377 9
20191011 1156 12377 12377 12377 12377 17
20191011 1159 12377 12377 12377 12377 8
20191011 1201 12382 12382 12382 12382 17
20191011 1202 12382 12382 12382 12382 9
20191011 1205 12387 12387 12387 12387 16
20191011 1208 12387 12387 12387 12387 8
20191011 1211 12392 12392 12392 12392 17
20191011 1214 12397 12397 12397 12397 8
20191011 1218 12397 12397 12397 12397 8
20191011 1219 12402 12402 12402 12402 8
20191011 1221 12402 12402 12402 12402 9
20191011 1222 12407 12407 12407 12407 8
20191011 1231 12407 12407 12407 12407 66
20191011 1242 12397 12397 12397 12397 8
20191011 1246 12397 12397 12397 12397 8
20191011 1250 12397 12397 12397 12397 9
20191011 1252 12397 12397 12397 12397 8
20191011 1254 12402 12402 12402 12402 9
20191011 1255 12402 12402 12402 12402 8
20191011 1258 12402 12402 12402 12402 9
20191011 1300 12402 12402 12402 12402 9
20191011 1301 12402 12402 12402 12402 8
20191011 1308 12397 12397 12397 12397 9
20191011 1313 12392 12392 12392 12392 8
20191011 1316 12392 12392 12392 12392 9
20191011 1320 12392 12392 12392 12392 16
20191011 1324 12392 12392 12392 12392 8
20191011 1326 12392 12392 12392 12392 9
20191011 1331 12392 12392 12392 12392 8
20191011 1332 12392 12392 12392 12392 8
20191011 1335 12392 12392 12392 12392 9
20191011 1338 12397 12397 12397 12397 16
20191011 1340 12397 12397 12397 12397 17
20191011 1341 12397 12397 12397 12397 8
20191011 1343 12397 12397 12397 12397 8
20191011 1344 12397 12397 12397 12397 9
20191011 1348 12397 12397 12397 12397 8
20191011 1351 12397 12397 12397 12397 8
20191011 1354 12397 12397 12397 12397 9
20191011 1357 12397 12397 12397 12397 8
20191011 1400 12397 12397 12397 12397 8
20191011 1404 12397 12397 12397 12397 9
20191011 1406 12402 12402 12402 12402 25
20191011 1409 12402 12402 12402 12402 8
20191011 1410 12407 12407 12407 12407 16
20191011 1412 12412 12412 12412 12412 17
20191011 1419 12407 12407 12407 12407 8
20191011 1421 12407 12407 12407 12407 9
20191011 1422 12412 12412 12412 12412 17
20191011 1431 12402 12402 12402 12402 9
20191011 1432 12407 12407 12407 12407 17
20191011 1434 12407 12407 12407 12407 8
20191011 1437 12412 12412 12412 12412 16
20191011 1443 12407 12407 12407 12407 8
20191011 1445 12412 12412 12412 12412 9
20191011 1446 12412 12412 12412 12412 8
20191011 1449 12412 12417 12412 12417 18
20191011 1456 12412 12412 12412 12412 8
20191011 1512 12392 12392 12392 12392 8
20191011 1515 12392 12392 12392 12392 8
20191014 950 12506 12511 12506 12511 3
20191014 954 12511 12511 12511 12511 2
20191014 956 12516 12521 12516 12521 2
20191014 958 12521 12521 12521 12521 1
20191014 959 12521 12521 12521 12521 1
20191014 1002 12521 12521 12521 12521 1
20191014 1003 12526 12526 12526 12526 1
20191014 1004 12521 12521 12521 12521 1
20191014 1005 12526 12526 12526 12526 1
20191014 1007 12521 12521 12521 12521 2
20191014 1008 12516 12526 12511 12526 4
20191014 1009 12526 12526 12526 12526 1
20191014 1013 12526 12526 12526 12526 1
20191014 1022 12521 12521 12521 12521 1
20191014 1023 12521 12521 12521 12521 1
20191014 1024 12521 12521 12521 12521 1
20191014 1026 12526 12526 12526 12526 1
20191014 1028 12526 12526 12526 12526 1
20191014 1029 12526 12526 12526 12526 1
20191014 1032 12526 12526 12526 12526 1
20191014 1036 12526 12526 12526 12526 1
20191014 1050 12516 12516 12516 12516 1
20191014 1051 12521 12521 12521 12521 2
20191014 1054 12521 12521 12521 12521 3
20191014 1055 12521 12521 12521 12521 1
20191014 1056 12526 12526 12526 12526 1
20191014 1057 12531 12531 12531 12531 3
20191014 1058 12536 12536 12536 12536 3
20191014 1101 12536 12536 12536 12536 1
20191014 1103 12536 12536 12536 12536 1
20191014 1106 12536 12541 12536 12541 2
20191014 1110 12541 12546 12541 12546 2
20191014 1115 12546 12546 12546 12546 1
20191014 1118 12541 12546 12541 12546 8
20191014 1121 12546 12546 12546 12546 1
20191014 1125 12546 12546 12546 12546 1
20191014 1137 12536 12536 12536 12536 1
20191014 1144 12531 12531 12531 12531 1
20191014 1145 12536 12536 12536 12536 1
20191014 1148 12536 12536 12536 12536 1
20191014 1152 12541 12541 12541 12541 2
20191014 1155 12541 12541 12541 12541 4
20191014 1156 12541 12541 12541 12541 1
20191014 1201 12541 12541 12541 12541 1
20191014 1203 12541 12541 12541 12541 1
20191014 1207 12541 12541 12541 12541 1
20191014 1208 12546 12546 12546 12546 1
20191014 1212 12546 12546 12546 12546 1
20191014 1215 12546 12546 12546 12546 1
20191014 1222 12541 12541 12541 12541 1
20191014 1226 12541 12541 12541 12541 1
20191014 1230 12541 12541 12541 12541 1
20191014 1234 12541 12541 12541 12541 1
20191014 1238 12541 12541 12541 12541 1
20191014 1245 12541 12541 12541 12541 1
20191014 1246 12541 12541 12541 12541 1
20191014 1248 12546 12546 12546 12546 1
20191014 1249 12546 12546 12546 12546 1
20191014 1251 12551 12551 12551 12551 1
20191014 1253 12551 12551 12551 12551 1
20191014 1254 12551 12551 12551 12551 4
20191014 1301 12546 12546 12546 12546 1
20191014 1305 12546 12546 12546 12546 1
20191014 1313 12541 12541 12541 12541 1
20191014 1316 12541 12541 12541 12541 1
20191014 1319 12546 12546 12546 12546 2
20191014 1323 12546 12546 12546 12546 1
20191014 1331 12541 12541 12541 12541 1
20191014 1335 12541 12541 12541 12541 1
20191014 1342 12536 12536 12536 12536 1
20191014 1346 12536 12536 12536 12536 1
20191014 1350 12536 12536 12536 12536 1
20191014 1354 12536 12536 12536 12536 1
20191014 1358 12536 12536 12536 12536 1
20191014 1401 12536 12536 12536 12536 1
20191014 1424 12511 12511 12511 12511 1
20191014 1426 12511 12511 12511 12511 1
20191014 1428 12511 12511 12511 12511 1
20191014 1435 12506 12506 12506 12506 1
20191014 1440 12506 12506 12506 12506 1
20191014 1443 12511 12511 12511 12511 2
20191014 1445 12516 12516 12516 12516 2
20191014 1446 12521 12521 12521 12521 1
20191014 1447 12521 12521 12521 12521 1
20191014 1501 12511 12511 12511 12511 1
20191014 1503 12506 12506 12506 12506 1
20191014 1506 12506 12506 12506 12506 1
20191014 1519 12496 12496 12496 12496 1
20191015 1019 12496 12496 12496 12496 102
20191015 1046 12546 12546 12546 12546 1
20191015 1049 12546 12546 12536 12536 3
20191015 1106 12556 12556 12556 12556 1
20191015 1111 12556 12556 12551 12551 2
20191015 1118 12556 12556 12556 12556 1
20191015 1120 12556 12556 12556 12556 1
20191015 1123 12551 12551 12551 12551 1
20191015 1127 12556 12556 12556 12556 1
20191015 1134 12561 12561 12561 12561 1
20191015 1135 12556 12556 12556 12556 1
20191015 1138 12556 12556 12556 12556 1
20191015 1140 12556 12556 12556 12556 1
20191015 1146 12556 12556 12556 12556 1
20191015 1148 12556 12556 12556 12556 1
20191015 1149 12551 12551 12551 12551 1
20191015 1151 12551 12551 12551 12551 1
20191015 1156 12551 12551 12551 12551 1
20191015 1157 12546 12546 12521 12521 6
20191015 1219 12541 12541 12541 12541 1
20191015 1221 12536 12536 12536 12536 1
20191015 1222 12536 12536 12536 12536 1
20191015 1224 12531 12531 12531 12531 1
20191015 1225 12531 12531 12531 12531 1
20191015 1229 12531 12531 12531 12531 1
20191015 1235 12536 12536 12536 12536 1
20191015 1239 12536 12536 12536 12536 1
20191015 1242 12536 12536 12536 12536 1
20191015 1249 12541 12541 12541 12541 1
20191015 1253 12541 12541 12541 12541 1
20191015 1256 12541 12541 12541 12541 1
20191015 1258 12536 12536 12536 12536 1
20191015 1303 12541 12541 12541 12541 1
20191015 1306 12541 12541 12541 12541 1
20191015 1310 12541 12541 12541 12541 1
20191015 1312 12536 12536 12536 12536 1
20191015 1313 12531 12531 12531 12531 2
20191015 1317 12531 12531 12531 12531 1
20191015 1331 12546 12546 12546 12546 1
20191015 1333 12541 12541 12541 12541 1
20191015 1334 12536 12536 12536 12536 2
20191015 1341 12541 12541 12541 12541 1
20191015 1348 12546 12546 12546 12546 1
20191015 1352 12546 12546 12546 12546 1
20191015 1354 12541 12541 12541 12541 1
20191015 1355 12541 12541 12541 12541 1
20191015 1401 12541 12541 12541 12541 1
20191015 1402 12541 12541 12541 12541 1
20191015 1405 12541 12541 12541 12541 1
20191015 1406 12536 12536 12536 12536 1
20191015 1407 12531 12531 12526 12526 113
20191015 1408 12521 12521 12501 12501 5
20191015 1412 12501 12501 12501 12501 1
20191015 1415 12501 12501 12501 12501 1
20191015 1419 12501 12501 12501 12501 1
20191015 1420 12496 12496 12496 12496 1
20191015 1422 12496 12496 12496 12496 1
20191015 1425 12491 12491 12486 12486 1583
20191015 1427 12496 12541 12496 12536 19544
20191015 1428 12536 12546 12536 12546 58417
20191015 1429 12546 12546 12546 12546 1
20191015 1430 12536 12536 12536 12536 1583
20191015 1431 12541 12541 12541 12541 16500
20191015 1432 12531 12531 12531 12531 1583
20191015 1433 12536 12536 12536 12536 1
20191015 1434 12531 12531 12531 12531 1583
20191015 1437 12531 12531 12521 12521 1584
20191015 1439 12521 12521 12521 12521 1583
20191015 1441 12526 12536 12526 12536 6584
20191015 1448 12531 12531 12531 12531 1
20191015 1450 12526 12526 12521 12521 2
20191015 1453 12531 12541 12531 12541 10000
20191015 1458 12526 12526 12526 12526 1672
20191015 1500 12546 12546 12546 12546 4862
20191015 1508 12541 12546 12541 12546 4750
20191015 1514 12541 12541 12541 12541 2
20191015 1515 12536 12536 12536 12536 61
20191015 1516 12541 12551 12531 12551 15038
20191016 901 12729 12729 12575 12575 1102
20191016 902 12590 12590 12590 12590 1
20191016 905 12595 12595 12595 12595 1
20191016 907 12635 12635 12635 12635 3
20191016 908 12635 12635 12635 12635 2
20191016 917 12625 12635 12625 12635 8
20191016 921 12650 12655 12650 12655 4
20191016 937 12630 12630 12630 12630 50
20191016 1003 12600 12600 12600 12600 3
20191016 1008 12595 12595 12595 12595 6
20191016 1010 12600 12600 12600 12600 4
20191016 1014 12600 12600 12600 12600 3
20191016 1016 12600 12600 12600 12600 7
20191016 1017 12600 12600 12600 12600 2
20191016 1038 12575 12575 12575 12575 2
20191016 1039 12580 12580 12580 12580 6
20191016 1042 12580 12585 12580 12585 14
20191016 1043 12590 12595 12590 12595 5
20191016 1044 12600 12600 12600 12600 3
20191016 1048 12595 12595 12595 12595 2
20191016 1050 12600 12600 12600 12600 3
20191016 1055 12595 12600 12595 12600 5
20191016 1056 12605 12605 12605 12605 2
20191016 1059 12600 12600 12600 12600 20
20191016 1101 12605 12605 12605 12605 5
20191016 1104 12600 12600 12600 12600 5
20191016 1108 12600 12600 12600 12600 2
20191016 1111 12600 12600 12600 12600 3
20191016 1114 12600 12600 12600 12600 7
20191016 1117 12600 12600 12600 12600 3
20191016 1118 12600 12600 12600 12600 3
20191016 1120 12600 12600 12600 12600 2
20191016 1126 12595 12595 12595 12595 2
20191016 1129 12600 12600 12600 12600 3
20191016 1130 12600 12600 12600 12600 3
20191016 1133 12600 12600 12600 12600 2
20191016 1135 12605 12615 12605 12615 8
20191016 1136 12615 12615 12615 12615 3
20191016 1137 12620 12620 12620 12620 3
20191016 1141 12620 12620 12620 12620 2
20191016 1143 12615 12615 12615 12615 11
20191016 1144 12620 12620 12620 12620 3
20191016 1146 12620 12620 12620 12620 2
20191016 1149 12620 12625 12620 12625 7
20191016 1152 12625 12625 12625 12625 2
20191016 1158 12620 12620 12620 12620 2
20191016 1201 12620 12620 12620 12620 3
20191016 1204 12620 12620 12620 12620 3
20191016 1206 12620 12620 12620 12620 2
20191016 1211 12615 12615 12615 12615 2
20191016 1214 12615 12615 12615 12615 3
20191016 1216 12615 12615 12615 12615 3
20191016 1217 12615 12615 12615 12615 2
20191016 1233 12595 12595 12595 12595 6
20191016 1236 12595 12595 12595 12595 2
20191016 1239 12595 12595 12595 12595 3
20191016 1241 12595 12595 12595 12595 3
20191016 1242 12595 12595 12595 12595 2
20191016 1246 12595 12595 12595 12595 3
20191016 1249 12595 12595 12595 12595 2
20191016 1255 12590 12590 12590 12590 2
20191016 1258 12590 12590 12590 12590 3
20191016 1301 12590 12590 12590 12590 2
20191016 1304 12590 12590 12590 12590 1
20191016 1305 12590 12590 12590 12590 8
20191016 1311 12585 12585 12585 12585 3
20191016 1314 12585 12585 12585 12585 2
20191016 1324 12575 12575 12575 12575 3
20191016 1327 12575 12580 12575 12580 6
20191016 1333 12575 12575 12575 12575 2
20191016 1336 12575 12575 12575 12575 6
20191016 1339 12575 12580 12575 12580 7
20191016 1346 12575 12575 12575 12575 2
20191016 1350 12575 12575 12575 12575 3
20191016 1352 12575 12575 12575 12575 2
20191016 1355 12575 12575 12575 12575 3
20191016 1356 12580 12580 12580 12580 3
20191016 1358 12580 12580 12580 12580 6
20191016 1359 12580 12580 12580 12580 2
20191016 1401 12580 12580 12580 12580 3
20191016 1402 12580 12580 12580 12580 3
20191016 1403 12585 12585 12585 12585 3
20191016 1407 12580 12580 12580 12580 3
20191016 1408 12580 12580 12580 12580 3
20191016 1409 12585 12590 12585 12590 7
20191016 1411 12590 12590 12590 12590 2
20191016 1414 12590 12590 12590 12590 3
20191016 1415 12590 12590 12590 12590 3
20191016 1416 12595 12595 12595 12595 3
20191016 1420 12590 12590 12590 12590 3
20191016 1423 12590 12590 12590 12590 2
20191016 1428 12590 12590 12590 12590 3
20191016 1434 12585 12585 12585 12585 3
20191016 1436 12585 12585 12585 12585 2
20191016 1438 12585 12585 12585 12585 2
20191016 1440 12585 12585 12585 12585 3
20191016 1444 12585 12585 12585 12585 2
20191016 1447 12585 12585 12585 12585 3
20191016 1449 12585 12585 12585 12585 2
20191016 1454 12585 12585 12585 12585 3
20191016 1455 12585 12585 12585 12585 2
20191016 1458 12585 12585 12585 12585 3
20191016 1459 12585 12585 12585 12585 3
20191016 1502 12585 12585 12585 12585 2
20191016 1505 12585 12585 12585 12585 3
20191016 1511 12580 12580 12580 12580 3
20191016 1514 12580 12580 12580 12580 2
20191016 1517 12580 12580 12580 12580 3
20191017 901 12580 12580 12580 12580 8
20191017 909 12595 12595 12595 12595 8
20191017 910 12605 12605 12605 12605 8
20191017 917 12585 12585 12585 12585 8
20191017 918 12600 12615 12600 12615 34
20191017 925 12590 12590 12590 12590 8
20191017 932 12590 12590 12590 12590 8
20191017 940 12595 12595 12595 12595 8
20191017 947 12600 12600 12600 12600 49
20191017 948 12585 12585 12585 12585 8
20191017 955 12590 12590 12580 12580 17
20191017 957 12595 12595 12595 12595 8
20191017 958 12595 12595 12595 12595 8
20191017 1000 12600 12605 12600 12605 25
20191017 1003 12595 12595 12595 12595 8
20191017 1004 12600 12600 12600 12600 9
20191017 1011 12585 12585 12585 12585 8
20191017 1012 12595 12595 12595 12595 8
20191017 1013 12595 12595 12595 12595 9
20191017 1016 12590 12590 12590 12590 9
20191017 1017 12595 12595 12595 12595 8
20191017 1018 12590 12590 12590 12590 8
20191017 1023 12590 12590 12590 12590 9
20191017 1026 12585 12590 12585 12590 16
20191017 1029 12590 12590 12590 12590 8
20191017 1034 12566 12566 12566 12566 8
20191017 1039 12580 12580 12580 12580 8
20191017 1041 12575 12575 12575 12575 8
20191017 1042 12580 12585 12580 12585 25
20191017 1049 12575 12575 12575 12575 8
20191017 1052 12575 12575 12575 12575 9
20191017 1053 12580 12585 12580 12585 16
20191017 1054 12590 12590 12590 12590 9
20191017 1055 12590 12590 12590 12590 8
20191017 1056 12595 12595 12595 12595 33
20191017 1057 12590 12590 12590 12590 8
20191017 1059 12595 12595 12595 12595 8
20191017 1104 12590 12590 12590 12590 8
20191017 1105 12580 12580 12580 12580 8
20191017 1108 12590 12590 12590 12590 8
20191017 1112 12575 12575 12575 12575 8
20191017 1120 12575 12575 12566 12566 17
20191017 1123 12575 12575 12575 12575 8
20191017 1128 12575 12575 12566 12566 16
20191017 1129 12575 12575 12575 12575 9
20191017 1131 12580 12580 12580 12580 17
20191017 1133 12580 12580 12580 12580 8
20191017 1135 12566 12566 12566 12566 8
20191017 1138 12580 12580 12580 12580 8
20191017 1140 12580 12580 12580 12580 9
20191017 1142 12580 12580 12580 12580 8
20191017 1143 12575 12575 12575 12575 8
20191017 1145 12580 12580 12580 12580 8
20191017 1148 12580 12580 12580 12580 9
20191017 1151 12570 12570 12570 12570 8
20191017 1152 12580 12580 12580 12580 8
20191017 1157 12580 12580 12580 12580 8
20191017 1158 12575 12575 12575 12575 8
20191017 1159 12575 12575 12575 12575 8
20191017 1201 12575 12575 12575 12575 8
20191017 1204 12575 12575 12575 12575 16
20191017 1206 12566 12566 12566 12566 8
20191017 1207 12580 12585 12580 12585 26
20191017 1210 12590 12590 12590 12590 9
20191017 1214 12570 12585 12570 12585 16
20191017 1222 12566 12566 12566 12566 8
20191017 1226 12570 12570 12570 12570 9
20191017 1229 12561 12570 12561 12570 16
20191017 1233 12570 12575 12570 12575 16
20191017 1237 12561 12575 12561 12575 17
20191017 1240 12575 12575 12575 12575 8
20191017 1242 12575 12575 12575 12575 8
20191017 1245 12566 12566 12566 12566 8
20191017 1247 12575 12575 12575 12575 9
20191017 1252 12570 12575 12570 12575 24
20191017 1256 12575 12575 12575 12575 9
20191017 1258 12575 12575 12575 12575 8
20191017 1300 12561 12561 12561 12561 8
20191017 1304 12570 12570 12570 12570 9
20191017 1307 12570 12570 12570 12570 8
20191017 1308 12570 12575 12570 12575 16
20191017 1312 12575 12575 12575 12575 8
20191017 1314 12575 12575 12575 12575 9
20191017 1315 12570 12570 12570 12570 8
20191017 1320 12575 12575 12575 12575 16
20191017 1323 12566 12566 12566 12566 8
20191017 1326 12575 12575 12575 12575 9
20191017 1327 12575 12575 12575 12575 8
20191017 1331 12570 12570 12570 12570 8
20191017 1333 12570 12570 12570 12570 9
20191017 1338 12561 12561 12561 12561 8
20191017 1339 12566 12566 12566 12566 8
20191017 1342 12566 12566 12566 12566 9
20191017 1346 12566 12566 12561 12561 16
20191017 1349 12566 12566 12566 12566 8
20191017 1352 12566 12566 12566 12566 9
20191017 1354 12561 12561 12561 12561 8
20191017 1355 12566 12566 12566 12566 8
20191017 1402 12526 12526 12526 12526 8
20191017 1409 12531 12531 12531 12531 8
20191017 1411 12541 12541 12541 12541 9
20191017 1414 12541 12541 12541 12541 8
20191017 1417 12531 12531 12531 12531 8
20191017 1419 12541 12541 12541 12541 8
20191017 1420 12541 12541 12541 12541 9
20191017 1424 12541 12541 12541 12541 8
20191017 1425 12531 12531 12531 12531 8
20191017 1426 12546 12551 12546 12551 16
20191017 1427 12551 12551 12551 12551 8
20191017 1430 12551 12551 12551 12551 9
20191017 1432 12536 12536 12536 12536 8
20191017 1436 12546 12551 12546 12551 16
20191017 1439 12551 12551 12551 12551 25
20191017 1440 12541 12541 12541 12541 8
20191017 1442 12551 12551 12551 12551 8
20191017 1446 12551 12556 12551 12556 25
20191017 1448 12551 12551 12551 12551 8
20191017 1455 12551 12551 12551 12551 16
20191017 1456 12551 12551 12551 12551 8
20191017 1458 12551 12551 12551 12551 9
20191017 1502 12551 12551 12551 12551 8
20191017 1503 12536 12536 12536 12536 8
20191017 1509 12546 12546 12546 12546 9
20191017 1511 12541 12541 12541 12541 8
20191017 1514 12546 12546 12546 12546 8
20191017 1515 12546 12546 12546 12546 8
20191017 1519 12526 12526 12526 12526 8
20191018 914 12610 12610 12610 12610 1
20191018 921 12605 12605 12605 12605 1
20191018 928 12605 12605 12605 12605 1
20191018 929 12605 12605 12605 12605 1
20191018 930 12610 12610 12610 12610 2
20191018 933 12610 12610 12610 12610 1
20191018 938 12610 12610 12610 12610 1
20191018 950 12590 12590 12590 12590 1000
20191018 951 12590 12595 12590 12595 2
20191018 952 12590 12590 12590 12590 1
20191018 954 12590 12590 12590 12590 1
20191018 955 12590 12590 12590 12590 112
20191018 956 12590 12590 12590 12590 888
20191018 957 12590 12590 12590 12590 113
20191018 958 12590 12595 12590 12595 1001
20191018 959 12595 12595 12595 12595 1000
20191018 1002 12595 12595 12595 12595 1000
20191018 1007 12585 12585 12585 12585 1
20191018 1009 12585 12585 12585 12585 1000
20191018 1010 12585 12585 12585 12585 1
20191018 1012 12585 12590 12585 12590 2001
20191018 1013 12595 12595 12595 12595 2
20191018 1014 12600 12600 12600 12600 111
20191018 1015 12595 12595 12595 12595 1000
20191018 1016 12600 12600 12600 12600 890
20191018 1018 12600 12600 12600 12600 112
20191018 1019 12600 12600 12600 12600 1007
20191018 1022 12595 12600 12595 12600 1001
20191018 1025 12605 12605 12600 12600 1001
20191018 1026 12605 12605 12605 12605 1
20191018 1029 12600 12605 12600 12605 1001
20191018 1032 12600 12600 12600 12600 1000
20191018 1033 12605 12605 12605 12605 1
20191018 1035 12605 12605 12605 12605 101
20191018 1036 12605 12605 12605 12605 900
20191018 1042 12600 12600 12600 12600 1
20191018 1043 12590 12590 12590 12590 102
20191018 1044 12595 12595 12595 12595 1
20191018 1047 12595 12595 12595 12595 1001
20191018 1048 12595 12595 12595 12595 1
20191018 1049 12595 12595 12595 12595 1000
20191018 1050 12600 12600 12595 12595 113
20191018 1053 12595 12595 12595 12595 1112
20191018 1055 12590 12595 12590 12595 1001
20191018 1100 12590 12590 12590 12590 1
20191018 1101 12595 12595 12595 12595 111
20191018 1103 12585 12590 12585 12590 1001
20191018 1105 12595 12610 12595 12610 3778
20191018 1106 12610 12610 12610 12610 1
20191018 1109 12605 12605 12605 12605 1
20191018 1110 12610 12610 12610 12610 1112
20191018 1111 12615 12615 12615 12615 1
20191018 1112 12610 12610 12610 12610 1
20191018 1114 12615 12615 12615 12615 21
20191018 1116 12610 12610 12610 12610 1022
20191018 1119 12610 12610 12610 12610 1
20191018 1122 12605 12605 12605 12605 1002
20191018 1125 12605 12605 12605 12605 1
20191018 1128 12595 12595 12595 12595 1
20191018 1129 12595 12595 12595 12595 1000
20191018 1131 12595 12595 12595 12595 1
20191018 1132 12595 12595 12595 12595 1000
20191018 1133 12595 12595 12595 12595 1
20191018 1134 12600 12600 12600 12600 1
20191018 1138 12595 12595 12595 12595 1
20191018 1141 12590 12590 12590 12590 1
20191018 1156 12556 12556 12556 12556 1000
20191018 1157 12556 12556 12556 12556 1
20191018 1159 12556 12556 12556 12556 1001
20191018 1202 12556 12556 12556 12556 1000
20191018 1203 12556 12556 12556 12556 1
20191018 1205 12561 12561 12561 12561 1000
20191018 1206 12556 12561 12556 12561 1001
20191018 1209 12556 12556 12556 12556 113
20191018 1213 12556 12556 12556 12556 1000
20191018 1216 12551 12556 12551 12556 1001
20191018 1218 12556 12561 12556 12561 1001
20191018 1219 12556 12556 12556 12556 1000
20191018 1220 12561 12561 12561 12561 113
20191018 1221 12561 12561 12561 12561 1
20191018 1223 12561 12561 12561 12561 1000
20191018 1227 12556 12556 12556 12556 1000
20191018 1228 12556 12556 12556 12556 1
20191018 1229 12556 12556 12556 12556 1000
20191018 1242 12526 12526 12526 12526 1000
20191018 1244 12526 12526 12526 12526 1
20191018 1247 12521 12521 12521 12521 1
20191018 1254 12511 12511 12511 12511 1
20191018 1256 12506 12506 12506 12506 2
20191018 1258 12511 12511 12511 12511 8
20191018 1259 12511 12511 12501 12501 105
20191018 1300 12506 12506 12506 12506 1000
20191018 1301 12511 12511 12511 12511 1000
20191018 1303 12506 12506 12506 12506 1
20191018 1304 12511 12511 12511 12511 1001
20191018 1305 12506 12506 12506 12506 112
20191018 1306 12506 12511 12506 12511 1001
20191018 1307 12516 12516 12516 12516 1000
20191018 1312 12506 12506 12506 12506 1000
20191018 1316 12501 12501 12501 12501 1000
20191018 1321 12481 12481 12481 12481 1
20191018 1322 12486 12491 12486 12491 1001
20191018 1328 12481 12481 12481 12481 2
20191018 1333 12476 12481 12476 12481 1002
20191018 1335 12481 12481 12481 12481 1001
20191018 1337 12481 12481 12481 12481 1
20191018 1339 12481 12481 12481 12481 1002
20191018 1340 12481 12486 12481 12486 24
20191018 1341 12486 12486 12486 12486 977
20191018 1342 12491 12491 12491 12491 2000
20191018 1343 12496 12496 12496 12496 2
20191018 1345 12496 12496 12496 12496 112
20191018 1346 12496 12496 12496 12496 1000
20191018 1349 12496 12496 12496 12496 1001
20191018 1353 12491 12496 12491 12496 1001
20191018 1356 12491 12491 12491 12491 1
20191018 1357 12496 12496 12496 12496 1000
20191018 1359 12491 12491 12491 12491 1
20191018 1400 12491 12491 12491 12491 1
20191018 1402 12491 12491 12491 12491 1001
20191018 1403 12496 12496 12496 12496 1000
20191018 1406 12496 12496 12496 12496 1000
20191018 1408 12496 12501 12496 12501 112
20191018 1409 12496 12496 12496 12496 1000
20191018 1412 12491 12501 12491 12501 2002
20191018 1415 12501 12501 12501 12501 1
20191018 1419 12491 12496 12491 12496 1001
20191018 1422 12491 12491 12491 12491 1000
20191018 1436 12461 12461 12461 12461 112
20191018 1437 12456 12456 12456 12456 1
20191018 1438 12461 12461 12461 12461 888
20191018 1439 12461 12461 12461 12461 1000
20191018 1440 12461 12461 12461 12461 1
20191018 1441 12466 12466 12466 12466 113
20191018 1444 12466 12466 12466 12466 1000
20191018 1445 12466 12466 12466 12466 1000
20191018 1447 12466 12466 12466 12466 1
20191018 1449 12446 12446 12446 12446 1000
20191018 1459 12427 12427 12427 12427 1000
20191018 1502 12427 12427 12427 12427 1000
20191018 1503 12432 12432 12432 12432 1
20191018 1505 12427 12427 12427 12427 113
20191018 1506 12422 12422 12422 12422 112
20191018 1509 12417 12417 12417 12417 1000
20191018 1510 12422 12422 12422 12422 1
20191018 1511 12422 12422 12422 12422 113
20191018 1512 12422 12422 12422 12422 1000
20191018 1514 12427 12427 12422 12422 225
20191018 1515 12427 12427 12422 12422 1755
20191018 1516 12427 12432 12427 12432 2001
20191018 1517 12432 12432 12422 12427 19000
20191021 915 12446 12446 12446 12446 1
20191021 916 12451 12456 12451 12456 2
20191021 929 12456 12456 12456 12456 1
20191021 933 12456 12456 12456 12456 1
20191021 934 12456 12456 12456 12456 1
20191021 936 12461 12461 12461 12461 1
20191021 937 12461 12461 12461 12461 1
20191021 953 12451 12451 12451 12451 1
20191021 957 12446 12446 12446 12446 1
20191021 958 12446 12446 12446 12446 89
20191021 1003 12446 12446 12446 12446 1
20191021 1005 12451 12451 12451 12451 1
20191021 1006 12451 12456 12451 12456 2
20191021 1011 12456 12466 12456 12466 8
20191021 1034 12461 12466 12461 12466 2
20191021 1035 12466 12466 12466 12466 1
20191021 1047 12456 12456 12456 12456 1
20191021 1049 12461 12461 12461 12461 1
20191021 1050 12461 12461 12461 12461 1
20191021 1051 12461 12461 12461 12461 5
20191021 1053 12461 12461 12461 12461 1
20191021 1101 12456 12456 12456 12456 20
20191021 1102 12456 12456 12456 12456 1
20191021 1106 12456 12461 12456 12461 24
20191021 1111 12446 12446 12446 12446 20
20191021 1113 12456 12456 12456 12456 1
20191021 1116 12446 12446 12446 12446 20
20191021 1118 12456 12456 12456 12456 1
20191021 1120 12456 12456 12456 12456 1
20191021 1121 12446 12446 12446 12446 20
20191021 1122 12456 12456 12456 12456 1
20191021 1124 12456 12456 12456 12456 1
20191021 1125 12461 12466 12461 12466 2
20191021 1126 12471 12471 12471 12471 1
20191021 1127 12471 12471 12471 12471 22
20191021 1128 12471 12471 12471 12471 1
20191021 1129 12476 12476 12476 12476 1
20191021 1132 12471 12476 12471 12476 21
20191021 1136 12481 12481 12481 12481 1
20191021 1137 12466 12466 12466 12466 20
20191021 1142 12471 12471 12471 12471 20
20191021 1144 12481 12481 12481 12481 1
20191021 1147 12466 12466 12466 12466 20
20191021 1150 12476 12476 12476 12476 1
20191021 1153 12471 12471 12471 12471 20
20191021 1156 12476 12476 12476 12476 1
20191021 1158 12466 12466 12466 12466 20
20191021 1203 12471 12471 12461 12461 21
20191021 1206 12471 12471 12471 12471 1
20191021 1207 12476 12476 12476 12476 1
20191021 1208 12471 12471 12471 12471 20
20191021 1209 12476 12476 12476 12476 1
20191021 1213 12481 12481 12471 12471 21
20191021 1214 12486 12486 12486 12486 1
20191021 1219 12461 12461 12461 12461 20
20191021 1221 12476 12476 12476 12476 1
20191021 1224 12466 12481 12466 12481 22
20191021 1227 12476 12476 12476 12476 1
20191021 1229 12476 12476 12476 12476 20
20191021 1234 12476 12476 12466 12466 21
20191021 1235 12481 12481 12481 12481 1
20191021 1237 12481 12481 12481 12481 1
20191021 1239 12476 12476 12476 12476 20
20191021 1240 12481 12481 12481 12481 1
20191021 1245 12471 12471 12471 12471 20
20191021 1246 12476 12476 12476 12476 1
20191021 1250 12466 12466 12466 12466 20
20191021 1252 12481 12481 12481 12481 1
20191021 1255 12476 12476 12476 12476 20
20191021 1256 12476 12476 12476 12476 1
20191021 1259 12476 12476 12476 12476 1
20191021 1300 12471 12471 12471 12471 20
20191021 1302 12476 12476 12476 12476 1
20191021 1304 12481 12481 12481 12481 1
20191021 1305 12461 12461 12461 12461 20
20191021 1311 12471 12471 12471 12471 20
20191021 1312 12476 12476 12476 12476 1
20191021 1315 12476 12476 12476 12476 1
20191021 1316 12466 12466 12466 12466 20
20191021 1320 12476 12476 12476 12476 1
20191021 1321 12471 12471 12471 12471 20
20191021 1324 12471 12471 12471 12471 1
20191021 1326 12466 12476 12466 12476 21
20191021 1330 12476 12476 12476 12476 1
20191021 1331 12471 12471 12471 12471 20
20191021 1334 12476 12476 12476 12476 1
20191021 1336 12481 12481 12481 12481 1
20191021 1337 12471 12481 12471 12481 21
20191021 1342 12471 12471 12471 12471 20
20191021 1343 12476 12476 12476 12476 1
20191021 1344 12481 12481 12481 12481 21
20191021 1347 12471 12471 12471 12471 20
20191021 1352 12476 12476 12476 12476 21
20191021 1355 12476 12476 12476 12476 1
20191021 1356 12481 12481 12481 12481 1
20191021 1357 12471 12471 12471 12471 20
20191021 1359 12481 12481 12481 12481 1
20191021 1402 12481 12481 12481 12481 1
20191021 1403 12471 12471 12471 12471 20
20191021 1408 12476 12486 12476 12486 22
20191021 1413 12471 12471 12471 12471 20
20191021 1415 12481 12481 12481 12481 1
20191021 1417 12481 12481 12481 12481 20
20191021 1418 12481 12481 12476 12476 21
20191021 1423 12466 12466 12466 12466 20
20191021 1427 12476 12476 12476 12476 1
20191021 1429 12471 12471 12471 12471 20
20191021 1431 12476 12476 12476 12476 1
20191021 1433 12476 12476 12476 12476 1
20191021 1434 12471 12471 12471 12471 20
20191021 1437 12476 12476 12476 12476 1
20191021 1438 12481 12481 12481 12481 1
20191021 1439 12471 12471 12471 12471 20
20191021 1444 12471 12471 12471 12471 20
20191021 1446 12476 12476 12476 12476 1
20191021 1447 12481 12481 12481 12481 1
20191021 1449 12481 12481 12476 12476 21
20191021 1455 12471 12471 12471 12471 20
20191021 1458 12476 12476 12476 12476 1
20191021 1500 12461 12461 12461 12461 20
20191021 1503 12476 12476 12476 12476 1
20191021 1505 12471 12476 12471 12476 21
20191021 1509 12476 12476 12476 12476 2
20191021 1510 12466 12466 12466 12466 20
20191021 1511 12476 12476 12476 12476 1
20191021 1514 12476 12476 12476 12476 1
20191021 1516 12476 12476 12476 12476 20
20191021 1517 12476 12476 12476 12476 1
20191022 913 12580 12580 12575 12575 13
20191022 917 12580 12580 12580 12580 25
20191022 940 12620 12620 12620 12620 13
20191022 942 12620 12620 12620 12620 12
20191022 944 12620 12620 12620 12620 95
20191022 949 12625 12625 12625 12625 12
20191022 952 12625 12625 12625 12625 13
20191022 953 12625 12625 12625 12625 42
20191022 955 12625 12625 12625 12625 13
20191022 1002 12635 12635 12635 12635 13
20191022 1021 12660 12660 12660 12660 12
20191022 1027 12665 12665 12665 12665 13
20191022 1030 12665 12665 12665 12665 12
20191022 1031 12665 12665 12665 12665 13
20191022 1033 12665 12665 12665 12665 12
20191022 1034 12660 12660 12660 12660 1
20191022 1035 12660 12660 12660 12660 1
20191022 1037 12665 12665 12665 12665 25
20191022 1039 12665 12670 12665 12670 14
20191022 1040 12660 12660 12660 12660 11
20191022 1041 12655 12655 12655 12655 13
20191022 1044 12655 12655 12655 12655 25
20191022 1046 12655 12655 12655 12655 12
20191022 1051 12655 12655 12655 12655 13
20191022 1052 12655 12655 12655 12655 12
20191022 1053 12650 12650 12650 12650 12
20191022 1055 12650 12650 12650 12650 13
20191022 1100 12650 12650 12650 12650 12
20191022 1101 12650 12650 12650 12650 13
20191022 1102 12650 12650 12650 12650 12
20191022 1104 12650 12650 12650 12650 13
20191022 1108 12650 12650 12650 12650 12
20191022 1109 12645 12645 12645 12645 12
20191022 1110 12640 12640 12620 12620 788
20191022 1111 12625 12625 12625 12625 400
20191022 1112 12615 12625 12615 12625 800
20191022 1113 12615 12615 12615 12615 400
20191022 1114 12630 12630 12630 12630 13
20191022 1115 12625 12625 12625 12625 400
20191022 1116 12620 12620 12620 12620 400
20191022 1117 12620 12625 12620 12625 800
20191022 1118 12620 12620 12620 12620 400
20191022 1119 12620 12620 12620 12620 400
20191022 1120 12620 12620 12620 12620 400
20191022 1121 12625 12625 12620 12620 800
20191022 1122 12620 12620 12620 12620 400
20191022 1123 12620 12620 12620 12620 400
20191022 1124 12625 12625 12625 12625 400
20191022 1125 12615 12615 12615 12615 400
20191022 1126 12620 12625 12620 12625 800
20191022 1127 12630 12630 12615 12615 413
20191022 1128 12620 12620 12620 12620 400
20191022 1129 12625 12625 12625 12625 400
20191022 1130 12620 12625 12620 12625 800
20191022 1131 12630 12630 12630 12630 774
20191022 1132 12635 12635 12635 12635 400
20191022 1133 12635 12635 12635 12635 400
20191022 1134 12640 12640 12640 12640 12
20191022 1135 12635 12635 12630 12630 800
20191022 1136 12640 12640 12635 12635 412
20191022 1137 12635 12640 12635 12640 776
20191022 1138 12635 12635 12635 12635 400
20191022 1139 12630 12640 12630 12640 800
20191022 1140 12640 12640 12640 12640 400
20191022 1141 12640 12640 12640 12640 400
20191022 1142 12640 12640 12640 12640 400
20191022 1143 12645 12645 12640 12640 412
20191022 1144 12640 12640 12640 12640 788
20191022 1145 12645 12645 12645 12645 400
20191022 1146 12650 12650 12650 12650 13
20191022 1147 12635 12635 12635 12635 400
20191022 1148 12640 12640 12640 12640 800
20191022 1149 12640 12640 12640 12640 400
20191022 1150 12645 12645 12645 12645 400
20191022 1151 12645 12645 12645 12645 400
20191022 1152 12650 12650 12645 12650 799
20191022 1153 12645 12645 12645 12645 400
20191022 1154 12640 12640 12640 12640 400
20191022 1155 12645 12650 12645 12650 412
20191022 1156 12650 12650 12650 12650 776
20191022 1157 12645 12645 12645 12645 800
20191022 1158 12650 12650 12650 12650 5400
20191022 1159 12650 12650 12650 12650 400
20191022 1200 12655 12655 12655 12655 400
20191022 1201 12655 12670 12655 12670 413
20191022 1202 12660 12660 12660 12660 400
20191022 1203 12660 12660 12655 12655 5400
20191022 1204 12660 12660 12660 12660 400
20191022 1205 12665 12665 12665 12665 400
20191022 1206 12660 12660 12655 12655 800
20191022 1207 12660 12660 12660 12660 400
20191022 1208 12665 12665 12665 12665 12
20191022 1209 12660 12660 12660 12660 1175
20191022 1210 12660 12660 12655 12655 800
20191022 1211 12665 12665 12665 12665 13
20191022 1212 12660 12660 12660 12660 400
20191022 1213 12655 12655 12655 12655 400
20191022 1214 12655 12655 12655 12655 400
20191022 1215 12660 12660 12655 12655 413
20191022 1216 12645 12645 12645 12645 400
20191022 1217 12660 12665 12660 12665 1174
20191022 1218 12670 12670 12670 12670 400
20191022 1219 12665 12665 12665 12665 800
20191022 1220 12680 12680 12680 12680 400
20191022 1221 12685 12685 12675 12675 412
20191022 1222 12680 12680 12680 12680 400
20191022 1223 12680 12680 12680 12680 400
20191022 1224 12680 12680 12680 12680 800
20191022 1225 12675 12675 12675 12675 400
20191022 1226 12670 12670 12670 12670 400
20191022 1227 12670 12670 12670 12670 400
20191022 1228 12670 12670 12670 12670 800
20191022 1229 12665 12665 12665 12665 400
20191022 1230 12675 12675 12675 12675 400
20191022 1231 12675 12675 12675 12675 400
20191022 1232 12665 12670 12665 12670 800
20191022 1233 12680 12680 12680 12680 12
20191022 1234 12665 12665 12665 12665 400
20191022 1235 12665 12665 12665 12665 400
20191022 1236 12670 12670 12670 12670 400
20191022 1237 12675 12675 12670 12670 800
20191022 1238 12670 12680 12670 12680 788
20191022 1239 12675 12675 12675 12675 400
20191022 1240 12680 12680 12680 12680 400
20191022 1241 12675 12675 12675 12675 800
20191022 1242 12670 12670 12670 12670 400
20191022 1243 12680 12680 12680 12680 400
20191022 1244 12675 12675 12675 12675 400
20191022 1245 12685 12685 12685 12685 400
20191022 1246 12680 12685 12680 12680 5800
20191022 1247 12685 12685 12685 12685 400
20191022 1248 12685 12685 12685 12685 400
20191022 1249 12699 12699 12699 12699 400
20191022 1250 12699 12699 12699 12699 800
20191022 1251 12695 12695 12695 12695 400
20191022 1252 12704 12704 12704 12704 12
20191022 1253 12690 12690 12690 12690 400
20191022 1254 12690 12690 12690 12690 400
20191022 1255 12690 12695 12690 12695 413
20191022 1256 12690 12690 12690 12690 400
20191022 1257 12685 12685 12685 12685 400
20191022 1258 12690 12690 12690 12690 400
20191022 1259 12690 12690 12690 12690 800
20191022 1300 12680 12680 12680 12680 400
20191022 1301 12685 12685 12685 12685 2400
20191022 1302 12690 12690 12690 12690 13
20191022 1303 12685 12685 12685 12685 400
20191022 1304 12685 12685 12680 12680 800
20191022 1305 12680 12690 12680 12690 787
20191022 1306 12675 12675 12675 12675 400
20191022 1307 12685 12685 12685 12685 400
20191022 1308 12685 12685 12685 12685 800
20191022 1309 12685 12685 12685 12685 400
20191022 1310 12680 12680 12680 12680 400
20191022 1311 12690 12690 12690 12690 12
20191022 1312 12680 12680 12680 12680 400
20191022 1313 12675 12690 12675 12680 1188
20191022 1314 12685 12685 12685 12685 400
20191022 1315 12680 12680 12680 12680 400
20191022 1316 12680 12680 12680 12680 400
20191022 1317 12690 12695 12685 12685 813
20191022 1318 12695 12695 12690 12690 762
20191022 1331 12699 12699 12699 12699 13
20191022 1332 12695 12695 12695 12695 13
20191022 1334 12695 12695 12695 12695 12
20191022 1336 12695 12695 12695 12695 12
20191022 1338 12695 12695 12695 12695 13
20191022 1342 12699 12699 12699 12699 13
20191022 1345 12695 12695 12695 12695 13
20191022 1346 12695 12695 12695 12695 12
20191022 1349 12695 12695 12695 12695 12
20191022 1352 12695 12695 12695 12695 13
20191022 1355 12695 12695 12695 12695 13
20191022 1406 12704 12704 12699 12699 25
20191022 1409 12699 12699 12699 12699 13
20191022 1411 12699 12699 12699 12699 12
20191022 1412 12695 12695 12695 12695 12
20191022 1414 12695 12695 12695 12695 12
20191022 1416 12695 12695 12695 12695 25
20191022 1418 12695 12695 12695 12695 13
20191022 1420 12695 12695 12695 12695 13
20191022 1423 12690 12690 12690 12690 12
20191022 1424 12690 12690 12685 12685 24
20191022 1436 12680 12680 12680 12680 12
20191022 1437 12675 12675 12675 12675 13
20191022 1438 12670 12670 12670 12670 13
20191022 1441 12670 12670 12670 12670 2
20191022 1444 12670 12670 12670 12670 13
20191022 1447 12670 12670 12670 12670 12
20191022 1453 12675 12675 12675 12675 12
20191022 1454 12670 12670 12670 12670 13
20191022 1456 12670 12670 12670 12670 13
20191022 1458 12670 12670 12670 12670 12
20191022 1502 12670 12670 12670 12670 13
20191022 1505 12670 12670 12670 12670 12
20191022 1506 12665 12665 12665 12665 12
20191022 1511 12670 12670 12670 12670 12
20191022 1513 12670 12670 12670 12670 35
20191022 1514 12665 12665 12665 12665 13
20191023 906 12650 12650 12650 12650 6
20191023 913 12625 12625 12625 12625 6
20191023 921 12630 12630 12630 12630 6
20191023 928 12635 12635 12635 12635 6
20191023 936 12635 12635 12635 12635 6
20191023 943 12635 12635 12635 12635 6
20191023 949 12645 12645 12645 12645 17
20191023 951 12645 12645 12645 12645 6
20191023 952 12645 12650 12645 12650 16
20191023 956 12650 12650 12650 12650 9
20191023 958 12650 12650 12645 12645 14
20191023 1000 12655 12655 12655 12655 8
20191023 1006 12665 12665 12665 12665 6
20191023 1009 12675 12675 12675 12675 16
20191023 1012 12675 12675 12675 12675 121
20191023 1013 12670 12670 12670 12670 6
20191023 1018 12670 12670 12670 12670 8
20191023 1021 12670 12670 12665 12665 15
20191023 1023 12670 12670 12670 12670 8
20191023 1024 12675 12675 12675 12675 8
20191023 1025 12680 12680 12680 12680 9
20191023 1026 12685 12685 12685 12685 8
20191023 1029 12665 12665 12665 12665 6
20191023 1036 12655 12655 12655 12655 6
20191023 1038 12665 12665 12665 12665 26
20191023 1040 12665 12665 12665 12665 8
20191023 1042 12665 12665 12665 12665 8
20191023 1043 12665 12665 12665 12665 8
20191023 1044 12660 12660 12660 12660 6
20191023 1046 12665 12665 12665 12665 9
20191023 1049 12665 12665 12665 12665 8
20191023 1051 12655 12655 12655 12655 6
20191023 1052 12665 12665 12665 12665 8
20191023 1055 12665 12665 12665 12665 9
20191023 1059 12650 12650 12650 12650 6
20191023 1106 12650 12650 12640 12640 14
20191023 1107 12650 12650 12650 12650 8
20191023 1109 12650 12650 12650 12650 8
20191023 1114 12640 12645 12640 12645 14
20191023 1120 12640 12640 12640 12640 9
20191023 1121 12630 12630 12630 12630 6
20191023 1123 12640 12640 12640 12640 8
20191023 1126 12640 12640 12640 12640 8
20191023 1128 12640 12640 12640 12640 9
20191023 1129 12645 12645 12645 12645 14
20191023 1131 12645 12645 12645 12645 8
20191023 1134 12645 12645 12645 12645 8
20191023 1137 12645 12645 12645 12645 15
20191023 1138 12650 12650 12650 12650 9
20191023 1139 12655 12655 12655 12655 9
20191023 1140 12655 12655 12655 12655 8
20191023 1142 12655 12655 12655 12655 8
20191023 1144 12645 12645 12645 12645 6
20191023 1151 12645 12645 12645 12645 8
20191023 1152 12640 12640 12640 12640 6
20191023 1159 12610 12610 12610 12610 6
20191023 1207 12610 12610 12610 12610 6
20191023 1211 12615 12615 12615 12615 9
20191023 1214 12615 12615 12605 12615 31
20191023 1216 12615 12615 12615 12615 8
20191023 1219 12615 12615 12615 12615 9
20191023 1221 12620 12620 12620 12620 8
20191023 1222 12610 12610 12610 12610 6
20191023 1225 12615 12620 12615 12620 16
20191023 1228 12620 12620 12620 12620 9
20191023 1229 12615 12615 12615 12615 6
20191023 1231 12620 12620 12620 12620 8
20191023 1233 12620 12620 12620 12620 8
20191023 1237 12615 12620 12615 12620 15
20191023 1239 12620 12620 12620 12620 8
20191023 1245 12605 12615 12605 12615 15
20191023 1247 12615 12615 12615 12615 8
20191023 1252 12610 12610 12605 12605 9
20191023 1253 12610 12610 12610 12610 9
20191023 1256 12610 12610 12610 12610 8
20191023 1259 12610 12610 12610 12610 8
20191023 1300 12605 12605 12605 12605 6
20191023 1304 12605 12605 12605 12605 8
20191023 1307 12610 12610 12605 12610 31
20191023 1308 12615 12615 12615 12615 8
20191023 1309 12615 12615 12615 12615 8
20191023 1310 12615 12615 12615 12615 9
20191023 1313 12615 12615 12615 12615 16
20191023 1315 12615 12615 12615 12615 6
20191023 1316 12615 12615 12615 12615 8
20191023 1317 12620 12620 12620 12620 16
20191023 1319 12620 12630 12620 12630 43
20191023 1322 12630 12630 12630 12630 14
20191023 1324 12630 12630 12630 12630 8
20191023 1325 12635 12635 12635 12635 8
20191023 1327 12635 12635 12635 12635 9
20191023 1330 12635 12635 12635 12635 14
20191023 1332 12640 12640 12640 12640 17
20191023 1335 12640 12640 12640 12640 8
20191023 1337 12640 12640 12635 12635 15
20191023 1339 12640 12640 12640 12640 8
20191023 1341 12640 12640 12640 12640 8
20191023 1344 12640 12640 12640 12640 9
20191023 1345 12625 12625 12625 12625 6
20191023 1349 12640 12645 12640 12645 17
20191023 1350 12645 12645 12645 12645 8
20191023 1352 12640 12640 12640 12640 6
20191023 1353 12645 12650 12645 12650 17
20191023 1357 12650 12650 12650 12650 8
20191023 1400 12635 12635 12635 12635 6
20191023 1407 12635 12635 12635 12635 8
20191023 1408 12625 12625 12625 12625 6
20191023 1409 12635 12635 12635 12635 9
20191023 1410 12640 12640 12640 12640 8
20191023 1413 12640 12640 12640 12640 8
20191023 1415 12640 12640 12640 12640 14
20191023 1418 12645 12645 12645 12645 18
20191023 1421 12645 12645 12645 12645 8
20191023 1423 12650 12650 12645 12645 14
20191023 1424 12650 12650 12650 12650 8
20191023 1425 12650 12650 12650 12650 14
20191023 1426 12650 12650 12650 12650 9
20191023 1428 12655 12655 12655 12655 9
20191023 1430 12645 12645 12645 12645 6
20191023 1432 12650 12650 12650 12650 8
20191023 1435 12650 12650 12650 12650 9
20191023 1438 12640 12650 12640 12650 14
20191023 1445 12630 12630 12630 12630 6
20191023 1446 12640 12640 12640 12640 8
20191023 1449 12640 12640 12640 12640 8
20191023 1451 12640 12640 12640 12640 8
20191023 1452 12640 12645 12640 12645 18
20191023 1453 12640 12640 12640 12640 6
20191023 1454 12640 12640 12640 12640 18
20191023 1455 12645 12645 12645 12645 8
20191023 1457 12645 12645 12645 12645 8
20191023 1500 12645 12645 12640 12640 15
20191023 1501 12645 12645 12645 12645 9
20191023 1503 12645 12645 12645 12645 8
20191023 1504 12650 12650 12650 12650 8
20191023 1506 12650 12650 12650 12650 8
20191023 1508 12630 12630 12630 12630 6
20191023 1509 12650 12650 12650 12650 9
20191023 1511 12655 12655 12655 12655 8
20191023 1512 12655 12655 12655 12655 8
20191023 1514 12655 12655 12655 12655 8
20191023 1515 12660 12660 12660 12660 8
20191023 1516 12655 12655 12655 12655 6
20191024 915 12695 12695 12695 12695 30
20191024 929 12690 12690 12690 12690 33
20191024 931 12695 12699 12695 12699 58
20191024 932 12699 12704 12699 12704 57
20191024 1001 12640 12640 12640 12640 58
20191024 1006 12610 12610 12610 12610 31
20191024 1020 12615 12615 12615 12615 31
20191024 1028 12610 12610 12610 12610 30
20191024 1030 12610 12610 12610 12610 30
20191024 1047 12575 12575 12575 12575 27
20191024 1048 12580 12585 12580 12585 60
20191024 1049 12595 12595 12595 12595 32
20191024 1051 12605 12605 12605 12605 123
20191024 1052 12610 12615 12610 12615 58
20191024 1054 12620 12620 12620 12620 31
20191024 1055 12620 12620 12620 12620 88
20191024 1056 12625 12625 12620 12620 58
20191024 1102 12620 12620 12620 12620 29
20191024 1106 12620 12620 12620 12620 31
20191024 1112 12620 12625 12620 12625 57
20191024 1113 12625 12630 12625 12630 63
20191024 1114 12635 12635 12635 12635 87
20191024 1128 12625 12625 12625 12625 31
20191024 1129 12625 12625 12625 12625 31
20191024 1131 12630 12630 12630 12630 29
20191024 1132 12630 12630 12630 12630 30
20191024 1133 12630 12630 12630 12630 29
20191024 1136 12630 12630 12630 12630 30
20191024 1138 12635 12635 12635 12635 30
20191024 1140 12635 12635 12635 12635 29
20191024 1154 12625 12625 12625 12625 30
20191024 1155 12625 12625 12625 12625 29
20191024 1210 12610 12610 12610 12610 29
20191024 1212 12615 12615 12615 12615 33
20191024 1215 12615 12615 12615 12615 31
20191024 1217 12615 12625 12615 12625 116
20191024 1221 12625 12625 12625 12625 31
20191024 1225 12625 12625 12625 12625 27
20191024 1232 12620 12620 12620 12620 27
20191024 1239 12620 12620 12620 12620 33
20191024 1240 12620 12620 12620 12620 27
20191024 1251 12610 12615 12610 12615 60
20191024 1255 12615 12615 12615 12615 28
20191024 1256 12620 12620 12620 12620 33
20191024 1259 12620 12620 12620 12620 32
20191024 1306 12615 12615 12615 12615 31
20191024 1310 12615 12615 12615 12615 30
20191024 1313 12615 12615 12615 12615 30
20191024 1317 12615 12615 12615 12615 29
20191024 1321 12615 12615 12615 12615 31
20191024 1323 12620 12620 12620 12620 29
20191024 1325 12620 12620 12620 12620 27
20191024 1327 12625 12625 12625 12625 60
20191024 1328 12625 12630 12625 12630 63
20191024 1329 12630 12630 12630 12630 33
20191024 1332 12630 12630 12630 12630 29
20191024 1333 12635 12635 12635 12635 31
20191024 1334 12635 12635 12635 12635 29
20191024 1336 12635 12635 12635 12635 31
20191024 1339 12640 12640 12640 12640 30
20191024 1340 12640 12640 12640 12640 30
20191024 1349 12635 12635 12635 12635 29
20191024 1351 12635 12635 12635 12635 31
20191024 1355 12635 12635 12635 12635 30
20191024 1402 12630 12630 12630 12630 28
20191024 1404 12635 12635 12635 12635 30
20191024 1406 12635 12635 12635 12635 32
20191024 1407 12640 12645 12640 12645 59
20191024 1410 12650 12650 12650 12650 60
20191024 1425 12635 12635 12635 12635 30
20191024 1427 12640 12640 12640 12640 33
20191024 1431 12640 12645 12640 12645 57
20191024 1432 12645 12645 12645 12645 29
20191024 1433 12650 12655 12650 12655 63
20191024 1436 12655 12655 12655 12655 31
20191024 1437 12660 12660 12660 12660 27
20191024 1440 12660 12660 12660 12660 28
20191024 1441 12665 12665 12665 12665 144
20191024 1443 12665 12665 12665 12665 32
20191024 1444 12670 12670 12670 12670 28
20191024 1448 12670 12670 12670 12670 28
20191024 1450 12670 12670 12670 12670 60
20191024 1455 12665 12665 12665 12665 29
20191024 1458 12670 12675 12670 12675 93
20191024 1500 12675 12675 12675 12675 31
20191024 1503 12675 12675 12675 12675 27
20191024 1504 12680 12680 12680 12680 30
20191024 1510 12685 12685 12685 12685 28
20191024 1514 12685 12685 12685 12685 32
20191025 920 12680 12680 12680 12680 2
20191025 935 12665 12670 12665 12670 4
20191025 936 12675 12680 12675 12680 4
20191025 937 12680 12680 12680 12680 2
20191025 939 12685 12685 12685 12685 2
20191025 940 12685 12685 12685 12685 2
20191025 942 12690 12690 12690 12690 2
20191025 1001 12670 12670 12670 12670 12
20191025 1006 12665 12665 12665 12665 2
20191025 1011 12665 12665 12665 12665 2
20191025 1020 12660 12660 12660 12660 2
20191025 1021 12660 12660 12660 12660 2
20191025 1025 12660 12660 12660 12660 2
20191025 1032 12655 12655 12655 12655 2
20191025 1038 12655 12655 12655 12655 2
20191025 1042 12655 12655 12655 12655 2
20191025 1043 12655 12660 12655 12660 4
20191025 1047 12660 12660 12660 12660 2
20191025 1057 12655 12655 12655 12655 2
20191025 1059 12655 12655 12655 12655 4
20191025 1102 12655 12655 12655 12655 2
20191025 1106 12655 12655 12655 12655 2
20191025 1109 12655 12655 12655 12655 2
20191025 1110 12660 12660 12660 12660 2
20191025 1113 12660 12660 12660 12660 2
20191025 1117 12660 12660 12660 12660 2
20191025 1128 12650 12650 12650 12650 2
20191025 1131 12655 12655 12655 12655 2
20191025 1133 12655 12655 12655 12655 2
20191025 1137 12655 12655 12655 12655 2
20191025 1139 12655 12655 12655 12655 2
20191025 1143 12655 12655 12655 12655 2
20191025 1144 12650 12650 12650 12650 9932
20191025 1151 12650 12650 12650 12650 2
20191025 1152 12655 12660 12655 12660 4
20191025 1156 12660 12660 12660 12660 2
20191025 1157 12660 12660 12660 12660 8
20191025 1201 12660 12660 12660 12660 2
20191025 1205 12660 12660 12660 12660 2
20191025 1212 12655 12655 12655 12655 2
20191025 1216 12655 12655 12655 12655 2
20191025 1220 12655 12660 12655 12660 4
20191025 1225 12660 12660 12660 12660 2
20191025 1228 12660 12660 12660 12660 2
20191025 1231 12660 12660 12660 12660 2
20191025 1233 12655 12655 12655 12655 1
20191025 1236 12660 12660 12660 12660 2
20191025 1239 12660 12660 12660 12660 2
20191025 1242 12660 12660 12660 12660 2
20191025 1246 12660 12660 12660 12660 2
20191025 1249 12660 12665 12660 12665 6
20191025 1257 12660 12660 12660 12660 2
20191025 1300 12660 12660 12660 12660 2
20191025 1304 12660 12665 12660 12665 4
20191025 1311 12660 12660 12660 12660 2
20191025 1316 12660 12660 12660 12660 2
20191025 1319 12660 12660 12660 12660 2
20191025 1349 12620 12620 12620 12620 2
20191025 1352 12620 12630 12620 12630 8
20191025 1356 12630 12630 12630 12630 2
20191025 1400 12630 12630 12630 12630 2
20191025 1403 12630 12630 12630 12630 2
20191025 1407 12630 12630 12630 12630 2
20191025 1410 12635 12635 12635 12635 2
20191025 1418 12635 12635 12635 12635 4
20191025 1419 12640 12640 12640 12640 4
20191025 1424 12640 12645 12640 12645 4
20191025 1426 12640 12640 12640 12640 2
20191025 1429 12640 12645 12640 12645 4
20191025 1430 12650 12650 12650 12650 2
20191025 1435 12650 12650 12650 12650 2
20191025 1436 12655 12655 12655 12655 2
20191025 1437 12655 12655 12655 12655 2
20191025 1443 12655 12655 12655 12655 2
20191025 1444 12655 12655 12655 12655 2
20191025 1448 12655 12655 12655 12655 2
20191025 1451 12655 12655 12655 12655 2
20191025 1452 12660 12660 12660 12660 2
20191025 1458 12660 12665 12660 12665 4
20191025 1459 12665 12665 12665 12665 2
20191025 1505 12665 12665 12665 12665 2
20191025 1510 12660 12660 12660 12660 2
20191025 1512 12665 12665 12665 12665 2
20191028 915 12754 12754 12754 12754 20
20191028 923 12759 12759 12759 12759 18
20191028 924 12754 12754 12754 12754 22
20191028 926 12749 12749 12749 12749 22
20191028 927 12744 12744 12744 12744 18
20191028 931 12729 12729 12729 12729 56
20191028 934 12729 12729 12729 12729 20
20191028 936 12719 12719 12719 12719 112
20191028 937 12714 12714 12714 12714 19
20191028 938 12709 12709 12709 12709 110
20191028 939 12709 12709 12709 12709 779
20191028 941 12714 12714 12709 12709 112
20191028 945 12699 12699 12699 12699 112
20191028 946 12695 12695 12695 12695 109
20191028 947 12695 12695 12695 12695 656
20191028 949 12709 12709 12709 12709 219
20191028 951 12704 12704 12704 12704 22
20191028 953 12699 12699 12699 12699 548
20191028 956 12709 12709 12709 12709 350
20191028 1000 12709 12709 12704 12704 131
20191028 1001 12709 12709 12709 12709 307
20191028 1002 12704 12704 12704 12704 112
20191028 1004 12704 12704 12704 12704 20
20191028 1005 12699 12699 12699 12699 528
20191028 1009 12699 12699 12699 12699 131
20191028 1010 12695 12699 12695 12699 417
20191028 1013 12699 12699 12699 12699 21
20191028 1014 12699 12699 12699 12699 417
20191028 1018 12699 12699 12690 12690 132
20191028 1019 12695 12695 12695 12695 528
20191028 1022 12695 12695 12695 12695 19
20191028 1023 12690 12690 12690 12690 529
20191028 1027 12685 12685 12685 12685 439
20191028 1031 12690 12690 12690 12690 438
20191028 1034 12704 12704 12704 12704 329
20191028 1037 12704 12704 12699 12699 112
20191028 1041 12685 12685 12685 12685 21
20191028 1042 12680 12680 12680 12680 110
20191028 1043 12680 12680 12680 12680 112
20191028 1044 12680 12680 12680 12680 853
20191028 1047 12685 12690 12685 12690 438
20191028 1051 12699 12699 12699 12699 438
20191028 1054 12699 12699 12699 12699 20
20191028 1055 12699 12699 12699 12699 419
20191028 1058 12699 12699 12699 12699 20
20191028 1059 12699 12699 12695 12695 129
20191028 1101 12695 12695 12695 12695 508
20191028 1103 12699 12699 12699 12699 329
20191028 1106 12704 12704 12704 12704 329
20191028 1110 12699 12699 12699 12699 20
20191028 1111 12695 12695 12690 12690 528
20191028 1113 12699 12699 12699 12699 19
20191028 1114 12695 12695 12695 12695 110
20191028 1116 12695 12695 12695 12695 419
20191028 1119 12695 12695 12695 12695 438
20191028 1123 12695 12699 12695 12699 438
20191028 1128 12699 12699 12699 12699 439
20191028 1131 12699 12699 12699 12699 438
20191028 1133 12704 12704 12704 12704 20
20191028 1134 12704 12704 12704 12704 309
20191028 1138 12699 12699 12699 12699 548
20191028 1141 12704 12704 12704 12704 22
20191028 1142 12699 12699 12699 12699 416
20191028 1146 12699 12699 12699 12699 439
20191028 1149 12704 12704 12704 12704 328
20191028 1151 12709 12709 12709 12709 109
20191028 1152 12709 12709 12709 12709 220
20191028 1156 12704 12704 12704 12704 110
20191028 1157 12704 12704 12704 12704 548
20191028 1201 12704 12704 12704 12704 40
20191028 1202 12699 12699 12699 12699 508
20191028 1207 12699 12699 12699 12699 547
20191028 1210 12704 12704 12704 12704 21
20191028 1211 12699 12699 12699 12699 418
20191028 1214 12699 12699 12699 12699 19
20191028 1215 12699 12699 12699 12699 419
20191028 1217 12699 12699 12699 12699 21
20191028 1218 12699 12699 12699 12699 308
20191028 1221 12699 12699 12699 12699 20
20191028 1222 12695 12695 12695 12695 22
20191028 1223 12695 12695 12695 12695 506
20191028 1227 12695 12695 12695 12695 38
20191028 1228 12690 12695 12690 12695 619
20191028 1233 12695 12695 12695 12695 548
20191028 1236 12699 12699 12699 12699 439
20191028 1240 12699 12699 12699 12699 438
20191028 1245 12699 12699 12699 12699 548
20191028 1249 12704 12704 12704 12704 438
20191028 1253 12704 12709 12704 12709 131
20191028 1254 12704 12709 12704 12709 417
20191028 1257 12709 12709 12709 12709 19
20191028 1258 12709 12709 12709 12709 420
20191028 1302 12704 12704 12704 12704 548
20191028 1307 12704 12704 12704 12704 19
20191028 1308 12704 12704 12704 12704 529
20191028 1311 12704 12704 12704 12704 110
20191028 1312 12704 12704 12704 12704 438
20191028 1316 12704 12704 12704 12704 110
20191028 1317 12704 12704 12704 12704 547
20191028 1321 12704 12704 12704 12704 19
20191028 1322 12699 12699 12690 12699 438
20191028 1326 12699 12699 12699 12699 109
20191028 1327 12699 12699 12699 12699 549
20191028 1332 12699 12704 12699 12704 548
20191028 1336 12699 12699 12699 12699 548
20191028 1341 12704 12704 12699 12699 128
20191028 1342 12699 12699 12699 12699 529
20191028 1346 12699 12699 12699 12699 110
20191028 1347 12699 12699 12699 12699 109
20191028 1349 12699 12699 12695 12699 549
20191028 1353 12699 12699 12699 12699 438
20191028 1357 12699 12699 12699 12699 438
20191028 1400 12704 12704 12699 12699 439
20191028 1405 12699 12699 12699 12699 548
20191028 1409 12699 12699 12699 12699 438
20191028 1413 12699 12699 12699 12699 438
20191028 1416 12699 12699 12699 12699 21
20191028 1417 12699 12699 12699 12699 418
20191028 1420 12699 12699 12699 12699 110
20191028 1421 12699 12699 12699 12699 438
20191028 1425 12699 12699 12699 12699 20
20191028 1426 12699 12699 12695 12695 528
20191028 1430 12695 12695 12690 12690 43
20191028 1431 12695 12695 12695 12695 547
20191028 1434 12699 12699 12699 12699 20
20191028 1435 12695 12695 12695 12695 419
20191028 1437 12695 12695 12695 12695 329
20191028 1442 12695 12695 12695 12695 548
20191028 1446 12695 12695 12695 12695 438
20191028 1449 12704 12704 12704 12704 329
20191028 1453 12704 12704 12704 12704 438
20191028 1456 12709 12709 12709 12709 329
20191028 1458 12709 12709 12709 12709 110
20191028 1459 12709 12709 12709 12709 328
20191028 1503 12714 12714 12714 12714 18
20191028 1504 12709 12709 12709 12709 18
20191028 1505 12709 12709 12709 12709 530
20191028 1507 12709 12709 12709 12709 22
20191028 1508 12704 12704 12704 12704 416
20191028 1510 12704 12704 12699 12699 39
20191028 1512 12695 12695 12695 12695 40
20191028 1513 12690 12695 12690 12695 489
20191028 1516 12695 12695 12695 12695 21
20191028 1518 12685 12685 12665 12665 527
20191029 1118 12704 12704 12704 12704 51
20191029 1123 12699 12704 12699 12704 100
20191029 1125 12699 12699 12699 12699 112
20191029 1126 12704 12704 12704 12704 47
20191029 1131 12699 12699 12699 12699 48
20191029 1133 12699 12699 12699 12699 52
20191029 1134 12704 12704 12704 12704 53
20191029 1138 12699 12699 12699 12699 54
20191029 1139 12704 12704 12704 12704 98
20191029 1141 12704 12704 12704 12704 46
20191029 1143 12704 12704 12704 12704 54
20191029 1146 12709 12709 12709 12709 96
20191029 1151 12709 12709 12709 12709 100
20191029 1156 12704 12704 12704 12704 50
20191029 1201 12699 12699 12699 12699 46
20191029 1202 12704 12704 12704 12704 50
20191029 1203 12695 12695 12695 12695 1
20191029 1206 12699 12704 12699 12704 101
20191029 1210 12704 12704 12704 12704 54
20191029 1214 12699 12699 12699 12699 50
20191029 1217 12699 12699 12699 12699 48
20191029 1221 12695 12695 12695 12695 46
20191029 1236 12670 12670 12670 12670 48
20191029 1239 12670 12670 12670 12670 52
20191029 1240 12675 12675 12675 12675 104
20191029 1244 12670 12670 12670 12670 53
20191029 1248 12670 12670 12670 12670 46
20191029 1250 12670 12670 12670 12670 54
20191029 1254 12665 12665 12665 12665 50
20191029 1257 12665 12665 12665 12665 46
20191029 1259 12665 12670 12665 12670 104
20191029 1301 12670 12670 12670 12670 46
20191029 1302 12675 12680 12675 12680 149
20191029 1303 12685 12685 12685 12685 50
20191029 1304 12685 12685 12685 12685 54
20191029 1306 12685 12685 12685 12685 47
20191029 1307 12690 12690 12690 12690 50
20191029 1311 12690 12690 12690 12690 53
20191029 1314 12685 12690 12685 12690 100
20191029 1317 12690 12690 12690 12690 49
20191029 1318 12695 12695 12695 12695 54
20191029 1322 12690 12690 12690 12690 45
20191029 1324 12690 12690 12690 12690 55
20191029 1327 12690 12690 12690 12690 48
20191029 1329 12690 12695 12690 12695 103
20191029 1331 12699 12699 12699 12699 52
20191029 1333 12699 12699 12699 12699 101
20191029 1335 12699 12699 12699 12699 51
20191029 1337 12699 12699 12699 12699 50
20191029 1342 12695 12699 12695 12699 96
20191029 1344 12699 12699 12699 12699 54
20191029 1349 12695 12695 12695 12695 54
20191029 1352 12695 12695 12695 12695 50
20191029 1354 12695 12695 12695 12695 50
20191029 1357 12695 12695 12695 12695 49
20191029 1400 12695 12695 12695 12695 51
20191029 1403 12695 12695 12695 12695 48
20191029 1407 12690 12690 12690 12690 48
20191029 1410 12690 12690 12690 12690 52
20191029 1414 12685 12685 12685 12685 52
20191029 1415 12690 12690 12690 12690 48
20191029 1419 12685 12690 12685 12690 100
20191029 1423 12690 12690 12690 12690 46
20191029 1425 12690 12690 12690 12690 54
20191029 1432 12680 12680 12680 12680 48
20191029 1434 12685 12685 12685 12685 100
20191029 1435 12685 12685 12685 12685 52
20191029 1438 12685 12685 12685 12685 49
20191029 1441 12685 12685 12685 12685 51
20191029 1443 12685 12685 12685 12685 49
20191029 1446 12685 12685 12685 12685 51
20191029 1447 12685 12685 12685 12685 48
20191029 1450 12685 12685 12685 12685 52
20191029 1452 12685 12685 12685 12685 48
20191029 1455 12685 12690 12685 12690 100
20191029 1457 12695 12695 12695 12695 100
20191029 1501 12695 12695 12695 12695 52
20191029 1505 12690 12695 12690 12695 100
20191029 1509 12695 12695 12695 12695 49
20191029 1510 12695 12695 12695 12695 51
20191029 1512 12695 12695 12695 12695 49
20191029 1513 12695 12695 12695 12695 49
20191029 1515 12695 12695 12695 12695 51
20191030 921 12650 12650 12650 12650 3
20191030 927 12660 12660 12660 12660 3
20191030 931 12665 12665 12665 12665 3
20191030 932 12670 12670 12670 12670 3
20191030 942 12650 12650 12650 12650 3
20191030 958 12620 12620 12620 12620 3
20191030 1005 12615 12615 12615 12615 15
20191030 1007 12625 12625 12625 12625 3
20191030 1009 12630 12630 12630 12630 3
20191030 1010 12635 12635 12635 12635 3
20191030 1020 12625 12625 12625 12625 6
20191030 1025 12620 12620 12620 12620 3
20191030 1031 12620 12620 12620 12620 3
20191030 1032 12625 12630 12625 12630 9
20191030 1035 12620 12620 12620 12620 6
20191030 1048 12615 12615 12615 12615 3
20191030 1051 12615 12615 12615 12615 3
20191030 1054 12615 12620 12615 12620 6
20191030 1056 12620 12620 12620 12620 3
20191030 1057 12620 12620 12620 12620 3
20191030 1101 12620 12620 12620 12620 3
20191030 1102 12625 12625 12625 12625 3
20191030 1103 12625 12625 12625 12625 3
20191030 1107 12625 12625 12625 12625 3
20191030 1109 12625 12625 12625 12625 3
20191030 1112 12625 12625 12625 12625 3
20191030 1114 12630 12630 12630 12630 3
20191030 1115 12630 12635 12630 12635 6
20191030 1119 12640 12640 12640 12640 3
20191030 1122 12640 12645 12640 12645 12
20191030 1126 12645 12645 12645 12645 3
20191030 1128 12650 12650 12650 12650 3
20191030 1129 12655 12655 12655 12655 3
20191030 1130 12655 12655 12655 12655 3
20191030 1131 12660 12660 12660 12660 9
20191030 1132 12660 12660 12660 12660 4895
20191030 1141 12650 12650 12650 12650 3
20191030 1152 12640 12640 12640 12640 3
20191030 1155 12640 12640 12640 12640 3
20191030 1159 12640 12640 12640 12640 3
20191030 1203 12640 12640 12640 12640 3
20191030 1206 12640 12640 12640 12640 3
20191030 1211 12640 12650 12640 12650 9
20191030 1213 12650 12650 12650 12650 3
20191030 1236 12625 12625 12625 12625 3
20191030 1238 12630 12635 12630 12635 9
20191030 1242 12635 12635 12635 12635 3
20191030 1244 12640 12640 12640 12640 3
20191030 1246 12640 12640 12640 12640 3
20191030 1315 12605 12605 12605 12605 3
20191030 1318 12605 12605 12605 12605 3
20191030 1322 12605 12605 12605 12605 3
20191030 1325 12605 12605 12605 12605 3
20191030 1329 12605 12605 12605 12605 3
20191030 1333 12605 12605 12605 12605 3
20191030 1341 12600 12605 12600 12605 6
20191030 1343 12610 12610 12610 12610 6
20191030 1344 12615 12615 12615 12615 3
20191030 1351 12610 12610 12610 12610 3
20191030 1358 12605 12605 12605 12605 3
20191030 1401 12610 12610 12610 12610 3
20191030 1402 12610 12610 12610 12610 3
20191030 1403 12615 12615 12615 12615 3
20191030 1417 12600 12600 12600 12600 3
20191030 1420 12600 12600 12600 12600 3
20191030 1422 12605 12605 12605 12605 3
20191030 1423 12605 12605 12605 12605 3
20191030 1424 12610 12610 12610 12610 3
20191030 1426 12615 12615 12615 12615 3
20191030 1427 12615 12615 12615 12615 3
20191030 1428 12615 12615 12615 12615 3
20191030 1429 12620 12620 12620 12620 3
20191030 1431 12620 12620 12620 12620 3
20191030 1438 12615 12615 12615 12615 3
20191030 1442 12615 12615 12615 12615 3
20191030 1445 12615 12615 12615 12615 3
20191030 1449 12615 12615 12615 12615 3
20191030 1456 12610 12615 12610 12615 9
20191030 1506 12605 12605 12605 12605 3
20191030 1510 12605 12605 12605 12605 3
20191030 1514 12605 12605 12605 12605 3
20191030 1515 12610 12610 12610 12610 3
20191030 1516 12615 12615 12615 12615 4844
20191031 907 12695 12695 12695 12695 1
20191031 915 12690 12690 12690 12690 1
20191031 919 12685 12685 12685 12685 1
20191031 921 12690 12690 12690 12690 2
20191031 929 12690 12690 12690 12690 3
20191031 931 12690 12690 12690 12690 1
20191031 932 12695 12695 12695 12695 1
20191031 946 12710 12720 12710 12720 3
20191031 1001 12715 12715 12715 12715 4
20191031 1010 12715 12715 12715 12715 1
20191031 1013 12710 12710 12710 12710 1
20191031 1014 12710 12710 12710 12710 1
20191031 1016 12710 12710 12710 12710 1
20191031 1018 12710 12710 12710 12710 1
20191031 1026 12710 12710 12710 12710 1
20191031 1027 12710 12710 12710 12710 1
20191031 1030 12710 12710 12710 12710 1
20191031 1031 12710 12710 12710 12710 1
20191031 1033 12710 12710 12710 12710 1
20191031 1034 12715 12730 12715 12730 4
20191031 1036 12730 12730 12730 12730 1
20191031 1037 12735 12735 12735 12735 1
20191031 1038 12730 12730 12730 12730 4
20191031 1042 12735 12735 12735 12735 1
20191031 1046 12735 12735 12735 12735 1
20191031 1049 12735 12735 12735 12735 1
20191031 1050 12740 12740 12740 12740 1
20191031 1052 12740 12740 12740 12740 1
20191031 1053 12735 12735 12735 12735 3
20191031 1111 12720 12720 12720 12720 1
20191031 1114 12720 12720 12720 12720 1
20191031 1120 12720 12720 12720 12720 1
20191031 1121 12725 12725 12725 12725 1
20191031 1123 12725 12725 12725 12725 1
20191031 1126 12725 12725 12725 12725 1
20191031 1129 12725 12725 12725 12725 1
20191031 1132 12725 12725 12725 12725 1
20191031 1139 12725 12725 12725 12725 1
20191031 1142 12725 12725 12725 12725 1
20191031 1145 12725 12730 12725 12730 2
20191031 1146 12730 12730 12730 12730 1
20191031 1148 12730 12730 12730 12730 1
20191031 1149 12735 12735 12735 12735 1
20191031 1151 12735 12735 12735 12735 1
20191031 1156 12740 12740 12740 12740 1
20191031 1157 12745 12745 12745 12745 1
20191031 1208 12745 12745 12745 12745 4
20191031 1210 12745 12745 12745 12745 1
20191031 1215 12750 12750 12750 12750 1
20191031 1216 12750 12750 12750 12750 1
20191031 1218 12755 12755 12755 12755 1
20191031 1220 12755 12755 12755 12755 3
20191031 1224 12755 12755 12755 12755 1
20191031 1229 12750 12750 12750 12750 1
20191031 1233 12755 12755 12755 12755 1
20191031 1237 12755 12755 12755 12755 1
20191031 1241 12750 12750 12750 12750 1
20191031 1244 12750 12750 12750 12750 1
20191031 1247 12755 12755 12755 12755 1
20191031 1248 12755 12755 12755 12755 1
20191031 1254 12755 12755 12755 12755 1
20191031 1257 12755 12755 12755 12755 1
20191031 1303 12750 12750 12750 12750 1
20191031 1305 12755 12755 12755 12755 1
20191031 1307 12755 12755 12755 12755 1
20191031 1312 12755 12755 12755 12755 1
20191031 1315 12755 12755 12755 12755 1
20191031 1316 12760 12760 12760 12760 1
20191031 1344 12740 12740 12740 12740 1
20191031 1352 12740 12740 12740 12740 1
20191031 1353 12740 12740 12740 12740 2
20191031 1356 12740 12740 12740 12740 1
20191031 1358 12745 12745 12745 12745 1
20191031 1359 12750 12750 12750 12750 1
20191031 1402 12745 12745 12745 12745 1
20191031 1418 12730 12730 12730 12730 1
20191031 1421 12730 12730 12730 12730 1
20191031 1432 12725 12725 12725 12725 1
20191031 1436 12725 12725 12725 12725 1
20191031 1437 12725 12725 12725 12725 1
20191031 1440 12725 12725 12725 12725 1
20191031 1500 12690 12690 12690 12690 1
