날짜 시간 시가 고가 저가 종가 거래량
20181203 901 9170 9170 9170 9170 1
20181203 905 8775 8775 8775 8775 1
20181203 910 8800 8800 8800 8800 1
20181203 913 8800 8800 8800 8800 2
20181203 916 8805 8805 8805 8805 100
20181203 917 8805 8805 8805 8805 11
20181203 922 8800 8800 8800 8800 5
20181203 923 8800 8800 8800 8800 8
20181203 935 8805 8805 8805 8805 11
20181203 937 8805 8805 8805 8805 20
20181203 945 8805 8805 8805 8805 554
20181203 949 8810 8810 8810 8810 1446
20181203 1002 8805 8805 8805 8805 200
20181203 1005 8800 8800 8800 8800 1
20181203 1008 8790 8790 8790 8790 256
20181203 1041 8785 8785 8785 8785 110
20181203 1047 8775 8775 8775 8775 2
20181203 1104 8795 8795 8795 8795 11
20181203 1130 8785 8785 8785 8785 5
20181203 1131 8780 8780 8780 8780 200
20181203 1138 8775 8775 8775 8775 338
20181203 1140 8770 8770 8765 8765 365
20181203 1141 8760 8760 8760 8760 803
20181203 1142 8755 8755 8755 8755 20
20181203 1148 8755 8755 8755 8755 3
20181203 1149 8745 8745 8745 8745 4
20181203 1152 8745 8745 8745 8745 10
20181203 1154 8755 8755 8755 8755 11
20181203 1156 8750 8750 8750 8750 6
20181203 1157 8740 8740 8740 8740 100
20181203 1200 8740 8740 8740 8740 2317
20181203 1201 8735 8735 8735 8735 102
20181203 1215 8745 8745 8745 8745 1
20181203 1223 8745 8745 8745 8745 4
20181203 1230 8760 8760 8760 8760 11
20181203 1256 8760 8760 8760 8760 9
20181203 1302 8755 8755 8755 8755 1
20181203 1304 8745 8745 8745 8745 1109
20181203 1308 8740 8740 8740 8740 1
20181203 1318 8750 8750 8750 8750 11
20181203 1322 8750 8750 8750 8750 1
20181203 1401 8750 8750 8750 8750 3
20181203 1438 8745 8745 8745 8745 34
20181203 1445 8735 8735 8735 8735 1
20181203 1448 8730 8730 8730 8730 231
20181203 1452 8725 8725 8725 8725 3
20181203 1454 8720 8720 8720 8720 12
20181203 1510 8725 8725 8720 8720 2
20181203 1530 8715 8715 8715 8715 223
20181204 906 8730 8730 8730 8730 123
20181204 915 8740 8740 8740 8740 2
20181204 920 8740 8740 8705 8705 567
20181204 953 8735 8735 8735 8735 3
20181204 1039 8725 8725 8725 8725 200
20181204 1044 8715 8715 8715 8715 5
20181204 1102 8710 8710 8710 8710 186
20181204 1115 8710 8710 8710 8710 200
20181204 1116 8710 8710 8710 8710 477
20181204 1152 8710 8710 8710 8710 100
20181204 1217 8705 8705 8705 8705 100
20181204 1222 8705 8705 8705 8705 32
20181204 1225 8700 8700 8700 8700 120
20181204 1232 8695 8695 8695 8695 10
20181204 1240 8690 8690 8690 8690 19
20181204 1243 8685 8685 8685 8685 11
20181204 1244 8680 8680 8680 8680 46
20181204 1249 8660 8660 8660 8660 2
20181204 1321 8665 8665 8665 8665 5
20181204 1336 8660 8660 8660 8660 14
20181204 1405 8680 8680 8680 8680 14
20181204 1448 8685 8685 8685 8685 5
20181204 1450 8685 8685 8685 8685 5
20181204 1451 8685 8685 8685 8685 20
20181204 1455 8680 8680 8680 8680 17
20181204 1512 8660 8660 8660 8660 581
20181204 1514 8660 8660 8660 8660 1051
20181204 1518 8655 8655 8655 8655 109
20181204 1519 8650 8650 8650 8650 558
20181204 1530 8635 8635 8635 8635 3531
20181205 901 8640 8640 8640 8640 2
20181205 927 8725 8725 8725 8725 11
20181205 931 8720 8725 8720 8725 501
20181205 932 8730 8730 8730 8730 1
20181205 947 8730 8730 8730 8730 10
20181205 1005 8730 8730 8730 8730 4
20181205 1022 8725 8725 8725 8725 40
20181205 1047 8725 8725 8725 8725 2
20181205 1109 8730 8730 8730 8730 20
20181205 1153 8730 8730 8730 8730 526
20181205 1203 8760 8760 8760 8760 1
20181205 1226 8775 8775 8775 8775 1
20181205 1228 8765 8765 8765 8765 25
20181205 1235 8775 8775 8775 8775 15
20181205 1239 8785 8785 8785 8785 10
20181205 1316 8780 8780 8780 8780 1
20181205 1324 8785 8785 8785 8785 4
20181205 1401 8775 8775 8775 8775 15
20181205 1410 8790 8790 8790 8790 1
20181205 1435 8765 8765 8765 8765 1
20181205 1439 8785 8785 8785 8785 1
20181205 1453 8780 8780 8780 8780 494
20181205 1454 8780 8780 8780 8780 65
20181205 1455 8780 8780 8780 8780 10
20181205 1456 8775 8775 8775 8775 1
20181205 1504 8765 8765 8765 8765 6
20181205 1509 8775 8775 8775 8775 1
20181205 1515 8760 8760 8760 8760 207
20181205 1530 8765 8765 8765 8765 2
20181206 914 8785 8785 8785 8785 6
20181206 921 8785 8785 8785 8785 3
20181206 932 8775 8775 8775 8775 7
20181206 934 8795 8795 8795 8795 20
20181206 942 8795 8795 8795 8795 10
20181206 945 8780 8780 8780 8780 10
20181206 958 8780 8780 8780 8780 4
20181206 1025 8815 8815 8815 8815 1
20181206 1035 8805 8805 8805 8805 1
20181206 1042 8800 8800 8800 8800 1
20181206 1045 8815 8815 8815 8815 1
20181206 1109 8810 8810 8810 8810 1
20181206 1116 8815 8815 8815 8815 33
20181206 1143 8815 8815 8815 8815 2
20181206 1154 8820 8820 8820 8820 11
20181206 1159 8815 8815 8805 8805 22000
20181206 1200 8805 8805 8805 8805 48000
20181206 1201 8805 8810 8805 8810 44000
20181206 1202 8810 8810 8810 8810 44000
20181206 1203 8810 8810 8810 8810 42000
20181206 1204 8810 8810 8810 8810 30000
20181206 1205 8810 8810 8810 8810 44000
20181206 1206 8810 8815 8810 8815 32000
20181206 1207 8815 8815 8815 8815 34000
20181206 1208 8815 8815 8815 8815 22000
20181206 1209 8815 8815 8815 8815 42000
20181206 1210 8815 8820 8815 8820 28000
20181206 1211 8825 8825 8820 8820 18000
20181206 1212 8820 8820 8820 8820 32400
20181206 1213 8820 8825 8820 8820 36000
20181206 1214 8820 8825 8820 8825 32400
20181206 1215 8825 8825 8825 8825 32400
20181206 1216 8825 8825 8825 8825 39600
20181206 1217 8825 8830 8825 8825 25211
20181206 1220 8825 8825 8825 8825 1800
20181206 1222 8825 8835 8820 8820 9004
20181206 1223 8835 8835 8835 8835 25200
20181206 1224 8835 8835 8835 8835 30600
20181206 1225 8835 8840 8835 8840 28801
20181206 1226 8845 8845 8830 8840 5420
20181206 1227 8840 8840 8840 8840 9000
20181206 1228 8840 8840 8840 8840 7200
20181206 1229 8840 8840 8840 8840 7200
20181206 1231 8840 8840 8840 8840 10800
20181206 1232 8840 8840 8840 8840 30600
20181206 1233 8840 8840 8840 8840 34200
20181206 1234 8840 8840 8840 8840 6123
20181206 1235 8840 8840 8840 8840 4082
20181206 1236 8840 8840 8840 8840 18369
20181206 1237 8840 8840 8840 8840 26533
20181206 1238 8835 8840 8835 8840 12176
20181206 1239 8840 8840 8840 8840 22297
20181206 1240 8840 8840 8840 8840 36486
20181206 1241 8840 8840 8840 8840 36486
20181206 1242 8840 8840 8840 8840 26351
20181206 1243 8840 8845 8840 8845 28378
20181206 1244 8845 8845 8845 8845 30405
20181206 1245 8845 8845 8845 8845 28378
20181206 1246 8845 8845 8845 8845 32432
20181206 1247 8845 8850 8845 8845 30416
20181206 1248 8845 8845 8845 8845 32432
20181206 1249 8845 8845 8845 8845 34459
20181206 1250 8845 8845 8845 8845 24324
20181206 1251 8845 8845 8845 8845 30405
20181206 1252 8845 8845 8845 8845 28378
20181206 1253 8845 8845 8845 8845 28378
20181206 1254 8845 8845 8845 8845 32432
20181206 1255 8845 8845 8845 8845 28378
20181206 1256 8845 8845 8845 8845 14189
20181206 1257 8845 8845 8845 8845 2027
20181206 1258 8835 8835 8835 8835 30405
20181206 1259 8835 8835 8835 8835 44594
20181206 1300 8835 8835 8835 8835 24324
20181206 1301 8835 8835 8835 8835 38513
20181206 1302 8835 8835 8835 8835 16216
20181206 1319 8850 8850 8850 8850 100
20181206 1330 8830 8830 8830 8830 200
20181206 1337 8830 8830 8830 8830 9
20181206 1339 8850 8850 8850 8850 11
20181206 1344 8850 8850 8850 8850 100
20181206 1419 8840 8840 8840 8840 17
20181206 1420 8825 8825 8820 8820 183
20181206 1428 8820 8820 8820 8820 100
20181206 1434 8825 8825 8825 8825 1
20181206 1444 8830 8830 8830 8830 1
20181206 1508 8845 8845 8845 8845 2
20181206 1514 8840 8840 8840 8840 206
20181206 1530 8855 8855 8855 8855 2898
20181207 901 8760 8760 8760 8760 4
20181207 904 8800 8800 8800 8800 4
20181207 934 8820 8820 8820 8820 11
20181207 937 8820 8820 8820 8820 100
20181207 1013 8820 8820 8820 8820 1
20181207 1043 8820 8820 8820 8820 900
20181207 1056 8835 8835 8835 8835 11
20181207 1057 8825 8825 8825 8825 2
20181207 1101 8835 8835 8835 8835 14
20181207 1143 8820 8820 8820 8820 9
20181207 1209 8820 8840 8820 8840 302
20181207 1219 8840 8840 8840 8840 1
20181207 1225 8810 8810 8810 8810 201
20181207 1233 8805 8805 8805 8805 1
20181207 1246 8800 8800 8800 8800 201
20181207 1303 8810 8810 8810 8810 1
20181207 1309 8795 8795 8795 8795 50
20181207 1310 8795 8795 8795 8795 50
20181207 1342 8815 8815 8815 8815 1
20181207 1350 8820 8820 8820 8820 1
20181207 1449 8830 8830 8830 8830 1
20181207 1515 8840 8840 8840 8840 454
20181207 1530 8855 8855 8855 8855 3
20181210 901 8915 8915 8915 8915 10
20181210 902 8915 8915 8915 8915 1
20181210 903 8915 8915 8915 8915 3
20181210 910 8915 8915 8915 8915 111
20181210 913 8915 8915 8915 8915 10
20181210 914 8925 8925 8925 8925 4
20181210 921 8925 8925 8925 8925 1000
20181210 923 8935 8935 8935 8935 11
20181210 926 8930 8930 8930 8930 21
20181210 928 8935 8935 8935 8935 110
20181210 938 8915 8915 8915 8915 33
20181210 942 8915 8915 8915 8915 200
20181210 945 8920 8920 8920 8920 10
20181210 947 8910 8910 8910 8910 222
20181210 957 8905 8905 8905 8905 66
20181210 1001 8910 8910 8910 8910 61
20181210 1003 8910 8910 8910 8910 40
20181210 1014 8905 8905 8905 8905 1
20181210 1027 8905 8905 8905 8905 1
20181210 1031 8890 8890 8890 8890 10
20181210 1034 8895 8895 8895 8895 71
20181210 1051 8920 8920 8920 8920 2
20181210 1103 8895 8895 8895 8895 31
20181210 1104 8890 8890 8890 8890 2
20181210 1121 8920 8920 8920 8920 2
20181210 1137 8920 8920 8920 8920 20
20181210 1146 8890 8890 8890 8890 2
20181210 1151 8890 8890 8890 8890 1
20181210 1223 8920 8920 8920 8920 1
20181210 1239 8895 8895 8895 8895 8
20181210 1251 8900 8900 8900 8900 1
20181210 1309 8920 8920 8920 8920 101
20181210 1313 8920 8920 8920 8920 50
20181210 1314 8930 8930 8930 8930 2
20181210 1315 8935 8935 8935 8935 30
20181210 1329 8940 8940 8940 8940 11
20181210 1334 8940 8940 8940 8940 4
20181210 1400 8940 8940 8940 8940 4821
20181210 1401 8945 8945 8945 8945 3
20181210 1402 8950 8950 8950 8950 23
20181210 1404 8955 8955 8955 8955 34
20181210 1408 8960 8960 8960 8960 8
20181210 1426 8950 8950 8950 8950 32
20181210 1430 8945 8945 8940 8940 2
20181210 1431 8935 8935 8935 8935 1
20181210 1432 8930 8930 8930 8930 2
20181210 1455 8950 8950 8950 8950 60
20181210 1514 8945 8945 8945 8945 400
20181210 1515 8945 8945 8940 8945 2048
20181210 1516 8950 8950 8950 8950 325
20181210 1517 8950 8950 8950 8950 500
20181210 1518 8950 8955 8950 8955 1600
20181210 1519 8950 8950 8950 8950 200
20181210 1520 8950 8950 8950 8950 200
20181210 1530 8950 8950 8950 8950 1
20181211 903 8965 8965 8965 8965 102
20181211 905 8975 8975 8975 8975 200
20181211 907 8975 8975 8975 8975 30
20181211 917 8985 8985 8985 8985 25
20181211 921 8985 8985 8985 8985 55
20181211 950 8995 8995 8995 8995 121
20181211 951 9000 9000 9000 9000 60
20181211 956 9000 9000 9000 9000 1
20181211 957 9005 9005 9005 9005 514
20181211 1007 9005 9005 9005 9005 33
20181211 1035 9000 9000 9000 9000 9
20181211 1041 8985 8985 8985 8985 89
20181211 1042 8985 8985 8985 8985 27
20181211 1112 8995 8995 8995 8995 30
20181211 1136 9000 9000 9000 9000 35
20181211 1138 9000 9000 9000 9000 65
20181211 1153 9005 9005 9005 9005 405
20181211 1154 9010 9010 9010 9010 18
20181211 1157 9015 9015 9015 9015 150
20181211 1221 9010 9010 9010 9010 100
20181211 1225 8995 8995 8995 8995 6
20181211 1233 9000 9000 9000 9000 1
20181211 1234 8985 8985 8985 8985 20
20181211 1316 9000 9000 9000 9000 4
20181211 1329 9000 9000 9000 9000 3
20181211 1417 9015 9015 9015 9015 1
20181211 1500 9015 9015 9015 9015 1
20181211 1514 9000 9000 9000 9000 331
20181212 903 8970 8970 8970 8970 1
20181212 911 8995 8995 8995 8995 11
20181212 930 8970 8970 8970 8970 12
20181212 931 8955 8955 8955 8955 9999
20181212 932 8945 8945 8945 8945 5001
20181212 933 8945 8945 8945 8945 5000
20181212 934 8945 8945 8945 8945 4988
20181212 952 8970 8970 8970 8970 11
20181212 1022 8980 8980 8980 8980 11
20181212 1039 8970 8970 8970 8970 50
20181212 1112 8970 8970 8970 8970 2
20181212 1118 8980 8980 8980 8980 11
20181212 1213 8995 8995 8995 8995 11
20181212 1304 8990 8990 8990 8990 1
20181212 1326 8980 8980 8980 8980 35
20181212 1354 8975 8975 8975 8975 25
20181212 1449 8970 8970 8970 8970 50
20181212 1457 8970 8970 8970 8970 85
20181212 1504 8990 8990 8990 8990 11
20181212 1512 8975 8975 8975 8975 40
20181212 1515 8975 8975 8975 8975 62
20181212 1530 8980 8980 8980 8980 20
20181213 921 8940 8940 8940 8940 11
20181213 923 8935 8935 8935 8935 200
20181213 942 8935 8935 8935 8935 1
20181213 943 8940 8940 8940 8940 11
20181213 1004 8940 8940 8940 8940 5
20181213 1021 8920 8920 8920 8920 1
20181213 1022 8940 8940 8940 8940 1
20181213 1030 8940 8940 8940 8940 99
20181213 1037 8950 8950 8950 8950 11
20181213 1109 8920 8920 8920 8920 1
20181213 1114 8920 8920 8920 8920 98
20181213 1116 8920 8920 8920 8920 102
20181213 1117 8915 8915 8915 8915 400
20181213 1118 8905 8905 8905 8905 1
20181213 1130 8915 8915 8915 8915 10
20181213 1136 8905 8905 8905 8905 201
20181213 1139 8900 8900 8900 8900 1
20181213 1141 8900 8900 8900 8900 1
20181213 1142 8900 8900 8900 8900 11
20181213 1143 8895 8895 8895 8895 65
20181213 1146 8895 8895 8895 8895 101
20181213 1148 8895 8895 8895 8895 1
20181213 1150 8895 8895 8895 8895 1
20181213 1152 8895 8895 8895 8895 1
20181213 1154 8895 8895 8895 8895 1
20181213 1156 8895 8895 8895 8895 1
20181213 1158 8895 8895 8895 8895 1
20181213 1200 8890 8890 8890 8890 1
20181213 1202 8890 8890 8890 8890 1
20181213 1205 8890 8890 8890 8890 1
20181213 1206 8890 8890 8890 8890 50
20181213 1207 8885 8885 8885 8885 301
20181213 1208 8880 8880 8880 8880 200
20181213 1209 8880 8880 8880 8880 1
20181213 1211 8880 8880 8880 8880 1
20181213 1213 8880 8880 8880 8880 1
20181213 1217 8885 8885 8885 8885 50
20181213 1223 8880 8880 8880 8880 101
20181213 1228 8880 8880 8880 8880 1
20181213 1230 8865 8865 8865 8865 11
20181213 1235 8865 8865 8865 8865 100
20181213 1237 8865 8865 8865 8865 90
20181213 1247 8890 8890 8890 8890 11
20181213 1301 8890 8890 8890 8890 17
20181213 1324 8890 8890 8890 8890 50
20181213 1357 8890 8890 8890 8890 18
20181213 1358 8890 8890 8890 8890 1
20181213 1401 8885 8885 8885 8885 1
20181213 1404 8885 8885 8885 8885 1
20181213 1406 8885 8885 8885 8885 1
20181213 1431 8910 8910 8910 8910 6
20181213 1443 8895 8895 8895 8895 505
20181213 1506 8885 8885 8885 8885 3001
20181213 1508 8880 8885 8880 8880 1014
20181213 1510 8880 8880 8880 8880 13
20181213 1514 8880 8880 8880 8880 1
20181213 1530 8905 8905 8905 8905 1
20181214 909 8940 8940 8940 8940 6
20181214 921 8945 8945 8945 8945 35
20181214 928 8955 8955 8955 8955 10
20181214 941 8955 8965 8955 8965 1852
20181214 942 8955 8955 8955 8955 22
20181214 957 8955 8955 8955 8955 1
20181214 1013 8950 8950 8950 8950 10
20181214 1019 8970 8970 8970 8970 2
20181214 1024 8970 8970 8970 8970 17
20181214 1035 8980 8980 8980 8980 1
20181214 1038 8980 8980 8980 8980 3999
20181214 1042 8975 8975 8975 8975 1
20181214 1043 8970 8970 8970 8970 11
20181214 1044 8970 8970 8970 8970 11
20181214 1049 8985 8985 8985 8985 16
20181214 1050 8975 8975 8975 8975 11
20181214 1056 8990 8990 8990 8990 11
20181214 1059 8995 8995 8995 8995 14
20181214 1101 9000 9000 9000 9000 13
20181214 1114 8990 8990 8990 8990 55
20181214 1119 8990 8990 8990 8990 46
20181214 1123 8990 8990 8990 8990 1
20181214 1133 9005 9005 9005 9005 2
20181214 1135 8990 8990 8990 8990 2
20181214 1318 8985 8985 8985 8985 3
20181214 1346 9005 9005 9005 9005 2513
20181214 1347 9005 9005 9005 9005 323
20181214 1356 9010 9010 9010 9010 2
20181214 1411 9025 9025 9025 9025 838
20181214 1424 9015 9015 9015 9015 1
20181214 1511 9010 9010 9010 9010 1
20181214 1513 8990 8990 8990 8990 2304
20181214 1514 8990 8995 8990 8995 503
20181214 1515 8995 8995 8995 8995 1600
20181214 1530 9025 9025 9025 9025 25
20181217 901 9030 9030 9030 9030 10
20181217 932 9005 9005 9005 9005 1
20181217 939 9030 9030 9030 9030 1
20181217 947 9020 9020 9020 9020 6
20181217 1003 9030 9030 9030 9030 25
20181217 1009 9040 9040 9040 9040 2
20181217 1116 9015 9015 9015 9015 20
20181217 1127 9015 9015 9015 9015 2
20181217 1140 9015 9015 9015 9015 18
20181217 1153 9005 9005 9005 9005 2
20181217 1210 9005 9005 9005 9005 454
20181217 1217 9010 9010 9010 9010 10
20181217 1237 9015 9015 9015 9015 3
20181217 1341 9000 9000 9000 9000 446
20181217 1343 9000 9000 9000 9000 554
20181217 1359 9015 9015 9015 9015 1
20181217 1422 9020 9020 9020 9020 5
20181217 1434 9020 9020 9020 9020 500
20181217 1453 9030 9030 9030 9030 1
20181217 1457 9035 9035 9035 9035 1
20181217 1514 9010 9010 9010 9010 1457
20181217 1530 9030 9030 9030 9030 11
20181218 901 8940 8940 8940 8940 1
20181218 903 8940 8985 8940 8985 3
20181218 920 9030 9030 9030 9030 2
20181218 921 9030 9030 9030 9030 4
20181218 922 9010 9030 9010 9030 13
20181218 923 9030 9030 9030 9030 2
20181218 925 9020 9020 9020 9020 2
20181218 926 9025 9025 9025 9025 2
20181218 947 9020 9020 9020 9020 2
20181218 950 9020 9020 9020 9020 35
20181218 956 9010 9010 9010 9010 108
20181218 1008 9010 9010 9010 9010 392
20181218 1041 8985 8985 8985 8985 200
20181218 1042 8985 8985 8985 8985 16
20181218 1104 8975 8975 8975 8975 1
20181218 1115 8975 8975 8975 8975 1
20181218 1239 9015 9015 9015 9015 1
20181218 1301 9015 9020 9015 9020 11
20181218 1332 9015 9015 9015 9015 11
20181218 1403 9020 9020 9020 9020 22
20181218 1404 9020 9020 9020 9020 22
20181218 1406 9020 9020 9020 9020 22
20181218 1415 9015 9015 9015 9015 11
20181218 1416 9015 9015 9015 9015 1
20181218 1431 8995 8995 8995 8995 10
20181218 1442 9000 9000 9000 9000 50
20181218 1514 8990 8990 8990 8990 374
20181219 903 8960 8960 8960 8960 100
20181219 905 8960 8960 8960 8960 1
20181219 907 8960 8960 8940 8940 306
20181219 909 8945 8945 8945 8945 40
20181219 910 8940 8940 8940 8940 10
20181219 914 8950 8950 8950 8950 11
20181219 931 8950 8950 8950 8950 8
20181219 944 8940 8940 8940 8940 1
20181219 945 8940 8940 8940 8940 100
20181219 946 8940 8940 8940 8940 11
20181219 947 8940 8940 8940 8940 1
20181219 949 8940 8940 8940 8940 1
20181219 1016 8940 8940 8940 8940 21
20181219 1114 8940 8940 8940 8940 101
20181219 1118 8940 8940 8940 8940 1
20181219 1119 8940 8940 8940 8940 1
20181219 1126 8940 8940 8940 8940 1
20181219 1127 8940 8940 8940 8940 1
20181219 1134 8940 8940 8940 8940 1
20181219 1137 8940 8940 8940 8940 1
20181219 1148 8940 8940 8940 8940 1
20181219 1149 8940 8940 8940 8940 1
20181219 1152 8930 8930 8930 8930 117
20181219 1154 8930 8930 8930 8930 1
20181219 1156 8930 8930 8930 8930 1
20181219 1213 8930 8930 8930 8930 101
20181219 1214 8925 8925 8925 8925 1
20181219 1235 8925 8925 8925 8925 6
20181219 1315 8925 8925 8925 8925 201
20181219 1317 8925 8925 8925 8925 1
20181219 1321 8925 8925 8925 8925 1
20181219 1323 8925 8925 8925 8925 1
20181219 1400 8925 8925 8925 8925 1
20181219 1402 8925 8925 8925 8925 1
20181219 1403 8925 8925 8925 8925 1
20181219 1415 8925 8925 8925 8925 1
20181219 1417 8925 8925 8925 8925 1
20181219 1419 8925 8925 8925 8925 1
20181219 1420 8925 8925 8925 8925 1
20181219 1422 8925 8925 8925 8925 1
20181219 1424 8925 8925 8925 8925 1
20181219 1426 8920 8920 8920 8920 381
20181219 1428 8920 8920 8920 8920 1
20181219 1430 8915 8915 8915 8915 1
20181219 1433 8915 8915 8915 8915 1
20181219 1455 8915 8915 8915 8915 1
20181219 1459 8915 8915 8915 8915 50
20181219 1511 8915 8915 8915 8915 200
20181219 1513 8910 8910 8910 8910 452
20181219 1518 8910 8910 8910 8910 50
20181219 1530 8910 8910 8910 8910 100
20181220 902 8995 8995 8995 8995 11
20181220 921 8985 8985 8985 8985 1400
20181220 939 8965 8965 8965 8965 136
20181220 1017 8985 8985 8985 8985 2
20181220 1136 9020 9020 9020 9020 1000
20181220 1200 9015 9015 9015 9015 22
20181220 1229 9020 9020 9020 9020 1
20181220 1237 9005 9005 9005 9005 1000
20181220 1252 9005 9005 9005 9005 25
20181220 1405 9020 9020 9020 9020 1
20181220 1411 9025 9025 9025 9025 1
20181220 1423 9025 9025 9025 9025 2
20181220 1428 9010 9020 9010 9020 427
20181220 1434 9000 9000 9000 9000 1
20181220 1435 9000 9000 9000 9000 1
20181220 1511 8960 8960 8960 8960 1
20181220 1513 8970 8970 8970 8970 27
20181220 1515 8975 8975 8975 8975 22000
20181221 902 8935 8935 8935 8935 1
20181221 910 8940 8940 8935 8935 251
20181221 912 8925 8925 8925 8925 1
20181221 914 8925 8925 8925 8925 51
20181221 915 8925 8925 8925 8925 13
20181221 916 8925 8925 8925 8925 1
20181221 918 8925 8925 8925 8925 36
20181221 923 8930 8930 8930 8930 50
20181221 925 8935 8935 8935 8935 22
20181221 930 8930 8930 8930 8930 50
20181221 932 8930 8930 8930 8930 100
20181221 935 8935 8935 8935 8935 50
20181221 936 8935 8935 8935 8935 50
20181221 938 8935 8935 8935 8935 50
20181221 944 8935 8935 8935 8935 10
20181221 953 8940 8940 8940 8940 20
20181221 957 8940 8940 8940 8940 10
20181221 959 8935 8935 8935 8935 50
20181221 1004 8930 8930 8930 8930 500
20181221 1007 8925 8925 8925 8925 816
20181221 1021 8925 8925 8925 8925 1
20181221 1035 8940 8940 8940 8940 11
20181221 1101 8950 8950 8950 8950 11
20181221 1124 8955 8955 8955 8955 22
20181221 1155 8935 8935 8935 8935 1
20181221 1159 8930 8930 8930 8930 1
20181221 1223 8920 8920 8920 8920 200
20181221 1234 8915 8915 8910 8910 315
20181221 1237 8905 8905 8900 8905 415
20181221 1242 8900 8900 8900 8900 1
20181221 1300 8905 8905 8905 8905 50
20181221 1302 8900 8900 8895 8895 352
20181221 1304 8895 8895 8895 8895 1
20181221 1351 8910 8910 8910 8910 11
20181221 1400 8900 8900 8900 8900 438
20181221 1412 8910 8910 8910 8910 33
20181221 1414 8905 8905 8905 8905 50
20181221 1415 8905 8905 8905 8905 1
20181221 1442 8910 8910 8910 8910 1
20181221 1444 8905 8905 8905 8905 1
20181221 1451 8905 8905 8905 8905 1
20181221 1452 8905 8905 8905 8905 1
20181221 1530 8920 8920 8920 8920 1
20181224 924 8980 8980 8980 8980 1
20181224 925 8980 8980 8980 8980 10
20181224 935 8980 8980 8980 8980 19
20181224 1006 8960 8960 8960 8960 10
20181224 1014 8960 8960 8960 8960 1
20181224 1145 8935 8935 8935 8935 11
20181224 1151 8935 8935 8935 8935 15
20181224 1157 8920 8920 8920 8920 1
20181224 1215 8930 8930 8930 8930 1
20181224 1231 8920 8920 8920 8920 1
20181224 1232 8920 8920 8920 8920 1
20181224 1234 8935 8935 8935 8935 1
20181224 1241 8920 8920 8920 8920 1
20181224 1243 8920 8920 8920 8920 1
20181224 1245 8920 8920 8920 8920 1
20181224 1249 8920 8920 8920 8920 1
20181224 1250 8920 8920 8920 8920 1
20181224 1251 8910 8910 8910 8910 1550
20181224 1252 8910 8910 8910 8910 6
20181224 1306 8920 8920 8920 8920 1
20181224 1405 8945 8945 8945 8945 1
20181224 1449 8925 8925 8925 8925 1
20181224 1454 8925 8925 8925 8925 1
20181224 1457 8925 8925 8925 8925 1
20181224 1459 8925 8925 8925 8925 1
20181224 1501 8925 8925 8925 8925 1
20181224 1510 8930 8930 8930 8930 8
20181226 901 8790 8790 8790 8790 5
20181226 909 8980 8980 8980 8980 1
20181226 913 8980 8980 8980 8980 14
20181226 927 8980 8980 8980 8980 50
20181226 931 8980 8980 8980 8980 100
20181226 932 8980 8980 8980 8980 312
20181226 943 8970 8970 8970 8970 100
20181226 946 8970 8970 8970 8970 5
20181226 948 8965 8965 8965 8965 1
20181226 1005 8970 8970 8970 8970 25
20181226 1007 8955 8955 8955 8955 11
20181226 1035 8960 8960 8960 8960 800
20181226 1041 8955 8955 8955 8955 1
20181226 1100 8960 8960 8960 8960 11
20181226 1101 8955 8955 8955 8955 13
20181226 1102 8960 8960 8960 8960 44
20181226 1116 8930 8930 8930 8930 1
20181226 1132 8955 8955 8955 8955 22
20181226 1133 8955 8955 8955 8955 1
20181226 1241 8955 8955 8955 8955 1
20181226 1325 8955 8955 8955 8955 10
20181226 1341 8960 8960 8960 8960 22
20181226 1411 8960 8960 8960 8960 20
20181226 1514 8935 8935 8935 8935 14
20181226 1530 8940 8940 8940 8940 3
20181227 901 8770 8770 8770 8770 4
20181227 905 8900 8900 8900 8900 36
20181227 907 8900 8900 8900 8900 114
20181227 912 8930 8930 8930 8930 25
20181227 913 8925 8925 8925 8925 11
20181227 943 8920 8920 8920 8920 11
20181227 951 8910 8910 8910 8910 21
20181227 1021 8915 8915 8915 8915 1
20181227 1034 8905 8905 8905 8905 75
20181227 1038 8910 8910 8910 8910 2
20181227 1115 8910 8910 8910 8910 2
20181227 1118 8905 8905 8905 8905 35
20181227 1200 8885 8895 8885 8895 301
20181227 1202 8890 8895 8890 8895 101
20181227 1204 8895 8895 8895 8895 1
20181227 1206 8895 8895 8895 8895 1
20181227 1208 8895 8895 8895 8895 1
20181227 1210 8885 8890 8885 8890 101
20181227 1212 8890 8890 8890 8890 1
20181227 1214 8890 8890 8890 8890 1
20181227 1217 8890 8890 8890 8890 1
20181227 1219 8885 8885 8880 8880 59828
20181227 1220 8890 8890 8885 8885 27
20181227 1256 8890 8890 8890 8890 50
20181227 1305 8890 8890 8890 8890 1
20181227 1307 8890 8890 8890 8890 1
20181227 1309 8890 8890 8890 8890 1
20181227 1311 8890 8890 8890 8890 1
20181227 1313 8890 8890 8890 8890 1
20181227 1315 8890 8890 8890 8890 1
20181227 1316 8885 8885 8885 8885 800
20181227 1317 8885 8885 8885 8885 1
20181227 1319 8885 8885 8885 8885 1
20181227 1323 8885 8885 8885 8885 1
20181227 1325 8880 8880 8880 8880 1
20181227 1327 8880 8880 8880 8880 1
20181227 1353 8865 8865 8865 8865 100
20181227 1358 8860 8860 8860 8860 1963
20181227 1359 8865 8865 8865 8865 100
20181227 1410 8860 8860 8860 8860 19
20181227 1415 8860 8860 8860 8860 10
20181227 1440 8855 8855 8855 8855 39
20181227 1441 8860 8860 8860 8860 50
20181227 1444 8860 8860 8860 8860 50
20181227 1446 8860 8860 8860 8860 9
20181227 1449 8860 8860 8860 8860 39
20181227 1450 8860 8860 8860 8860 29
20181227 1451 8860 8860 8860 8860 29
20181227 1500 8870 8870 8870 8870 100
20181227 1510 8890 8890 8890 8890 11
20181227 1513 8875 8875 8870 8870 2790
20181227 1530 8890 8890 8890 8890 12
20181228 932 8885 8885 8885 8885 11
20181228 1035 8865 8865 8865 8865 22
20181228 1039 8860 8860 8860 8860 2
20181228 1112 8850 8850 8850 8850 10
20181228 1131 8850 8850 8850 8850 100
20181228 1143 8845 8845 8845 8845 50
20181228 1232 8840 8840 8840 8840 7
20181228 1234 8840 8840 8840 8840 1
20181228 1308 8845 8845 8845 8845 20
20181228 1312 8840 8840 8840 8840 50
20181228 1315 8840 8840 8840 8840 25
20181228 1349 8840 8840 8840 8840 30
20181228 1408 8830 8830 8830 8830 11
20181228 1444 8825 8825 8825 8825 1000
20181228 1449 8825 8825 8825 8825 1511
20181228 1452 8820 8820 8820 8820 8
20181228 1501 8830 8830 8830 8830 11
20181228 1517 8820 8820 8820 8820 25
20181228 1518 8820 8820 8815 8815 24
20181228 1530 8830 8830 8830 8830 11
