날짜 시간 시가 고가 저가 종가 거래량
20200401 901 1875 1875 1850 1850 603
20200401 903 1850 1850 1850 1850 4900
20200401 906 1860 1870 1860 1870 17
20200401 910 1870 1870 1870 1870 2000
20200401 912 1870 1870 1870 1870 10500
20200401 913 1880 1880 1880 1880 1
20200401 914 1880 1880 1880 1880 100
20200401 922 1880 1880 1880 1880 3000
20200401 923 1890 1890 1890 1890 1
20200401 924 1890 1890 1890 1890 150
20200401 929 1880 1880 1880 1880 532
20200401 935 1890 1890 1890 1890 50
20200401 937 1895 1895 1895 1895 100
20200401 939 1890 1890 1890 1890 1500
20200401 941 1890 1890 1890 1890 500
20200401 944 1895 1895 1895 1895 1
20200401 945 1890 1890 1890 1890 2287
20200401 946 1890 1890 1890 1890 1000
20200401 947 1885 1885 1885 1885 1060
20200401 948 1885 1885 1885 1885 100
20200401 954 1885 1885 1885 1885 1000
20200401 957 1885 1885 1885 1885 1000
20200401 959 1885 1885 1885 1885 4
20200401 1001 1885 1885 1885 1885 2200
20200401 1002 1885 1885 1885 1885 1073
20200401 1003 1880 1880 1880 1880 3
20200401 1006 1875 1875 1875 1875 1025
20200401 1008 1870 1870 1870 1870 6000
20200401 1012 1870 1870 1870 1870 1357
20200401 1013 1865 1865 1865 1865 3
20200401 1015 1860 1860 1860 1860 19
20200401 1016 1860 1865 1860 1865 1001
20200401 1019 1865 1865 1865 1865 50
20200401 1020 1865 1865 1860 1860 390
20200401 1023 1875 1875 1875 1875 50
20200401 1026 1865 1865 1865 1865 200
20200401 1028 1865 1865 1865 1865 400
20200401 1032 1875 1875 1875 1875 6
20200401 1034 1860 1860 1860 1860 5
20200401 1049 1865 1865 1865 1865 1003
20200401 1052 1880 1880 1880 1880 400
20200401 1056 1885 1885 1885 1885 80
20200401 1057 1885 1885 1885 1885 30
20200401 1103 1880 1880 1880 1880 108
20200401 1207 1885 1885 1885 1885 1
20200401 1216 1880 1880 1880 1880 3
20200401 1244 1875 1875 1875 1875 216
20200401 1302 1870 1870 1870 1870 16
20200401 1303 1870 1870 1870 1870 363
20200401 1306 1870 1870 1870 1870 5000
20200401 1309 1870 1870 1870 1870 2500
20200401 1311 1875 1875 1875 1875 5004
20200401 1313 1865 1865 1865 1865 4
20200401 1320 1865 1865 1865 1865 1000
20200401 1327 1860 1860 1860 1860 1
20200401 1329 1855 1855 1855 1855 7000
20200401 1330 1855 1855 1855 1855 4313
20200401 1331 1855 1855 1855 1855 5787
20200401 1332 1855 1855 1855 1855 63
20200401 1333 1855 1855 1855 1855 1000
20200401 1340 1860 1860 1860 1860 500
20200401 1354 1875 1875 1875 1875 10
20200401 1402 1875 1875 1875 1875 1
20200401 1406 1880 1880 1880 1880 1
20200401 1408 1880 1880 1880 1880 100
20200401 1412 1875 1875 1875 1875 778
20200401 1422 1875 1875 1875 1875 42
20200401 1432 1860 1860 1860 1860 23
20200401 1439 1850 1850 1850 1850 66
20200401 1441 1845 1845 1845 1845 100
20200401 1442 1845 1845 1845 1845 21
20200401 1443 1845 1845 1840 1840 3300
20200401 1445 1850 1850 1850 1850 28
20200401 1451 1840 1840 1835 1835 3
20200401 1453 1835 1835 1830 1830 159
20200401 1500 1835 1845 1835 1845 5534
20200401 1501 1845 1845 1845 1845 4
20200401 1503 1835 1835 1835 1835 1
20200401 1506 1830 1830 1830 1830 1
20200401 1507 1825 1825 1825 1825 15
20200401 1509 1820 1820 1820 1820 7
20200401 1511 1810 1810 1810 1810 3
20200401 1512 1810 1810 1810 1810 17
20200401 1513 1805 1805 1805 1805 3
20200401 1515 1800 1800 1795 1795 153
20200401 1516 1795 1795 1790 1790 4882
20200401 1518 1795 1795 1795 1795 1000
20200401 1520 1810 1810 1810 1810 100
20200401 1530 1790 1790 1790 1790 2125
20200402 901 1805 1805 1805 1805 2033
20200402 903 1835 1835 1835 1835 1
20200402 906 1825 1825 1825 1825 100
20200402 907 1820 1820 1820 1820 3000
20200402 910 1785 1785 1770 1770 1028
20200402 911 1770 1770 1770 1770 3573
20200402 912 1775 1775 1775 1775 21
20200402 919 1820 1820 1820 1820 2000
20200402 925 1810 1810 1810 1810 93
20200402 934 1810 1810 1810 1810 5
20200402 947 1800 1800 1800 1800 4
20200402 1007 1810 1810 1810 1810 21
20200402 1012 1785 1785 1785 1785 12
20200402 1033 1795 1795 1795 1795 700
20200402 1034 1800 1800 1800 1800 592
20200402 1108 1830 1830 1830 1830 3986
20200402 1125 1825 1825 1825 1825 600
20200402 1140 1840 1840 1840 1840 10000
20200402 1143 1850 1850 1850 1850 6195
20200402 1144 1850 1850 1850 1850 10000
20200402 1145 1850 1850 1850 1850 11000
20200402 1154 1865 1865 1865 1865 9000
20200402 1158 1860 1860 1860 1860 5000
20200402 1202 1860 1860 1860 1860 50
20200402 1211 1855 1855 1855 1855 10000
20200402 1213 1855 1855 1855 1855 1847
20200402 1226 1860 1860 1860 1860 3
20200402 1227 1855 1855 1855 1855 1
20200402 1229 1855 1855 1855 1855 4
20200402 1234 1860 1860 1860 1860 3
20200402 1235 1860 1860 1860 1860 1
20200402 1236 1860 1860 1860 1860 537
20200402 1239 1860 1860 1860 1860 537
20200402 1240 1855 1855 1840 1840 530
20200402 1244 1845 1845 1845 1845 544
20200402 1250 1855 1855 1855 1855 4
20200402 1254 1855 1855 1855 1855 996
20200402 1303 1855 1855 1855 1855 1
20200402 1306 1855 1855 1855 1855 1
20200402 1308 1855 1855 1855 1855 2
20200402 1317 1850 1850 1850 1850 1
20200402 1322 1850 1850 1850 1850 100
20200402 1325 1860 1860 1860 1860 6517
20200402 1326 1870 1870 1870 1870 50
20200402 1333 1875 1875 1875 1875 3000
20200402 1335 1870 1870 1870 1870 10
20200402 1338 1870 1870 1870 1870 50
20200402 1345 1870 1875 1870 1875 14015
20200402 1347 1880 1890 1880 1890 2100
20200402 1348 1890 1890 1890 1890 701
20200402 1351 1890 1895 1890 1895 402
20200402 1353 1895 1900 1895 1900 6009
20200402 1358 1895 1895 1895 1895 1394
20200402 1401 1870 1870 1870 1870 2000
20200402 1415 1875 1875 1875 1875 188
20200402 1418 1870 1870 1870 1870 1
20200402 1420 1880 1890 1880 1890 6000
20200402 1422 1890 1890 1890 1890 4000
20200402 1425 1890 1890 1890 1890 30
20200402 1435 1890 1890 1890 1890 10
20200402 1439 1870 1870 1870 1870 1
20200402 1440 1875 1875 1875 1875 1
20200402 1445 1880 1885 1880 1885 3000
20200402 1453 1885 1885 1885 1885 3839
20200402 1454 1885 1885 1885 1885 161
20200402 1501 1895 1895 1895 1895 5
20200402 1502 1895 1895 1895 1895 552
20200402 1511 1895 1895 1895 1895 20
20200402 1513 1880 1880 1880 1880 22
20200402 1516 1885 1885 1880 1880 25
20200402 1530 1905 1905 1905 1905 3020
20200403 901 1925 1925 1925 1925 1200
20200403 904 1925 1925 1925 1925 10
20200403 905 1925 1925 1925 1925 5086
20200403 906 1920 1920 1910 1910 3811
20200403 908 1920 1920 1920 1920 523
20200403 909 1910 1910 1910 1910 100
20200403 911 1910 1910 1905 1905 3162
20200403 916 1905 1910 1905 1910 3577
20200403 917 1910 1910 1910 1910 1434
20200403 919 1905 1905 1900 1900 5543
20200403 921 1895 1895 1895 1895 102
20200403 923 1895 1895 1895 1895 53
20200403 925 1900 1900 1900 1900 500
20200403 930 1900 1900 1900 1900 5
20200403 933 1900 1900 1900 1900 30
20200403 939 1900 1900 1900 1900 800
20200403 943 1890 1890 1890 1890 1
20200403 945 1890 1890 1890 1890 1
20200403 947 1885 1885 1885 1885 250
20200403 951 1880 1880 1880 1880 32
20200403 1002 1880 1880 1880 1880 107
20200403 1006 1880 1880 1880 1880 220
20200403 1032 1895 1900 1895 1900 50
20200403 1037 1900 1900 1900 1900 1
20200403 1038 1905 1905 1905 1905 601
20200403 1039 1910 1910 1910 1910 1
20200403 1043 1910 1910 1905 1905 55
20200403 1057 1905 1905 1905 1905 1
20200403 1102 1905 1905 1905 1905 1
20200403 1103 1910 1910 1910 1910 1
20200403 1108 1900 1900 1900 1900 1344
20200403 1112 1900 1900 1900 1900 3000
20200403 1115 1895 1895 1895 1895 1
20200403 1127 1900 1900 1900 1900 1000
20200403 1149 1905 1905 1905 1905 20
20200403 1151 1910 1910 1910 1910 87
20200403 1157 1895 1895 1895 1895 488
20200403 1212 1900 1900 1900 1900 100
20200403 1221 1895 1895 1895 1895 10
20200403 1228 1890 1890 1890 1890 6
20200403 1236 1885 1885 1885 1885 4
20200403 1242 1880 1880 1880 1880 8
20200403 1245 1880 1880 1880 1880 1000
20200403 1259 1890 1890 1890 1890 5
20200403 1307 1885 1885 1885 1885 1
20200403 1310 1880 1880 1880 1880 5000
20200403 1313 1875 1875 1875 1875 9
20200403 1314 1870 1870 1870 1870 166
20200403 1337 1865 1865 1865 1865 53
20200403 1358 1870 1870 1870 1870 64
20200403 1431 1880 1880 1880 1880 8500
20200403 1459 1895 1895 1895 1895 3000
20200403 1502 1900 1900 1900 1900 2
20200403 1507 1900 1900 1900 1900 10
20200403 1508 1890 1890 1890 1890 1
20200403 1512 1900 1900 1900 1900 13
20200403 1518 1900 1900 1900 1900 5
20200403 1530 1900 1900 1900 1900 12
20200406 901 1910 1910 1910 1910 610
20200406 902 1905 1905 1905 1905 500
20200406 904 1905 1905 1905 1905 200
20200406 916 1895 1895 1895 1895 10
20200406 917 1895 1895 1895 1895 100
20200406 918 1895 1895 1895 1895 942
20200406 919 1895 1895 1895 1895 10000
20200406 921 1905 1905 1905 1905 527
20200406 922 1905 1905 1905 1905 10000
20200406 925 1905 1905 1905 1905 10000
20200406 928 1900 1900 1895 1895 100
20200406 930 1905 1905 1905 1905 1
20200406 934 1910 1910 1910 1910 5005
20200406 936 1910 1915 1910 1915 20000
20200406 937 1915 1920 1915 1920 9485
20200406 938 1920 1920 1920 1920 8000
20200406 939 1920 1920 1920 1920 4515
20200406 940 1920 1920 1920 1920 55
20200406 942 1915 1920 1915 1920 1380
20200406 944 1910 1910 1910 1910 10000
20200406 945 1910 1910 1910 1910 10000
20200406 953 1915 1915 1915 1915 3625
20200406 1006 1910 1910 1905 1905 202
20200406 1007 1905 1905 1905 1905 1200
20200406 1010 1905 1905 1905 1905 5000
20200406 1013 1910 1910 1910 1910 2240
20200406 1023 1915 1915 1915 1915 4
20200406 1025 1910 1915 1910 1915 2
20200406 1039 1905 1905 1905 1905 2
20200406 1119 1910 1915 1910 1915 50
20200406 1138 1900 1900 1900 1900 156
20200406 1159 1905 1905 1905 1905 200
20200406 1214 1910 1910 1910 1910 300
20200406 1228 1910 1910 1910 1910 300
20200406 1229 1915 1915 1915 1915 1899
20200406 1230 1915 1915 1915 1915 1001
20200406 1233 1915 1915 1915 1915 11
20200406 1239 1915 1915 1915 1915 10
20200406 1240 1915 1915 1915 1915 10
20200406 1256 1915 1915 1915 1915 20
20200406 1258 1915 1915 1915 1915 50
20200406 1312 1910 1910 1910 1910 200
20200406 1313 1915 1915 1915 1915 5616
20200406 1320 1925 1925 1925 1925 1
20200406 1331 1925 1925 1925 1925 1
20200406 1344 1925 1925 1925 1925 1
20200406 1350 1920 1920 1920 1920 1460
20200406 1420 1925 1925 1925 1925 1323
20200406 1421 1930 1935 1930 1935 259
20200406 1431 1930 1930 1930 1930 1
20200406 1438 1935 1935 1935 1935 1
20200406 1442 1935 1935 1935 1935 88
20200406 1449 1940 1940 1940 1940 577
20200406 1451 1930 1930 1930 1930 366
20200406 1505 1930 1930 1930 1930 1039
20200406 1507 1940 1945 1940 1945 1002
20200406 1509 1935 1935 1935 1935 1
20200406 1512 1945 1945 1940 1945 25645
20200406 1513 1940 1945 1940 1945 2
20200406 1515 1940 1940 1940 1940 75
20200406 1530 1940 1940 1940 1940 1045
20200407 901 1995 1995 1985 1985 7644
20200407 902 1985 1985 1985 1985 5000
20200407 903 1990 1990 1990 1990 20
20200407 905 1975 1990 1975 1990 10600
20200407 906 1990 1990 1990 1990 200
20200407 907 1990 1990 1985 1985 5002
20200407 908 1990 1990 1990 1990 1763
20200407 911 1990 1990 1990 1990 5
20200407 912 1990 1990 1990 1990 10000
20200407 913 1995 1995 1995 1995 20
20200407 914 1995 1995 1995 1995 101
20200407 915 1995 1995 1995 1995 20000
20200407 916 1990 1990 1990 1990 33
20200407 917 1990 1990 1990 1990 10367
20200407 918 1985 1985 1985 1985 15522
20200407 919 1980 1980 1980 1980 10202
20200407 923 1980 1980 1980 1980 526
20200407 924 1980 1980 1980 1980 14474
20200407 925 1980 1985 1980 1985 10001
20200407 926 1975 1975 1975 1975 905
20200407 927 1980 1980 1980 1980 501
20200407 929 1980 1980 1975 1980 4000
20200407 930 1980 1980 1975 1975 7097
20200407 936 1970 1970 1970 1970 507
20200407 937 1970 1970 1970 1970 152
20200407 938 1960 1960 1955 1955 509
20200407 942 1960 1960 1960 1960 10000
20200407 943 1955 1955 1955 1955 10000
20200407 944 1955 1955 1955 1955 100
20200407 945 1955 1955 1955 1955 9900
20200407 949 1965 1970 1965 1970 1200
20200407 950 1970 1970 1970 1970 160
20200407 953 1965 1965 1965 1965 140
20200407 958 1960 1960 1960 1960 1180
20200407 959 1970 1970 1970 1970 10
20200407 1000 1970 1970 1970 1970 500
20200407 1002 1965 1970 1965 1970 5
20200407 1005 1970 1970 1970 1970 6486
20200407 1006 1970 1970 1970 1970 13514
20200407 1010 1970 1970 1970 1970 300
20200407 1018 1960 1960 1960 1960 300
20200407 1023 1970 1980 1970 1980 20
20200407 1025 1980 1980 1980 1980 1
20200407 1030 1980 1980 1980 1980 2
20200407 1032 1980 1980 1980 1980 100
20200407 1033 1975 1975 1975 1975 3
20200407 1039 1975 1975 1975 1975 1506
20200407 1040 1970 1970 1960 1960 20
20200407 1052 1965 1965 1965 1965 3470
20200407 1110 1960 1960 1960 1960 8
20200407 1116 1960 1960 1960 1960 475
20200407 1117 1960 1960 1960 1960 60
20200407 1119 1960 1960 1955 1955 42
20200407 1123 1960 1960 1960 1960 1
20200407 1126 1960 1960 1960 1960 1
20200407 1127 1960 1960 1960 1960 10
20200407 1148 1960 1960 1960 1960 1170
20200407 1155 1965 1965 1965 1965 1
20200407 1156 1965 1965 1965 1965 500
20200407 1158 1960 1960 1960 1960 1
20200407 1201 1960 1965 1960 1965 16
20200407 1206 1965 1965 1960 1960 20424
20200407 1213 1970 1970 1970 1970 1
20200407 1219 1960 1960 1960 1960 7686
20200407 1221 1960 1960 1960 1960 2
20200407 1225 1955 1955 1955 1955 1860
20200407 1227 1955 1955 1955 1955 140
20200407 1232 1950 1960 1950 1960 5
20200407 1234 1950 1950 1950 1950 300
20200407 1235 1950 1950 1950 1950 4737
20200407 1246 1950 1950 1950 1950 667
20200407 1249 1945 1945 1945 1945 5
20200407 1253 1945 1945 1945 1945 5
20200407 1255 1940 1940 1940 1940 634
20200407 1331 1950 1950 1950 1950 14
20200407 1354 1950 1950 1950 1950 1000
20200407 1401 1955 1955 1955 1955 93
20200407 1402 1955 1955 1955 1955 1979
20200407 1416 1960 1960 1960 1960 800
20200407 1425 1960 1960 1960 1960 1
20200407 1426 1960 1960 1960 1960 1000
20200407 1429 1960 1960 1960 1960 50
20200407 1431 1955 1955 1955 1955 7
20200407 1448 1960 1960 1960 1960 2
20200407 1453 1965 1965 1965 1965 11
20200407 1454 1965 1965 1965 1965 43
20200407 1502 1965 1965 1965 1965 163
20200407 1516 1970 1970 1970 1970 1
20200407 1517 1970 1970 1970 1970 299
20200407 1530 1975 1975 1975 1975 239
20200408 901 1955 1955 1955 1955 1000
20200408 902 1955 1955 1950 1950 67
20200408 903 1950 1950 1950 1950 345
20200408 905 1950 1950 1950 1950 1
20200408 911 1955 1955 1955 1955 1
20200408 915 1955 1955 1955 1955 520
20200408 917 1965 1965 1965 1965 600
20200408 920 1965 1965 1965 1965 1
20200408 921 1965 1965 1965 1965 300
20200408 927 1970 1970 1970 1970 2
20200408 929 1970 1970 1970 1970 684
20200408 934 1965 1965 1960 1960 146
20200408 935 1960 1960 1960 1960 450
20200408 936 1960 1960 1955 1955 761
20200408 937 1955 1955 1955 1955 9000
20200408 945 1965 1965 1965 1965 100
20200408 948 1965 1965 1965 1965 100
20200408 952 1965 1965 1965 1965 2
20200408 1002 1965 1965 1965 1965 2
20200408 1003 1965 1965 1965 1965 366
20200408 1004 1965 1965 1965 1965 150
20200408 1005 1970 1980 1970 1970 1444
20200408 1009 1980 1980 1980 1980 1
20200408 1011 1985 1985 1985 1985 2000
20200408 1012 1985 1985 1985 1985 2000
20200408 1013 1985 1985 1985 1985 10
20200408 1015 1985 1985 1985 1985 1001
20200408 1016 1985 1990 1985 1990 2512
20200408 1018 1985 1985 1985 1985 80
20200408 1019 1990 1990 1990 1990 5000
20200408 1020 1990 1990 1990 1990 3763
20200408 1022 1995 1995 1995 1995 2000
20200408 1026 2000 2000 2000 2000 2000
20200408 1027 2000 2000 2000 2000 2000
20200408 1029 2000 2000 2000 2000 1600
20200408 1030 2000 2000 2000 2000 5
20200408 1038 1990 1990 1990 1990 6695
20200408 1039 1990 1990 1990 1990 1786
20200408 1043 1990 1990 1990 1990 10
20200408 1050 1985 1985 1980 1980 71
20200408 1051 1980 1980 1980 1980 300
20200408 1106 1985 1985 1985 1985 3
20200408 1110 1990 1990 1990 1990 250
20200408 1115 1995 1995 1995 1995 200
20200408 1117 1995 1995 1995 1995 1000
20200408 1132 1995 1995 1995 1995 450
20200408 1136 2000 2000 2000 2000 580
20200408 1137 1990 1990 1985 1985 5000
20200408 1204 1985 1985 1985 1985 2
20200408 1213 1985 1985 1985 1985 101
20200408 1228 1985 1985 1985 1985 1
20200408 1233 1985 1985 1980 1980 700
20200408 1234 1985 1990 1985 1990 2
20200408 1305 1990 1990 1990 1990 500
20200408 1307 1990 1990 1990 1990 2
20200408 1314 1990 1990 1990 1990 1496
20200408 1315 1990 1990 1990 1990 4
20200408 1316 1995 1995 1995 1995 8893
20200408 1335 1995 1995 1995 1995 2
20200408 1343 2005 2005 2005 2005 1
20200408 1344 1995 1995 1995 1995 3
20200408 1347 2005 2005 2005 2005 120
20200408 1349 2005 2005 2005 2005 2903
20200408 1350 2005 2005 2005 2005 99
20200408 1352 2010 2010 2010 2010 2509
20200408 1353 2010 2010 2010 2010 2003
20200408 1354 2010 2010 2010 2010 1000
20200408 1355 2010 2015 2010 2015 2999
20200408 1359 2015 2015 2015 2015 1000
20200408 1401 2015 2015 2010 2010 506
20200408 1402 2010 2010 2010 2010 6
20200408 1405 2010 2010 2010 2010 10
20200408 1409 2010 2010 2010 2010 4990
20200408 1424 2010 2010 2010 2010 507
20200408 1431 2020 2020 2020 2020 1
20200408 1434 2020 2020 2015 2015 600
20200408 1435 2010 2020 2010 2020 201
20200408 1436 2020 2020 2020 2020 1007
20200408 1437 2020 2020 2020 2020 100
20200408 1438 2020 2020 2020 2020 1600
20200408 1440 2010 2010 2010 2010 5001
20200408 1447 2025 2025 2025 2025 1
20200408 1448 2025 2025 2025 2025 500
20200408 1449 2025 2025 2025 2025 204
20200408 1450 2030 2030 2025 2025 35
20200408 1500 2025 2025 2025 2025 300
20200408 1502 2020 2020 2020 2020 14
20200408 1504 2010 2010 2010 2010 1000
20200408 1505 2010 2010 2010 2010 10
20200408 1509 2005 2005 2005 2005 501
20200408 1510 2000 2000 2000 2000 620
20200408 1513 2000 2000 2000 2000 100
20200408 1515 1990 1990 1990 1990 1
20200408 1518 1990 1990 1985 1985 3001
20200408 1519 1980 1980 1980 1980 5000
20200408 1520 1980 1980 1980 1980 3500
20200408 1530 1990 1990 1990 1990 15
