날짜 시간 시가 고가 저가 종가 거래량
20180801 901 3243 3243 3243 3243 102
20180801 902 3243 3243 3233 3233 3309
20180801 903 3233 3233 3233 3233 34427
20180801 904 3228 3228 3228 3228 501
20180801 905 3223 3223 3223 3223 38
20180801 907 3218 3218 3218 3218 2457
20180801 908 3223 3223 3223 3223 1257
20180801 909 3228 3228 3228 3228 709
20180801 910 3228 3228 3228 3228 420
20180801 911 3233 3238 3233 3238 3101
20180801 912 3233 3238 3233 3238 873
20180801 913 3243 3243 3243 3243 914
20180801 914 3243 3243 3243 3243 773
20180801 915 3243 3243 3243 3243 11313
20180801 916 3243 3243 3243 3243 5860
20180801 917 3243 3243 3243 3243 35739
20180801 918 3243 3248 3243 3243 16191
20180801 919 3243 3243 3243 3243 6742
20180801 920 3243 3243 3243 3243 1548
20180801 921 3238 3238 3238 3238 1163
20180801 922 3238 3243 3238 3243 10385
20180801 923 3238 3238 3238 3238 700
20180801 924 3238 3238 3238 3238 147
20180801 925 3238 3238 3238 3238 420
20180801 927 3238 3238 3238 3238 285
20180801 928 3238 3238 3238 3238 286
20180801 929 3238 3238 3238 3238 147
20180801 930 3243 3243 3238 3243 969
20180801 932 3238 3238 3238 3238 1285
20180801 933 3238 3238 3238 3238 779
20180801 934 3238 3238 3238 3238 10200
20180801 935 3238 3238 3233 3233 15476
20180801 936 3233 3233 3233 3233 351
20180801 938 3233 3233 3233 3233 285
20180801 939 3233 3233 3233 3233 285
20180801 940 3233 3233 3233 3233 1198
20180801 941 3228 3228 3228 3228 285
20180801 942 3228 3228 3228 3228 1563
20180801 943 3228 3228 3228 3228 1390
20180801 944 3228 3228 3228 3228 4000
20180801 945 3228 3228 3223 3223 228
20180801 946 3228 3228 3228 3228 751
20180801 947 3223 3228 3223 3228 2006
20180801 948 3228 3228 3228 3228 455
20180801 949 3228 3228 3228 3228 294
20180801 950 3228 3228 3228 3228 41
20180801 951 3228 3228 3228 3228 285
20180801 952 3228 3228 3228 3228 287
20180801 953 3233 3233 3233 3233 6104
20180801 954 3238 3238 3238 3238 1
20180801 955 3238 3238 3238 3238 91
20180801 956 3238 3243 3238 3243 2332
20180801 957 3243 3248 3243 3248 1264
20180801 958 3248 3248 3248 3248 86705
20180801 959 3243 3243 3243 3243 1167
20180801 1001 3243 3248 3243 3248 497
20180801 1002 3248 3248 3248 3248 115
20180801 1004 3248 3248 3248 3248 1159
20180801 1006 3243 3248 3243 3248 1131
20180801 1007 3243 3243 3243 3243 1
20180801 1008 3238 3238 3238 3238 130
20180801 1010 3243 3248 3243 3248 1841
20180801 1011 3238 3243 3238 3243 383
20180801 1012 3243 3243 3243 3243 133
20180801 1013 3243 3248 3243 3248 5856
20180801 1014 3248 3253 3248 3253 6125
20180801 1016 3248 3248 3248 3248 434
20180801 1019 3243 3243 3243 3243 65
20180801 1021 3243 3243 3243 3243 75
20180801 1022 3243 3243 3243 3243 873
20180801 1024 3243 3243 3243 3243 294
20180801 1026 3243 3243 3243 3243 286
20180801 1027 3243 3248 3243 3248 6014
20180801 1028 3248 3248 3248 3248 915
20180801 1029 3253 3253 3253 3253 7
20180801 1032 3248 3248 3248 3248 130
20180801 1033 3253 3253 3253 3253 38
20180801 1037 3248 3248 3243 3243 6070
20180801 1038 3248 3248 3248 3248 568
20180801 1039 3248 3248 3248 3248 906
20180801 1040 3243 3243 3243 3243 286
20180801 1041 3243 3243 3243 3243 261
20180801 1042 3243 3243 3243 3243 285
20180801 1044 3243 3243 3243 3243 610
20180801 1046 3243 3243 3243 3243 546
20180801 1047 3243 3243 3243 3243 83
20180801 1048 3243 3243 3243 3243 611
20180801 1049 3243 3243 3243 3243 9
20180801 1050 3243 3243 3243 3243 356
20180801 1051 3243 3243 3238 3243 1681
20180801 1052 3243 3243 3243 3243 41
20180801 1053 3238 3238 3238 3238 545
20180801 1055 3238 3243 3238 3243 2864
20180801 1057 3238 3238 3238 3238 286
20180801 1058 3238 3238 3238 3238 260
20180801 1059 3238 3238 3238 3238 285
20180801 1100 3238 3238 3238 3238 782
20180801 1101 3238 3238 3238 3238 586
20180801 1102 3238 3238 3238 3238 2500
20180801 1104 3243 3243 3243 3243 4569
20180801 1107 3238 3238 3238 3238 11
20180801 1108 3238 3238 3238 3238 65
20180801 1109 3238 3238 3238 3238 131
20180801 1110 3238 3238 3238 3238 9
20180801 1113 3238 3238 3238 3238 65
20180801 1114 3238 3238 3238 3238 322
20180801 1115 3238 3238 3233 3233 385
20180801 1117 3233 3233 3233 3233 610
20180801 1118 3233 3233 3233 3233 1303
20180801 1119 3233 3233 3233 3233 347
20180801 1120 3233 3233 3233 3233 1000
20180801 1121 3233 3233 3233 3233 3704
20180801 1123 3233 3233 3233 3233 285
20180801 1124 3233 3233 3233 3233 130
20180801 1125 3233 3233 3233 3233 285
20180801 1126 3233 3233 3233 3233 18
20180801 1127 3233 3233 3233 3233 311
20180801 1128 3238 3238 3238 3238 5000
20180801 1130 3233 3233 3233 3233 131
20180801 1131 3233 3233 3233 3233 112
20180801 1135 3233 3233 3233 3233 1026
20180801 1136 3228 3233 3228 3233 1603
20180801 1138 3233 3233 3233 3233 488
20180801 1139 3233 3233 3233 3233 610
20180801 1140 3233 3233 3233 3233 292
20180801 1141 3233 3233 3228 3233 515
20180801 1142 3233 3233 3233 3233 261
20180801 1143 3233 3233 3233 3233 285
20180801 1144 3233 3233 3233 3233 40
20180801 1145 3233 3233 3233 3233 325
20180801 1147 3233 3233 3233 3233 574
20180801 1149 3233 3233 3233 3233 676
20180801 1150 3233 3233 3233 3233 65
20180801 1151 3233 3233 3233 3233 65
20180801 1152 3233 3233 3233 3233 546
20180801 1154 3233 3233 3233 3233 676
20180801 1156 3233 3233 3233 3233 285
20180801 1157 3233 3233 3233 3233 523
20180801 1158 3233 3233 3233 3233 285
20180801 1159 3233 3233 3233 3233 260
20180801 1200 3228 3233 3228 3233 1918
20180801 1201 3233 3233 3233 3233 391
20180801 1202 3233 3233 3233 3233 349
20180801 1203 3233 3233 3233 3233 285
20180801 1204 3233 3233 3233 3233 260
20180801 1205 3233 3233 3233 3233 416
20180801 1206 3233 3233 3233 3233 261
20180801 1207 3233 3233 3233 3233 702
20180801 1208 3233 3233 3233 3233 1302
20180801 1209 3233 3233 3233 3233 65
20180801 1211 3233 3233 3233 3233 286
20180801 1212 3233 3233 3233 3233 65
20180801 1213 3233 3233 3233 3233 285
20180801 1214 3233 3233 3233 3233 1560
20180801 1215 3233 3233 3233 3233 284
20180801 1216 3233 3233 3233 3233 310
20180801 1218 3228 3228 3228 3228 327
20180801 1219 3228 3228 3228 3228 1615
20180801 1220 3228 3228 3228 3228 285
20180801 1222 3228 3228 3228 3228 285
20180801 1224 3228 3228 3228 3228 321
20180801 1225 3228 3228 3228 3228 200
20180801 1226 3228 3228 3228 3228 746
20180801 1227 3228 3228 3228 3228 484
20180801 1229 3228 3228 3228 3228 546
20180801 1230 3228 3228 3228 3228 73
20180801 1231 3228 3228 3228 3228 360
20180801 1232 3228 3228 3228 3228 260
20180801 1233 3233 3233 3228 3228 287
20180801 1234 3228 3228 3223 3223 291
20180801 1235 3228 3228 3223 3228 3470
20180801 1236 3228 3228 3228 3228 133
20180801 1237 3228 3228 3223 3228 839
20180801 1238 3228 3228 3228 3228 131
20180801 1239 3223 3228 3223 3228 929
20180801 1240 3228 3228 3228 3228 460
20180801 1241 3228 3228 3228 3228 426
20180801 1242 3228 3228 3228 3228 759
20180801 1244 3228 3228 3228 3228 1406
20180801 1246 3228 3228 3228 3228 66
20180801 1248 3228 3228 3228 3228 261
20180801 1249 3228 3228 3228 3228 130
20180801 1250 3233 3233 3228 3228 590
20180801 1251 3228 3228 3228 3228 296
20180801 1252 3228 3228 3228 3228 486
20180801 1253 3228 3228 3228 3228 2335
20180801 1254 3228 3233 3228 3233 1032
20180801 1255 3228 3228 3228 3228 285
20180801 1256 3228 3228 3228 3228 2021
20180801 1257 3228 3228 3228 3228 350
20180801 1259 3228 3228 3228 3228 286
20180801 1301 3228 3228 3228 3228 350
20180801 1302 3228 3228 3223 3228 1040
20180801 1303 3228 3228 3228 3228 285
20180801 1304 3233 3233 3228 3228 286
20180801 1305 3228 3228 3228 3228 391
20180801 1306 3228 3228 3228 3228 285
20180801 1307 3228 3228 3228 3228 1303
20180801 1308 3228 3228 3228 3228 416
20180801 1310 3228 3228 3223 3228 20611
20180801 1311 3228 3228 3228 3228 131
20180801 1312 3228 3228 3223 3228 3387
20180801 1313 3228 3228 3228 3228 31
20180801 1314 3228 3228 3228 3228 285
20180801 1316 3228 3228 3228 3228 416
20180801 1317 3228 3228 3228 3228 285
20180801 1318 3228 3228 3228 3228 54
20180801 1319 3228 3233 3228 3233 19988
20180801 1322 3233 3233 3233 3233 131
20180801 1323 3233 3233 3233 3233 1046
20180801 1325 3238 3238 3238 3238 1000
20180801 1328 3233 3233 3233 3233 350
20180801 1330 3233 3233 3233 3233 481
20180801 1332 3233 3233 3233 3233 286
20180801 1333 3233 3233 3233 3233 4123
20180801 1334 3233 3233 3233 3233 351
20180801 1335 3233 3233 3233 3233 261
20180801 1336 3233 3233 3233 3233 285
20180801 1338 3233 3233 3233 3233 675
20180801 1340 3233 3233 3233 3233 601
20180801 1341 3233 3233 3233 3233 1132
20180801 1342 3233 3238 3233 3233 981
20180801 1343 3233 3233 3233 3233 285
20180801 1345 3233 3233 3233 3233 546
20180801 1347 3233 3233 3233 3233 545
20180801 1348 3233 3233 3233 3233 27
20180801 1349 3233 3238 3233 3238 21698
20180801 1351 3238 3238 3238 3238 10
20180801 1352 3233 3233 3233 3233 131
20180801 1356 3233 3233 3233 3233 65
20180801 1400 3233 3233 3228 3228 1230
20180801 1401 3233 3233 3228 3228 5219
20180801 1402 3228 3228 3228 3228 285
20180801 1404 3228 3228 3228 3228 547
20180801 1405 3228 3228 3228 3228 285
20180801 1406 3228 3228 3228 3228 260
20180801 1407 3228 3228 3228 3228 285
20180801 1408 3223 3223 3223 3223 261
20180801 1409 3228 3228 3228 3228 1199
20180801 1410 3228 3228 3223 3223 180
20180801 1411 3228 3228 3223 3223 743
20180801 1412 3223 3223 3223 3223 65
20180801 1413 3223 3223 3223 3223 612
20180801 1415 3223 3223 3223 3223 545
20180801 1416 3223 3223 3223 3223 684
20180801 1418 3223 3223 3223 3223 261
20180801 1419 3223 3223 3223 3223 66
20180801 1420 3223 3223 3223 3223 286
20180801 1422 3223 3223 3223 3223 546
20180801 1423 3223 3223 3223 3223 261
20180801 1424 3223 3223 3223 3223 285
20180801 1425 3223 3223 3223 3223 260
20180801 1426 3223 3223 3223 3223 285
20180801 1427 3223 3223 3223 3223 391
20180801 1428 3223 3228 3223 3228 8942
20180801 1431 3223 3223 3223 3223 130
20180801 1433 3223 3223 3223 3223 131
20180801 1437 3223 3223 3223 3223 65
20180801 1438 3223 3223 3223 3223 160
20180801 1439 3228 3228 3223 3223 301
20180801 1440 3223 3223 3223 3223 1330
20180801 1441 3223 3223 3223 3223 326
20180801 1442 3223 3223 3223 3223 285
20180801 1443 3223 3223 3223 3223 640
20180801 1444 3223 3223 3218 3223 6947
20180801 1446 3223 3223 3223 3223 556
20180801 1448 3218 3223 3218 3223 2481
20180801 1450 3223 3223 3223 3223 785
20180801 1451 3223 3223 3223 3223 279
20180801 1452 3223 3223 3223 3223 285
20180801 1455 3223 3223 3223 3223 300
20180801 1456 3223 3223 3223 3223 131
20180801 1457 3223 3223 3223 3223 285
20180801 1459 3223 3223 3223 3223 289
20180801 1500 3223 3223 3223 3223 261
20180801 1501 3223 3223 3223 3223 286
20180801 1502 3223 3223 3223 3223 705
20180801 1503 3228 3228 3223 3223 1315
20180801 1504 3223 3223 3223 3223 546
20180801 1505 3223 3223 3223 3223 261
20180801 1506 3223 3223 3223 3223 416
20180801 1507 3223 3223 3223 3223 260
20180801 1508 3223 3223 3223 3223 285
20180801 1509 3223 3223 3223 3223 131
20180801 1510 3223 3223 3223 3223 1416
20180801 1511 3223 3223 3223 3223 3451
20180801 1512 3223 3223 3223 3223 1547
20180801 1513 3223 3223 3223 3223 580
20180801 1514 3223 3228 3223 3228 897
20180801 1515 3228 3228 3223 3223 633
20180801 1516 3223 3228 3223 3223 1728
20180801 1517 3223 3223 3223 3223 1730
20180801 1518 3223 3228 3223 3223 520
20180801 1519 3228 3228 3223 3228 183
20180801 1520 3228 3228 3228 3228 26
20180801 1530 3233 3233 3233 3233 1410
20180802 901 3233 3233 3233 3233 1020
20180802 904 3238 3238 3238 3238 32
20180802 906 3243 3243 3243 3243 834
20180802 907 3248 3248 3248 3248 4740
20180802 908 3253 3262 3253 3262 2559
20180802 911 3262 3267 3262 3267 3974
20180802 912 3267 3272 3267 3267 4125
20180802 913 3272 3277 3267 3277 6032
20180802 914 3277 3277 3277 3277 3
20180802 915 3277 3277 3272 3272 102
20180802 917 3267 3267 3267 3267 107
20180802 918 3262 3262 3262 3262 846
20180802 919 3267 3267 3267 3267 1
20180802 923 3267 3267 3262 3262 238
20180802 924 3262 3262 3262 3262 10
20180802 925 3262 3262 3262 3262 1081
20180802 926 3262 3262 3262 3262 10
20180802 929 3262 3262 3262 3262 7
20180802 936 3267 3267 3267 3267 364
20180802 937 3267 3267 3267 3267 1
20180802 938 3272 3272 3267 3267 31
20180802 941 3267 3267 3267 3267 30
20180802 942 3262 3262 3262 3262 43
20180802 944 3258 3258 3258 3258 2560
20180802 946 3253 3253 3248 3248 1665
20180802 956 3253 3253 3253 3253 301
20180802 958 3253 3253 3253 3253 5295
20180802 959 3258 3258 3258 3258 1021
20180802 1001 3258 3258 3258 3258 1501
20180802 1002 3258 3258 3258 3258 564
20180802 1004 3258 3258 3258 3258 8
20180802 1007 3253 3253 3253 3253 2600
20180802 1021 3258 3258 3258 3258 3405
20180802 1023 3258 3258 3258 3258 3
20180802 1026 3258 3258 3253 3253 2446
20180802 1030 3262 3262 3262 3262 1
20180802 1031 3262 3262 3262 3262 46
20180802 1032 3262 3262 3262 3262 1
20180802 1042 3262 3262 3258 3258 2534
20180802 1047 3253 3253 3253 3253 24
20180802 1049 3248 3258 3248 3258 1286
20180802 1054 3248 3248 3243 3243 5550
20180802 1058 3243 3243 3243 3243 159
20180802 1104 3238 3238 3238 3238 3111
20180802 1107 3233 3233 3233 3233 40
20180802 1111 3233 3233 3233 3233 1000
20180802 1112 3233 3233 3233 3233 3008
20180802 1115 3233 3233 3233 3233 4480
20180802 1123 3233 3238 3233 3238 1510
20180802 1134 3228 3228 3228 3228 19650
20180802 1136 3233 3233 3233 3233 5493
20180802 1144 3238 3238 3238 3238 1
20180802 1149 3228 3228 3228 3228 71
20180802 1150 3223 3223 3223 3223 558
20180802 1152 3223 3223 3223 3223 1000
20180802 1156 3228 3228 3228 3228 1
20180802 1158 3233 3233 3233 3233 1000
20180802 1220 3223 3223 3223 3223 350
20180802 1228 3223 3223 3223 3223 1
20180802 1229 3223 3223 3223 3223 150
20180802 1230 3223 3223 3223 3223 1000
20180802 1231 3223 3228 3223 3228 801
20180802 1233 3223 3223 3223 3223 101
20180802 1249 3218 3218 3213 3213 4300
20180802 1251 3213 3213 3208 3208 193
20180802 1254 3218 3218 3218 3218 7
20180802 1259 3218 3218 3218 3218 2
20180802 1303 3208 3208 3208 3208 498
20180802 1308 3208 3208 3208 3208 500
20180802 1313 3208 3208 3208 3208 2364
20180802 1315 3208 3208 3208 3208 10
20180802 1319 3203 3203 3198 3198 2542
20180802 1322 3198 3198 3198 3198 350
20180802 1324 3198 3198 3198 3198 69
20180802 1329 3198 3198 3198 3198 3000
20180802 1332 3208 3208 3208 3208 3680
20180802 1333 3213 3218 3213 3218 4044
20180802 1341 3208 3208 3208 3208 4500
20180802 1342 3208 3208 3208 3208 62
20180802 1343 3208 3208 3208 3208 1155
20180802 1344 3208 3208 3208 3208 1120
20180802 1354 3213 3213 3208 3208 4000
20180802 1406 3218 3218 3218 3218 686
20180802 1407 3223 3223 3223 3223 1000
20180802 1408 3218 3223 3218 3223 6
20180802 1419 3218 3218 3218 3218 6
20180802 1420 3218 3218 3218 3218 3
20180802 1421 3218 3218 3218 3218 10
20180802 1423 3213 3213 3208 3208 200
20180802 1429 3208 3208 3208 3208 200
20180802 1431 3213 3223 3213 3223 24
20180802 1448 3213 3213 3213 3213 1865
20180802 1450 3213 3213 3213 3213 3
20180802 1452 3223 3223 3223 3223 40
20180802 1454 3223 3223 3223 3223 2000
20180802 1457 3218 3218 3218 3218 1
20180802 1503 3218 3218 3218 3218 1256
20180802 1511 3218 3218 3218 3218 50
20180802 1512 3218 3223 3218 3223 11
20180802 1530 3223 3223 3223 3223 944
20180803 901 3238 3243 3238 3243 142
20180803 902 3243 3243 3243 3243 316
20180803 905 3248 3248 3243 3243 102
20180803 906 3243 3248 3243 3248 5188
20180803 909 3248 3248 3248 3248 32
20180803 910 3243 3243 3243 3243 16
20180803 911 3243 3243 3243 3243 4
20180803 912 3238 3238 3238 3238 409
20180803 914 3243 3243 3243 3243 1
20180803 915 3243 3243 3243 3243 34
20180803 917 3243 3243 3243 3243 500
20180803 918 3243 3243 3243 3243 1500
20180803 921 3243 3243 3243 3243 1
20180803 922 3243 3243 3243 3243 1
20180803 923 3243 3243 3238 3238 700
20180803 924 3238 3238 3238 3238 18
20180803 927 3238 3238 3238 3238 200
20180803 929 3238 3238 3238 3238 1603
20180803 943 3238 3238 3238 3238 1000
20180803 952 3243 3243 3243 3243 1145
20180803 953 3238 3238 3238 3238 1
20180803 954 3238 3238 3238 3238 316
20180803 958 3248 3248 3248 3248 15
20180803 1000 3248 3253 3248 3253 4169
20180803 1001 3243 3243 3243 3243 501
20180803 1004 3243 3243 3243 3243 10
20180803 1005 3243 3243 3243 3243 11
20180803 1020 3248 3248 3248 3248 10
20180803 1022 3253 3253 3253 3253 199
20180803 1024 3253 3253 3253 3253 20
20180803 1025 3253 3253 3253 3253 680
20180803 1029 3248 3248 3248 3248 2
20180803 1033 3248 3248 3248 3248 503
20180803 1034 3248 3248 3248 3248 5737
20180803 1035 3248 3253 3248 3253 152
20180803 1039 3258 3258 3258 3258 678
20180803 1041 3258 3258 3258 3258 675
20180803 1044 3253 3253 3253 3253 5
20180803 1046 3258 3258 3258 3258 2
20180803 1047 3253 3253 3253 3253 16
20180803 1048 3253 3253 3253 3253 2
20180803 1102 3258 3258 3258 3258 40
20180803 1110 3253 3253 3253 3253 1
20180803 1121 3253 3253 3253 3253 50
20180803 1127 3253 3253 3253 3253 2
20180803 1131 3253 3253 3253 3253 5
20180803 1137 3253 3253 3248 3248 316
20180803 1144 3248 3248 3248 3248 50
20180803 1150 3258 3258 3258 3258 100
20180803 1153 3258 3258 3258 3258 1
20180803 1154 3258 3258 3258 3258 1
20180803 1201 3258 3258 3258 3258 30
20180803 1217 3258 3258 3258 3258 2392
20180803 1218 3258 3258 3258 3258 993
20180803 1224 3258 3258 3258 3258 118
20180803 1226 3258 3262 3258 3262 450
20180803 1227 3262 3262 3262 3262 30
20180803 1235 3258 3258 3258 3258 200
20180803 1236 3258 3258 3258 3258 2786
20180803 1240 3262 3262 3262 3262 1
20180803 1251 3258 3258 3258 3258 2
20180803 1255 3253 3253 3253 3253 52
20180803 1258 3253 3253 3253 3253 2
20180803 1301 3253 3253 3248 3248 253
20180803 1310 3253 3253 3253 3253 10
20180803 1312 3253 3253 3253 3253 2245
20180803 1314 3258 3258 3258 3258 6
20180803 1316 3258 3258 3258 3258 4
20180803 1330 3253 3253 3253 3253 69
20180803 1331 3258 3258 3253 3253 207
20180803 1410 3253 3253 3253 3253 1500
20180803 1425 3258 3258 3258 3258 45
20180803 1427 3258 3258 3258 3258 305
20180803 1428 3253 3253 3253 3253 40
20180803 1441 3253 3253 3253 3253 30
20180803 1442 3258 3258 3258 3258 1240
20180803 1443 3258 3258 3258 3258 500
20180803 1444 3258 3258 3258 3258 250
20180803 1450 3262 3262 3262 3262 100
20180803 1453 3258 3258 3258 3258 60
20180803 1505 3262 3262 3262 3262 3427
20180803 1509 3267 3267 3267 3267 1
20180803 1510 3267 3267 3267 3267 10
20180803 1512 3267 3267 3267 3267 100
20180803 1516 3258 3258 3258 3258 150
20180803 1519 3258 3258 3258 3258 7300
20180803 1530 3267 3267 3267 3267 21
20180806 901 3258 3258 3248 3248 947
20180806 905 3253 3253 3253 3253 1
20180806 906 3253 3253 3253 3253 8
20180806 913 3253 3253 3248 3248 53
20180806 915 3248 3248 3243 3243 22
20180806 916 3243 3243 3243 3243 73
20180806 917 3238 3238 3238 3238 3583
20180806 918 3248 3248 3248 3248 7
20180806 919 3248 3248 3248 3248 998
20180806 920 3248 3248 3248 3248 500
20180806 921 3248 3248 3243 3248 2024
20180806 926 3248 3248 3238 3238 144
20180806 927 3238 3238 3238 3238 1
20180806 928 3238 3238 3233 3233 107
20180806 929 3233 3233 3233 3233 50
20180806 930 3233 3233 3233 3233 719
20180806 933 3238 3238 3238 3238 12
20180806 934 3238 3238 3238 3238 4
20180806 935 3238 3238 3238 3238 12
20180806 936 3238 3238 3238 3238 63
20180806 941 3233 3233 3228 3228 241
20180806 942 3228 3228 3228 3228 1300
20180806 945 3228 3228 3228 3228 98
20180806 958 3228 3228 3228 3228 1300
20180806 1002 3228 3228 3228 3228 1000
20180806 1003 3233 3233 3233 3233 1
20180806 1015 3233 3233 3233 3233 4
20180806 1016 3238 3238 3238 3238 1000
20180806 1027 3238 3238 3238 3238 1
20180806 1037 3238 3238 3238 3238 300
20180806 1038 3238 3238 3238 3238 50
20180806 1041 3228 3228 3223 3223 800
20180806 1042 3228 3228 3228 3228 50
20180806 1043 3233 3233 3218 3218 4500
20180806 1044 3218 3218 3218 3218 1050
20180806 1051 3228 3228 3228 3228 40
20180806 1053 3233 3233 3233 3233 200
20180806 1058 3233 3233 3233 3233 3840
20180806 1104 3238 3238 3238 3238 1
20180806 1115 3238 3238 3238 3238 6
20180806 1116 3238 3238 3238 3238 3000
20180806 1118 3238 3238 3238 3238 2669
20180806 1119 3243 3243 3243 3243 1
20180806 1121 3243 3243 3243 3243 8
20180806 1138 3238 3238 3238 3238 24
20180806 1151 3233 3233 3233 3233 102
20180806 1200 3233 3233 3233 3233 11
20180806 1202 3233 3233 3233 3233 52
20180806 1208 3228 3228 3228 3228 118
20180806 1217 3228 3228 3228 3228 149
20180806 1220 3233 3233 3233 3233 2938
20180806 1230 3233 3233 3233 3233 1
20180806 1232 3233 3233 3233 3233 19
20180806 1244 3228 3228 3228 3228 1000
20180806 1251 3233 3233 3233 3233 6
20180806 1254 3228 3228 3228 3228 827
20180806 1255 3223 3223 3223 3223 2173
20180806 1259 3233 3233 3233 3233 3
20180806 1304 3223 3228 3218 3228 103
20180806 1312 3223 3223 3223 3223 30
20180806 1315 3223 3223 3223 3223 6000
20180806 1328 3228 3228 3228 3228 5
20180806 1333 3228 3228 3228 3228 9
20180806 1334 3228 3228 3228 3228 15
20180806 1336 3223 3223 3223 3223 50
20180806 1337 3218 3218 3213 3218 14327
20180806 1338 3218 3218 3218 3218 12114
20180806 1339 3223 3223 3223 3223 100
20180806 1344 3223 3223 3223 3223 64
20180806 1346 3223 3223 3223 3223 10
20180806 1348 3223 3223 3223 3223 90
20180806 1404 3218 3218 3218 3218 1242
20180806 1405 3213 3213 3213 3213 3166
20180806 1408 3208 3208 3208 3208 305
20180806 1410 3208 3208 3208 3208 30
20180806 1413 3208 3208 3203 3203 2242
20180806 1415 3198 3198 3198 3198 191009
20180806 1416 3198 3198 3198 3198 28287
20180806 1420 3208 3208 3208 3208 150
20180806 1433 3198 3198 3198 3198 6
20180806 1436 3198 3198 3193 3193 10000
20180806 1442 3193 3193 3188 3188 14010
20180806 1443 3198 3198 3198 3198 1
20180806 1447 3198 3198 3198 3198 300
20180806 1449 3198 3198 3193 3193 51
20180806 1450 3193 3193 3193 3193 2111
20180806 1500 3198 3198 3198 3198 30
20180806 1503 3198 3198 3198 3198 11
20180806 1509 3193 3193 3193 3193 1
20180806 1512 3193 3193 3193 3193 38
20180806 1515 3193 3193 3188 3188 1992
20180806 1517 3198 3198 3198 3198 1000
20180806 1519 3203 3203 3203 3203 1
20180806 1530 3198 3198 3198 3198 20
20180807 901 3183 3183 3183 3183 3624
20180807 905 3183 3183 3183 3183 1
20180807 906 3183 3183 3183 3183 37
20180807 909 3179 3183 3179 3183 520
20180807 914 3183 3183 3183 3183 1000
20180807 917 3183 3183 3183 3183 5
20180807 918 3179 3179 3179 3179 331
20180807 919 3179 3179 3174 3174 1500
20180807 921 3183 3183 3183 3183 2
20180807 931 3179 3179 3174 3174 173
20180807 932 3179 3179 3179 3179 66
20180807 936 3179 3179 3179 3179 80
20180807 942 3169 3169 3169 3169 1013
20180807 944 3169 3169 3169 3169 2
20180807 947 3169 3169 3169 3169 10
20180807 950 3164 3164 3164 3164 1
20180807 1000 3174 3174 3174 3174 2619
20180807 1003 3174 3174 3174 3174 33
20180807 1004 3179 3179 3179 3179 159
20180807 1007 3179 3179 3179 3179 1
20180807 1017 3179 3179 3179 3179 399
20180807 1019 3179 3179 3179 3179 8601
20180807 1031 3183 3183 3183 3183 896
20180807 1041 3179 3179 3179 3179 2
20180807 1048 3179 3179 3179 3179 1
20180807 1052 3179 3179 3179 3179 2
20180807 1058 3174 3174 3174 3174 106
20180807 1102 3174 3174 3174 3174 2
20180807 1104 3169 3169 3169 3169 56
20180807 1108 3164 3164 3164 3164 5
20180807 1110 3164 3164 3164 3164 298
20180807 1117 3164 3164 3164 3164 16
20180807 1127 3164 3164 3164 3164 14
20180807 1130 3159 3159 3159 3159 10000
20180807 1131 3159 3159 3159 3159 500
20180807 1134 3159 3159 3159 3159 40
20180807 1142 3169 3169 3169 3169 109
20180807 1149 3169 3169 3169 3169 613
20180807 1159 3169 3169 3169 3169 1
20180807 1217 3164 3164 3164 3164 67
20180807 1218 3159 3159 3159 3159 62
20180807 1228 3169 3169 3169 3169 2
20180807 1243 3169 3169 3169 3169 100
20180807 1257 3169 3169 3169 3169 1
20180807 1305 3164 3164 3164 3164 200
20180807 1319 3164 3164 3164 3164 3
20180807 1333 3164 3164 3164 3164 1
20180807 1336 3164 3164 3164 3164 7
20180807 1340 3164 3164 3164 3164 100
20180807 1342 3164 3164 3164 3164 300
20180807 1345 3164 3164 3164 3164 201
20180807 1347 3164 3164 3164 3164 300
20180807 1349 3164 3164 3164 3164 6120
20180807 1355 3164 3164 3164 3164 3180
20180807 1401 3169 3169 3169 3169 4446
20180807 1409 3169 3169 3169 3169 10000
20180807 1411 3174 3174 3174 3174 4946
20180807 1412 3174 3174 3174 3174 2837
20180807 1414 3174 3174 3174 3174 14809
20180807 1423 3174 3174 3174 3174 1500
20180807 1428 3174 3174 3174 3174 250
20180807 1429 3174 3174 3174 3174 20000
20180807 1432 3179 3179 3179 3179 1466
20180807 1436 3179 3179 3179 3179 2
20180807 1437 3183 3183 3183 3183 1316
20180807 1444 3188 3188 3188 3188 1566
20180807 1453 3188 3188 3188 3188 230
20180807 1457 3193 3193 3193 3193 5
20180807 1458 3193 3193 3193 3193 47
20180807 1500 3193 3193 3193 3193 1
20180807 1502 3198 3198 3198 3198 2595
20180807 1505 3198 3198 3198 3198 1
20180807 1506 3198 3198 3198 3198 1000
20180807 1508 3198 3198 3198 3198 78
20180807 1513 3193 3193 3193 3193 1
20180807 1515 3198 3198 3198 3198 3086
20180807 1516 3193 3193 3193 3193 9
20180807 1517 3193 3193 3193 3193 500
20180807 1519 3193 3193 3193 3193 313
20180807 1520 3193 3193 3193 3193 30
20180807 1530 3198 3198 3198 3198 1179
20180808 901 3183 3183 3183 3183 2631
20180808 902 3179 3179 3179 3179 3078
20180808 905 3179 3183 3179 3183 136
20180808 906 3179 3179 3179 3179 296
20180808 907 3174 3174 3174 3174 163
20180808 909 3174 3174 3174 3174 1
20180808 910 3169 3169 3169 3169 631
20180808 912 3169 3169 3169 3169 716
20180808 916 3174 3174 3174 3174 1
20180808 917 3174 3174 3174 3174 4
20180808 918 3174 3174 3174 3174 1
20180808 919 3179 3188 3179 3188 500
20180808 920 3179 3179 3179 3179 5
20180808 921 3179 3179 3179 3179 10
20180808 927 3183 3183 3183 3183 1
20180808 928 3179 3179 3179 3179 2
20180808 935 3179 3179 3179 3179 6
20180808 947 3179 3179 3179 3179 70
20180808 950 3174 3174 3174 3174 2
20180808 1001 3179 3179 3179 3179 5
20180808 1004 3179 3179 3179 3179 2
20180808 1006 3179 3179 3179 3179 1390
20180808 1008 3179 3179 3179 3179 1
20180808 1009 3174 3174 3174 3174 410
20180808 1012 3183 3183 3183 3183 7
20180808 1013 3179 3179 3179 3179 10
20180808 1014 3179 3179 3179 3179 2539
20180808 1019 3179 3179 3179 3179 40
20180808 1021 3183 3183 3183 3183 1348
20180808 1037 3188 3193 3188 3193 5119
20180808 1038 3193 3193 3193 3193 4
20180808 1039 3193 3193 3193 3193 8
20180808 1041 3198 3198 3198 3198 2057
20180808 1042 3203 3203 3203 3203 5
20180808 1043 3203 3203 3203 3203 3
20180808 1046 3198 3198 3198 3198 11
20180808 1047 3198 3203 3198 3203 300
20180808 1049 3193 3193 3193 3193 1
20180808 1053 3203 3203 3203 3203 1567
20180808 1059 3203 3203 3203 3203 82
20180808 1111 3208 3208 3208 3208 1
20180808 1132 3208 3208 3208 3208 1
20180808 1133 3208 3208 3208 3208 1
20180808 1136 3208 3208 3208 3208 1
20180808 1138 3208 3208 3208 3208 6
20180808 1140 3208 3208 3208 3208 15
20180808 1141 3208 3208 3208 3208 692
20180808 1206 3208 3208 3208 3208 1
20180808 1207 3208 3208 3208 3208 700
20180808 1212 3213 3213 3213 3213 10
20180808 1221 3213 3213 3213 3213 2
20180808 1230 3213 3213 3213 3213 30
20180808 1232 3213 3213 3213 3213 630
20180808 1235 3213 3213 3213 3213 1
20180808 1238 3208 3208 3208 3208 1
20180808 1242 3213 3213 3213 3213 1
20180808 1244 3213 3213 3213 3213 1990
20180808 1248 3213 3213 3213 3213 100
20180808 1300 3213 3213 3213 3213 500
20180808 1304 3208 3208 3208 3208 23340
20180808 1312 3203 3203 3203 3203 382
20180808 1321 3203 3203 3203 3203 2
20180808 1324 3198 3198 3198 3198 3400
20180808 1325 3198 3198 3198 3198 6394
20180808 1327 3198 3198 3198 3198 1
20180808 1329 3193 3193 3188 3188 99
20180808 1330 3188 3188 3188 3188 1
20180808 1331 3188 3188 3188 3188 300
20180808 1334 3188 3188 3188 3188 31
20180808 1340 3188 3193 3188 3193 507
20180808 1343 3188 3188 3188 3188 600
20180808 1347 3188 3188 3188 3188 1
20180808 1350 3188 3188 3188 3188 2
20180808 1351 3188 3188 3188 3188 1
20180808 1352 3188 3188 3188 3188 1
20180808 1357 3183 3183 3183 3183 58
20180808 1400 3183 3183 3179 3179 600
20180808 1402 3179 3179 3179 3179 1765
20180808 1404 3179 3179 3179 3179 23149
20180808 1405 3179 3179 3179 3179 12290
20180808 1408 3188 3188 3188 3188 135
20180808 1415 3193 3193 3188 3188 48
20180808 1425 3183 3183 3179 3179 2000
20180808 1454 3183 3183 3183 3183 13
20180808 1458 3179 3179 3179 3179 12862
20180808 1459 3174 3174 3174 3174 6
20180808 1517 3174 3174 3174 3174 793
20180808 1530 3174 3174 3174 3174 398
20180809 901 3179 3179 3179 3179 2
20180809 904 3179 3179 3179 3179 2900
20180809 906 3174 3174 3174 3174 218
20180809 909 3174 3174 3174 3174 500
20180809 912 3183 3183 3183 3183 1
20180809 913 3179 3179 3179 3179 1
20180809 914 3179 3179 3179 3179 38
20180809 915 3179 3179 3179 3179 1
20180809 916 3174 3174 3174 3174 3
20180809 923 3183 3183 3183 3183 59
20180809 929 3188 3188 3188 3188 3595
20180809 930 3188 3188 3188 3188 1487
20180809 931 3193 3198 3193 3198 528
20180809 935 3193 3193 3193 3193 1
20180809 938 3193 3193 3188 3188 18
20180809 949 3183 3183 3183 3183 670
20180809 951 3193 3193 3193 3193 7544
20180809 952 3188 3188 3188 3188 750
20180809 953 3183 3183 3183 3183 11
20180809 956 3193 3193 3193 3193 9030
20180809 959 3183 3183 3183 3183 41
20180809 1006 3183 3183 3183 3183 1
20180809 1009 3183 3183 3179 3179 1241
20180809 1010 3179 3179 3179 3179 259
20180809 1016 3179 3179 3179 3179 3592
20180809 1020 3174 3174 3174 3174 1500
20180809 1031 3174 3174 3174 3174 300
20180809 1035 3179 3179 3174 3174 156
20180809 1038 3179 3179 3179 3179 5706
20180809 1044 3179 3179 3179 3179 360
20180809 1047 3174 3174 3174 3174 4616
20180809 1048 3169 3169 3169 3169 48
20180809 1054 3169 3169 3169 3169 1860
20180809 1119 3179 3179 3179 3179 300
20180809 1120 3174 3174 3174 3174 200
20180809 1122 3174 3174 3174 3174 70
20180809 1124 3174 3174 3174 3174 60
20180809 1125 3174 3174 3174 3174 70
20180809 1126 3174 3174 3174 3174 30
20180809 1127 3174 3174 3174 3174 40
20180809 1130 3179 3179 3179 3179 1
20180809 1133 3174 3174 3174 3174 1
20180809 1149 3174 3174 3174 3174 2
20180809 1157 3169 3169 3169 3169 42
20180809 1158 3169 3169 3169 3169 1400
20180809 1203 3169 3169 3169 3169 20
20180809 1227 3169 3169 3169 3169 54
20180809 1228 3169 3169 3169 3169 2
20180809 1230 3169 3169 3169 3169 225
20180809 1231 3174 3174 3174 3174 46
20180809 1257 3174 3174 3174 3174 2
20180809 1259 3174 3174 3174 3174 4
20180809 1302 3169 3169 3164 3164 2034
20180809 1318 3169 3169 3169 3169 105
20180809 1324 3169 3169 3169 3169 11
20180809 1327 3169 3169 3169 3169 5616
20180809 1338 3169 3169 3169 3169 73
20180809 1339 3169 3169 3169 3169 33
20180809 1357 3164 3164 3164 3164 100
20180809 1408 3169 3169 3169 3169 11
20180809 1413 3169 3169 3169 3169 2
20180809 1421 3169 3169 3169 3169 11
20180809 1423 3169 3169 3169 3169 400
20180809 1424 3169 3169 3169 3169 1500
20180809 1427 3169 3169 3169 3169 100
20180809 1428 3169 3169 3169 3169 200
20180809 1430 3169 3169 3169 3169 200
20180809 1435 3164 3164 3164 3164 24
20180809 1442 3164 3164 3164 3164 487
20180809 1458 3159 3159 3159 3159 310
20180809 1506 3164 3164 3159 3159 2000
20180809 1530 3174 3174 3174 3174 960
20180810 901 3218 3223 3218 3223 2340
20180810 902 3218 3218 3213 3218 2982
20180810 903 3218 3218 3213 3213 1708
20180810 904 3213 3213 3213 3213 1
20180810 905 3213 3213 3213 3213 53
20180810 907 3218 3218 3218 3218 200
20180810 909 3213 3213 3213 3213 251
20180810 910 3213 3213 3208 3208 4254
20180810 911 3208 3208 3208 3208 184
20180810 912 3208 3208 3208 3208 160
20180810 916 3203 3203 3203 3203 687
20180810 917 3203 3203 3203 3203 1000
20180810 919 3203 3203 3203 3203 10
20180810 920 3208 3208 3208 3208 1000
20180810 922 3208 3208 3203 3203 200
20180810 923 3208 3208 3208 3208 100
20180810 925 3208 3208 3208 3208 200
20180810 931 3203 3203 3203 3203 1
20180810 932 3203 3203 3203 3203 100
20180810 935 3203 3203 3198 3198 6109
20180810 938 3198 3198 3198 3198 2500
20180810 939 3203 3203 3203 3203 2500
20180810 940 3203 3203 3203 3203 15
20180810 943 3208 3208 3208 3208 1600
20180810 944 3208 3208 3208 3208 105
20180810 958 3208 3208 3208 3208 95
20180810 1011 3198 3198 3198 3198 307
20180810 1012 3198 3198 3198 3198 2010
20180810 1015 3193 3193 3193 3193 1
20180810 1016 3193 3193 3193 3193 111
20180810 1018 3193 3193 3193 3193 4711
20180810 1022 3203 3203 3203 3203 500
20180810 1032 3203 3203 3203 3203 2354
20180810 1037 3208 3208 3208 3208 3296
20180810 1039 3208 3208 3208 3208 200
20180810 1042 3213 3213 3213 3213 10
20180810 1052 3213 3213 3213 3213 7381
20180810 1053 3218 3218 3218 3218 77
20180810 1057 3223 3223 3223 3223 61
20180810 1101 3223 3223 3223 3223 50
20180810 1102 3218 3218 3218 3218 1
20180810 1104 3223 3223 3223 3223 681
20180810 1107 3228 3228 3228 3228 1
20180810 1110 3223 3223 3223 3223 1
20180810 1112 3223 3223 3218 3218 720
20180810 1129 3218 3218 3218 3218 1
20180810 1142 3218 3218 3218 3218 200
20180810 1151 3213 3213 3213 3213 4
20180810 1157 3218 3218 3218 3218 100
20180810 1159 3223 3223 3223 3223 3
20180810 1200 3223 3223 3223 3223 1
20180810 1201 3223 3223 3223 3223 4
20180810 1204 3218 3223 3218 3223 31
20180810 1206 3218 3218 3218 3218 10
20180810 1207 3223 3223 3223 3223 1
20180810 1208 3223 3223 3223 3223 2
20180810 1213 3218 3218 3218 3218 1
20180810 1220 3223 3223 3223 3223 91
20180810 1222 3223 3223 3223 3223 1
20180810 1223 3223 3223 3223 3223 3
20180810 1237 3218 3218 3218 3218 77
20180810 1238 3218 3218 3218 3218 70
20180810 1244 3218 3218 3218 3218 3
20180810 1247 3218 3223 3218 3223 3010
20180810 1250 3223 3223 3223 3223 22
20180810 1253 3223 3223 3223 3223 300
20180810 1254 3223 3223 3223 3223 172
20180810 1304 3228 3233 3228 3233 1509
20180810 1305 3233 3233 3233 3233 9
20180810 1308 3233 3233 3233 3233 3
20180810 1315 3228 3228 3228 3228 20
20180810 1322 3233 3233 3233 3233 380
20180810 1327 3228 3228 3228 3228 5
20180810 1331 3233 3233 3233 3233 5
20180810 1334 3228 3228 3228 3228 2677
20180810 1336 3228 3228 3228 3228 7
20180810 1338 3228 3228 3228 3228 50
20180810 1339 3228 3228 3228 3228 2
20180810 1340 3223 3223 3223 3223 100
20180810 1345 3223 3223 3223 3223 200
20180810 1350 3223 3223 3223 3223 6101
20180810 1352 3228 3228 3228 3228 1
20180810 1356 3228 3228 3228 3228 99
20180810 1357 3233 3238 3223 3223 3124
20180810 1358 3238 3238 3238 3238 3000
20180810 1403 3238 3238 3238 3238 3
20180810 1404 3238 3238 3238 3238 121
20180810 1407 3238 3238 3233 3233 1829
20180810 1409 3228 3228 3228 3228 200
20180810 1412 3223 3223 3223 3223 58
20180810 1415 3228 3228 3223 3223 4000
20180810 1416 3218 3218 3218 3218 300
20180810 1417 3218 3218 3218 3218 197
20180810 1419 3218 3218 3218 3218 1000
20180810 1422 3218 3218 3218 3218 3053
20180810 1424 3213 3213 3213 3213 30
20180810 1425 3213 3213 3213 3213 13
20180810 1437 3213 3213 3213 3213 10
20180810 1440 3218 3218 3218 3218 4504
20180810 1445 3218 3218 3218 3218 100
20180810 1452 3228 3228 3228 3228 5
20180810 1453 3228 3228 3228 3228 67
20180810 1455 3228 3228 3228 3228 10
20180810 1457 3228 3228 3228 3228 20
20180810 1459 3228 3228 3228 3228 150
20180810 1504 3228 3228 3228 3228 1
20180810 1505 3228 3228 3228 3228 648
20180810 1506 3223 3223 3223 3223 104
20180810 1516 3223 3223 3223 3223 20
20180810 1518 3228 3228 3228 3228 18295
20180810 1519 3228 3228 3228 3228 200
20180810 1520 3228 3228 3228 3228 3060
20180810 1530 3228 3228 3228 3228 2664
20180813 901 3233 3243 3233 3233 7291
20180813 902 3233 3238 3233 3238 2502
20180813 903 3243 3243 3243 3243 10
20180813 904 3243 3243 3243 3243 720
20180813 905 3248 3248 3248 3248 7573
20180813 907 3248 3248 3248 3248 33
20180813 908 3243 3243 3243 3243 2
20180813 909 3248 3248 3248 3248 500
20180813 910 3248 3248 3248 3248 14000
20180813 911 3243 3243 3243 3243 5
20180813 912 3248 3248 3248 3248 1
20180813 913 3238 3238 3238 3238 6
20180813 918 3243 3243 3243 3243 1000
20180813 920 3253 3253 3253 3253 203
20180813 922 3253 3253 3253 3253 50
20180813 924 3253 3253 3253 3253 2763
20180813 925 3248 3248 3248 3248 5
20180813 926 3248 3248 3248 3248 300
20180813 927 3248 3248 3248 3248 60
20180813 929 3248 3248 3248 3248 80
20180813 930 3248 3248 3248 3248 390
20180813 934 3248 3248 3248 3248 1756
20180813 936 3243 3243 3243 3243 40
20180813 937 3238 3238 3238 3238 90
20180813 940 3238 3238 3228 3228 10573
20180813 941 3228 3228 3228 3228 733
20180813 948 3233 3233 3233 3233 1000
20180813 954 3243 3243 3243 3243 1
20180813 957 3243 3248 3243 3248 1000
20180813 1006 3238 3238 3238 3238 40
20180813 1007 3238 3238 3238 3238 1
20180813 1008 3233 3233 3233 3233 46
20180813 1016 3228 3228 3228 3228 2548
20180813 1018 3223 3223 3223 3223 9
20180813 1023 3223 3223 3223 3223 123
20180813 1024 3223 3223 3223 3223 1015
20180813 1025 3223 3223 3223 3223 10
20180813 1027 3218 3218 3218 3218 1966
20180813 1028 3213 3213 3203 3203 514
20180813 1031 3208 3208 3203 3203 10
20180813 1032 3203 3203 3203 3203 4
20180813 1033 3198 3198 3193 3198 423
20180813 1034 3203 3203 3203 3203 70
20180813 1035 3208 3208 3208 3208 11
20180813 1036 3208 3208 3208 3208 100
20180813 1050 3213 3213 3213 3213 20011
20180813 1054 3213 3213 3213 3213 40
20180813 1055 3208 3208 3208 3208 24465
20180813 1101 3203 3203 3198 3198 3567
20180813 1102 3198 3198 3198 3198 150
20180813 1104 3193 3193 3193 3193 6
20180813 1106 3198 3198 3198 3198 100
20180813 1107 3198 3198 3198 3198 8
20180813 1110 3198 3198 3198 3198 2000
20180813 1111 3203 3203 3203 3203 1030
20180813 1116 3208 3208 3208 3208 11
20180813 1117 3208 3208 3208 3208 1
20180813 1121 3213 3213 3213 3213 1795
20180813 1139 3213 3213 3213 3213 1
20180813 1157 3213 3213 3213 3213 100
20180813 1207 3213 3213 3213 3213 1
20180813 1211 3218 3218 3218 3218 200
20180813 1212 3218 3218 3218 3218 3
20180813 1213 3218 3218 3218 3218 46
20180813 1216 3218 3218 3218 3218 5
20180813 1224 3213 3213 3213 3213 22
20180813 1226 3213 3213 3213 3213 2534
20180813 1241 3208 3208 3208 3208 4
20180813 1247 3208 3208 3208 3208 1514
20180813 1255 3203 3203 3203 3203 270
20180813 1258 3203 3203 3203 3203 3168
20180813 1259 3203 3203 3203 3203 3000
20180813 1307 3203 3203 3203 3203 673
20180813 1309 3198 3208 3193 3208 3001
20180813 1319 3198 3198 3198 3198 102
20180813 1320 3193 3198 3193 3198 1102
20180813 1321 3198 3198 3198 3198 100
20180813 1324 3193 3193 3188 3188 162
20180813 1325 3183 3183 3183 3183 1
20180813 1327 3183 3183 3179 3179 110
20180813 1328 3179 3179 3179 3179 200
20180813 1333 3179 3179 3179 3179 3913
20180813 1335 3188 3188 3188 3188 5
20180813 1339 3188 3188 3188 3188 5
20180813 1342 3179 3179 3169 3169 1300
20180813 1346 3169 3169 3169 3169 1
20180813 1347 3169 3169 3164 3164 1000
20180813 1349 3179 3179 3179 3179 2014
20180813 1351 3169 3169 3169 3169 3
20180813 1352 3183 3183 3183 3183 4
20180813 1358 3188 3188 3179 3179 630
20180813 1359 3179 3179 3179 3179 123
20180813 1403 3183 3183 3179 3179 91
20180813 1406 3174 3174 3174 3174 2
20180813 1407 3174 3174 3174 3174 300
20180813 1413 3183 3183 3183 3183 800
20180813 1414 3183 3183 3183 3183 1
20180813 1415 3188 3188 3188 3188 2
20180813 1424 3193 3193 3193 3193 30
20180813 1426 3198 3198 3198 3198 82
20180813 1429 3198 3198 3198 3198 1670
20180813 1431 3198 3198 3198 3198 100
20180813 1435 3193 3193 3193 3193 20
20180813 1438 3193 3193 3193 3193 30
20180813 1441 3188 3188 3188 3188 2
20180813 1442 3183 3183 3183 3183 12
20180813 1443 3179 3179 3174 3174 64
20180813 1445 3169 3169 3169 3169 12
20180813 1446 3164 3164 3159 3159 226
20180813 1447 3164 3164 3164 3164 1355
20180813 1448 3159 3159 3159 3159 352
20180813 1449 3154 3154 3154 3154 464
20180813 1451 3154 3154 3154 3154 545
20180813 1452 3154 3154 3154 3154 750
20180813 1454 3159 3159 3159 3159 100
20180813 1458 3164 3164 3164 3164 1527
20180813 1459 3159 3159 3159 3159 1
20180813 1501 3164 3164 3159 3159 53
20180813 1502 3154 3154 3154 3154 292
20180813 1503 3149 3149 3149 3149 507
20180813 1507 3149 3154 3149 3154 6806
20180813 1508 3149 3149 3149 3149 1187
20180813 1509 3144 3144 3144 3144 1006
20180813 1511 3144 3144 3139 3144 739
20180813 1515 3144 3144 3144 3144 100
20180813 1517 3144 3144 3144 3144 5
20180813 1518 3144 3144 3139 3139 556
20180813 1520 3144 3144 3144 3144 2000
20180813 1530 3134 3134 3134 3134 2639
20180814 901 3149 3154 3149 3154 1751
20180814 903 3159 3159 3159 3159 3500
20180814 906 3159 3159 3159 3159 1
20180814 907 3159 3159 3159 3159 1
20180814 908 3159 3159 3159 3159 130
20180814 910 3159 3159 3159 3159 1898
20180814 911 3164 3169 3164 3169 3876
20180814 912 3169 3169 3169 3169 25
20180814 913 3169 3169 3169 3169 5
20180814 919 3164 3164 3164 3164 2
20180814 920 3164 3164 3164 3164 1
20180814 924 3159 3159 3159 3159 382
20180814 929 3154 3154 3154 3154 15
20180814 931 3159 3159 3159 3159 1
20180814 945 3154 3154 3154 3154 1
20180814 950 3159 3159 3159 3159 1000
20180814 953 3159 3159 3159 3159 350
20180814 959 3159 3159 3159 3159 1
20180814 1021 3169 3169 3169 3169 1
20180814 1028 3159 3159 3159 3159 100
20180814 1034 3159 3159 3159 3159 307
20180814 1040 3154 3154 3154 3154 1
20180814 1045 3154 3154 3154 3154 1692
20180814 1053 3154 3154 3154 3154 110
20180814 1054 3154 3154 3154 3154 4
20180814 1103 3149 3149 3149 3149 41
20180814 1112 3144 3144 3144 3144 32
20180814 1114 3139 3139 3139 3139 1034
20180814 1118 3134 3134 3129 3129 1000
20180814 1119 3129 3129 3129 3129 3150
20180814 1120 3129 3129 3129 3129 300
20180814 1121 3129 3129 3129 3129 16
20180814 1123 3129 3139 3129 3139 810
20180814 1124 3139 3139 3139 3139 145
20180814 1126 3144 3144 3144 3144 2
20180814 1127 3144 3144 3144 3144 10
20180814 1134 3149 3149 3149 3149 200
20180814 1138 3149 3149 3149 3149 3148
20180814 1139 3154 3154 3154 3154 200
20180814 1140 3154 3159 3154 3159 1321
20180814 1141 3159 3159 3159 3159 10
20180814 1147 3159 3159 3159 3159 5000
20180814 1152 3154 3154 3154 3154 82
20180814 1156 3159 3159 3159 3159 1000
20180814 1158 3154 3154 3154 3154 5
20180814 1206 3159 3159 3159 3159 51
20180814 1214 3149 3149 3149 3149 34
20180814 1216 3149 3149 3149 3149 590
20180814 1251 3159 3159 3159 3159 36
20180814 1252 3159 3159 3159 3159 6
20180814 1259 3159 3159 3159 3159 2
20180814 1301 3159 3159 3159 3159 190
20180814 1309 3159 3159 3159 3159 66
20180814 1313 3164 3164 3164 3164 2000
20180814 1315 3164 3164 3164 3164 3
20180814 1318 3164 3164 3164 3164 32
20180814 1320 3169 3169 3169 3169 242
20180814 1336 3174 3174 3174 3174 264
20180814 1337 3179 3179 3179 3179 69
20180814 1342 3179 3179 3179 3179 1
20180814 1343 3179 3183 3179 3183 333
20180814 1346 3183 3183 3183 3183 2
20180814 1347 3183 3183 3183 3183 256
20180814 1349 3188 3188 3188 3188 500
20180814 1352 3179 3179 3179 3179 34
20180814 1354 3188 3188 3188 3188 6979
20180814 1355 3183 3183 3183 3183 1
20180814 1356 3193 3193 3193 3193 6
20180814 1357 3198 3198 3198 3198 10
20180814 1400 3193 3193 3193 3193 31
20180814 1407 3193 3193 3193 3193 16
20180814 1412 3183 3183 3183 3183 763
20180814 1421 3193 3193 3193 3193 23
20180814 1425 3198 3198 3198 3198 130
20180814 1427 3193 3193 3193 3193 4
20180814 1431 3193 3193 3193 3193 24
20180814 1432 3193 3193 3193 3193 16
20180814 1440 3193 3193 3193 3193 200
20180814 1442 3193 3193 3193 3193 1
20180814 1446 3193 3193 3193 3193 30
20180814 1447 3193 3193 3193 3193 1
20180814 1450 3198 3198 3198 3198 1897
20180814 1451 3203 3203 3203 3203 2064
20180814 1458 3208 3208 3208 3208 100
20180814 1501 3203 3203 3203 3203 2
20180814 1503 3203 3203 3203 3203 100
20180814 1504 3203 3203 3203 3203 60
20180814 1506 3208 3208 3208 3208 300
20180814 1507 3208 3208 3208 3208 420
20180814 1517 3198 3198 3198 3198 200
20180814 1520 3208 3208 3208 3208 1
20180814 1530 3213 3213 3213 3213 1570
20180816 901 3228 3228 3228 3228 3498
20180816 902 3233 3233 3228 3228 549
20180816 903 3223 3223 3218 3218 801
20180816 904 3213 3213 3213 3213 21908
20180816 906 3208 3208 3208 3208 608
20180816 907 3208 3208 3198 3198 630
20180816 908 3208 3208 3208 3208 1
20180816 909 3203 3203 3203 3203 4300
20180816 911 3203 3203 3203 3203 800
20180816 913 3213 3213 3213 3213 860
20180816 918 3228 3228 3228 3228 10
20180816 920 3228 3228 3228 3228 35
20180816 922 3218 3218 3218 3218 100
20180816 923 3218 3218 3208 3208 166
20180816 924 3208 3208 3208 3208 50
20180816 927 3208 3208 3208 3208 1341
20180816 928 3203 3203 3198 3198 19466
20180816 931 3193 3193 3193 3193 196
20180816 932 3193 3193 3193 3193 2
20180816 934 3193 3193 3193 3193 145
20180816 935 3193 3193 3193 3193 855
20180816 936 3188 3188 3188 3188 3811
20180816 938 3193 3193 3193 3193 6786
20180816 939 3193 3193 3193 3193 4
20180816 944 3198 3198 3188 3188 83
20180816 945 3198 3198 3198 3198 3311
20180816 952 3198 3198 3198 3198 10
20180816 953 3198 3198 3198 3198 297
20180816 955 3198 3198 3198 3198 1203
20180816 959 3198 3198 3198 3198 102
20180816 1006 3193 3193 3193 3193 55
20180816 1007 3188 3188 3188 3188 4000
20180816 1016 3188 3188 3183 3183 20
20180816 1017 3183 3183 3183 3183 20
20180816 1018 3183 3183 3183 3183 9
20180816 1028 3183 3183 3183 3183 224
20180816 1029 3179 3179 3179 3179 6140
20180816 1030 3179 3179 3179 3179 3
20180816 1031 3179 3179 3179 3179 1
20180816 1032 3179 3179 3179 3179 699
20180816 1039 3188 3188 3188 3188 32
20180816 1047 3188 3188 3188 3188 20
20180816 1052 3193 3193 3193 3193 300
20180816 1057 3193 3193 3193 3193 3
20180816 1101 3193 3193 3193 3193 197
20180816 1103 3198 3198 3198 3198 43
20180816 1106 3193 3193 3193 3193 1000
20180816 1107 3198 3198 3198 3198 4026
20180816 1114 3203 3203 3203 3203 79
20180816 1116 3208 3208 3208 3208 1804
20180816 1117 3208 3208 3208 3208 2
20180816 1120 3208 3208 3208 3208 4045
20180816 1123 3208 3208 3208 3208 1780
20180816 1124 3203 3203 3203 3203 1
20180816 1132 3208 3208 3208 3208 1
20180816 1140 3213 3213 3208 3208 25435
20180816 1147 3203 3203 3203 3203 3647
20180816 1207 3203 3203 3203 3203 100
20180816 1224 3203 3203 3203 3203 3
20180816 1228 3203 3203 3203 3203 200
20180816 1231 3203 3203 3203 3203 141
20180816 1232 3203 3203 3203 3203 359
20180816 1243 3203 3203 3203 3203 23
20180816 1249 3203 3203 3203 3203 100
20180816 1252 3198 3198 3198 3198 2742
20180816 1256 3193 3193 3193 3193 10000
20180816 1300 3193 3193 3193 3193 3159
20180816 1313 3193 3198 3193 3198 6030
20180816 1336 3198 3198 3198 3198 1
20180816 1338 3203 3203 3203 3203 1
20180816 1339 3198 3198 3198 3198 2500
20180816 1345 3198 3198 3198 3198 2500
20180816 1347 3198 3198 3198 3198 59
20180816 1349 3198 3198 3198 3198 7
20180816 1354 3193 3193 3193 3193 22
20180816 1357 3188 3188 3188 3188 99
20180816 1359 3183 3183 3183 3183 10
20180816 1408 3188 3188 3188 3188 1000
20180816 1409 3188 3188 3188 3188 64
20180816 1417 3188 3188 3188 3188 53
20180816 1436 3193 3193 3193 3193 85
20180816 1446 3193 3193 3193 3193 50
20180816 1448 3193 3193 3193 3193 50
20180816 1455 3193 3193 3193 3193 20
20180816 1500 3193 3193 3193 3193 80
20180816 1504 3193 3193 3193 3193 60
20180816 1518 3198 3198 3198 3198 1272
20180816 1519 3198 3198 3198 3198 82
20180816 1530 3208 3208 3208 3208 18291
20180817 901 3218 3218 3208 3208 7530
20180817 903 3198 3203 3198 3203 11
20180817 904 3198 3198 3198 3198 62
20180817 905 3193 3193 3193 3193 7
20180817 910 3203 3203 3203 3203 13223
20180817 912 3203 3203 3203 3203 20
20180817 915 3193 3193 3193 3193 501
20180817 916 3193 3193 3193 3193 20
20180817 924 3193 3193 3183 3183 17985
20180817 940 3183 3183 3183 3183 4000
20180817 944 3193 3193 3193 3193 14447
20180817 945 3193 3193 3193 3193 12597
20180817 954 3198 3198 3198 3198 100
20180817 956 3193 3193 3188 3188 105
20180817 1004 3203 3203 3203 3203 1
20180817 1020 3198 3198 3198 3198 60
20180817 1025 3198 3198 3198 3198 582
20180817 1030 3198 3198 3193 3193 13262
20180817 1032 3198 3198 3193 3193 5605
20180817 1033 3188 3188 3188 3188 5397
20180817 1038 3193 3193 3193 3193 400
20180817 1039 3193 3193 3193 3193 100
20180817 1043 3193 3193 3193 3193 1
20180817 1058 3193 3193 3193 3193 1001
20180817 1059 3193 3193 3193 3193 600
20180817 1101 3193 3193 3193 3193 157
20180817 1102 3193 3193 3193 3193 43
20180817 1103 3193 3193 3193 3193 7
20180817 1108 3193 3193 3193 3193 53
20180817 1109 3193 3193 3193 3193 100
20180817 1118 3193 3193 3193 3193 5000
20180817 1121 3193 3193 3193 3193 2
20180817 1122 3188 3188 3188 3188 3446
20180817 1124 3183 3183 3183 3183 1059
20180817 1130 3183 3183 3183 3183 387
20180817 1150 3183 3183 3183 3183 4
20180817 1156 3179 3179 3179 3179 2974
20180817 1157 3179 3179 3179 3179 7
20180817 1158 3174 3174 3169 3169 479
20180817 1159 3169 3174 3169 3174 521
20180817 1214 3174 3174 3174 3174 50
20180817 1224 3174 3174 3174 3174 100
20180817 1233 3174 3174 3174 3174 30
20180817 1234 3174 3174 3174 3174 23
20180817 1235 3174 3174 3174 3174 27
20180817 1237 3174 3174 3174 3174 150
20180817 1242 3174 3174 3174 3174 10
20180817 1300 3174 3174 3174 3174 10
20180817 1304 3179 3179 3179 3179 5590
20180817 1305 3179 3179 3179 3179 1
20180817 1307 3174 3174 3174 3174 148
20180817 1317 3183 3183 3183 3183 1
20180817 1318 3183 3183 3183 3183 2
20180817 1327 3179 3179 3179 3179 3608
20180817 1328 3174 3174 3174 3174 50
20180817 1331 3179 3179 3179 3179 23
20180817 1332 3174 3174 3174 3174 646
20180817 1333 3174 3174 3174 3174 521
20180817 1334 3169 3169 3169 3169 521
20180817 1335 3169 3174 3169 3174 252
20180817 1336 3174 3179 3174 3179 530
20180817 1337 3174 3174 3174 3174 647
20180817 1338 3174 3174 3174 3174 647
20180817 1339 3174 3174 3169 3169 646
20180817 1340 3174 3174 3174 3174 647
20180817 1341 3174 3174 3174 3174 647
20180817 1342 3174 3174 3174 3174 646
20180817 1343 3174 3174 3169 3169 647
20180817 1344 3174 3174 3174 3174 50
20180817 1345 3169 3174 3169 3174 1043
20180817 1346 3174 3174 3174 3174 520
20180817 1347 3174 3174 3174 3174 647
20180817 1348 3174 3174 3174 3174 647
20180817 1349 3174 3174 3174 3174 647
20180817 1350 3174 3174 3169 3169 577
20180817 1351 3169 3169 3169 3169 647
20180817 1352 3169 3169 3169 3169 647
20180817 1353 3169 3169 3169 3169 647
20180817 1354 3169 3169 3169 3169 126
20180817 1355 3169 3169 3169 3169 648
20180817 1356 3169 3169 3169 3169 521
20180817 1357 3169 3169 3169 3169 646
20180817 1358 3169 3169 3169 3169 649
20180817 1359 3169 3169 3169 3169 647
20180817 1400 3169 3169 3169 3169 647
20180817 1401 3174 3174 3169 3169 590
20180817 1402 3169 3169 3169 3169 648
20180817 1403 3169 3169 3169 3169 126
20180817 1404 3169 3169 3169 3169 647
20180817 1405 3164 3164 3164 3164 521
20180817 1406 3169 3169 3169 3169 647
20180817 1407 3169 3169 3169 3169 648
20180817 1408 3169 3169 3164 3164 646
20180817 1409 3169 3169 3169 3169 658
20180817 1410 3169 3169 3169 3169 647
20180817 1411 3169 3169 3169 3169 647
20180817 1412 3174 3174 3169 3169 667
20180817 1413 3169 3169 3169 3169 127
20180817 1414 3169 3169 3169 3169 647
20180817 1415 3169 3169 3169 3169 520
20180817 1416 3169 3169 3169 3169 648
20180817 1417 3169 3174 3169 3174 426
20180817 1418 3169 3169 3169 3169 647
20180817 1419 3169 3169 3169 3169 647
20180817 1420 3169 3169 3169 3169 648
20180817 1421 3169 3169 3169 3169 646
20180817 1422 3169 3169 3169 3169 127
20180817 1423 3169 3169 3169 3169 647
20180817 1424 3169 3169 3169 3169 521
20180817 1425 3169 3169 3169 3169 648
20180817 1426 3169 3169 3164 3164 646
20180817 1427 3169 3169 3169 3169 648
20180817 1428 3174 3174 3169 3169 671
20180817 1429 3169 3174 3164 3174 663
20180817 1430 3169 3169 3164 3164 647
20180817 1431 3169 3169 3164 3164 648
20180817 1432 3169 3169 3169 3169 126
20180817 1433 3164 3169 3164 3169 647
20180817 1434 3169 3169 3169 3169 521
20180817 1435 3169 3169 3169 3169 647
20180817 1436 3169 3169 3169 3169 647
20180817 1437 3169 3169 3169 3169 647
20180817 1438 3169 3169 3169 3169 648
20180817 1439 3169 3169 3169 3169 646
20180817 1440 3169 3169 3169 3169 648
20180817 1441 3169 3169 3169 3169 647
20180817 1442 3169 3169 3169 3169 127
20180817 1443 3169 3169 3169 3169 521
20180817 1444 3169 3169 3169 3169 646
20180817 1445 3169 3169 3169 3169 648
20180817 1446 3169 3169 3169 3169 647
20180817 1447 3169 3174 3169 3174 934
20180817 1448 3169 3169 3169 3169 521
20180817 1449 3174 3174 3174 3174 774
20180817 1450 3174 3174 3174 3174 646
20180817 1451 3174 3174 3174 3174 127
20180817 1452 3169 3174 3169 3174 30193
20180817 1453 3174 3174 3174 3174 647
20180817 1454 3174 3174 3174 3174 647
20180817 1455 3174 3179 3174 3179 648
20180817 1456 3174 3174 3174 3174 648
20180817 1457 3174 3174 3174 3174 646
20180817 1458 3174 3174 3174 3174 648
20180817 1459 3174 3174 3174 3174 647
20180817 1500 3179 3179 3174 3174 6673
20180817 1501 3174 3174 3174 3174 127
20180817 1507 3183 3183 3183 3183 2227
20180817 1508 3179 3179 3179 3179 1
20180817 1517 3179 3179 3179 3179 11154
20180817 1518 3179 3179 3179 3179 17431
20180817 1520 3183 3188 3183 3188 30
20180817 1530 3188 3188 3188 3188 57
20180820 901 3208 3208 3208 3208 3077
20180820 902 3193 3193 3193 3193 5
20180820 903 3198 3208 3198 3208 1782
20180820 904 3198 3198 3198 3198 5
20180820 905 3198 3203 3198 3198 3586
20180820 906 3198 3198 3198 3198 68
20180820 907 3198 3198 3198 3198 5
20180820 908 3203 3208 3198 3208 6
20180820 909 3198 3198 3198 3198 5
20180820 910 3198 3198 3198 3198 5
20180820 911 3198 3198 3198 3198 5
20180820 912 3203 3208 3203 3208 261
20180820 913 3208 3208 3208 3208 5
20180820 914 3208 3208 3208 3208 5
20180820 915 3208 3208 3208 3208 14
20180820 916 3208 3213 3208 3213 28671
20180820 917 3208 3213 3208 3213 1051
20180820 918 3208 3218 3208 3218 8
20180820 919 3213 3213 3213 3213 10
20180820 920 3213 3213 3213 3213 5
20180820 921 3213 3213 3213 3213 5
20180820 922 3213 3213 3208 3208 205
20180820 923 3208 3208 3208 3208 5
20180820 924 3208 3208 3208 3208 7
20180820 925 3198 3198 3198 3198 5
20180820 926 3198 3198 3198 3198 5
20180820 927 3198 3198 3198 3198 5
20180820 928 3198 3208 3198 3208 516
20180820 929 3203 3203 3203 3203 5
20180820 930 3203 3208 3203 3208 505
20180820 931 3203 3203 3203 3203 5
20180820 932 3203 3203 3203 3203 4
20180820 933 3203 3203 3203 3203 80
20180820 934 3203 3203 3203 3203 6
20180820 935 3203 3203 3203 3203 4
20180820 936 3203 3203 3203 3203 4
20180820 937 3198 3203 3198 3203 117
20180820 938 3203 3203 3203 3203 4
20180820 939 3203 3203 3203 3203 4
20180820 940 3203 3203 3203 3203 349
20180820 941 3198 3198 3198 3198 4
20180820 942 3198 3198 3198 3198 4
20180820 943 3198 3198 3198 3198 4
20180820 944 3198 3198 3198 3198 4
20180820 945 3198 3198 3198 3198 4
20180820 946 3198 3198 3198 3198 54
20180820 947 3198 3198 3198 3198 4
20180820 948 3198 3198 3198 3198 4
20180820 949 3198 3198 3198 3198 4
20180820 950 3198 3198 3198 3198 4
20180820 951 3198 3198 3198 3198 4
20180820 952 3198 3198 3198 3198 204
20180820 953 3198 3198 3198 3198 4
20180820 954 3198 3203 3198 3203 16
20180820 955 3203 3203 3203 3203 14
20180820 956 3203 3203 3203 3203 4
20180820 957 3198 3198 3198 3198 4
20180820 958 3198 3198 3198 3198 4
20180820 959 3198 3203 3198 3203 7
20180820 1000 3203 3203 3203 3203 11
20180820 1001 3203 3203 3203 3203 4
20180820 1008 3208 3208 3208 3208 612
20180820 1019 3208 3208 3208 3208 2
20180820 1021 3208 3208 3208 3208 3
20180820 1025 3208 3208 3208 3208 832
20180820 1028 3208 3208 3208 3208 2
20180820 1030 3198 3198 3198 3198 100
20180820 1035 3198 3198 3198 3198 2427
20180820 1036 3193 3193 3193 3193 90
20180820 1043 3208 3208 3208 3208 1
20180820 1051 3193 3193 3193 3193 800
20180820 1056 3193 3193 3193 3193 1
20180820 1058 3193 3193 3193 3193 50
20180820 1124 3203 3203 3203 3203 148
20180820 1130 3203 3203 3203 3203 20
20180820 1133 3193 3193 3193 3193 500
20180820 1140 3198 3198 3193 3193 442
20180820 1143 3193 3193 3193 3193 14
20180820 1144 3193 3193 3193 3193 51
20180820 1147 3203 3203 3203 3203 50
20180820 1149 3193 3193 3193 3193 8
20180820 1212 3203 3203 3203 3203 3
20180820 1216 3203 3203 3203 3203 2
20180820 1228 3193 3193 3193 3193 21
20180820 1231 3193 3193 3193 3193 200
20180820 1234 3198 3198 3198 3198 221
20180820 1235 3198 3198 3198 3198 1006
20180820 1237 3198 3198 3198 3198 9
20180820 1247 3198 3198 3198 3198 156
20180820 1249 3198 3198 3198 3198 100
20180820 1251 3203 3203 3203 3203 10
20180820 1253 3203 3203 3203 3203 10
20180820 1306 3198 3198 3198 3198 4
20180820 1310 3198 3198 3198 3198 251
20180820 1315 3198 3198 3198 3198 2
20180820 1324 3193 3193 3193 3193 163
20180820 1326 3193 3193 3193 3193 87
20180820 1327 3203 3203 3203 3203 300
20180820 1328 3198 3198 3198 3198 2
20180820 1333 3198 3198 3198 3198 48
20180820 1336 3193 3198 3193 3198 307
20180820 1338 3198 3198 3198 3198 1
20180820 1351 3198 3198 3198 3198 942
20180820 1352 3198 3198 3198 3198 129
20180820 1406 3203 3203 3203 3203 172
20180820 1407 3203 3203 3203 3203 4
20180820 1408 3208 3208 3208 3208 800
20180820 1410 3208 3208 3208 3208 15
20180820 1411 3208 3208 3208 3208 470
20180820 1439 3203 3203 3203 3203 62
20180820 1449 3198 3198 3198 3198 500
20180820 1450 3198 3198 3198 3198 750
20180820 1451 3198 3198 3198 3198 250
20180820 1452 3198 3198 3198 3198 500
20180820 1454 3198 3198 3198 3198 2502
20180820 1459 3198 3198 3198 3198 100
20180820 1501 3198 3198 3198 3198 500
20180820 1502 3198 3198 3198 3198 10
20180820 1503 3198 3198 3198 3198 200
20180820 1504 3208 3208 3208 3208 1
20180820 1514 3198 3198 3198 3198 2692
20180820 1515 3198 3198 3198 3198 1
20180820 1517 3198 3198 3198 3198 2
20180820 1530 3198 3198 3198 3198 56
20180821 901 3208 3208 3208 3208 2
20180821 903 3208 3208 3208 3208 38
20180821 905 3208 3208 3208 3208 2
20180821 906 3208 3208 3208 3208 1
20180821 907 3208 3208 3208 3208 20
20180821 909 3203 3203 3203 3203 11
20180821 915 3208 3208 3208 3208 1
20180821 916 3208 3208 3208 3208 21888
20180821 917 3213 3213 3213 3213 1003
20180821 924 3213 3213 3213 3213 758
20180821 929 3208 3208 3208 3208 5552
20180821 932 3203 3208 3203 3208 19586
20180821 933 3208 3208 3208 3208 3
20180821 935 3203 3203 3203 3203 42
20180821 937 3203 3203 3203 3203 1304
20180821 951 3203 3203 3203 3203 21
20180821 952 3203 3203 3203 3203 464
20180821 954 3203 3203 3198 3198 3683
20180821 1003 3198 3198 3198 3198 3
20180821 1043 3203 3203 3203 3203 10
20180821 1045 3208 3208 3208 3208 5
20180821 1052 3208 3208 3208 3208 46
20180821 1101 3213 3213 3208 3208 3974
20180821 1102 3208 3208 3208 3208 8173
20180821 1103 3203 3203 3203 3203 5857
20180821 1107 3208 3208 3208 3208 61
20180821 1109 3198 3198 3198 3198 212
20180821 1110 3198 3198 3198 3198 500
20180821 1116 3208 3208 3208 3208 2
20180821 1119 3198 3208 3198 3208 3
20180821 1124 3208 3208 3208 3208 24
20180821 1133 3218 3218 3218 3218 10000
20180821 1135 3213 3213 3213 3213 1
20180821 1140 3218 3218 3218 3218 99
20180821 1143 3218 3218 3218 3218 300
20180821 1144 3218 3218 3218 3218 519
20180821 1151 3223 3223 3223 3223 300
20180821 1152 3223 3228 3223 3228 719
20180821 1155 3228 3228 3228 3228 1
20180821 1159 3228 3228 3228 3228 625
20180821 1200 3228 3228 3228 3228 2
20180821 1210 3223 3223 3223 3223 110
20180821 1215 3228 3228 3228 3228 30
20180821 1221 3228 3228 3228 3228 4898
20180821 1225 3228 3228 3228 3228 5
20180821 1227 3223 3223 3223 3223 2
20180821 1228 3223 3223 3223 3223 20
20180821 1234 3228 3228 3223 3223 130
20180821 1241 3228 3228 3228 3228 350
20180821 1243 3223 3223 3223 3223 18
20180821 1246 3223 3223 3223 3223 6
20180821 1301 3223 3223 3223 3223 38
20180821 1305 3218 3218 3218 3218 2500
20180821 1314 3218 3218 3218 3218 11154
20180821 1320 3213 3213 3213 3213 81
20180821 1326 3218 3218 3218 3218 200
20180821 1330 3223 3223 3223 3223 245
20180821 1331 3218 3218 3218 3218 117
20180821 1335 3223 3223 3223 3223 1
20180821 1338 3218 3218 3218 3218 9890
20180821 1342 3218 3218 3218 3218 3
20180821 1344 3218 3218 3218 3218 3374
20180821 1345 3218 3218 3218 3218 972
20180821 1347 3213 3213 3213 3213 9
20180821 1348 3213 3213 3213 3213 2
20180821 1349 3213 3213 3213 3213 1
20180821 1351 3213 3213 3213 3213 69
20180821 1353 3213 3213 3213 3213 28
20180821 1358 3213 3213 3213 3213 300
20180821 1402 3218 3218 3218 3218 53
20180821 1407 3218 3218 3213 3213 22
20180821 1409 3218 3218 3218 3218 14
20180821 1411 3213 3213 3213 3213 2
20180821 1413 3218 3218 3218 3218 10
20180821 1421 3218 3218 3218 3218 50
20180821 1427 3218 3218 3218 3218 614
20180821 1430 3218 3218 3218 3218 10
20180821 1431 3218 3228 3218 3228 27463
20180821 1436 3223 3223 3223 3223 50
20180821 1438 3223 3223 3223 3223 467
20180821 1446 3228 3228 3228 3228 15
20180821 1448 3218 3218 3218 3218 276
20180821 1458 3223 3223 3223 3223 130
20180821 1459 3223 3223 3223 3223 35
20180821 1500 3223 3223 3223 3223 316
20180821 1507 3223 3223 3223 3223 2
20180821 1509 3218 3218 3218 3218 10366
20180821 1513 3218 3218 3218 3218 1601
20180821 1514 3218 3218 3218 3218 626
20180821 1517 3218 3218 3218 3218 10
20180821 1520 3223 3223 3223 3223 1
20180821 1530 3228 3228 3228 3228 1204
20180822 901 3213 3218 3213 3218 1003
20180822 902 3213 3213 3213 3213 101
20180822 903 3208 3213 3198 3213 3574
20180822 911 3213 3213 3213 3213 1
20180822 915 3208 3208 3208 3208 301
20180822 916 3208 3208 3208 3208 2199
20180822 917 3213 3213 3213 3213 352
20180822 918 3208 3208 3208 3208 8973
20180822 919 3218 3218 3218 3218 1
20180822 921 3208 3208 3208 3208 3000
20180822 922 3213 3213 3213 3213 5000
20180822 923 3218 3218 3218 3218 8756
20180822 926 3218 3218 3218 3218 1665
20180822 927 3223 3223 3223 3223 1769
20180822 928 3223 3223 3223 3223 1
20180822 930 3223 3223 3223 3223 1001
20180822 932 3223 3223 3213 3213 150
20180822 937 3213 3213 3208 3208 2181
20180822 942 3208 3208 3208 3208 5710
20180822 943 3208 3208 3208 3208 447
20180822 944 3208 3208 3208 3208 15
20180822 951 3213 3213 3213 3213 958
20180822 956 3218 3218 3218 3218 5000
20180822 958 3218 3218 3218 3218 33
20180822 1003 3218 3218 3218 3218 1
20180822 1004 3218 3218 3218 3218 1
20180822 1009 3218 3218 3218 3218 230
20180822 1010 3218 3218 3218 3218 40
20180822 1015 3213 3213 3213 3213 76
20180822 1016 3213 3213 3213 3213 77
20180822 1018 3218 3218 3218 3218 3000
20180822 1023 3218 3218 3218 3218 2
20180822 1030 3218 3218 3218 3218 200
20180822 1036 3218 3218 3218 3218 5300
20180822 1037 3213 3213 3213 3213 100
20180822 1041 3218 3218 3218 3218 55
20180822 1053 3218 3218 3218 3218 2
20180822 1103 3223 3223 3223 3223 715
20180822 1104 3228 3228 3228 3228 5000
20180822 1113 3228 3228 3228 3228 26946
20180822 1115 3233 3233 3233 3233 200
20180822 1120 3233 3233 3233 3233 62
20180822 1121 3233 3233 3233 3233 2503
20180822 1127 3233 3233 3233 3233 5
20180822 1128 3238 3238 3238 3238 847
20180822 1140 3238 3238 3238 3238 5
20180822 1148 3243 3243 3243 3243 3
20180822 1153 3243 3243 3243 3243 2
20180822 1200 3243 3243 3243 3243 1
20180822 1216 3243 3243 3243 3243 1
20180822 1218 3243 3243 3243 3243 30
20180822 1223 3238 3238 3238 3238 69
20180822 1225 3233 3233 3233 3233 300
20180822 1245 3233 3233 3233 3233 700
20180822 1246 3233 3233 3233 3233 90
20180822 1258 3233 3233 3233 3233 1
20180822 1307 3233 3233 3233 3233 7
20180822 1308 3233 3233 3233 3233 17
20180822 1309 3233 3233 3233 3233 1
20180822 1317 3228 3228 3228 3228 45
20180822 1329 3233 3233 3233 3233 7479
20180822 1335 3238 3238 3238 3238 30
20180822 1343 3238 3238 3238 3238 5
20180822 1346 3238 3238 3238 3238 30
20180822 1350 3238 3238 3238 3238 558
20180822 1352 3233 3233 3233 3233 500
20180822 1353 3238 3238 3238 3238 7
20180822 1407 3243 3243 3238 3238 3546
20180822 1409 3243 3243 3243 3243 981
20180822 1417 3238 3238 3238 3238 1
20180822 1429 3238 3238 3238 3238 2
20180822 1430 3238 3238 3238 3238 16
20180822 1435 3238 3238 3238 3238 2103
20180822 1437 3238 3238 3238 3238 268
20180822 1442 3233 3233 3233 3233 296
20180822 1443 3233 3233 3233 3233 82
20180822 1444 3233 3233 3233 3233 323
20180822 1445 3233 3233 3233 3233 82
20180822 1446 3233 3238 3233 3233 489
20180822 1447 3233 3233 3233 3233 88
20180822 1448 3233 3233 3233 3233 5323
20180822 1449 3233 3233 3233 3233 81
20180822 1450 3233 3233 3233 3233 322
20180822 1451 3233 3233 3233 3233 405
20180822 1452 3233 3233 3233 3233 67
20180822 1453 3233 3233 3228 3228 361
20180822 1454 3228 3228 3228 3228 83
20180822 1455 3228 3228 3228 3228 323
20180822 1456 3228 3228 3228 3228 82
20180822 1457 3228 3228 3228 3228 324
20180822 1458 3233 3233 3233 3233 665
20180822 1459 3233 3233 3233 3233 535
20180822 1500 3228 3228 3228 3228 240
20180822 1501 3228 3228 3228 3228 82
20180822 1502 3223 3223 3223 3223 323
20180822 1503 3223 3223 3223 3223 82
20180822 1504 3223 3223 3223 3223 322
20180822 1505 3223 3228 3223 3228 405
20180822 1507 3228 3228 3223 3223 352
20180822 1508 3223 3223 3223 3223 82
20180822 1509 3223 3223 3223 3223 323
20180822 1511 3218 3218 3218 3218 321
20180822 1512 3218 3218 3218 3218 323
20180822 1513 3218 3218 3218 3218 82
20180822 1514 3218 3218 3218 3218 322
20180822 1515 3218 3218 3218 3218 82
20180822 1516 3218 3218 3218 3218 322
20180822 1517 3218 3223 3218 3223 215
20180822 1518 3218 3223 3218 3223 323
20180822 1519 3223 3223 3223 3223 2000
20180822 1520 3223 3223 3223 3223 1
20180822 1530 3218 3218 3218 3218 600
20180823 901 3233 3238 3233 3238 21376
20180823 902 3238 3238 3238 3238 12519
20180823 904 3243 3243 3243 3243 15
20180823 905 3238 3238 3238 3238 1
20180823 909 3238 3238 3233 3233 1010
20180823 912 3243 3243 3243 3243 1
20180823 913 3238 3238 3238 3238 100
20180823 914 3238 3238 3238 3238 2
20180823 915 3233 3233 3233 3233 11
20180823 917 3228 3228 3228 3228 22
20180823 923 3233 3233 3233 3233 1000
20180823 924 3238 3238 3238 3238 4001
20180823 926 3243 3243 3243 3243 1
20180823 927 3243 3243 3243 3243 985
20180823 930 3248 3248 3248 3248 27
20180823 931 3253 3253 3253 3253 21036
20180823 934 3258 3258 3258 3258 211
20180823 935 3262 3262 3262 3262 1459
20180823 936 3262 3262 3262 3262 29
20180823 937 3267 3272 3267 3272 1051
20180823 938 3262 3262 3262 3262 35
20180823 946 3262 3262 3262 3262 1068
20180823 947 3258 3258 3258 3258 100
20180823 949 3262 3262 3258 3258 291
20180823 956 3258 3258 3258 3258 3
20180823 957 3262 3262 3262 3262 615
20180823 958 3262 3262 3262 3262 308
20180823 1000 3262 3262 3262 3262 577
20180823 1001 3262 3262 3262 3262 10
20180823 1002 3267 3267 3267 3267 4500
20180823 1008 3267 3267 3267 3267 100
20180823 1010 3272 3272 3272 3272 20
20180823 1011 3272 3277 3272 3277 32523
20180823 1013 3277 3277 3277 3277 1000
20180823 1014 3282 3287 3282 3287 4295
20180823 1015 3287 3287 3287 3287 10
20180823 1016 3287 3287 3287 3287 260
20180823 1020 3287 3292 3287 3292 612
20180823 1021 3292 3297 3292 3297 7837
20180823 1022 3292 3297 3292 3297 3
20180823 1023 3297 3297 3292 3292 8320
20180823 1025 3292 3297 3292 3297 1001
20180823 1029 3287 3287 3287 3287 1700
20180823 1032 3287 3287 3287 3287 2
20180823 1035 3287 3287 3287 3287 2
20180823 1040 3287 3287 3287 3287 209
20180823 1041 3282 3282 3282 3282 4052
20180823 1042 3282 3282 3282 3282 11
20180823 1045 3277 3277 3277 3277 1006
20180823 1047 3277 3277 3277 3277 1632
20180823 1048 3277 3277 3277 3277 1378
20180823 1049 3277 3277 3277 3277 238
20180823 1055 3282 3282 3277 3277 5134
20180823 1056 3277 3277 3277 3277 3
20180823 1059 3277 3277 3277 3277 114
20180823 1100 3277 3277 3277 3277 5
20180823 1108 3282 3282 3282 3282 5
20180823 1111 3277 3277 3277 3277 10
20180823 1114 3277 3277 3277 3277 5
20180823 1117 3277 3277 3277 3277 2006
20180823 1118 3282 3282 3282 3282 167
20180823 1119 3287 3287 3287 3287 100
20180823 1121 3287 3287 3287 3287 951
20180823 1124 3292 3292 3292 3292 1
20180823 1126 3287 3287 3287 3287 106
20180823 1128 3287 3287 3287 3287 14
20180823 1131 3287 3287 3287 3287 100
20180823 1136 3282 3282 3282 3282 1000
20180823 1138 3287 3287 3287 3287 192
20180823 1140 3282 3282 3282 3282 1
20180823 1143 3287 3287 3287 3287 120
20180823 1149 3292 3292 3292 3292 3016
20180823 1150 3292 3292 3292 3292 2555
20180823 1153 3292 3292 3292 3292 30
20180823 1157 3287 3287 3287 3287 31
20180823 1158 3292 3292 3287 3287 3959
20180823 1200 3287 3287 3287 3287 100
20180823 1201 3282 3282 3282 3282 10
20180823 1205 3282 3282 3282 3282 1
20180823 1221 3282 3282 3282 3282 530
20180823 1222 3282 3282 3282 3282 573
20180823 1224 3282 3282 3277 3277 145
20180823 1225 3277 3277 3277 3277 120
20180823 1227 3282 3282 3282 3282 2
20180823 1232 3282 3282 3282 3282 400
20180823 1236 3282 3282 3282 3282 90
20180823 1237 3277 3277 3277 3277 20
20180823 1246 3277 3277 3277 3277 316
20180823 1250 3277 3277 3277 3277 1860
20180823 1254 3277 3277 3277 3277 80
20180823 1300 3277 3277 3277 3277 694
20180823 1302 3282 3282 3282 3282 1
20180823 1309 3277 3277 3277 3277 100
20180823 1312 3277 3277 3277 3277 1641
20180823 1318 3277 3282 3277 3282 733
20180823 1327 3277 3277 3277 3277 18
20180823 1330 3272 3272 3272 3272 143
20180823 1331 3267 3267 3267 3267 707
20180823 1335 3267 3267 3267 3267 290
20180823 1338 3272 3272 3272 3272 7522
20180823 1341 3277 3277 3277 3277 7
20180823 1342 3277 3277 3277 3277 7
20180823 1351 3277 3277 3277 3277 2024
20180823 1353 3282 3282 3282 3282 50
20180823 1406 3282 3282 3282 3282 796
20180823 1413 3282 3282 3282 3282 3008
20180823 1414 3277 3277 3277 3277 100
20180823 1418 3287 3287 3287 3287 200
20180823 1424 3287 3287 3287 3287 4896
20180823 1426 3287 3287 3287 3287 1
20180823 1428 3282 3282 3282 3282 3
20180823 1429 3282 3282 3282 3282 5297
20180823 1430 3282 3282 3282 3282 350
20180823 1431 3287 3287 3287 3287 842
20180823 1433 3287 3287 3287 3287 660
20180823 1435 3287 3287 3282 3282 982
20180823 1437 3282 3282 3282 3282 40
20180823 1441 3287 3287 3287 3287 22
20180823 1446 3287 3287 3287 3287 10
20180823 1448 3287 3287 3282 3282 2047
20180823 1454 3282 3282 3282 3282 2757
20180823 1459 3282 3282 3277 3277 1965
20180823 1509 3287 3287 3287 3287 7
20180823 1511 3287 3287 3287 3287 1
20180823 1514 3287 3287 3287 3287 30
20180823 1517 3277 3277 3277 3277 40
20180823 1530 3282 3282 3282 3282 2200
20180824 901 3282 3297 3282 3297 33021
20180824 903 3287 3287 3287 3287 20
20180824 904 3287 3287 3287 3287 2
20180824 906 3282 3282 3282 3282 2
20180824 908 3277 3277 3277 3277 1006
20180824 913 3277 3277 3277 3277 2000
20180824 916 3272 3272 3272 3272 1008
20180824 917 3267 3272 3267 3267 45
20180824 919 3272 3272 3272 3272 95
20180824 920 3277 3277 3277 3277 200
20180824 922 3277 3277 3277 3277 100
20180824 923 3277 3277 3277 3277 100
20180824 924 3287 3287 3287 3287 10
20180824 926 3277 3277 3277 3277 100
20180824 928 3277 3277 3277 3277 152
20180824 932 3277 3277 3277 3277 20
20180824 935 3282 3282 3282 3282 1
20180824 936 3282 3282 3282 3282 1
20180824 937 3282 3282 3277 3277 577
20180824 939 3277 3277 3277 3277 501
20180824 940 3277 3277 3277 3277 500
20180824 948 3277 3277 3277 3277 1
20180824 949 3277 3277 3277 3277 5
20180824 950 3277 3277 3277 3277 4
20180824 952 3277 3277 3277 3277 1872
20180824 954 3277 3277 3277 3277 16
20180824 1002 3277 3277 3277 3277 5000
20180824 1003 3277 3277 3277 3277 2000
20180824 1009 3277 3282 3277 3282 37
20180824 1014 3282 3282 3282 3282 4
20180824 1018 3282 3282 3282 3282 30
20180824 1020 3282 3282 3282 3282 5000
20180824 1022 3282 3282 3282 3282 4359
20180824 1023 3287 3287 3287 3287 2
20180824 1035 3282 3282 3282 3282 1610
20180824 1040 3282 3282 3282 3282 2080
20180824 1043 3282 3282 3282 3282 1420
20180824 1046 3287 3287 3287 3287 50
20180824 1049 3287 3287 3287 3287 50
20180824 1052 3282 3287 3282 3287 164
20180824 1056 3282 3282 3282 3282 290
20180824 1057 3282 3282 3282 3282 500
20180824 1059 3282 3282 3282 3282 2
20180824 1101 3282 3282 3282 3282 30
20180824 1107 3282 3282 3282 3282 10
20180824 1109 3287 3287 3287 3287 20
20180824 1110 3282 3282 3282 3282 50
20180824 1115 3287 3287 3287 3287 731
20180824 1121 3287 3287 3287 3287 300
20180824 1127 3287 3287 3287 3287 50
20180824 1129 3287 3287 3287 3287 10
20180824 1136 3287 3287 3287 3287 100
20180824 1143 3287 3287 3287 3287 500
20180824 1151 3292 3292 3292 3292 27
20180824 1152 3297 3297 3297 3297 1
20180824 1153 3292 3292 3292 3292 10
20180824 1155 3297 3297 3297 3297 2
20180824 1157 3297 3297 3297 3297 751
20180824 1210 3297 3297 3297 3297 500
20180824 1212 3297 3297 3297 3297 20
20180824 1213 3297 3297 3297 3297 17
20180824 1215 3292 3297 3292 3297 8
20180824 1226 3297 3297 3297 3297 1
20180824 1228 3297 3297 3297 3297 88
20180824 1229 3292 3292 3292 3292 20
20180824 1231 3297 3297 3297 3297 3546
20180824 1241 3297 3297 3297 3297 10
20180824 1250 3292 3292 3292 3292 100
20180824 1301 3292 3292 3292 3292 20
20180824 1302 3292 3292 3292 3292 2
20180824 1303 3297 3302 3297 3302 890
20180824 1307 3302 3302 3302 3302 3
20180824 1309 3302 3302 3302 3302 150
20180824 1311 3302 3302 3302 3302 278
20180824 1312 3297 3297 3297 3297 10
20180824 1313 3297 3302 3297 3302 11
20180824 1319 3297 3297 3297 3297 357
20180824 1320 3297 3297 3297 3297 6207
20180824 1324 3297 3297 3297 3297 2000
20180824 1326 3297 3297 3297 3297 2
20180824 1327 3297 3297 3297 3297 1
20180824 1330 3292 3292 3292 3292 4036
20180824 1332 3297 3297 3297 3297 30
20180824 1335 3297 3297 3297 3297 595
20180824 1337 3297 3297 3297 3297 376
20180824 1340 3297 3297 3297 3297 20000
20180824 1351 3297 3297 3297 3297 20
20180824 1354 3302 3302 3302 3302 10
20180824 1355 3302 3302 3302 3302 10
20180824 1400 3302 3302 3302 3302 1
20180824 1402 3302 3302 3302 3302 2
20180824 1404 3302 3302 3302 3302 3639
20180824 1405 3302 3302 3302 3302 5000
20180824 1418 3307 3307 3307 3307 4
20180824 1419 3307 3307 3307 3307 510
20180824 1420 3307 3307 3307 3307 100
20180824 1422 3302 3302 3302 3302 10
20180824 1424 3307 3307 3307 3307 5744
20180824 1425 3307 3307 3307 3307 3297
20180824 1426 3302 3307 3302 3307 5299
20180824 1427 3302 3302 3302 3302 200
20180824 1429 3307 3307 3307 3307 6479
20180824 1433 3312 3312 3312 3312 10
20180824 1436 3312 3312 3312 3312 2
20180824 1437 3312 3312 3312 3312 100
20180824 1438 3307 3307 3307 3307 50
20180824 1443 3302 3307 3302 3307 3
20180824 1445 3307 3307 3307 3307 50
20180824 1446 3307 3307 3307 3307 1200
20180824 1447 3307 3307 3307 3307 2000
20180824 1451 3307 3307 3307 3307 5
20180824 1453 3307 3307 3307 3307 1
20180824 1459 3307 3307 3307 3307 259
20180824 1507 3302 3302 3302 3302 30
20180824 1509 3302 3302 3302 3302 5
20180824 1510 3302 3302 3302 3302 6486
20180824 1513 3307 3307 3307 3307 1353
20180824 1515 3307 3307 3307 3307 50
20180824 1516 3302 3302 3302 3302 602
20180824 1517 3297 3297 3297 3297 3617
20180824 1518 3297 3297 3297 3297 3894
20180824 1530 3312 3312 3312 3312 1265
20180827 901 3238 3248 3238 3238 16229
20180827 902 3233 3233 3228 3228 14533
20180827 903 3233 3233 3223 3223 7171
20180827 904 3228 3228 3228 3228 3369
20180827 906 3233 3233 3233 3233 6695
20180827 907 3233 3233 3228 3233 25688
20180827 908 3238 3238 3238 3238 1
20180827 909 3243 3248 3243 3243 4259
20180827 910 3248 3248 3248 3248 67
20180827 911 3248 3248 3248 3248 3
20180827 912 3248 3248 3238 3238 102
20180827 915 3238 3243 3238 3243 37152
20180827 916 3238 3238 3233 3233 16
20180827 917 3233 3233 3233 3233 100
20180827 918 3233 3233 3233 3233 300
20180827 919 3233 3233 3233 3233 40
20180827 921 3233 3233 3233 3233 200
20180827 922 3243 3243 3243 3243 1
20180827 923 3238 3238 3238 3238 1
20180827 927 3243 3243 3243 3243 609
20180827 929 3243 3243 3243 3243 1000
20180827 930 3243 3243 3243 3243 300
20180827 931 3248 3248 3248 3248 26
20180827 932 3248 3248 3248 3248 2003
20180827 933 3253 3253 3248 3248 167
20180827 934 3253 3253 3253 3253 214
20180827 936 3253 3253 3253 3253 29
20180827 937 3258 3258 3258 3258 504
20180827 938 3258 3258 3258 3258 300
20180827 939 3258 3258 3258 3258 2603
20180827 940 3258 3258 3258 3258 20
20180827 941 3258 3258 3258 3258 9
20180827 943 3258 3258 3253 3253 569
20180827 945 3258 3258 3258 3258 25896
20180827 946 3258 3258 3253 3253 2
20180827 947 3248 3253 3248 3253 170
20180827 948 3248 3253 3248 3253 30308
20180827 949 3253 3253 3253 3253 16988
20180827 950 3253 3253 3253 3253 10890
20180827 951 3258 3258 3258 3258 1
20180827 952 3258 3258 3258 3258 198
20180827 959 3253 3253 3253 3253 1
20180827 1000 3262 3262 3262 3262 2
20180827 1002 3262 3262 3262 3262 291
20180827 1003 3262 3267 3262 3267 900
20180827 1012 3267 3267 3267 3267 25897
20180827 1014 3267 3267 3267 3267 10
20180827 1018 3267 3267 3267 3267 16000
20180827 1020 3267 3267 3267 3267 35915
20180827 1022 3262 3262 3262 3262 100
20180827 1023 3258 3258 3258 3258 1715
20180827 1028 3258 3258 3258 3258 15
20180827 1031 3258 3258 3258 3258 30
20180827 1033 3258 3258 3258 3258 62
20180827 1036 3258 3258 3258 3258 1
20180827 1037 3258 3258 3258 3258 2
20180827 1040 3258 3258 3258 3258 407
20180827 1041 3258 3258 3258 3258 49
20180827 1042 3258 3258 3258 3258 6
20180827 1044 3258 3258 3258 3258 15
20180827 1045 3258 3258 3258 3258 48
20180827 1047 3253 3253 3253 3253 1500
20180827 1048 3258 3258 3253 3253 281
20180827 1049 3258 3258 3258 3258 148
20180827 1051 3253 3253 3253 3253 622
20180827 1053 3258 3258 3258 3258 398
20180827 1055 3253 3253 3253 3253 1921
20180827 1057 3253 3253 3253 3253 48
20180827 1059 3248 3248 3248 3248 3947
20180827 1100 3248 3248 3248 3248 745
20180827 1101 3243 3248 3243 3248 52
20180827 1105 3248 3248 3248 3248 48
20180827 1107 3243 3243 3243 3243 5973
20180827 1108 3238 3238 3238 3238 10
20180827 1109 3238 3238 3238 3238 167
20180827 1113 3238 3238 3238 3238 533
20180827 1114 3243 3243 3243 3243 12
20180827 1115 3238 3238 3238 3238 1003
20180827 1116 3243 3243 3238 3238 3697
20180827 1117 3243 3243 3243 3243 48
20180827 1121 3243 3248 3243 3248 48
20180827 1125 3248 3248 3248 3248 49
20180827 1129 3248 3248 3243 3243 119
20180827 1130 3238 3238 3238 3238 313
20180827 1133 3248 3248 3248 3248 48
20180827 1136 3238 3238 3238 3238 20
20180827 1137 3243 3248 3243 3248 48
20180827 1141 3243 3243 3243 3243 50
20180827 1145 3243 3243 3243 3243 48
20180827 1147 3238 3238 3238 3238 2555
20180827 1149 3243 3243 3243 3243 48
20180827 1153 3243 3243 3243 3243 48
20180827 1157 3243 3243 3243 3243 48
20180827 1158 3243 3243 3243 3243 100
20180827 1159 3243 3243 3243 3243 27
20180827 1201 3243 3243 3243 3243 148
20180827 1203 3238 3238 3238 3238 8
20180827 1205 3243 3243 3243 3243 48
20180827 1207 3238 3238 3238 3238 100
20180827 1208 3243 3243 3243 3243 629
20180827 1209 3248 3248 3248 3248 48
20180827 1212 3248 3248 3248 3248 500
20180827 1213 3248 3248 3238 3238 15994
20180827 1215 3248 3248 3248 3248 10
20180827 1217 3248 3248 3248 3248 48
20180827 1221 3248 3248 3248 3248 48
20180827 1225 3248 3248 3248 3248 48
20180827 1229 3248 3248 3248 3248 5629
20180827 1230 3248 3248 3248 3248 150
20180827 1231 3248 3248 3248 3248 100
20180827 1232 3253 3253 3253 3253 48
20180827 1233 3248 3248 3248 3248 250
20180827 1234 3253 3253 3253 3253 4252
20180827 1236 3258 3258 3258 3258 48
20180827 1240 3258 3258 3258 3258 48
20180827 1243 3253 3253 3253 3253 100
20180827 1244 3258 3258 3258 3258 48
20180827 1248 3258 3258 3258 3258 48
20180827 1249 3253 3253 3253 3253 560
20180827 1250 3253 3253 3253 3253 11
20180827 1251 3253 3253 3253 3253 71
20180827 1252 3253 3253 3253 3253 48
20180827 1256 3253 3253 3253 3253 49
20180827 1259 3253 3253 3253 3253 10
20180827 1300 3253 3253 3253 3253 48
20180827 1303 3253 3253 3253 3253 7
20180827 1304 3253 3253 3253 3253 48
20180827 1307 3253 3253 3253 3253 148
20180827 1308 3258 3258 3258 3258 48
20180827 1309 3258 3258 3258 3258 16
20180827 1310 3258 3258 3258 3258 3005
20180827 1311 3258 3258 3258 3258 6
20180827 1312 3258 3258 3258 3258 48
20180827 1315 3258 3258 3258 3258 1535
20180827 1316 3262 3262 3258 3258 9113
20180827 1320 3258 3262 3258 3262 148
20180827 1324 3258 3258 3258 3258 48
20180827 1327 3258 3258 3258 3258 400
20180827 1328 3258 3258 3258 3258 48
20180827 1332 3258 3258 3258 3258 48
20180827 1333 3253 3253 3253 3253 2629
20180827 1335 3253 3253 3253 3253 10
20180827 1336 3253 3253 3253 3253 48
20180827 1339 3253 3253 3253 3253 313
20180827 1340 3262 3262 3262 3262 22725
20180827 1341 3262 3262 3262 3262 18140
20180827 1342 3262 3262 3262 3262 1980
20180827 1344 3267 3267 3267 3267 48
20180827 1348 3262 3262 3262 3262 348
20180827 1349 3258 3258 3258 3258 1
20180827 1350 3258 3258 3258 3258 600
20180827 1352 3262 3262 3262 3262 48
20180827 1356 3262 3262 3262 3262 48
20180827 1400 3258 3258 3258 3258 48
20180827 1401 3253 3253 3253 3253 566
20180827 1404 3262 3262 3262 3262 48
20180827 1408 3262 3262 3262 3262 48
20180827 1409 3258 3258 3258 3258 46
20180827 1410 3258 3258 3258 3258 10
20180827 1412 3258 3258 3258 3258 52
20180827 1414 3258 3258 3258 3258 94
20180827 1416 3258 3262 3258 3262 49
20180827 1419 3262 3262 3262 3262 3
20180827 1420 3262 3262 3262 3262 48
20180827 1424 3262 3262 3262 3262 48
20180827 1428 3262 3262 3262 3262 49
20180827 1432 3262 3262 3262 3262 50
20180827 1433 3262 3262 3262 3262 12
20180827 1435 3262 3262 3262 3262 27
20180827 1436 3262 3262 3262 3262 52
20180827 1439 3258 3258 3253 3253 7000
20180827 1440 3262 3262 3262 3262 48
20180827 1442 3258 3258 3258 3258 18
20180827 1444 3262 3262 3262 3262 48
20180827 1446 3258 3258 3253 3253 26
20180827 1447 3258 3262 3258 3262 26000
20180827 1448 3262 3262 3262 3262 16048
20180827 1449 3262 3262 3262 3262 3000
20180827 1450 3262 3262 3262 3262 27575
20180827 1452 3262 3262 3262 3262 48
20180827 1456 3262 3262 3262 3262 48
20180827 1459 3258 3262 3258 3262 8627
20180827 1500 3258 3258 3258 3258 2373
20180827 1501 3258 3258 3258 3258 8305
20180827 1503 3258 3258 3258 3258 10
20180827 1504 3258 3258 3258 3258 48
20180827 1506 3258 3258 3258 3258 31769
20180827 1508 3258 3258 3258 3258 48
20180827 1509 3253 3253 3253 3253 2742
20180827 1512 3258 3258 3258 3258 48
20180827 1515 3248 3248 3248 3248 50
20180827 1516 3258 3258 3258 3258 49
20180827 1517 3253 3253 3253 3253 1
20180827 1518 3253 3253 3253 3253 1001
20180827 1519 3253 3253 3253 3253 998
20180827 1530 3253 3253 3253 3253 1571
20180828 901 3267 3272 3267 3272 3145
20180828 902 3272 3282 3272 3282 3059
20180828 904 3277 3277 3277 3277 20
20180828 907 3282 3282 3282 3282 2
20180828 909 3277 3277 3277 3277 10
20180828 912 3277 3277 3272 3272 492
20180828 914 3272 3272 3272 3272 121
20180828 915 3272 3277 3272 3277 602
20180828 916 3272 3277 3272 3277 200
20180828 917 3272 3272 3272 3272 1
20180828 919 3272 3277 3272 3277 701
20180828 920 3282 3292 3282 3292 3487
20180828 924 3292 3302 3292 3302 19525
20180828 925 3302 3302 3297 3297 1986
20180828 928 3297 3297 3297 3297 32
20180828 931 3287 3287 3287 3287 50
20180828 932 3287 3292 3287 3292 255
20180828 934 3297 3302 3297 3302 510
20180828 935 3302 3302 3302 3302 1520
20180828 939 3302 3302 3302 3302 10
20180828 941 3302 3302 3302 3302 607
20180828 942 3307 3307 3307 3307 2014
20180828 944 3307 3307 3307 3307 10142
20180828 948 3307 3307 3307 3307 2
20180828 956 3307 3307 3302 3302 11220
20180828 957 3307 3312 3307 3312 12
20180828 959 3307 3307 3307 3307 2
20180828 1000 3312 3312 3307 3307 144
20180828 1002 3312 3312 3312 3312 3589
20180828 1003 3312 3312 3312 3312 3300
20180828 1005 3312 3312 3312 3312 50
20180828 1008 3312 3312 3312 3312 915
20180828 1009 3307 3307 3307 3307 10
20180828 1014 3307 3307 3307 3307 40
20180828 1018 3307 3307 3307 3307 4
20180828 1021 3307 3307 3307 3307 1
20180828 1022 3307 3307 3307 3307 365
20180828 1024 3307 3307 3307 3307 100
20180828 1026 3312 3312 3312 3312 1
20180828 1027 3307 3307 3307 3307 10
20180828 1029 3307 3307 3297 3297 11000
20180828 1034 3297 3297 3297 3297 65
20180828 1038 3307 3307 3307 3307 200
20180828 1042 3312 3312 3312 3312 2
20180828 1050 3312 3312 3312 3312 1139
20180828 1051 3312 3317 3312 3317 114
20180828 1053 3317 3317 3317 3317 101
20180828 1056 3312 3312 3312 3312 200
20180828 1058 3317 3317 3317 3317 1
20180828 1059 3312 3312 3312 3312 1
20180828 1100 3312 3312 3312 3312 16
20180828 1102 3307 3307 3307 3307 5
20180828 1106 3307 3307 3307 3307 1002
20180828 1107 3307 3307 3307 3307 1
20180828 1110 3312 3312 3312 3312 100
20180828 1112 3307 3307 3307 3307 10
20180828 1122 3307 3307 3307 3307 1
20180828 1140 3312 3312 3312 3312 3
20180828 1143 3312 3312 3312 3312 7079
20180828 1145 3317 3317 3317 3317 1
20180828 1149 3312 3312 3312 3312 102
20180828 1152 3312 3312 3312 3312 1
20180828 1155 3312 3317 3312 3317 1898
20180828 1156 3317 3317 3317 3317 260
20180828 1203 3317 3317 3317 3317 2
20180828 1210 3317 3317 3317 3317 3
20180828 1211 3317 3317 3317 3317 100
20180828 1218 3317 3317 3317 3317 29
20180828 1223 3312 3312 3312 3312 3
20180828 1225 3312 3312 3312 3312 1
20180828 1229 3312 3312 3312 3312 1
20180828 1230 3312 3312 3312 3312 2
20180828 1232 3312 3312 3312 3312 148
20180828 1233 3312 3312 3312 3312 152
20180828 1243 3317 3317 3307 3307 6200
20180828 1247 3317 3317 3317 3317 833
20180828 1248 3307 3307 3307 3307 10
20180828 1256 3307 3307 3302 3302 90
20180828 1257 3307 3307 3302 3302 2147
20180828 1316 3302 3302 3302 3302 1
20180828 1317 3307 3307 3307 3307 298
20180828 1333 3302 3302 3302 3302 3085
20180828 1345 3297 3297 3292 3292 6000
20180828 1349 3292 3292 3287 3287 7000
20180828 1401 3287 3287 3287 3287 1199
20180828 1402 3287 3287 3277 3277 1537
20180828 1403 3277 3277 3277 3277 4
20180828 1404 3277 3277 3277 3277 100
20180828 1405 3277 3277 3277 3277 29
20180828 1407 3277 3277 3277 3277 7971
20180828 1414 3277 3277 3277 3277 500
20180828 1415 3277 3277 3277 3277 2000
20180828 1419 3277 3277 3277 3277 4123
20180828 1425 3282 3282 3282 3282 1
20180828 1426 3277 3277 3277 3277 76
20180828 1427 3277 3277 3277 3277 3904
20180828 1438 3282 3282 3282 3282 4
20180828 1441 3282 3282 3282 3282 8102
20180828 1451 3282 3282 3282 3282 10
20180828 1458 3282 3282 3277 3277 200
20180828 1504 3282 3282 3282 3282 428
20180828 1513 3282 3282 3282 3282 2
20180828 1515 3287 3287 3287 3287 6
20180828 1519 3287 3287 3287 3287 12
20180828 1530 3297 3297 3297 3297 705
20180829 901 3287 3287 3277 3277 253
20180829 905 3282 3287 3282 3287 141
20180829 906 3287 3287 3277 3277 1042
20180829 907 3272 3272 3272 3272 37
20180829 910 3272 3272 3272 3272 3200
20180829 911 3272 3272 3272 3272 5
20180829 917 3277 3277 3277 3277 100
20180829 921 3272 3272 3272 3272 1
20180829 923 3272 3277 3272 3277 200
20180829 924 3282 3282 3282 3282 30
20180829 925 3282 3282 3282 3282 80
20180829 928 3282 3282 3282 3282 4
20180829 930 3282 3282 3282 3282 50
20180829 932 3282 3282 3282 3282 1
20180829 935 3277 3277 3277 3277 100
20180829 936 3277 3277 3272 3272 300
20180829 938 3282 3282 3282 3282 100
20180829 940 3282 3282 3282 3282 30
20180829 941 3282 3282 3282 3282 3
20180829 946 3277 3277 3277 3277 51
20180829 948 3277 3277 3277 3277 50
20180829 952 3277 3277 3277 3277 32
20180829 953 3277 3277 3277 3277 1
20180829 957 3277 3277 3277 3277 1
20180829 1003 3277 3277 3277 3277 287
20180829 1007 3277 3277 3277 3277 1
20180829 1008 3277 3277 3272 3272 916
20180829 1009 3272 3272 3272 3272 2839
20180829 1014 3272 3272 3272 3272 1
20180829 1020 3272 3272 3272 3272 1
20180829 1021 3272 3272 3267 3267 3395
20180829 1022 3267 3267 3267 3267 667
20180829 1024 3267 3267 3262 3262 17
20180829 1026 3262 3262 3262 3262 300
20180829 1027 3267 3267 3267 3267 1154
20180829 1031 3267 3267 3267 3267 500
20180829 1044 3267 3267 3267 3267 50
20180829 1050 3272 3272 3272 3272 2
20180829 1055 3272 3272 3267 3267 2
20180829 1056 3267 3267 3267 3267 916
20180829 1058 3272 3272 3272 3272 271
20180829 1059 3272 3272 3272 3272 3
20180829 1102 3272 3272 3272 3272 269
20180829 1103 3272 3272 3272 3272 1
20180829 1105 3272 3272 3272 3272 269
20180829 1106 3272 3272 3267 3267 4120
20180829 1109 3267 3272 3267 3272 269
20180829 1110 3272 3272 3272 3272 1
20180829 1111 3272 3272 3272 3272 1
20180829 1112 3262 3272 3262 3272 272
20180829 1116 3272 3272 3272 3272 269
20180829 1117 3267 3267 3267 3267 1
20180829 1119 3272 3272 3272 3272 269
20180829 1120 3272 3272 3272 3272 1
20180829 1122 3272 3272 3272 3272 2001
20180829 1123 3272 3272 3272 3272 268
20180829 1125 3272 3272 3272 3272 5
20180829 1126 3272 3272 3272 3272 269
20180829 1129 3272 3272 3272 3272 3951
20180829 1130 3272 3272 3272 3272 268
20180829 1133 3272 3272 3272 3272 269
20180829 1137 3272 3272 3272 3272 409
20180829 1138 3272 3272 3272 3272 10
20180829 1139 3272 3272 3272 3272 15
20180829 1140 3272 3272 3272 3272 268
20180829 1144 3272 3272 3272 3272 269
20180829 1145 3272 3272 3272 3272 1
20180829 1147 3272 3272 3272 3272 269
20180829 1148 3272 3272 3272 3272 1
20180829 1149 3272 3272 3272 3272 100
20180829 1151 3272 3272 3272 3272 269
20180829 1154 3272 3272 3272 3272 369
20180829 1155 3272 3272 3272 3272 80
20180829 1156 3272 3277 3272 3277 13000
20180829 1158 3277 3277 3277 3277 308
20180829 1159 3277 3277 3277 3277 20
20180829 1201 3277 3277 3277 3277 269
20180829 1205 3282 3282 3282 3282 269
20180829 1206 3277 3277 3277 3277 30
20180829 1207 3277 3277 3277 3277 3
20180829 1208 3282 3282 3282 3282 268
20180829 1212 3277 3277 3277 3277 269
20180829 1215 3277 3277 3277 3277 268
20180829 1219 3282 3282 3282 3282 269
20180829 1222 3282 3282 3277 3277 769
20180829 1226 3282 3282 3282 3282 268
20180829 1229 3282 3282 3282 3282 269
20180829 1232 3272 3272 3272 3272 1
20180829 1233 3277 3282 3277 3282 268
20180829 1236 3282 3282 3282 3282 269
20180829 1239 3282 3282 3282 3282 210
20180829 1240 3277 3282 3277 3282 358
20180829 1243 3282 3282 3282 3282 268
20180829 1245 3282 3282 3282 3282 50
20180829 1246 3277 3277 3277 3277 100
20180829 1247 3277 3282 3277 3282 269
20180829 1250 3282 3282 3282 3282 269
20180829 1254 3282 3282 3282 3282 268
20180829 1258 3282 3282 3282 3282 2022
20180829 1300 3282 3282 3282 3282 405
20180829 1301 3282 3282 3282 3282 268
20180829 1304 3282 3282 3282 3282 30
20180829 1305 3282 3282 3282 3282 269
20180829 1306 3277 3277 3277 3277 866
20180829 1308 3282 3287 3282 3287 795
20180829 1309 3282 3282 3282 3282 487
20180829 1312 3287 3287 3282 3282 1657
20180829 1314 3287 3287 3287 3287 1
20180829 1315 3282 3287 3282 3287 1601
20180829 1316 3282 3282 3282 3282 100
20180829 1319 3282 3282 3282 3282 269
20180829 1322 3287 3287 3287 3287 268
20180829 1326 3282 3282 3277 3277 674
20180829 1329 3282 3287 3282 3287 268
20180829 1333 3287 3287 3287 3287 269
20180829 1336 3287 3287 3287 3287 269
20180829 1340 3287 3287 3287 3287 271
20180829 1343 3287 3287 3287 3287 269
20180829 1347 3287 3287 3287 3287 268
20180829 1350 3287 3287 3287 3287 269
20180829 1354 3287 3292 3287 3292 269
20180829 1357 3287 3287 3287 3287 268
20180829 1401 3287 3287 3287 3287 269
20180829 1404 3287 3287 3287 3287 269
20180829 1406 3282 3282 3282 3282 7
20180829 1407 3277 3277 3277 3277 3710
20180829 1408 3282 3282 3282 3282 268
20180829 1411 3282 3282 3282 3282 269
20180829 1415 3277 3277 3277 3277 268
20180829 1417 3277 3277 3277 3277 100
20180829 1418 3277 3282 3277 3282 269
20180829 1422 3282 3282 3272 3272 370
20180829 1424 3272 3272 3272 3272 1
20180829 1425 3282 3282 3282 3282 268
20180829 1426 3272 3272 3272 3272 1
20180829 1428 3272 3272 3272 3272 1
20180829 1429 3282 3282 3282 3282 269
20180829 1430 3272 3272 3272 3272 1
20180829 1431 3272 3272 3272 3272 4562
20180829 1432 3272 3282 3272 3282 2584
20180829 1434 3272 3272 3272 3272 1
20180829 1435 3272 3272 3272 3272 1
20180829 1436 3282 3282 3282 3282 269
20180829 1437 3272 3272 3272 3272 1
20180829 1438 3272 3272 3272 3272 29
20180829 1439 3282 3282 3282 3282 269
20180829 1440 3277 3277 3277 3277 1
20180829 1442 3277 3277 3277 3277 1
20180829 1443 3282 3282 3277 3277 269
20180829 1445 3277 3277 3277 3277 1
20180829 1446 3282 3282 3282 3282 269
20180829 1447 3277 3277 3277 3277 1
20180829 1449 3277 3277 3277 3277 2
20180829 1450 3277 3282 3277 3282 6418
20180829 1451 3272 3272 3272 3272 1
20180829 1452 3272 3272 3272 3272 1
20180829 1453 3272 3282 3272 3282 269
20180829 1454 3272 3272 3272 3272 1
20180829 1455 3272 3272 3272 3272 2
20180829 1457 3272 3282 3272 3272 270
20180829 1459 3272 3272 3272 3272 2
20180829 1500 3272 3272 3272 3272 1
20180829 1501 3282 3282 3272 3272 270
20180829 1502 3272 3272 3272 3272 1
20180829 1503 3272 3272 3272 3272 1
20180829 1504 3272 3272 3272 3272 1
20180829 1505 3272 3272 3272 3272 2
20180829 1507 3272 3272 3272 3272 2
20180829 1508 3282 3282 3272 3272 37
20180829 1509 3272 3272 3272 3272 1
20180829 1510 3272 3272 3272 3272 1
20180829 1511 3272 3272 3272 3272 1
20180829 1512 3272 3272 3272 3272 1
20180829 1513 3272 3272 3272 3272 1
20180829 1514 3282 3282 3272 3282 103
20180829 1516 3272 3272 3272 3272 2
20180829 1519 3272 3272 3272 3272 2333
20180829 1530 3267 3267 3267 3267 1040
20180830 901 3282 3282 3282 3282 2003
20180830 930 3277 3277 3277 3277 10
20180830 933 3272 3272 3272 3272 1
20180830 935 3282 3282 3282 3282 5000
20180830 940 3282 3282 3282 3282 30
20180830 941 3282 3282 3282 3282 50
20180830 943 3277 3277 3277 3277 30
20180830 946 3272 3272 3272 3272 38
20180830 958 3277 3277 3277 3277 800
20180830 1010 3277 3277 3277 3277 1
20180830 1011 3277 3277 3277 3277 2
20180830 1012 3277 3277 3277 3277 317
20180830 1013 3277 3277 3277 3277 1
20180830 1016 3272 3272 3272 3272 269
20180830 1021 3272 3272 3272 3272 15083
20180830 1024 3272 3272 3272 3272 50
20180830 1025 3282 3282 3282 3282 1
20180830 1029 3282 3282 3282 3282 1
20180830 1036 3282 3282 3282 3282 5000
20180830 1040 3282 3282 3282 3282 2
20180830 1100 3282 3282 3282 3282 90
20180830 1106 3277 3277 3277 3277 3500
20180830 1107 3277 3277 3277 3277 10
20180830 1114 3282 3282 3282 3282 2779
20180830 1134 3287 3287 3287 3287 46
20180830 1145 3287 3287 3287 3287 1
20180830 1157 3287 3287 3287 3287 3
20180830 1225 3277 3277 3277 3277 1077
20180830 1256 3277 3277 3277 3277 30
20180830 1302 3272 3272 3272 3272 500
20180830 1303 3272 3272 3272 3272 200
20180830 1317 3277 3277 3277 3277 655
20180830 1319 3277 3277 3277 3277 4428
20180830 1320 3277 3277 3277 3277 17275
20180830 1321 3277 3277 3277 3277 42369
20180830 1322 3272 3272 3272 3272 135
20180830 1328 3277 3277 3277 3277 100
20180830 1332 3277 3277 3277 3277 5
20180830 1335 3277 3277 3277 3277 50
20180830 1337 3277 3277 3277 3277 1563
20180830 1348 3277 3277 3277 3277 1
20180830 1353 3272 3272 3272 3272 1
20180830 1354 3277 3277 3277 3277 49
20180830 1356 3277 3277 3277 3277 1700
20180830 1357 3272 3272 3272 3272 11
20180830 1411 3272 3272 3267 3267 453
20180830 1412 3272 3272 3267 3267 187
20180830 1413 3267 3267 3267 3267 600
20180830 1414 3267 3272 3267 3267 700
20180830 1415 3267 3267 3267 3267 783
20180830 1416 3267 3267 3267 3267 600
20180830 1417 3267 3267 3267 3267 784
20180830 1418 3267 3267 3267 3267 600
20180830 1419 3267 3272 3267 3272 785
20180830 1420 3267 3272 3267 3272 788
20180830 1421 3272 3272 3267 3267 611
20180830 1422 3267 3267 3267 3267 773
20180830 1423 3267 3267 3267 3267 600
20180830 1424 3267 3267 3267 3267 784
20180830 1425 3267 3267 3267 3267 2367
20180830 1426 3267 3267 3267 3267 600
20180830 1427 3267 3267 3267 3267 1016
20180830 1428 3267 3267 3267 3267 784
20180830 1429 3267 3267 3267 3267 184
20180830 1430 3267 3267 3267 3267 1615
20180830 1431 3267 3267 3267 3267 416
20180830 1432 3267 3267 3267 3267 552
20180830 1433 3267 3267 3267 3267 184
20180830 1434 3262 3262 3262 3262 1200
20180830 1435 3262 3262 3262 3262 1016
20180830 1436 3262 3267 3262 3267 600
20180830 1437 3262 3267 3262 3267 367
20180830 1438 3267 3267 3262 3262 368
20180830 1439 3262 3262 3262 3262 1016
20180830 1440 3262 3267 3262 3267 600
20180830 1441 3267 3267 3267 3267 783
20180830 1442 3267 3267 3262 3267 1016
20180830 1443 3262 3262 3262 3262 184
20180830 1444 3267 3267 3262 3267 784
20180830 1445 3267 3267 3267 3267 784
20180830 1446 3267 3267 3267 3267 1015
20180830 1447 3267 3267 3267 3267 600
20180830 1448 3267 3267 3267 3267 368
20180830 1449 3267 3267 3267 3267 809
20180830 1450 3267 3267 3267 3267 872
20180830 1451 3267 3267 3267 3267 967
20180830 1452 3267 3267 3267 3267 564
20180830 1453 3267 3267 3267 3267 784
20180830 1454 3267 3267 3267 3267 832
20180830 1455 3267 3267 3267 3267 968
20180830 1456 3267 3267 3267 3267 183
20180830 1457 3267 3272 3267 3272 1200
20180830 1458 3272 3272 3272 3272 600
20180830 1459 3272 3272 3272 3272 599
20180830 1500 3272 3272 3272 3272 600
20180830 1509 3272 3272 3272 3272 2
20180830 1513 3272 3272 3272 3272 32
20180830 1519 3272 3272 3272 3272 1
20180830 1530 3277 3277 3277 3277 115
20180831 901 3258 3258 3258 3258 115
20180831 906 3258 3258 3253 3253 75
20180831 907 3253 3253 3253 3253 21
20180831 908 3253 3253 3253 3253 1
20180831 909 3253 3253 3253 3253 101
20180831 910 3253 3253 3253 3253 2
20180831 916 3253 3253 3253 3253 107
20180831 917 3253 3253 3248 3248 321
20180831 919 3248 3248 3248 3248 2
20180831 924 3248 3248 3248 3248 20
20180831 925 3243 3243 3243 3243 210
20180831 926 3243 3243 3243 3243 248
20180831 929 3248 3248 3248 3248 302
20180831 933 3248 3248 3248 3248 1
20180831 934 3248 3248 3243 3243 2
20180831 937 3248 3248 3248 3248 100
20180831 938 3248 3248 3248 3248 10
20180831 939 3243 3243 3243 3243 119
20180831 943 3243 3243 3243 3243 1
20180831 944 3238 3238 3238 3238 228
20180831 956 3248 3248 3248 3248 20
20180831 1002 3248 3248 3248 3248 4
20180831 1003 3248 3248 3248 3248 196
20180831 1011 3248 3248 3248 3248 15000
20180831 1013 3248 3248 3248 3248 19048
20180831 1014 3253 3253 3253 3253 785
20180831 1020 3253 3253 3253 3253 83
20180831 1029 3253 3253 3253 3253 4071
20180831 1031 3253 3253 3253 3253 47
20180831 1035 3258 3258 3258 3258 85
20180831 1036 3258 3258 3258 3258 300
20180831 1043 3262 3262 3262 3262 1
20180831 1045 3258 3258 3258 3258 99
20180831 1049 3258 3258 3258 3258 200
20180831 1051 3258 3258 3258 3258 500
20180831 1052 3258 3258 3258 3258 127
20180831 1053 3258 3258 3258 3258 1
20180831 1058 3258 3262 3258 3262 89
20180831 1130 3258 3258 3258 3258 22947
20180831 1136 3258 3258 3258 3258 1
20180831 1155 3258 3258 3258 3258 81
20180831 1211 3258 3258 3258 3258 100
20180831 1223 3253 3253 3253 3253 402
20180831 1231 3253 3253 3253 3253 30
20180831 1233 3253 3253 3253 3253 10
20180831 1248 3248 3248 3248 3248 3000
20180831 1304 3253 3253 3243 3248 10323
20180831 1308 3248 3248 3248 3248 1440
20180831 1326 3248 3248 3243 3243 310
20180831 1331 3253 3253 3253 3253 235
20180831 1334 3253 3253 3253 3253 1000
20180831 1335 3253 3253 3253 3253 10
20180831 1337 3253 3253 3253 3253 10
20180831 1338 3253 3253 3253 3253 10
20180831 1341 3243 3243 3243 3243 16
20180831 1353 3243 3243 3243 3243 30
20180831 1354 3253 3253 3253 3253 91
20180831 1359 3253 3253 3253 3253 500
20180831 1417 3253 3258 3253 3258 1000
20180831 1418 3253 3253 3253 3253 1000
20180831 1428 3253 3253 3253 3253 20
20180831 1432 3253 3253 3253 3253 462
20180831 1434 3253 3253 3253 3253 231
20180831 1435 3253 3253 3253 3253 8
20180831 1439 3253 3253 3253 3253 707
20180831 1444 3258 3258 3258 3258 8
20180831 1445 3258 3258 3258 3258 224
20180831 1446 3258 3258 3258 3258 231
20180831 1447 3258 3258 3258 3258 8
20180831 1448 3258 3258 3258 3258 1029
20180831 1449 3262 3262 3262 3262 14
20180831 1451 3267 3267 3267 3267 231
20180831 1452 3272 3272 3262 3262 440
20180831 1453 3262 3262 3262 3262 200
20180831 1454 3267 3267 3267 3267 232
20180831 1455 3267 3267 3267 3267 47
20180831 1457 3272 3272 3267 3267 448
20180831 1458 3267 3267 3267 3267 231
20180831 1459 3267 3267 3267 3267 10
20180831 1500 3267 3267 3262 3262 702
20180831 1502 3262 3262 3262 3262 231
20180831 1503 3267 3267 3262 3262 290
20180831 1509 3267 3267 3267 3267 232
20180831 1511 3267 3272 3267 3272 224
20180831 1512 3272 3272 3272 3272 234
20180831 1513 3272 3272 3272 3272 100
20180831 1514 3277 3277 3272 3272 463
20180831 1516 3277 3277 3272 3277 700
20180831 1517 3277 3277 3277 3277 250
20180831 1519 3277 3277 3277 3277 2
20180831 1520 3277 3277 3277 3277 1
20180831 1530 3277 3277 3277 3277 625
