날짜 시간 시가 고가 저가 종가 거래량
20191001 1040 10125 10125 10125 10125 1
20191001 1045 10125 10125 10125 10125 270
20191001 1052 10125 10125 10125 10125 67
20191001 1054 10125 10125 10125 10125 68
20191001 1055 10125 10125 10125 10125 68
20191001 1057 10125 10125 10125 10125 135
20191001 1058 10125 10125 10125 10125 135
20191001 1059 10125 10125 10125 10125 136
20191001 1101 10125 10125 10125 10125 135
20191001 1102 10125 10125 10125 10125 135
20191001 1111 10120 10120 10120 10120 68
20191001 1112 10125 10125 10125 10125 67
20191001 1113 10125 10125 10125 10125 68
20191001 1115 10120 10120 10120 10120 68
20191001 1116 10120 10120 10120 10120 135
20191001 1117 10120 10120 10120 10120 271
20191001 1119 10120 10120 10120 10120 68
20191001 1120 10120 10120 10120 10120 67
20191001 1122 10125 10125 10125 10125 68
20191001 1123 10120 10120 10120 10120 68
20191001 1124 10125 10125 10125 10125 67
20191001 1126 10125 10125 10125 10125 68
20191001 1127 10125 10125 10125 10125 68
20191001 1129 10125 10125 10125 10125 67
20191001 1130 10120 10120 10120 10120 68
20191001 1131 10125 10125 10125 10125 68
20191001 1133 10120 10120 10120 10120 67
20191001 1134 10120 10120 10120 10120 68
20191001 1136 10120 10120 10120 10120 68
20191001 1137 10120 10120 10120 10120 67
20191001 1138 10120 10120 10120 10120 68
20191001 1140 10120 10120 10120 10120 67
20191001 1141 10120 10120 10120 10120 68
20191001 1143 10120 10120 10120 10120 68
20191001 1144 10120 10120 10120 10120 67
20191001 1145 10125 10125 10125 10125 68
20191001 1147 10125 10125 10125 10125 68
20191001 1148 10125 10125 10125 10125 67
20191001 1150 10120 10120 10120 10120 68
20191001 1151 10120 10120 10120 10120 68
20191001 1152 10120 10120 10120 10120 67
20191001 1154 10120 10120 10120 10120 68
20191001 1155 10120 10120 10120 10120 68
20191001 1157 10120 10120 10120 10120 67
20191001 1158 10120 10120 10120 10120 68
20191001 1159 10120 10120 10120 10120 67
20191001 1201 10120 10120 10120 10120 68
20191001 1202 10120 10120 10120 10120 68
20191001 1203 10120 10120 10120 10120 67
20191001 1205 10120 10120 10120 10120 68
20191001 1206 10120 10120 10120 10120 68
20191001 1208 10120 10120 10120 10120 67
20191001 1209 10120 10120 10120 10120 68
20191001 1210 10120 10120 10120 10120 68
20191001 1212 10120 10120 10120 10120 77
20191001 1213 10120 10120 10120 10120 68
20191001 1215 10125 10125 10125 10125 68
20191001 1216 10125 10125 10125 10125 67
20191001 1217 10120 10120 10120 10120 68
20191001 1219 10120 10120 10120 10120 67
20191001 1220 10120 10120 10120 10120 68
20191001 1222 10120 10120 10120 10120 68
20191001 1223 10120 10120 10120 10120 67
20191001 1224 10120 10120 10120 10120 68
20191001 1226 10120 10120 10120 10120 68
20191001 1227 10120 10120 10120 10120 67
20191001 1229 10120 10120 10120 10120 68
20191001 1230 10120 10120 10120 10120 68
20191001 1231 10120 10120 10120 10120 67
20191001 1233 10120 10120 10120 10120 68
20191001 1234 10120 10120 10120 10120 68
20191001 1236 10120 10120 10120 10120 67
20191001 1237 10120 10120 10120 10120 68
20191001 1238 10120 10120 10120 10120 67
20191001 1240 10120 10120 10120 10120 68
20191001 1241 10125 10125 10125 10125 68
20191001 1243 10125 10125 10125 10125 67
20191001 1244 10125 10125 10125 10125 68
20191001 1245 10125 10125 10125 10125 68
20191001 1247 10125 10125 10125 10125 67
20191001 1248 10130 10130 10130 10130 68
20191001 1249 10125 10125 10125 10125 68
20191001 1251 10125 10125 10125 10125 67
20191001 1252 10125 10125 10125 10125 68
20191001 1254 10125 10125 10125 10125 68
20191001 1255 10125 10125 10125 10125 67
20191001 1256 10125 10125 10125 10125 68
20191001 1258 10125 10125 10125 10125 67
20191001 1259 10125 10125 10125 10125 68
20191001 1301 10130 10130 10130 10130 68
20191001 1302 10130 10130 10130 10130 67
20191001 1303 10130 10130 10130 10130 68
20191001 1305 10130 10130 10130 10130 68
20191001 1306 10130 10130 10130 10130 67
20191001 1308 10130 10130 10130 10130 68
20191001 1309 10130 10130 10130 10130 68
20191001 1310 10130 10130 10130 10130 67
20191001 1312 10130 10130 10130 10130 68
20191001 1313 10130 10130 10130 10130 68
20191001 1315 10130 10130 10130 10130 67
20191001 1316 10130 10130 10130 10130 68
20191001 1317 10130 10130 10130 10130 68
20191001 1319 10125 10125 10125 10125 67
20191001 1320 10125 10125 10125 10125 68
20191001 1322 10125 10125 10125 10125 67
20191001 1323 10125 10125 10125 10125 68
20191001 1324 10125 10125 10125 10125 68
20191001 1326 10125 10125 10125 10125 67
20191001 1327 10125 10125 10125 10125 68
20191001 1328 10130 10130 10130 10130 68
20191001 1330 10125 10125 10125 10125 67
20191001 1331 10130 10130 10130 10130 68
20191001 1333 10130 10130 10130 10130 68
20191001 1334 10130 10130 10130 10130 67
20191001 1335 10130 10130 10130 10130 68
20191001 1337 10130 10130 10130 10130 68
20191001 1338 10125 10125 10125 10125 67
20191001 1340 10125 10125 10125 10125 68
20191001 1341 10125 10125 10125 10125 67
20191001 1342 10125 10125 10125 10125 68
20191001 1344 10125 10125 10125 10125 68
20191001 1345 10120 10120 10120 10120 67
20191001 1347 10120 10120 10120 10120 68
20191001 1348 10125 10125 10125 10125 68
20191001 1349 10125 10125 10125 10125 67
20191001 1351 10120 10120 10120 10120 68
20191001 1352 10120 10120 10120 10120 68
20191001 1354 10120 10120 10120 10120 67
20191001 1355 10120 10120 10120 10120 68
20191001 1356 10120 10120 10120 10120 68
20191001 1358 10120 10120 10120 10120 67
20191001 1359 10120 10120 10120 10120 68
20191001 1401 10120 10120 10120 10120 67
20191001 1402 10120 10120 10120 10120 68
20191001 1403 10120 10120 10120 10120 68
20191001 1405 10120 10120 10120 10120 67
20191001 1406 10120 10120 10120 10120 68
20191001 1407 10120 10120 10120 10120 68
20191001 1409 10120 10120 10120 10120 67
20191001 1410 10120 10120 10120 10120 68
20191001 1412 10120 10120 10120 10120 68
20191001 1413 10120 10120 10120 10120 67
20191001 1414 10120 10120 10120 10120 68
20191001 1416 10120 10120 10120 10120 68
20191001 1417 10120 10120 10120 10120 67
20191001 1419 10120 10120 10120 10120 68
20191001 1420 10120 10120 10120 10120 67
20191001 1421 10120 10120 10120 10120 68
20191001 1423 10125 10125 10125 10125 68
20191001 1424 10125 10125 10125 10125 67
20191001 1426 10125 10125 10125 10125 68
20191001 1427 10130 10130 10130 10130 68
20191001 1428 10125 10125 10125 10125 67
20191001 1430 10125 10125 10125 10125 68
20191001 1431 10125 10125 10125 10125 68
20191001 1433 10125 10125 10125 10125 67
20191001 1434 10125 10125 10125 10125 68
20191001 1435 10125 10125 10125 10125 68
20191001 1437 10120 10120 10120 10120 67
20191001 1438 10120 10120 10120 10120 68
20191001 1440 10125 10125 10125 10125 67
20191001 1441 10120 10120 10120 10120 68
20191001 1442 10120 10120 10120 10120 68
20191001 1444 10125 10125 10125 10125 67
20191001 1445 10120 10120 10120 10120 68
20191001 1446 10120 10120 10120 10120 68
20191001 1448 10125 10125 10125 10125 67
20191001 1449 10125 10125 10125 10125 68
20191001 1451 10125 10125 10125 10125 68
20191001 1452 10125 10125 10125 10125 67
20191001 1453 10125 10125 10125 10125 68
20191001 1455 10125 10125 10125 10125 68
20191001 1456 10120 10120 10120 10120 67
20191001 1458 10120 10120 10120 10120 68
20191001 1459 10120 10120 10120 10120 67
20191001 1500 10120 10120 10120 10120 68
20191001 1502 10120 10120 10120 10120 68
20191001 1503 10120 10120 10120 10120 67
20191001 1505 10120 10120 10120 10120 68
20191001 1506 10120 10120 10120 10120 68
20191001 1507 10120 10120 10120 10120 67
20191001 1509 10125 10125 10125 10125 68
20191001 1510 10120 10120 10120 10120 68
20191001 1512 10125 10125 10125 10125 67
20191001 1513 10125 10125 10125 10125 68
20191001 1514 10125 10125 10125 10125 68
20191001 1516 10125 10125 10125 10125 67
20191001 1517 10125 10125 10125 10125 67
20191001 1519 10130 10130 10130 10130 68
20191002 901 9915 9915 9910 9910 7
20191002 919 9920 9920 9920 9920 1
20191002 939 9910 9910 9910 9910 1
20191002 1025 9905 9905 9905 9905 1
20191002 1124 9895 9895 9895 9895 10
20191002 1157 9910 9910 9910 9910 302
20191002 1205 9910 9910 9910 9910 1
20191002 1249 9910 9910 9910 9910 2
20191002 1321 9910 9910 9910 9910 201
20191002 1530 9910 9910 9910 9910 16
20191004 901 9815 9815 9815 9815 3
20191004 959 9755 9755 9755 9755 1
20191004 1014 9825 9825 9825 9825 1
20191004 1047 9815 9815 9815 9815 1
20191004 1049 9820 9820 9820 9820 74
20191004 1053 9820 9820 9820 9820 75
20191004 1056 9820 9820 9820 9820 75
20191004 1059 9820 9820 9820 9820 75
20191004 1103 9820 9820 9820 9820 75
20191004 1106 9825 9825 9825 9825 74
20191004 1107 9820 9820 9820 9820 10
20191004 1110 9820 9820 9820 9820 75
20191004 1113 9820 9820 9820 9820 75
20191004 1116 9820 9820 9820 9820 75
20191004 1120 9820 9820 9820 9820 75
20191004 1123 9820 9820 9820 9820 75
20191004 1126 9825 9825 9825 9825 74
20191004 1130 9825 9825 9825 9825 75
20191004 1133 9820 9820 9820 9820 75
20191004 1136 9820 9820 9820 9820 75
20191004 1140 9825 9825 9825 9825 75
20191004 1143 9820 9820 9820 9820 75
20191004 1147 9825 9825 9825 9825 74
20191004 1150 9825 9825 9825 9825 75
20191004 1153 9820 9820 9820 9820 75
20191004 1157 9820 9820 9820 9820 75
20191004 1200 9815 9815 9815 9815 75
20191004 1203 9815 9815 9815 9815 74
20191004 1207 9820 9820 9820 9820 75
20191004 1210 9815 9815 9815 9815 75
20191004 1214 9815 9815 9815 9815 75
20191004 1217 9815 9815 9815 9815 75
20191004 1220 9815 9815 9815 9815 75
20191004 1222 9815 9815 9815 9815 1
20191004 1224 9820 9820 9820 9820 74
20191004 1227 9820 9820 9820 9820 75
20191004 1230 9820 9820 9820 9820 75
20191004 1234 9820 9820 9820 9820 75
20191004 1237 9820 9820 9820 9820 75
20191004 1240 9820 9820 9820 9820 75
20191004 1244 9820 9820 9820 9820 74
20191004 1247 9820 9820 9820 9820 75
20191004 1251 9820 9820 9820 9820 75
20191004 1254 9820 9820 9820 9820 75
20191004 1257 9820 9820 9820 9820 75
20191004 1301 9820 9820 9820 9820 75
20191004 1304 9820 9820 9820 9820 74
20191004 1307 9825 9825 9825 9825 75
20191004 1311 9825 9825 9825 9825 75
20191004 1314 9820 9820 9820 9820 75
20191004 1318 9825 9825 9825 9825 75
20191004 1321 9825 9825 9825 9825 74
20191004 1324 9825 9825 9825 9825 75
20191004 1328 9825 9825 9825 9825 75
20191004 1331 9830 9830 9830 9830 75
20191004 1334 9825 9825 9825 9825 75
20191004 1338 9825 9825 9825 9825 75
20191004 1341 9825 9825 9825 9825 74
20191004 1345 9825 9825 9825 9825 75
20191004 1348 9825 9825 9825 9825 75
20191004 1351 9825 9825 9825 9825 75
20191004 1355 9825 9825 9825 9825 75
20191004 1358 9825 9825 9825 9825 75
20191004 1401 9830 9830 9830 9830 74
20191004 1405 9830 9830 9830 9830 75
20191004 1408 9835 9835 9835 9835 75
20191004 1411 9845 9845 9845 9845 75
20191004 1415 9845 9845 9845 9845 75
20191004 1418 9850 9850 9850 9850 74
20191004 1422 9845 9845 9845 9845 75
20191004 1425 9845 9845 9845 9845 75
20191004 1428 9845 9845 9845 9845 75
20191004 1432 9840 9840 9840 9840 75
20191004 1435 9840 9840 9840 9840 75
20191004 1438 9840 9840 9840 9840 74
20191004 1442 9840 9840 9840 9840 75
20191004 1445 9840 9840 9840 9840 75
20191004 1449 9840 9840 9840 9840 75
20191004 1452 9835 9835 9835 9835 75
20191004 1455 9840 9840 9840 9840 75
20191004 1459 9840 9840 9840 9840 74
20191004 1502 9830 9830 9830 9830 75
20191004 1505 9830 9830 9830 9830 75
20191004 1509 9825 9825 9825 9825 75
20191004 1512 9825 9825 9825 9825 75
20191004 1515 9810 9810 9810 9810 75
20191007 1220 9875 9875 9875 9875 1
20191007 1230 9810 9810 9810 9810 1
20191007 1235 9880 9880 9880 9880 1
20191008 1128 9945 9945 9945 9945 10
20191008 1238 9955 9955 9955 9955 1
20191008 1410 9945 9945 9945 9945 10
20191010 901 9735 9735 9735 9735 3
20191010 927 9705 9705 9705 9705 7
20191010 1000 9725 9725 9725 9725 1
20191010 1211 9790 9790 9790 9790 1
20191010 1216 9790 9790 9790 9790 10
20191010 1238 9725 9725 9720 9720 4
20191011 1010 9865 9865 9865 9865 1
20191011 1011 9865 9865 9865 9865 3
20191011 1014 9865 9865 9865 9865 45
20191011 1017 9865 9865 9865 9865 45
20191011 1020 9865 9865 9865 9865 45
20191011 1023 9865 9865 9865 9865 45
20191011 1026 9870 9870 9870 9870 46
20191011 1029 9870 9870 9870 9870 45
20191011 1032 9870 9870 9870 9870 45
20191011 1035 9870 9870 9870 9870 45
20191011 1038 9865 9865 9865 9865 45
20191011 1041 9860 9860 9860 9860 46
20191011 1044 9865 9865 9865 9865 45
20191011 1048 9865 9865 9865 9865 45
20191011 1051 9870 9870 9870 9870 45
20191011 1054 9870 9870 9870 9870 45
20191011 1057 9870 9870 9870 9870 46
20191011 1100 9870 9870 9870 9870 45
20191011 1103 9870 9870 9870 9870 45
20191011 1106 9870 9870 9870 9870 45
20191011 1109 9870 9870 9870 9870 45
20191011 1112 9870 9870 9870 9870 46
20191011 1115 9870 9870 9870 9870 45
20191011 1118 9870 9870 9870 9870 45
20191011 1121 9870 9870 9870 9870 45
20191011 1124 9870 9870 9870 9870 45
20191011 1127 9870 9870 9870 9870 46
20191011 1130 9870 9870 9870 9870 45
20191011 1134 9870 9870 9870 9870 45
20191011 1137 9870 9870 9870 9870 45
20191011 1140 9870 9870 9870 9870 45
20191011 1143 9870 9870 9870 9870 46
20191011 1146 9865 9865 9865 9865 45
20191011 1149 9865 9865 9865 9865 55
20191011 1152 9865 9865 9865 9865 45
20191011 1155 9870 9870 9870 9870 45
20191011 1158 9870 9870 9870 9870 46
20191011 1201 9870 9870 9870 9870 45
20191011 1204 9870 9870 9870 9870 45
20191011 1207 9875 9875 9875 9875 45
20191011 1210 9875 9875 9875 9875 45
20191011 1213 9875 9875 9875 9875 46
20191011 1216 9875 9875 9875 9875 45
20191011 1220 9880 9880 9880 9880 45
20191011 1221 9880 9880 9880 9880 1
20191011 1223 9880 9880 9880 9880 46
20191011 1226 9885 9885 9885 9885 45
20191011 1229 9880 9880 9880 9880 46
20191011 1232 9880 9880 9880 9880 45
20191011 1235 9880 9880 9880 9880 45
20191011 1238 9885 9885 9885 9885 45
20191011 1241 9880 9880 9880 9880 45
20191011 1244 9885 9885 9885 9885 46
20191011 1247 9885 9885 9885 9885 45
20191011 1250 9880 9880 9880 9880 45
20191011 1253 9880 9880 9880 9880 45
20191011 1256 9885 9885 9885 9885 45
20191011 1259 9885 9885 9885 9885 46
20191011 1302 9880 9880 9880 9880 45
20191011 1306 9885 9885 9885 9885 45
20191011 1309 9885 9885 9885 9885 45
20191011 1312 9880 9880 9880 9880 45
20191011 1315 9880 9880 9880 9880 46
20191011 1318 9885 9885 9885 9885 45
20191011 1321 9885 9885 9885 9885 45
20191011 1324 9885 9885 9885 9885 45
20191011 1327 9885 9885 9885 9885 45
20191011 1330 9885 9885 9885 9885 46
20191011 1333 9885 9885 9885 9885 45
20191011 1336 9890 9890 9890 9890 45
20191011 1339 9890 9890 9890 9890 45
20191011 1342 9895 9895 9895 9895 45
20191011 1345 9890 9890 9890 9890 46
20191011 1349 9890 9890 9890 9890 45
20191011 1352 9890 9890 9890 9890 45
20191011 1355 9890 9890 9890 9890 45
20191011 1358 9890 9890 9890 9890 45
20191011 1401 9890 9890 9890 9890 46
20191011 1404 9890 9890 9890 9890 45
20191011 1407 9890 9890 9890 9890 45
20191011 1410 9895 9895 9895 9895 45
20191011 1413 9895 9895 9895 9895 45
20191011 1416 9895 9895 9895 9895 46
20191011 1419 9895 9895 9895 9895 45
20191011 1422 9895 9895 9895 9895 45
20191011 1425 9890 9890 9890 9890 45
20191011 1428 9890 9890 9890 9890 45
20191011 1431 9890 9890 9890 9890 46
20191011 1435 9890 9890 9890 9890 45
20191011 1438 9890 9890 9890 9890 45
20191011 1441 9890 9890 9890 9890 45
20191011 1444 9890 9890 9890 9890 45
20191011 1447 9895 9895 9895 9895 46
20191011 1450 9895 9895 9895 9895 45
20191011 1453 9890 9890 9890 9890 45
20191011 1456 9895 9895 9895 9895 45
20191011 1459 9890 9890 9890 9890 45
20191011 1502 9885 9885 9885 9885 46
20191011 1505 9880 9880 9880 9880 45
20191011 1508 9885 9885 9885 9885 45
20191011 1511 9885 9885 9885 9885 45
20191011 1514 9885 9885 9885 9885 45
20191011 1517 9885 9885 9885 9885 46
20191011 1530 9820 9820 9820 9820 1
20191014 1241 10030 10030 10030 10030 1
20191014 1251 9970 9970 9970 9970 1
20191014 1257 9970 9970 9970 9970 2
20191015 1102 9925 9925 9925 9925 1
20191015 1130 9925 9925 9925 9925 1
20191015 1255 9985 9985 9985 9985 1
20191016 909 10090 10090 10090 10090 1
20191016 913 10085 10085 10085 10085 2
20191016 914 10030 10030 10030 10030 4
20191016 1240 10060 10060 10060 10060 1
20191017 1226 10030 10030 10030 10030 1
20191017 1310 10050 10050 10050 10050 1
20191017 1417 10030 10030 10030 10030 2
20191018 1007 10195 10195 10195 10195 56
20191018 1009 10200 10200 10200 10200 56
20191018 1026 10200 10200 10200 10200 45
20191018 1034 10200 10200 10200 10200 132
20191018 1037 10200 10200 10200 10200 90
20191018 1038 10200 10200 10200 10200 45
20191018 1040 10200 10200 10200 10200 44
20191018 1042 10200 10200 10200 10200 45
20191018 1043 10195 10195 10195 10195 224
20191018 1111 10210 10210 10210 10210 45
20191018 1113 10210 10210 10210 10210 44
20191018 1115 10210 10210 10205 10205 625
20191018 1119 10210 10210 10210 10210 1
20191018 1137 10205 10205 10205 10205 45
20191018 1139 10200 10200 10200 10200 446
20191018 1145 10195 10195 10195 10195 178
20191018 1154 10190 10190 10190 10190 179
20191018 1202 10190 10190 10190 10190 44
20191018 1206 10195 10195 10195 10195 44
20191018 1208 10195 10195 10195 10195 45
20191018 1210 10195 10195 10195 10195 45
20191018 1212 10195 10195 10195 10195 44
20191018 1213 10195 10195 10195 10195 1
20191018 1214 10195 10195 10195 10195 45
20191018 1215 10190 10190 10190 10190 179
20191018 1222 10195 10195 10195 10195 44
20191018 1223 10190 10190 10190 10190 134
20191018 1227 10190 10190 10190 10190 1
20191018 1230 10190 10190 10190 10190 45
20191018 1233 10190 10190 10185 10185 179
20191018 1239 10185 10185 10185 10185 133
20191018 1245 10185 10185 10185 10185 44
20191018 1247 10185 10185 10185 10185 45
20191018 1249 10185 10185 10185 10185 45
20191018 1251 10185 10185 10185 10185 44
20191018 1253 10185 10185 10185 10185 1
20191018 1254 10190 10190 10190 10190 134
20191018 1259 10185 10185 10185 10185 45
20191018 1303 10190 10190 10190 10190 45
20191018 1304 10190 10190 10190 10190 133
20191018 1310 10190 10190 10190 10190 134
20191018 1317 10190 10190 10190 10190 134
20191018 1322 10185 10185 10185 10185 45
20191018 1324 10190 10190 10190 10190 44
20191018 1325 10185 10185 10185 10185 89
20191018 1330 10185 10185 10185 10185 134
20191018 1338 10190 10190 10190 10190 45
20191018 1339 10185 10185 10185 10185 134
20191018 1346 10190 10190 10190 10190 45
20191018 1348 10190 10190 10190 10190 45
20191018 1349 10185 10185 10185 10185 133
20191018 1357 10190 10190 10190 10190 44
20191018 1358 10185 10185 10185 10185 3
20191018 1359 10190 10190 10190 10190 45
20191018 1401 10190 10190 10190 10190 44
20191018 1402 10190 10190 10190 10190 131
20191018 1405 10190 10190 10190 10190 45
20191018 1407 10190 10190 10190 10190 89
20191018 1415 10190 10190 10190 10190 134
20191018 1420 10190 10190 10190 10190 134
20191018 1425 10185 10185 10185 10185 45
20191018 1427 10185 10185 10185 10185 89
20191018 1429 10180 10180 10180 10180 89
20191018 1432 10180 10180 10180 10180 45
20191018 1434 10180 10180 10180 10180 44
20191018 1440 10185 10185 10185 10185 134
20191018 1446 10185 10185 10185 10185 45
20191018 1447 10180 10180 10180 10180 89
20191018 1450 10180 10180 10180 10180 44
20191018 1452 10180 10180 10180 10180 45
20191018 1453 10180 10180 10180 10180 45
20191018 1454 10175 10175 10175 10175 45
20191018 1456 10175 10175 10175 10175 44
20191018 1500 10180 10180 10180 10180 44
20191018 1502 10180 10180 10180 10180 45
20191018 1506 10185 10185 10180 10180 134
20191018 1511 10185 10185 10185 10185 90
20191018 1514 10180 10180 10180 10180 44
20191018 1515 10180 10180 10180 10180 44
20191018 1517 10185 10185 10185 10185 45
20191021 1031 10175 10175 10175 10175 2
20191021 1034 10185 10185 10185 10185 1
20191021 1037 10195 10195 10195 10195 20
20191021 1039 10195 10195 10195 10195 37
20191021 1040 10195 10195 10195 10195 20
20191021 1043 10195 10195 10195 10195 20
20191021 1046 10195 10195 10195 10195 20
20191021 1049 10200 10200 10200 10200 20
20191021 1052 10195 10195 10195 10195 20
20191021 1053 10140 10140 10140 10140 1
20191021 1055 10195 10195 10195 10195 20
20191021 1057 10195 10195 10195 10195 20
20191021 1100 10195 10195 10195 10195 20
20191021 1103 10200 10200 10200 10200 20
20191021 1106 10200 10200 10200 10200 21
20191021 1109 10195 10195 10195 10195 20
20191021 1112 10195 10195 10195 10195 20
20191021 1115 10200 10200 10200 10200 20
20191021 1118 10200 10200 10200 10200 20
20191021 1121 10200 10200 10200 10200 20
20191021 1124 10200 10200 10200 10200 20
20191021 1126 10200 10200 10200 10200 20
20191021 1129 10200 10200 10200 10200 20
20191021 1132 10200 10200 10200 10200 20
20191021 1135 10200 10200 10200 10200 20
20191021 1138 10200 10200 10200 10200 20
20191021 1141 10200 10200 10200 10200 20
20191021 1144 10200 10200 10200 10200 20
20191021 1147 10200 10200 10200 10200 20
20191021 1150 10200 10200 10200 10200 20
20191021 1153 10200 10200 10200 10200 20
20191021 1155 10200 10200 10200 10200 30
20191021 1156 10200 10200 10200 10200 1
20191021 1158 10200 10200 10200 10200 20
20191021 1201 10200 10200 10200 10200 20
20191021 1204 10200 10200 10200 10200 20
20191021 1207 10200 10200 10200 10200 20
20191021 1210 10200 10200 10200 10200 20
20191021 1213 10200 10200 10200 10200 20
20191021 1216 10200 10200 10200 10200 20
20191021 1219 10200 10200 10200 10200 20
20191021 1222 10200 10200 10200 10200 20
20191021 1224 10200 10200 10200 10200 20
20191021 1227 10200 10200 10200 10200 20
20191021 1230 10200 10200 10200 10200 21
20191021 1233 10200 10200 10200 10200 20
20191021 1236 10200 10200 10200 10200 20
20191021 1239 10200 10200 10200 10200 20
20191021 1242 10200 10200 10200 10200 21
20191021 1245 10200 10200 10200 10200 20
20191021 1248 10200 10200 10200 10200 21
20191021 1251 10200 10200 10200 10200 20
20191021 1253 10200 10200 10200 10200 20
20191021 1256 10200 10200 10200 10200 20
20191021 1259 10200 10200 10200 10200 20
20191021 1302 10200 10200 10200 10200 20
20191021 1305 10200 10200 10200 10200 20
20191021 1308 10200 10200 10200 10200 20
20191021 1311 10200 10200 10200 10200 20
20191021 1314 10200 10200 10200 10200 21
20191021 1317 10200 10200 10200 10200 20
20191021 1320 10200 10200 10200 10200 20
20191021 1322 10200 10200 10200 10200 20
20191021 1325 10200 10200 10200 10200 20
20191021 1328 10200 10200 10200 10200 20
20191021 1331 10200 10200 10200 10200 20
20191021 1334 10200 10200 10200 10200 20
20191021 1337 10200 10200 10200 10200 20
20191021 1340 10200 10200 10200 10200 20
20191021 1343 10200 10200 10200 10200 20
20191021 1346 10200 10200 10200 10200 20
20191021 1349 10200 10200 10200 10200 20
20191021 1352 10200 10200 10200 10200 20
20191021 1354 10200 10200 10200 10200 20
20191021 1357 10200 10200 10200 10200 20
20191021 1400 10200 10200 10200 10200 20
20191021 1403 10195 10195 10195 10195 20
20191021 1406 10195 10195 10195 10195 21
20191021 1409 10195 10195 10195 10195 21
20191021 1412 10195 10195 10195 10195 20
20191021 1415 10195 10195 10195 10195 20
20191021 1418 10195 10195 10195 10195 20
20191021 1421 10195 10195 10195 10195 20
20191021 1424 10195 10195 10195 10195 20
20191021 1426 10195 10195 10195 10195 1
20191021 1427 10195 10195 10195 10195 20
20191021 1429 10195 10195 10195 10195 20
20191021 1432 10195 10195 10195 10195 20
20191021 1435 10195 10195 10195 10195 20
20191021 1438 10195 10195 10195 10195 20
20191021 1441 10195 10195 10195 10195 20
20191021 1444 10195 10195 10195 10195 20
20191021 1447 10190 10190 10190 10190 20
20191021 1450 10190 10190 10190 10190 20
20191021 1453 10190 10190 10190 10190 20
20191021 1456 10190 10190 10190 10190 20
20191021 1459 10190 10190 10190 10190 20
20191021 1502 10185 10185 10185 10185 20
20191021 1504 10190 10190 10190 10190 20
20191021 1507 10190 10190 10190 10190 21
20191021 1510 10190 10190 10190 10190 20
20191021 1513 10195 10195 10195 10195 20
20191021 1516 10195 10195 10195 10195 20
20191021 1519 10195 10195 10195 10195 20
20191021 1530 10195 10195 10195 10195 1
20191022 1222 10285 10285 10285 10285 40
20191022 1230 10225 10225 10225 10225 1
20191022 1250 10290 10290 10290 10290 1
20191022 1253 10290 10290 10230 10230 3
20191022 1303 10230 10230 10230 10230 1
20191022 1413 10270 10270 10270 10270 1
20191022 1415 10285 10285 10285 10285 2
20191022 1530 10220 10220 10220 10220 43
20191024 1310 10285 10285 10285 10285 30
20191024 1312 10285 10285 10285 10285 30
20191024 1313 10285 10285 10285 10285 30
20191024 1315 10285 10285 10285 10285 30
20191024 1316 10285 10285 10285 10285 30
20191024 1318 10285 10285 10285 10285 30
20191024 1320 10285 10285 10285 10285 31
20191024 1321 10285 10285 10285 10285 30
20191024 1323 10285 10285 10285 10285 30
20191024 1324 10285 10285 10285 10285 30
20191024 1326 10285 10285 10285 10285 30
20191024 1328 10285 10285 10285 10285 30
20191024 1329 10280 10280 10280 10280 30
20191024 1331 10280 10280 10280 10280 31
20191024 1332 10280 10280 10280 10280 30
20191024 1334 10285 10285 10285 10285 30
20191024 1335 10285 10285 10285 10285 30
20191024 1337 10285 10285 10285 10285 30
20191024 1339 10285 10285 10285 10285 30
20191024 1340 10285 10285 10285 10285 31
20191024 1342 10285 10285 10285 10285 30
20191024 1343 10285 10285 10285 10285 30
20191024 1345 10285 10285 10285 10285 30
20191024 1347 10285 10285 10285 10285 30
20191024 1348 10285 10285 10225 10225 31
20191024 1350 10285 10285 10285 10285 30
20191024 1351 10285 10285 10285 10285 31
20191024 1353 10280 10280 10280 10280 30
20191024 1354 10285 10285 10285 10285 30
20191024 1356 10280 10280 10280 10280 30
20191024 1358 10280 10280 10280 10280 30
20191024 1359 10280 10280 10280 10280 30
20191024 1401 10280 10280 10280 10280 30
20191024 1402 10280 10280 10280 10280 31
20191024 1404 10280 10280 10280 10280 30
20191024 1406 10280 10280 10280 10280 30
20191024 1407 10285 10285 10285 10285 30
20191024 1409 10285 10285 10285 10285 30
20191024 1410 10285 10285 10285 10285 30
20191024 1412 10285 10285 10285 10285 31
20191024 1414 10285 10285 10285 10285 30
20191024 1415 10285 10285 10285 10285 30
20191024 1417 10285 10285 10285 10285 30
20191024 1418 10280 10280 10280 10280 30
20191024 1420 10280 10280 10280 10280 30
20191024 1421 10280 10280 10280 10280 30
20191024 1423 10280 10280 10280 10280 31
20191024 1425 10280 10280 10280 10280 30
20191024 1426 10275 10275 10275 10275 30
20191024 1428 10280 10280 10280 10280 30
20191024 1429 10280 10280 10280 10280 30
20191024 1431 10280 10280 10280 10280 30
20191024 1433 10280 10280 10280 10280 30
20191024 1434 10280 10280 10280 10280 31
20191024 1436 10280 10280 10280 10280 30
20191024 1437 10280 10280 10280 10280 30
20191024 1439 10285 10285 10285 10285 30
20191024 1441 10285 10285 10285 10285 30
20191024 1442 10285 10285 10285 10285 30
20191024 1444 10285 10285 10285 10285 31
20191024 1445 10285 10285 10285 10285 30
20191024 1447 10285 10285 10285 10285 30
20191024 1448 10285 10285 10285 10285 30
20191024 1450 10285 10285 10285 10285 30
20191024 1452 10285 10285 10285 10285 30
20191024 1453 10285 10285 10285 10285 30
20191024 1455 10285 10285 10285 10285 31
20191024 1456 10285 10285 10285 10285 30
20191024 1458 10285 10285 10285 10285 30
20191024 1459 10285 10285 10285 10285 1
20191024 1500 10285 10285 10285 10285 30
20191024 1501 10285 10285 10285 10285 30
20191024 1503 10285 10285 10285 10285 30
20191024 1504 10290 10290 10290 10290 30
20191024 1506 10290 10290 10290 10290 31
20191024 1508 10290 10290 10290 10290 30
20191024 1509 10290 10290 10290 10290 30
20191024 1511 10290 10290 10290 10290 30
20191024 1512 10290 10290 10290 10290 30
20191024 1514 10290 10290 10290 10290 30
20191024 1515 10290 10290 10290 10290 31
20191028 917 10325 10325 10325 10325 15
20191028 920 10320 10320 10320 10320 10
20191028 928 10320 10320 10320 10320 5
20191028 1025 10315 10315 10315 10315 6
20191028 1040 10315 10315 10315 10315 37
20191028 1046 10315 10315 10315 10315 26
20191028 1051 10315 10315 10315 10315 8
20191028 1052 10310 10310 10310 10310 25
20191028 1110 10320 10320 10320 10320 51
20191028 1121 10320 10320 10320 10320 35
20191028 1122 10320 10320 10320 10320 8
20191028 1123 10320 10320 10320 10320 1
20191028 1124 10320 10320 10320 10320 9
20191028 1127 10320 10320 10320 10320 8
20191028 1131 10325 10325 10325 10325 8
20191028 1134 10325 10325 10325 10325 9
20191028 1136 10325 10325 10325 10325 8
20191028 1139 10325 10325 10325 10325 9
20191028 1141 10325 10325 10325 10325 8
20191028 1143 10320 10320 10320 10320 26
20191028 1202 10325 10325 10325 10325 43
20191028 1212 10325 10325 10325 10325 8
20191028 1215 10325 10325 10325 10325 9
20191028 1217 10325 10325 10325 10325 8
20191028 1218 10325 10325 10325 10325 42
20191028 1219 10320 10320 10320 10320 18
20191028 1241 10320 10320 10320 10320 32
20191028 1242 10320 10320 10320 10320 27
20191028 1246 10320 10320 10320 10320 8
20191028 1248 10320 10320 10320 10320 9
20191028 1251 10320 10320 10320 10320 9
20191028 1253 10320 10320 10320 10320 8
20191028 1256 10320 10320 10320 10320 9
20191028 1258 10320 10320 10320 10320 8
20191028 1301 10320 10320 10320 10320 44
20191028 1316 10325 10325 10325 10325 26
20191028 1321 10320 10320 10320 10320 16
20191028 1327 10320 10320 10320 10320 8
20191028 1332 10325 10325 10325 10325 8
20191028 1334 10325 10325 10325 10325 9
20191028 1335 10320 10320 10320 10320 52
20191028 1355 10325 10325 10325 10325 34
20191028 1405 10325 10325 10325 10325 9
20191028 1406 10320 10320 10320 10320 68
20191028 1434 10320 10320 10320 10320 9
20191028 1435 10320 10320 10320 10320 68
20191028 1437 10320 10320 10320 10320 8
20191028 1439 10320 10320 10320 10320 9
20191028 1441 10320 10320 10320 10320 8
20191028 1444 10320 10320 10320 10320 9
20191028 1446 10320 10320 10320 10320 9
20191028 1449 10320 10320 10320 10320 8
20191028 1451 10320 10320 10320 10320 9
20191028 1453 10320 10320 10320 10320 8
20191028 1456 10320 10320 10320 10320 9
20191028 1458 10320 10320 10320 10320 8
20191028 1501 10320 10320 10320 10320 9
20191028 1502 10315 10315 10315 10315 25
20191028 1515 10315 10315 10315 10315 33
20191028 1518 10315 10315 10315 10315 26
20191028 1530 10320 10320 10320 10320 2
20191029 1016 10375 10375 10375 10375 5
20191029 1103 10355 10355 10355 10355 4
20191029 1128 10355 10355 10355 10355 2
20191029 1239 10405 10405 10405 10405 1
20191029 1324 10405 10405 10345 10345 2
20191029 1326 10405 10405 10405 10405 95
20191029 1357 10345 10345 10345 10345 5
20191030 1040 10415 10415 10415 10415 1
20191030 1512 10400 10400 10400 10400 89
20191030 1513 10415 10415 10415 10415 2264
20191030 1514 10415 10420 10400 10420 2176
20191030 1515 10415 10415 10415 10415 2264
20191030 1516 10415 10420 10415 10420 2264
20191030 1517 10420 10420 10420 10420 2264
20191030 1518 10420 10420 10420 10420 1510
20191030 1519 10420 10420 10415 10415 1509
20191030 1520 10415 10415 10415 10415 755
20191031 1055 10405 10405 10405 10405 67
20191031 1058 10405 10405 10405 10405 64
20191031 1100 10400 10400 10400 10400 63
20191031 1103 10405 10405 10405 10405 64
20191031 1105 10405 10405 10405 10405 64
20191031 1108 10400 10400 10400 10400 64
20191031 1111 10395 10395 10395 10395 64
20191031 1113 10400 10400 10400 10400 63
20191031 1116 10395 10395 10395 10395 64
20191031 1118 10395 10395 10395 10395 64
20191031 1121 10395 10395 10395 10395 64
20191031 1124 10400 10400 10400 10400 64
20191031 1126 10400 10400 10400 10400 64
20191031 1129 10400 10400 10400 10400 63
20191031 1132 10400 10400 10400 10400 64
20191031 1134 10400 10400 10400 10400 64
20191031 1137 10400 10400 10400 10400 64
20191031 1139 10400 10400 10400 10400 64
20191031 1142 10400 10400 10400 10400 63
20191031 1145 10400 10400 10400 10400 64
20191031 1147 10400 10400 10400 10400 64
20191031 1150 10400 10400 10400 10400 64
20191031 1153 10400 10400 10400 10400 64
20191031 1155 10400 10400 10400 10400 63
20191031 1158 10400 10400 10400 10400 64
20191031 1200 10405 10405 10405 10405 64
20191031 1203 10405 10405 10405 10405 64
20191031 1206 10405 10405 10405 10405 64
20191031 1208 10405 10405 10405 10405 63
20191031 1211 10405 10405 10405 10405 64
20191031 1213 10410 10410 10410 10410 64
20191031 1216 10410 10410 10410 10410 64
20191031 1219 10410 10410 10410 10410 64
20191031 1221 10410 10410 10410 10410 64
20191031 1224 10410 10410 10410 10410 63
20191031 1227 10410 10410 10410 10410 64
20191031 1229 10410 10410 10410 10410 64
20191031 1232 10410 10410 10410 10410 64
20191031 1234 10405 10405 10405 10405 64
20191031 1237 10405 10405 10405 10405 63
20191031 1240 10405 10405 10405 10405 64
20191031 1242 10405 10405 10405 10405 64
20191031 1245 10410 10410 10410 10410 64
20191031 1247 10410 10410 10410 10410 64
20191031 1250 10410 10410 10410 10410 63
20191031 1253 10410 10410 10410 10410 64
20191031 1255 10410 10410 10410 10410 64
20191031 1258 10410 10410 10410 10410 64
20191031 1301 10410 10410 10410 10410 64
20191031 1303 10410 10410 10410 10410 64
20191031 1306 10415 10415 10415 10415 63
20191031 1308 10415 10415 10415 10415 64
20191031 1311 10415 10415 10415 10415 64
20191031 1314 10415 10415 10415 10415 64
20191031 1316 10410 10410 10410 10410 64
20191031 1319 10410 10410 10410 10410 63
20191031 1321 10410 10410 10410 10410 64
20191031 1324 10415 10415 10415 10415 64
20191031 1327 10410 10410 10410 10410 64
20191031 1329 10410 10410 10410 10410 64
20191031 1332 10410 10410 10410 10410 78
20191031 1335 10405 10405 10405 10405 64
20191031 1337 10405 10405 10405 10405 64
20191031 1340 10410 10410 10410 10410 64
20191031 1342 10410 10410 10410 10410 64
20191031 1345 10410 10410 10410 10410 63
20191031 1348 10410 10410 10410 10410 64
20191031 1350 10410 10410 10410 10410 64
20191031 1353 10410 10410 10410 10410 64
20191031 1355 10410 10410 10410 10410 64
20191031 1358 10410 10410 10410 10410 64
20191031 1401 10405 10405 10405 10405 63
20191031 1403 10405 10405 10405 10405 64
20191031 1406 10405 10405 10405 10405 64
20191031 1409 10410 10410 10410 10410 64
20191031 1411 10405 10405 10405 10405 64
20191031 1414 10405 10405 10405 10405 63
20191031 1416 10405 10405 10405 10405 64
20191031 1419 10405 10405 10405 10405 64
20191031 1422 10405 10405 10405 10405 64
20191031 1424 10405 10405 10405 10405 64
20191031 1427 10405 10405 10405 10405 63
20191031 1430 10410 10410 10410 10410 64
20191031 1432 10410 10410 10410 10410 64
20191031 1435 10410 10410 10410 10410 64
20191031 1437 10410 10410 10410 10410 64
20191031 1440 10410 10410 10410 10410 63
20191031 1443 10405 10405 10405 10405 64
20191031 1445 10405 10405 10405 10405 64
20191031 1448 10410 10410 10410 10410 64
20191031 1450 10405 10405 10405 10405 64
20191031 1453 10405 10405 10405 10405 64
20191031 1456 10405 10405 10405 10405 63
20191031 1458 10405 10405 10405 10405 64
20191031 1501 10405 10405 10405 10405 64
20191031 1504 10405 10405 10405 10405 64
20191031 1506 10410 10410 10410 10410 64
20191031 1509 10410 10410 10410 10410 63
20191031 1511 10405 10405 10405 10405 64
20191031 1516 10405 10405 10405 10405 64
