날짜 시간 시가 고가 저가 종가 거래량
20190902 921 100723 100723 100723 100723 1
20190902 1014 100723 100723 100723 100723 5
20190902 1027 100713 100713 100713 100713 251
20190902 1229 100713 100713 100713 100713 4
20190902 1230 100713 100713 100713 100713 745
20190902 1237 100713 100713 100713 100713 200
20190902 1252 100713 100713 100713 100713 200
20190902 1253 100713 100713 100713 100713 131
20190902 1417 100713 100713 100713 100713 594
20190902 1418 100713 100713 100713 100713 4158
20190902 1419 100713 100713 100713 100713 2376
20190902 1422 100713 100713 100713 100713 594
20190902 1424 100703 100703 100703 100703 94
20190902 1429 100703 100703 100703 100703 200
20190902 1450 100708 100713 100708 100713 301
20190902 1453 100708 100708 100708 100708 594
20190902 1503 100708 100708 100708 100708 594
20190902 1504 100708 100708 100708 100708 1782
20190902 1505 100708 100708 100708 100708 1188
20190902 1507 100703 100703 100703 100703 1188
20190902 1513 100698 100698 100698 100698 1
20190903 905 100688 100688 100688 100688 895
20190903 941 100688 100688 100684 100684 2400
20190903 942 100684 100684 100684 100684 6600
20190903 943 100684 100684 100684 100684 8400
20190903 944 100684 100684 100684 100684 7800
20190903 945 100684 100684 100684 100684 1200
20190903 946 100684 100684 100684 100684 1200
20190903 947 100684 100684 100684 100684 600
20190903 955 100698 100698 100698 100698 7
20190903 956 100698 100698 100698 100698 3
20190903 1008 100688 100688 100688 100688 2105
20190903 1353 100688 100688 100688 100688 6
20190903 1404 100688 100688 100688 100688 5
20190903 1415 100698 100698 100698 100698 1
20190903 1530 100688 100688 100688 100688 30
20190904 904 100688 100688 100688 100688 145
20190904 932 100703 100703 100703 100703 6000
20190904 937 100703 100703 100703 100703 1
20190904 948 100703 100703 100703 100703 50
20190904 957 100703 100703 100703 100703 100
20190904 959 100698 100698 100698 100698 100
20190904 1003 100698 100698 100698 100698 100
20190904 1005 100693 100693 100693 100693 500
20190904 1022 100688 100688 100688 100688 100
20190904 1045 100698 100698 100698 100698 500
20190904 1048 100693 100693 100693 100693 500
20190904 1049 100693 100693 100693 100693 4000
20190904 1050 100693 100693 100693 100693 3500
20190904 1051 100693 100693 100693 100693 3000
20190904 1052 100693 100693 100693 100693 3500
20190904 1053 100693 100693 100693 100693 500
20190904 1056 100693 100693 100693 100693 500
20190904 1116 100698 100698 100698 100698 1
20190904 1206 100693 100693 100693 100693 1
20190904 1211 100693 100693 100693 100693 499
20190904 1212 100693 100693 100693 100693 499
20190904 1213 100693 100693 100693 100693 4491
20190904 1214 100693 100698 100693 100698 1011
20190904 1431 100688 100688 100688 100688 1
20190904 1507 100684 100684 100684 100684 1
20190904 1508 100684 100684 100684 100684 3984
20190904 1509 100684 100684 100684 100684 1992
20190904 1519 100679 100679 100674 100674 499
20190904 1530 100669 100669 100669 100669 497
20190905 934 100684 100684 100684 100684 4202
20190905 1101 100664 100664 100664 100664 100
20190905 1202 100669 100669 100669 100669 1
20190905 1325 100674 100674 100674 100674 280
20190905 1326 100674 100674 100674 100674 280
20190905 1327 100674 100674 100674 100674 140
20190905 1328 100674 100674 100674 100674 280
20190905 1329 100674 100674 100674 100674 280
20190905 1330 100674 100674 100674 100674 140
20190905 1331 100674 100674 100674 100674 280
20190905 1332 100674 100674 100674 100674 280
20190905 1333 100674 100674 100674 100674 280
20190905 1334 100674 100674 100674 100674 140
20190905 1335 100674 100674 100674 100674 280
20190905 1336 100674 100674 100674 100674 280
20190905 1337 100674 100674 100674 100674 140
20190905 1338 100674 100674 100674 100674 280
20190905 1339 100674 100674 100674 100674 280
20190905 1340 100674 100674 100674 100674 280
20190905 1341 100674 100674 100674 100674 140
20190905 1342 100674 100674 100674 100674 280
20190905 1343 100674 100674 100674 100674 280
20190905 1344 100674 100674 100674 100674 140
20190905 1345 100674 100674 100674 100674 280
20190905 1346 100674 100674 100674 100674 280
20190905 1347 100674 100674 100674 100674 140
20190905 1348 100674 100674 100674 100674 280
20190905 1349 100674 100674 100674 100674 280
20190905 1350 100674 100674 100674 100674 140
20190905 1351 100674 100674 100674 100674 280
20190905 1352 100674 100674 100674 100674 280
20190905 1353 100674 100674 100674 100674 140
20190905 1354 100674 100674 100674 100674 280
20190905 1355 100674 100674 100674 100674 280
20190905 1356 100674 100674 100674 100674 140
20190905 1357 100674 100674 100674 100674 280
20190905 1358 100674 100674 100674 100674 280
20190905 1359 100674 100674 100674 100674 140
20190905 1400 100674 100674 100674 100674 280
20190905 1401 100674 100674 100669 100669 280
20190905 1402 100669 100669 100669 100669 140
20190905 1403 100669 100669 100669 100669 280
20190905 1404 100669 100669 100669 100669 280
20190905 1405 100664 100664 100664 100664 141
20190905 1406 100664 100664 100664 100664 280
20190905 1407 100664 100669 100664 100669 280
20190905 1408 100669 100669 100669 100669 140
20190905 1409 100669 100669 100669 100669 280
20190905 1410 100669 100669 100669 100669 280
20190905 1411 100669 100669 100669 100669 140
20190905 1412 100669 100669 100669 100669 280
20190905 1413 100669 100669 100669 100669 280
20190905 1414 100669 100669 100669 100669 140
20190905 1415 100669 100669 100669 100669 280
20190905 1416 100669 100669 100669 100669 280
20190905 1417 100669 100669 100669 100669 140
20190905 1418 100669 100669 100669 100669 280
20190905 1419 100669 100669 100669 100669 280
20190905 1420 100669 100669 100669 100669 140
20190905 1421 100669 100669 100669 100669 280
20190905 1422 100669 100669 100669 100669 280
20190905 1423 100669 100669 100669 100669 140
20190905 1424 100669 100669 100669 100669 140
20190905 1513 100664 100664 100664 100664 700
20190905 1514 100659 100664 100659 100664 3500
20190905 1515 100664 100664 100664 100664 11200
20190905 1516 100664 100664 100664 100664 7000
20190906 904 100669 100669 100669 100669 700
20190906 905 100669 100669 100669 100669 2800
20190906 906 100669 100669 100669 100669 2100
20190906 907 100669 100669 100659 100659 4545
20190906 908 100659 100659 100659 100659 14610
20190906 909 100659 100659 100659 100659 6434
20190906 910 100659 100659 100659 100659 17211
20190906 911 100659 100659 100659 100659 23874
20190906 912 100659 100664 100659 100664 10472
20190906 913 100664 100664 100664 100664 4763
20190906 914 100664 100664 100664 100664 4637
20190906 915 100664 100664 100664 100664 8965
20190906 918 100664 100664 100664 100664 1157
20190906 920 100659 100659 100659 100659 548
20190906 925 100659 100659 100659 100659 400
20190906 936 100654 100654 100649 100649 2000
20190906 937 100644 100644 100644 100644 1000
20190906 940 100644 100644 100644 100644 1000
20190906 941 100644 100644 100644 100644 1000
20190906 942 100644 100644 100644 100644 340
20190906 943 100644 100644 100644 100644 340
20190906 944 100644 100644 100644 100644 6000
20190906 945 100644 100644 100644 100644 8938
20190906 946 100644 100644 100644 100644 2957
20190906 947 100644 100644 100644 100644 3000
20190906 948 100644 100644 100644 100644 7000
20190906 949 100644 100644 100644 100644 3900
20190906 950 100644 100644 100644 100644 900
20190906 951 100644 100644 100644 100644 6300
20190906 952 100644 100644 100644 100644 1800
20190906 953 100644 100644 100644 100644 900
20190906 954 100644 100644 100644 100644 4500
20190906 955 100644 100644 100644 100644 2700
20190906 956 100644 100644 100644 100644 900
20190906 958 100639 100639 100639 100639 900
20190906 959 100639 100639 100639 100639 3700
20190906 1001 100639 100639 100639 100639 1514
20190906 1002 100639 100639 100639 100639 757
20190906 1003 100639 100639 100639 100639 3785
20190906 1004 100639 100639 100639 100639 1514
20190906 1006 100639 100639 100639 100639 1
20190906 1008 100639 100644 100639 100644 757
20190906 1022 100629 100634 100629 100634 757
20190906 1026 100629 100629 100629 100629 2
20190906 1029 100629 100629 100629 100629 450
20190906 1030 100634 100634 100634 100634 616
20190906 1037 100634 100634 100634 100634 13
20190906 1058 100634 100634 100634 100634 550
20190906 1120 100634 100634 100629 100629 50
20190906 1301 100629 100629 100629 100629 500
20190906 1331 100634 100634 100634 100634 475
20190906 1336 100634 100634 100634 100634 475
20190909 1511 100654 100654 100654 100654 3
20190910 935 100679 100679 100679 100679 500
20190910 936 100674 100674 100674 100674 16500
20190910 937 100674 100674 100674 100674 12500
20190910 938 100674 100674 100669 100669 12500
20190910 939 100669 100669 100669 100669 36135
20190910 940 100669 100669 100669 100669 9504
20190910 941 100669 100669 100669 100669 3456
20190910 942 100674 100674 100674 100674 87
20190910 944 100669 100669 100669 100669 1587
20190910 949 100664 100664 100664 100664 1
20190910 951 100669 100669 100669 100669 3640
20190910 952 100669 100669 100669 100669 10153
20190910 953 100669 100669 100669 100669 7360
20190910 954 100669 100669 100669 100669 6236
20190910 955 100669 100669 100669 100669 2600
20190910 956 100669 100669 100669 100669 2802
20190910 957 100669 100669 100669 100669 2400
20190910 958 100669 100669 100669 100669 6000
20190910 959 100669 100669 100669 100669 2400
20190910 1001 100669 100669 100669 100669 600
20190910 1002 100669 100669 100669 100669 2400
20190910 1003 100669 100669 100669 100669 6000
20190910 1004 100669 100669 100669 100669 7448
20190910 1005 100669 100669 100669 100669 1856
20190910 1006 100669 100669 100669 100669 2187
20190910 1036 100669 100669 100669 100669 1
20190910 1042 100669 100669 100669 100669 9
20190910 1111 100669 100669 100669 100669 1
20190910 1400 100679 100679 100679 100679 16
20190910 1402 100679 100679 100679 100679 16
20190910 1403 100679 100679 100679 100679 16
20190910 1404 100679 100679 100679 100679 15
20190910 1405 100679 100679 100679 100679 16
20190910 1406 100679 100679 100679 100679 32
20190910 1408 100679 100679 100679 100679 16
20190910 1409 100679 100679 100679 100679 16
20190910 1410 100679 100679 100679 100679 16
20190910 1411 100679 100679 100679 100679 16
20190910 1412 100679 100679 100679 100679 32
20190910 1414 100679 100679 100679 100679 16
20190910 1415 100679 100679 100679 100679 16
20190910 1416 100679 100679 100679 100679 16
20190910 1417 100679 100679 100679 100679 16
20190910 1418 100679 100679 100679 100679 31
20190910 1420 100679 100679 100679 100679 16
20190910 1421 100679 100679 100679 100679 16
20190910 1422 100679 100679 100679 100679 15
20190910 1423 100679 100679 100679 100679 16
20190910 1424 100679 100679 100679 100679 32
20190910 1425 100679 100679 100679 100679 16
20190910 1426 100679 100679 100679 100679 16
20190910 1427 100679 100679 100679 100679 16
20190910 1428 100679 100679 100679 100679 16
20190910 1429 100679 100679 100679 100679 16
20190910 1430 100679 100679 100679 100679 15
20190910 1431 100679 100679 100679 100679 16
20190910 1432 100679 100679 100679 100679 16
20190910 1433 100679 100679 100679 100679 16
20190910 1434 100679 100679 100679 100679 16
20190910 1435 100679 100679 100679 100679 16
20190910 1436 100679 100679 100679 100679 16
20190910 1437 100679 100679 100679 100679 16
20190910 1438 100679 100679 100679 100679 16
20190910 1439 100679 100679 100679 100679 15
20190910 1440 100679 100679 100679 100679 16
20190910 1441 100679 100679 100679 100679 16
20190910 1442 100679 100679 100679 100679 16
20190910 1443 100679 100679 100679 100679 376
20190910 1444 100679 100679 100679 100679 196
20190910 1445 100679 100679 100679 100679 196
20190910 1446 100679 100679 100679 100679 376
20190910 1447 100679 100679 100679 100679 196
20190910 1448 100679 100679 100679 100679 195
20190910 1449 100679 100679 100679 100679 376
20190910 1450 100679 100679 100679 100679 196
20190910 1451 100679 100679 100679 100679 196
20190910 1452 100679 100679 100679 100679 376
20190910 1453 100679 100679 100679 100679 196
20190910 1454 100679 100679 100679 100679 376
20190910 1455 100679 100679 100679 100679 196
20190910 1456 100679 100679 100679 100679 195
20190910 1457 100679 100679 100679 100679 376
20190910 1458 100679 100679 100679 100679 196
20190910 1459 100679 100679 100679 100679 196
20190910 1500 100679 100679 100679 100679 376
20190910 1501 100679 100679 100679 100679 196
20190910 1502 100679 100679 100679 100679 196
20190910 1503 100679 100679 100679 100679 376
20190910 1504 100679 100679 100679 100679 196
20190910 1505 100679 100679 100679 100679 195
20190910 1506 100679 100679 100679 100679 376
20190910 1507 100679 100679 100679 100679 196
20190910 1508 100679 100679 100679 100679 196
20190910 1509 100679 100679 100679 100679 376
20190910 1510 100679 100679 100679 100679 196
20190910 1511 100679 100679 100679 100679 196
20190910 1512 100679 100679 100679 100679 376
20190910 1513 100679 100679 100679 100679 196
20190910 1514 100679 100679 100679 100679 195
20190910 1515 100679 100679 100679 100679 376
20190910 1516 100679 100679 100679 100679 196
20190910 1517 100679 100679 100679 100679 196
20190910 1518 100679 100679 100679 100679 375
20190910 1519 100679 100679 100679 100679 196
20190911 924 100669 100669 100669 100669 3000
20190911 1035 100669 100669 100669 100669 5
20190911 1121 100664 100664 100664 100664 1
20190911 1141 100674 100674 100674 100674 1
20190911 1145 100674 100674 100674 100674 1
20190911 1221 100674 100674 100674 100674 1
20190911 1359 100674 100674 100674 100674 20
20190911 1400 100674 100674 100674 100674 40
20190911 1401 100674 100674 100674 100674 40
20190911 1402 100674 100674 100674 100674 20
20190911 1403 100674 100674 100674 100674 40
20190911 1404 100674 100674 100674 100674 40
20190911 1405 100674 100674 100674 100674 20
20190911 1406 100674 100674 100669 100669 126
20190911 1407 100669 100669 100669 100669 40
20190911 1408 100669 100669 100669 100669 20
20190911 1409 100669 100669 100669 100669 40
20190911 1410 100669 100669 100669 100669 40
20190911 1411 100669 100669 100669 100669 20
20190911 1412 100669 100669 100669 100669 40
20190911 1413 100669 100669 100669 100669 40
20190911 1414 100669 100669 100669 100669 20
20190911 1415 100669 100669 100669 100669 40
20190911 1416 100669 100669 100669 100669 40
20190911 1417 100669 100669 100669 100669 20
20190911 1418 100669 100669 100669 100669 40
20190911 1419 100669 100669 100669 100669 40
20190911 1420 100669 100669 100669 100669 20
20190911 1421 100669 100669 100669 100669 40
20190911 1422 100669 100669 100669 100669 40
20190911 1423 100669 100669 100669 100669 20
20190911 1424 100669 100669 100669 100669 40
20190911 1425 100669 100669 100669 100669 40
20190911 1426 100669 100669 100669 100669 20
20190911 1427 100669 100669 100669 100669 40
20190911 1428 100669 100669 100669 100669 20
20190911 1429 100669 100669 100669 100669 20
20190911 1430 100664 100664 100664 100664 90
20190911 1449 100664 100664 100664 100664 17
20190911 1455 100664 100664 100664 100664 3
20190916 1029 100644 100644 100644 100644 1000
20190916 1119 100639 100639 100639 100639 10
20190916 1213 100634 100634 100634 100634 1
20190916 1226 100634 100634 100634 100634 9
20190916 1332 100634 100634 100634 100634 1000
20190916 1335 100634 100634 100634 100634 1
20190916 1336 100629 100629 100629 100629 1
20190916 1337 100634 100634 100634 100634 1
20190916 1338 100629 100634 100629 100634 2
20190916 1339 100629 100634 100629 100629 3
20190916 1340 100634 100634 100629 100629 2
20190916 1432 100629 100629 100629 100629 2
20190916 1504 100629 100629 100625 100625 3200
20190916 1505 100625 100625 100625 100625 7200
20190916 1506 100625 100625 100625 100625 2400
20190916 1508 100625 100625 100625 100625 400
20190916 1510 100625 100625 100625 100625 730
20190916 1511 100625 100625 100625 100625 3650
20190916 1512 100625 100625 100625 100625 5110
20190916 1513 100620 100620 100620 100620 365
20190916 1514 100620 100620 100620 100620 35
20190917 907 100620 100620 100620 100620 1
20190917 1306 100629 100629 100629 100629 6
20190917 1340 100629 100629 100629 100629 814
20190917 1348 100639 100639 100639 100639 1000
20190917 1438 100639 100639 100634 100634 4000
20190917 1443 100634 100634 100634 100634 96
20190918 945 100639 100639 100639 100639 18
20190918 1019 100644 100644 100644 100644 2
20190918 1042 100639 100639 100639 100639 52
20190918 1447 100644 100644 100644 100644 42
20190918 1502 100634 100634 100634 100634 9
20190918 1518 100639 100639 100639 100639 330
20190918 1519 100634 100634 100634 100634 1320
20190918 1520 100634 100634 100634 100634 330
20190918 1530 100629 100629 100629 100629 330
20190919 1028 100654 100654 100654 100654 1
20190919 1029 100644 100644 100644 100644 1
20190919 1030 100654 100654 100644 100654 3
20190919 1031 100644 100654 100644 100644 5
20190919 1126 100654 100654 100654 100654 450
20190919 1133 100649 100649 100649 100649 720
20190919 1134 100649 100649 100649 100649 1109
20190919 1135 100649 100649 100649 100649 1004
20190919 1136 100649 100649 100649 100649 555
20190919 1137 100649 100649 100649 100649 90
20190919 1138 100649 100649 100649 100649 540
20190919 1139 100649 100649 100649 100649 4284
20190919 1140 100649 100649 100649 100649 1696
20190919 1141 100649 100649 100649 100649 734
20190919 1142 100649 100649 100649 100649 450
20190919 1143 100649 100649 100649 100649 5204
20190919 1144 100649 100649 100649 100649 1800
20190919 1153 100649 100649 100649 100649 450
20190919 1219 100649 100649 100649 100649 450
20190919 1222 100649 100649 100649 100649 450
20190919 1223 100649 100649 100649 100649 2250
20190919 1224 100649 100654 100649 100649 1860
20190919 1225 100649 100649 100649 100649 2820
20190919 1228 100649 100649 100649 100649 3290
20190919 1229 100649 100649 100649 100649 3135
20190919 1230 100649 100649 100649 100649 425
20190919 1231 100649 100649 100649 100649 450
20190919 1232 100649 100649 100649 100649 20
20190919 1418 100649 100649 100649 100649 3140
20190919 1420 100654 100659 100654 100659 3000
20190919 1421 100659 100659 100659 100659 470
20190919 1424 100659 100659 100659 100659 200
20190919 1427 100649 100649 100649 100649 3000
20190919 1428 100649 100649 100649 100649 1000
20190919 1440 100654 100654 100654 100654 200
20190919 1506 100654 100654 100654 100654 305
20190920 912 100639 100639 100639 100639 1318
20190920 1009 100639 100639 100639 100639 3
20190920 1132 100639 100639 100639 100639 1
20190923 932 100644 100644 100644 100644 500
20190923 933 100639 100639 100639 100639 2500
20190923 934 100639 100639 100634 100634 5548
20190923 935 100634 100634 100634 100634 3212
20190923 936 100634 100634 100634 100634 4760
20190923 937 100634 100634 100634 100634 3808
20190923 938 100634 100634 100634 100634 952
20190923 939 100634 100634 100634 100634 1904
20190923 941 100634 100634 100634 100634 952
20190923 944 100634 100634 100634 100634 2856
20190923 945 100634 100634 100634 100634 950
20190923 946 100634 100634 100634 100634 952
20190923 950 100634 100634 100634 100634 952
20190923 951 100634 100634 100634 100634 2354
20190923 952 100634 100634 100634 100634 950
20190923 954 100634 100634 100634 100634 952
20190923 955 100634 100634 100634 100634 952
20190923 957 100634 100634 100634 100634 952
20190923 1000 100634 100634 100634 100634 1897
20190923 1001 100634 100634 100634 100634 952
20190923 1002 100634 100634 100634 100634 2814
20190923 1004 100634 100634 100634 100634 931
20190923 1014 100634 100634 100634 100634 931
20190923 1015 100634 100634 100634 100634 931
20190923 1021 100634 100634 100634 100634 1
20190923 1026 100634 100634 100634 100634 486
20190923 1030 100634 100634 100634 100634 1346
20190923 1032 100634 100634 100634 100634 931
20190923 1039 100634 100634 100629 100629 4792
20190923 1042 100625 100629 100625 100629 1831
20190923 1047 100634 100634 100634 100634 929
20190923 1048 100634 100634 100634 100634 3322
20190923 1049 100634 100634 100634 100634 4640
20190923 1050 100634 100634 100634 100634 1360
20190923 1051 100634 100634 100634 100634 2400
20190923 1052 100634 100639 100634 100634 2187
20190923 1053 100634 100634 100634 100634 1353
20190923 1054 100634 100634 100634 100634 3511
20190923 1055 100634 100634 100634 100634 965
20190923 1056 100634 100634 100634 100634 10259
20190923 1057 100634 100634 100634 100634 8923
20190923 1058 100634 100634 100634 100634 3729
20190923 1059 100634 100634 100634 100634 3005
20190923 1105 100629 100629 100629 100629 500
20190923 1116 100629 100629 100629 100629 620
20190923 1117 100634 100634 100634 100634 849
20190923 1123 100634 100634 100634 100634 2188
20190923 1125 100634 100634 100634 100634 1446
20190923 1126 100634 100634 100634 100634 5600
20190923 1127 100634 100634 100634 100634 12000
20190923 1128 100634 100634 100634 100634 7200
20190923 1130 100629 100629 100629 100629 800
20190923 1136 100634 100634 100634 100634 103
20190923 1138 100634 100634 100634 100634 439
20190923 1141 100634 100634 100629 100629 18
20190923 1142 100634 100634 100629 100629 8
20190923 1143 100629 100629 100629 100629 426
20190923 1530 100634 100634 100634 100634 2
20190924 1105 100629 100629 100629 100629 1
20190924 1233 100629 100629 100625 100625 68
20190924 1234 100629 100629 100625 100625 32
20190924 1304 100625 100625 100625 100625 20
20190924 1307 100625 100625 100625 100625 10
20190924 1333 100629 100629 100629 100629 550
20190924 1358 100625 100625 100625 100625 21
20190924 1414 100625 100625 100625 100625 3
20190924 1457 100634 100634 100629 100629 2000
20190924 1502 100629 100629 100629 100629 1000
20190924 1503 100629 100629 100629 100629 4000
20190924 1504 100629 100629 100629 100629 4500
20190924 1505 100629 100629 100629 100629 5000
20190924 1512 100629 100629 100629 100629 3000
20190924 1513 100629 100629 100629 100629 3500
20190924 1516 100629 100629 100629 100629 500
20190924 1517 100629 100629 100629 100629 1760
20190924 1518 100629 100629 100629 100629 880
20190924 1530 100629 100629 100629 100629 500
20190925 908 100639 100639 100639 100639 48
20190925 922 100639 100639 100639 100639 2000
20190925 923 100634 100634 100634 100634 13000
20190925 924 100634 100644 100634 100644 15998
20190925 925 100644 100644 100644 100644 24966
20190925 926 100644 100644 100644 100644 10945
20190925 927 100644 100644 100644 100644 16915
20190925 928 100644 100644 100644 100644 2669
20190925 931 100644 100644 100644 100644 995
20190925 932 100644 100644 100644 100644 1245
20190925 933 100644 100644 100644 100644 2640
20190925 934 100644 100644 100644 100644 595
20190925 937 100644 100644 100644 100644 1645
20190925 940 100644 100644 100639 100639 4333
20190925 941 100639 100639 100639 100639 3323
20190925 942 100639 100639 100639 100639 14880
20190925 943 100639 100639 100639 100639 12295
20190925 944 100639 100639 100639 100639 17226
20190925 945 100639 100639 100639 100639 11295
20190925 946 100639 100639 100639 100639 5943
20190925 947 100639 100639 100639 100639 12314
20190925 948 100639 100639 100639 100639 7156
20190925 949 100639 100639 100639 100639 9497
20190925 950 100639 100639 100639 100639 13190
20190925 951 100639 100639 100639 100639 16743
20190925 952 100639 100639 100629 100629 11652
20190925 953 100634 100639 100634 100639 5276
20190925 954 100639 100639 100639 100639 11044
20190925 955 100639 100639 100639 100639 23892
20190925 956 100639 100639 100639 100639 32942
20190925 957 100639 100639 100639 100639 4633
20190925 958 100639 100639 100639 100639 6653
20190925 959 100639 100639 100634 100634 3779
20190925 1007 100634 100634 100634 100634 244
20190925 1008 100634 100634 100634 100634 192
20190925 1013 100634 100634 100634 100634 600
20190925 1018 100634 100634 100634 100634 700
20190925 1019 100639 100639 100639 100639 1
20190925 1020 100634 100634 100634 100634 700
20190925 1022 100634 100634 100634 100634 1700
20190925 1029 100629 100629 100629 100629 500
20190925 1032 100634 100634 100634 100634 1525
20190925 1033 100634 100634 100634 100634 2291
20190925 1034 100634 100634 100634 100634 586
20190925 1035 100634 100634 100634 100634 1166
20190925 1036 100634 100634 100634 100634 1160
20190925 1038 100629 100629 100629 100629 3
20190925 1039 100629 100629 100625 100625 1596
20190925 1051 100629 100629 100629 100629 410
20190925 1121 100634 100634 100634 100634 937
20190925 1123 100634 100634 100634 100634 1000
20190925 1131 100634 100634 100634 100634 1095
20190925 1132 100634 100634 100634 100634 194
20190925 1135 100629 100629 100629 100629 395
20190925 1137 100634 100634 100634 100634 512
20190925 1141 100634 100634 100634 100634 912
20190925 1146 100634 100634 100634 100634 6
20190925 1149 100634 100634 100629 100629 50
20190925 1152 100634 100634 100634 100634 506
20190925 1156 100634 100634 100634 100634 241
20190925 1203 100634 100634 100634 100634 4
20190925 1204 100629 100634 100629 100629 64
20190925 1205 100634 100634 100629 100629 772
20190925 1208 100634 100634 100629 100629 50
20190925 1211 100634 100634 100629 100629 761
20190925 1231 100634 100634 100634 100634 686
20190925 1232 100634 100634 100634 100634 9
20190925 1241 100634 100634 100634 100634 678
20190925 1243 100634 100634 100634 100634 1650
20190925 1244 100634 100634 100634 100634 1650
20190925 1245 100634 100634 100634 100634 3300
20190925 1246 100634 100634 100634 100634 550
20190925 1247 100634 100634 100634 100634 1650
20190925 1248 100634 100634 100634 100634 1100
20190925 1249 100634 100634 100634 100634 550
20190925 1250 100634 100634 100634 100634 550
20190925 1251 100634 100634 100634 100634 2008
20190925 1252 100634 100634 100634 100634 1356
20190925 1253 100634 100634 100634 100634 2299
20190925 1254 100634 100634 100634 100634 1556
20190925 1255 100634 100634 100634 100634 5110
20190925 1256 100634 100634 100634 100634 948
20190925 1257 100634 100634 100634 100634 572
20190925 1300 100634 100634 100634 100634 1835
20190925 1301 100634 100634 100634 100634 1779
20190925 1302 100634 100634 100634 100634 2621
20190925 1312 100634 100634 100634 100634 1135
20190925 1318 100634 100634 100634 100634 865
20190925 1324 100634 100634 100634 100634 388
20190925 1334 100629 100629 100629 100629 838
20190925 1344 100634 100634 100629 100629 2
20190925 1422 100629 100629 100629 100629 603
20190925 1509 100634 100634 100629 100629 584
20190925 1515 100634 100634 100634 100634 1637
20190926 904 100644 100644 100644 100644 110
20190926 925 100644 100644 100644 100644 5
20190926 938 100644 100644 100644 100644 1
20190926 1004 100644 100644 100644 100644 1
20190926 1035 100649 100649 100639 100639 2
20190926 1353 100654 100654 100654 100654 1
20190926 1517 100654 100654 100649 100649 700
20190926 1518 100649 100649 100644 100644 5950
20190927 911 100649 100649 100649 100649 6
20190927 1049 100659 100659 100659 100659 410
20190927 1051 100654 100654 100654 100654 410
20190927 1054 100654 100654 100654 100654 410
20190927 1055 100654 100654 100654 100654 2870
20190927 1056 100654 100654 100654 100654 3690
20190927 1057 100654 100654 100654 100654 3280
20190927 1058 100654 100654 100654 100654 2050
20190927 1059 100654 100654 100654 100654 820
20190927 1101 100654 100654 100654 100654 820
20190927 1102 100654 100654 100654 100654 4920
20190927 1103 100654 100654 100654 100654 1737
20190927 1104 100659 100659 100659 100659 100
20190927 1105 100654 100654 100654 100654 3254
20190927 1106 100654 100654 100654 100654 2331
20190927 1108 100659 100659 100654 100654 2390
20190927 1109 100654 100654 100654 100654 5290
20190927 1110 100654 100654 100654 100654 2298
20190927 1111 100654 100654 100654 100654 2298
20190927 1112 100654 100654 100654 100654 3534
20190927 1113 100654 100654 100654 100654 14200
20190927 1114 100654 100654 100654 100654 710
20190927 1139 100654 100654 100654 100654 710
20190927 1146 100649 100649 100649 100649 300
20190927 1220 100649 100649 100649 100649 410
20190927 1229 100659 100659 100659 100659 5
20190927 1346 100659 100659 100654 100654 2800
20190927 1347 100654 100654 100654 100654 7600
20190927 1348 100654 100654 100654 100654 5600
20190927 1349 100654 100654 100654 100654 150
20190927 1446 100654 100654 100649 100649 99
20190927 1514 100649 100649 100649 100649 150
20190927 1519 100654 100654 100654 100654 1250
20190927 1520 100654 100654 100649 100649 1500
20190930 1038 100669 100669 100669 100669 440
20190930 1039 100664 100664 100664 100664 1320
20190930 1040 100664 100664 100664 100664 3080
20190930 1041 100664 100664 100664 100664 3080
20190930 1042 100664 100664 100664 100664 1760
20190930 1043 100664 100664 100664 100664 1268
20190930 1044 100664 100664 100664 100664 2172
20190930 1045 100664 100664 100664 100664 2195
20190930 1046 100664 100664 100664 100664 1537
20190930 1047 100664 100664 100664 100664 657
20190930 1048 100664 100664 100664 100664 440
20190930 1050 100664 100669 100664 100664 1312
20190930 1051 100664 100669 100664 100669 440
20190930 1052 100664 100664 100664 100664 1115
20190930 1053 100664 100664 100664 100664 861
20190930 1054 100664 100664 100664 100664 1163
20190930 1055 100664 100664 100664 100664 1289
20190930 1056 100664 100664 100664 100664 2747
20190930 1057 100664 100664 100664 100664 4327
20190930 1058 100664 100664 100664 100664 3045
20190930 1100 100664 100664 100664 100664 1445
20190930 1103 100659 100659 100659 100659 200
20190930 1107 100664 100664 100664 100664 692
20190930 1111 100664 100664 100664 100664 4152
20190930 1112 100664 100664 100664 100664 6920
20190930 1113 100664 100664 100659 100659 3250
20190930 1115 100659 100659 100659 100659 8449
20190930 1116 100659 100659 100659 100659 5850
20190930 1117 100659 100664 100659 100664 2601
20190930 1118 100659 100664 100654 100654 653
20190930 1120 100659 100664 100654 100654 653
20190930 1122 100659 100659 100654 100654 50
20190930 1123 100659 100659 100654 100654 50
20190930 1124 100659 100664 100659 100664 602
20190930 1131 100659 100659 100659 100659 5
20190930 1133 100659 100664 100654 100654 640
20190930 1134 100659 100659 100659 100659 5
20190930 1135 100659 100664 100654 100654 635
20190930 1141 100659 100664 100654 100654 635
20190930 1143 100659 100664 100654 100654 635
20190930 1144 100659 100659 100654 100654 334
20190930 1224 100654 100654 100654 100654 3
20190930 1314 100654 100654 100654 100654 10
20190930 1354 100659 100659 100659 100659 1
20190930 1355 100659 100659 100659 100659 935
20190930 1450 100664 100669 100664 100669 250
20190930 1451 100664 100664 100664 100664 2250
20190930 1452 100664 100664 100664 100664 1500
20190930 1453 100664 100664 100664 100664 1500
20190930 1454 100664 100664 100664 100664 960
20190930 1455 100664 100664 100659 100659 730
20190930 1509 100664 100669 100664 100669 333
20190930 1516 100669 100669 100669 100669 400
20190930 1517 100669 100669 100669 100669 550
20190930 1518 100669 100669 100669 100669 50
