날짜 시간 시가 고가 저가 종가 거래량
20191101 901 22555 22605 22555 22605 102
20191101 902 22560 22560 22560 22560 1
20191101 905 22550 22550 22550 22550 1
20191101 908 22585 22585 22585 22585 50
20191101 909 22585 22585 22585 22585 1
20191101 912 22585 22605 22585 22595 17
20191101 914 22585 22585 22585 22585 108
20191101 915 22575 22575 22575 22575 1
20191101 916 22570 22570 22560 22560 8
20191101 917 22580 22580 22555 22555 124
20191101 918 22550 22550 22550 22550 8
20191101 919 22550 22550 22540 22540 6
20191101 921 22540 22540 22515 22525 341
20191101 922 22510 22510 22510 22510 2
20191101 923 22505 22505 22495 22495 130
20191101 925 22490 22490 22475 22475 29
20191101 926 22470 22470 22465 22465 4
20191101 927 22460 22460 22435 22435 14
20191101 928 22430 22430 22425 22425 22
20191101 929 22420 22420 22420 22420 2
20191101 931 22480 22485 22480 22485 240
20191101 933 22475 22475 22475 22475 1
20191101 934 22480 22480 22480 22480 10
20191101 935 22480 22480 22480 22480 30
20191101 938 22485 22485 22485 22485 30
20191101 940 22480 22480 22480 22480 18
20191101 947 22480 22480 22480 22480 522
20191101 948 22480 22480 22480 22480 1
20191101 956 22540 22540 22535 22535 7
20191101 1002 22535 22535 22535 22535 22
20191101 1003 22535 22580 22535 22580 79
20191101 1011 22560 22560 22560 22560 34
20191101 1019 22545 22545 22545 22545 1
20191101 1021 22545 22545 22545 22545 6
20191101 1022 22505 22505 22490 22490 39
20191101 1023 22490 22490 22490 22490 1
20191101 1026 22560 22560 22560 22560 1
20191101 1034 22555 22555 22555 22555 1
20191101 1042 22555 22555 22555 22555 10
20191101 1043 22555 22555 22555 22555 41
20191101 1044 22555 22555 22555 22555 15
20191101 1045 22555 22555 22555 22555 1
20191101 1049 22555 22555 22555 22555 5
20191101 1050 22600 22600 22600 22600 1
20191101 1051 22605 22605 22605 22605 110
20191101 1054 22605 22605 22605 22605 1321
20191101 1055 22615 22625 22615 22625 50
20191101 1056 22630 22630 22630 22630 10
20191101 1057 22620 22620 22620 22620 1
20191101 1100 22595 22595 22595 22595 1
20191101 1101 22595 22595 22595 22595 1
20191101 1105 22575 22575 22575 22575 1
20191101 1106 22575 22575 22575 22575 6
20191101 1111 22575 22575 22575 22575 2
20191101 1113 22575 22575 22575 22575 1
20191101 1116 22550 22550 22540 22540 2043
20191101 1120 22575 22575 22575 22575 1
20191101 1128 22575 22575 22575 22575 1
20191101 1129 22575 22575 22575 22575 2
20191101 1133 22570 22570 22570 22570 2
20191101 1136 22570 22570 22570 22570 1
20191101 1137 22570 22570 22570 22570 4
20191101 1141 22565 22565 22550 22550 19
20191101 1144 22570 22570 22570 22570 1
20191101 1145 22570 22570 22570 22570 46
20191101 1151 22570 22570 22570 22570 1
20191101 1154 22550 22550 22550 22550 243
20191101 1155 22545 22545 22530 22530 155
20191101 1156 22535 22535 22535 22535 7
20191101 1159 22550 22550 22550 22550 1
20191101 1201 22530 22530 22530 22530 2
20191101 1202 22525 22525 22520 22520 8
20191101 1207 22550 22550 22550 22550 6
20191101 1211 22550 22550 22550 22550 5
20191101 1214 22545 22545 22545 22545 1
20191101 1218 22540 22540 22540 22540 10
20191101 1222 22530 22530 22530 22530 1
20191101 1223 22530 22530 22530 22530 22
20191101 1227 22545 22545 22545 22545 5
20191101 1228 22545 22545 22545 22545 3
20191101 1230 22545 22545 22545 22545 1
20191101 1238 22570 22570 22570 22570 1
20191101 1241 22570 22570 22570 22570 2
20191101 1245 22570 22590 22570 22590 269
20191101 1249 22570 22570 22570 22570 10
20191101 1250 22570 22570 22570 22570 68
20191101 1251 22590 22590 22590 22590 6
20191101 1253 22600 22600 22600 22600 1
20191101 1255 22590 22590 22590 22590 4
20191101 1256 22590 22590 22590 22590 10
20191101 1301 22590 22590 22590 22590 2
20191101 1306 22590 22590 22590 22590 10
20191101 1308 22590 22590 22590 22590 1
20191101 1313 22580 22580 22580 22580 15
20191101 1314 22580 22580 22580 22580 34
20191101 1316 22580 22580 22575 22580 37
20191101 1317 22570 22570 22570 22570 20
20191101 1318 22570 22570 22570 22570 150
20191101 1319 22565 22565 22565 22565 10
20191101 1321 22560 22560 22555 22555 40
20191101 1324 22550 22560 22550 22560 11
20191101 1332 22580 22580 22580 22580 1
20191101 1334 22580 22580 22580 22580 2045
20191101 1336 22580 22580 22580 22580 3
20191101 1339 22570 22570 22570 22570 11
20191101 1346 22550 22550 22550 22550 3
20191101 1347 22550 22550 22550 22550 1
20191101 1348 22540 22540 22535 22535 2
20191101 1349 22530 22530 22530 22530 93
20191101 1351 22515 22515 22510 22510 125
20191101 1352 22510 22510 22510 22510 2
20191101 1355 22520 22520 22520 22520 1
20191101 1401 22510 22510 22505 22505 6
20191101 1402 22520 22520 22520 22520 1
20191101 1405 22500 22500 22500 22500 29
20191101 1410 22505 22505 22505 22505 1
20191101 1415 22505 22505 22485 22485 220
20191101 1416 22490 22490 22490 22490 200
20191101 1418 22495 22495 22490 22490 11
20191101 1419 22490 22490 22490 22490 16
20191101 1422 22490 22490 22490 22490 50
20191101 1423 22495 22495 22495 22495 1
20191101 1425 22495 22495 22495 22495 48
20191101 1426 22500 22500 22500 22500 1
20191101 1431 22500 22505 22500 22505 99
20191101 1432 22510 22510 22510 22510 50
20191101 1433 22540 22540 22540 22540 1
20191101 1437 22540 22540 22540 22540 20
20191101 1441 22570 22570 22570 22570 1
20191101 1447 22580 22580 22580 22580 99
20191101 1448 22620 22620 22620 22620 3
20191101 1449 22630 22630 22630 22630 1
20191101 1453 22630 22630 22630 22630 301
20191101 1454 22625 22625 22615 22615 300
20191101 1456 22625 22630 22625 22630 201
20191101 1457 22630 22630 22630 22630 825
20191101 1458 22635 22635 22635 22635 20
20191101 1501 22635 22635 22635 22635 179
20191101 1503 22645 22645 22645 22645 100
20191101 1504 22640 22645 22635 22645 129
20191101 1512 22635 22635 22635 22635 1
20191101 1513 22640 22640 22640 22640 5
20191101 1517 22620 22620 22620 22620 1
20191101 1520 22650 22650 22650 22650 1
20191101 1530 22650 22650 22650 22650 20
20191104 901 22810 22810 22810 22810 75
20191104 903 22850 22850 22835 22835 502
20191104 904 22840 22840 22840 22840 10
20191104 906 22845 22845 22845 22845 1
20191104 908 22810 22810 22810 22810 40
20191104 911 22840 22845 22810 22810 47
20191104 913 22815 22835 22815 22835 14
20191104 914 22840 22865 22840 22865 1079
20191104 915 22870 22870 22870 22870 2
20191104 916 22875 22895 22875 22895 10
20191104 918 22900 22910 22900 22910 15
20191104 919 22910 22910 22910 22910 1600
20191104 920 22910 22910 22910 22910 485
20191104 922 22950 22955 22950 22955 70
20191104 924 22945 22945 22945 22945 50
20191104 926 22945 22945 22935 22935 141
20191104 927 22940 22940 22940 22940 30
20191104 928 22930 22930 22930 22930 19
20191104 932 22955 22955 22955 22955 50
20191104 933 22955 22955 22955 22955 25
20191104 936 22980 22980 22980 22980 1
20191104 941 22980 22980 22980 22980 18
20191104 942 22980 22980 22980 22980 10
20191104 943 22985 22985 22985 22985 1
20191104 944 22980 22980 22980 22980 29
20191104 945 22980 22980 22980 22980 1
20191104 946 22980 22985 22980 22985 116
20191104 947 22985 22985 22985 22985 89
20191104 948 23000 23000 22985 22985 51
20191104 950 23000 23000 23000 23000 10
20191104 951 23000 23000 23000 23000 17
20191104 955 22985 22985 22985 22985 79
20191104 956 22980 22980 22980 22980 10
20191104 1007 22985 22985 22985 22985 20
20191104 1016 22985 22985 22985 22985 1
20191104 1017 22995 22995 22995 22995 230
20191104 1019 23000 23000 23000 23000 209
20191104 1020 23000 23010 23000 23010 29
20191104 1021 23030 23030 23030 23030 5
20191104 1022 23030 23035 23030 23035 925
20191104 1023 23025 23025 23025 23025 42
20191104 1024 23000 23020 22985 23020 270
20191104 1025 23030 23030 23030 23030 1
20191104 1031 23025 23025 23025 23025 3
20191104 1033 23040 23040 23040 23040 8
20191104 1034 23040 23050 23040 23050 120
20191104 1035 23060 23060 23060 23060 51
20191104 1036 23060 23060 23025 23025 15
20191104 1037 23025 23035 23025 23035 5
20191104 1038 23040 23060 23040 23055 19
20191104 1040 23050 23055 23050 23055 3368
20191104 1041 23050 23050 23050 23050 13
20191104 1042 23045 23045 23045 23045 217
20191104 1045 23040 23040 23035 23035 31
20191104 1050 23040 23040 23035 23035 14
20191104 1053 23035 23035 23035 23035 14
20191104 1057 23035 23040 23035 23040 887
20191104 1058 23030 23030 23030 23030 8
20191104 1059 23025 23025 23020 23020 46
20191104 1102 23015 23015 23015 23015 3
20191104 1106 23015 23015 23015 23015 6
20191104 1119 23025 23030 23025 23030 4
20191104 1120 23035 23035 23035 23035 1
20191104 1121 23035 23035 23035 23035 2
20191104 1122 23035 23035 23025 23025 6
20191104 1123 23030 23030 23025 23025 1090
20191104 1131 23040 23040 23040 23040 2
20191104 1134 23035 23035 23035 23035 1
20191104 1135 23030 23030 23030 23030 1
20191104 1136 23030 23030 23030 23030 1
20191104 1140 23015 23015 23015 23015 26
20191104 1141 23010 23010 23010 23010 1
20191104 1142 23010 23010 23010 23010 1
20191104 1143 23010 23010 23010 23010 3
20191104 1144 23010 23010 23000 23000 26
20191104 1145 23000 23000 23000 23000 5
20191104 1146 23000 23000 23000 23000 1
20191104 1147 23000 23000 23000 23000 1
20191104 1148 23000 23000 23000 23000 1
20191104 1149 23000 23000 23000 23000 16
20191104 1150 23000 23000 23000 23000 1
20191104 1151 23000 23000 23000 23000 1
20191104 1152 23000 23000 23000 23000 1
20191104 1153 23010 23010 23010 23010 3
20191104 1157 23010 23010 23010 23010 5
20191104 1158 23020 23020 23020 23020 2
20191104 1200 23020 23020 23020 23020 11
20191104 1206 23020 23020 23020 23020 2
20191104 1212 23020 23020 23020 23020 100
20191104 1213 23015 23015 23010 23010 11
20191104 1225 23010 23010 23010 23010 19
20191104 1226 23005 23005 23005 23005 2
20191104 1227 23000 23000 22995 22995 36
20191104 1229 22995 22995 22995 22995 40
20191104 1230 22995 22995 22995 22995 4
20191104 1232 22995 22995 22995 22995 3
20191104 1233 22990 22990 22990 22990 12
20191104 1234 22985 22985 22985 22985 48
20191104 1236 22980 22980 22980 22980 272
20191104 1238 22975 22975 22975 22975 42
20191104 1239 22975 22975 22975 22975 10
20191104 1241 22970 22970 22960 22960 48
20191104 1242 22955 22955 22950 22950 4
20191104 1244 22950 22950 22945 22945 11
20191104 1251 22960 22960 22960 22960 15
20191104 1254 22960 22960 22960 22960 500
20191104 1311 22955 22955 22955 22955 1
20191104 1318 22955 22955 22935 22935 69
20191104 1320 22930 22930 22925 22925 299
20191104 1321 22920 22920 22920 22920 12
20191104 1323 22915 22915 22915 22915 1
20191104 1326 22910 22910 22910 22910 50
20191104 1329 22910 22910 22910 22910 1
20191104 1331 22905 22905 22905 22905 101
20191104 1338 22910 22910 22910 22910 5
20191104 1343 22900 22900 22900 22900 44
20191104 1347 22910 22910 22910 22910 100
20191104 1350 22900 22900 22895 22895 598
20191104 1352 22870 22870 22860 22860 383
20191104 1353 22855 22855 22850 22850 70
20191104 1354 22845 22845 22845 22845 16
20191104 1355 22840 22840 22840 22840 17
20191104 1356 22835 22835 22835 22835 10
20191104 1401 22850 22850 22850 22850 2
20191104 1404 22860 22860 22860 22860 10
20191104 1411 22885 22885 22885 22885 9
20191104 1412 22885 22885 22885 22885 20
20191104 1418 22885 22885 22885 22885 1
20191104 1419 22885 22885 22885 22885 20
20191104 1420 22885 22885 22885 22885 80
20191104 1422 22880 22880 22870 22870 22
20191104 1424 22880 22885 22880 22885 182
20191104 1427 22900 22900 22900 22900 1
20191104 1428 22900 22900 22900 22900 5
20191104 1430 22900 22900 22900 22900 4
20191104 1433 22900 22900 22900 22900 1
20191104 1435 22900 22900 22900 22900 238
20191104 1436 22940 22940 22940 22940 9
20191104 1440 22940 22940 22940 22940 27
20191104 1441 22950 22960 22950 22960 8
20191104 1442 22960 22960 22960 22960 3
20191104 1454 22945 22945 22945 22945 5
20191104 1457 22945 22945 22945 22945 5
20191104 1458 22940 22940 22940 22940 10
20191104 1501 22935 22935 22935 22935 1
20191104 1506 22935 22935 22925 22925 65
20191104 1509 22950 22950 22950 22950 5
20191104 1510 22950 22950 22950 22950 1
20191104 1516 22950 22950 22950 22950 221
20191104 1518 22950 22950 22950 22950 18
20191104 1530 22970 22970 22970 22970 355
20191105 901 23095 23095 23060 23070 324
20191105 902 23060 23075 23000 23020 146
20191105 903 23025 23030 23025 23030 20
20191105 904 23035 23035 23035 23035 10
20191105 905 23030 23040 23030 23040 140
20191105 907 23030 23030 23030 23030 174
20191105 908 23005 23005 22995 23000 61
20191105 912 22970 22970 22970 22970 11
20191105 915 22975 22990 22975 22990 44
20191105 917 22995 23000 22995 23000 22
20191105 918 23005 23010 23005 23010 16
20191105 919 23010 23010 23010 23010 50
20191105 921 23010 23010 23010 23010 20
20191105 924 23045 23045 23045 23045 206
20191105 927 23035 23035 23020 23020 11
20191105 930 23025 23025 22980 22980 279
20191105 931 22975 22975 22975 22975 14
20191105 934 23020 23020 23020 23020 15
20191105 939 23030 23030 23030 23030 3
20191105 940 23035 23035 23035 23035 39
20191105 942 23025 23025 23025 23025 1
20191105 943 23020 23020 23020 23020 232
20191105 944 23005 23005 23005 23005 10
20191105 947 22995 22995 22995 22995 20
20191105 948 22970 22970 22945 22945 140
20191105 949 22945 22945 22945 22945 860
20191105 952 22985 22985 22985 22985 10
20191105 956 22955 22955 22955 22955 1
20191105 958 22960 22960 22960 22960 1
20191105 959 22955 22955 22950 22950 23
20191105 1000 22945 22945 22945 22945 153
20191105 1002 22955 22955 22955 22955 1
20191105 1006 22950 22950 22950 22950 1
20191105 1007 22945 22945 22945 22945 203
20191105 1017 22955 22955 22955 22955 20
20191105 1019 22960 22960 22960 22960 43
20191105 1021 22960 22960 22960 22960 30
20191105 1024 22960 22960 22960 22960 173
20191105 1032 23000 23000 23000 23000 30
20191105 1037 22990 22990 22990 22990 4
20191105 1053 23000 23000 23000 23000 1
20191105 1058 23000 23000 23000 23000 5
20191105 1102 23000 23000 23000 23000 13
20191105 1103 23000 23000 23000 23000 5
20191105 1104 23000 23000 23000 23000 18
20191105 1106 23000 23000 23000 23000 46
20191105 1108 22990 22990 22985 22985 104
20191105 1110 22985 22985 22985 22985 2
20191105 1117 22985 22985 22985 22985 10
20191105 1119 22985 22985 22985 22985 4
20191105 1121 22985 22985 22985 22985 10
20191105 1130 22985 22985 22985 22985 19
20191105 1137 22985 22985 22985 22985 10
20191105 1139 22990 22990 22990 22990 1
20191105 1143 22990 22990 22990 22990 2
20191105 1145 22990 22990 22990 22990 37
20191105 1205 23000 23000 23000 23000 1
20191105 1212 23000 23005 23000 23005 72
20191105 1224 23015 23015 23015 23015 17
20191105 1227 23015 23045 23015 23045 510
20191105 1231 23040 23040 23040 23040 30
20191105 1244 23045 23045 23045 23045 1
20191105 1255 23045 23045 23045 23045 744
20191105 1256 23050 23050 23050 23050 2
20191105 1259 23050 23050 23050 23050 28
20191105 1305 23055 23060 23055 23060 4
20191105 1308 23060 23060 23060 23060 205
20191105 1309 23060 23060 23060 23060 10
20191105 1313 23060 23060 23060 23060 51
20191105 1315 23060 23065 23060 23065 12
20191105 1316 23065 23065 23065 23065 25
20191105 1317 23060 23060 23060 23060 1
20191105 1319 23060 23060 23060 23060 3
20191105 1321 23060 23060 23060 23060 1565
20191105 1323 23050 23055 23050 23055 674
20191105 1327 23060 23060 23060 23060 500
20191105 1330 23065 23065 23065 23065 70
20191105 1331 23070 23070 23070 23070 2030
20191105 1336 23060 23060 23060 23060 115
20191105 1338 23040 23040 23040 23040 45
20191105 1339 23055 23055 23055 23055 1
20191105 1340 23055 23055 23055 23055 1
20191105 1345 23050 23050 23050 23050 10
20191105 1353 23055 23055 23055 23055 1
20191105 1357 23050 23050 23050 23050 65
20191105 1358 23040 23040 23040 23040 159
20191105 1400 23040 23040 23040 23040 60
20191105 1405 23040 23040 23040 23040 127
20191105 1417 23050 23050 23050 23050 50
20191105 1421 23050 23050 23025 23025 154
20191105 1422 23020 23020 23015 23015 190
20191105 1423 23015 23015 23010 23010 20
20191105 1424 23010 23010 23010 23010 10
20191105 1427 23005 23005 23000 23000 60
20191105 1433 23000 23000 23000 23000 2
20191105 1440 23055 23055 23055 23055 22
20191105 1443 23050 23050 23050 23050 50
20191105 1446 23050 23050 23050 23050 1
20191105 1450 23005 23005 23005 23005 50
20191105 1452 23055 23055 23055 23055 300
20191105 1453 23065 23065 23065 23065 20
20191105 1501 23065 23065 23065 23065 5
20191105 1502 23065 23065 23065 23065 5
20191105 1504 23065 23085 23065 23085 500
20191105 1505 23085 23085 23040 23040 30
20191105 1511 23050 23050 23050 23050 1
20191105 1516 23050 23050 23050 23050 10
20191105 1517 23050 23050 23050 23050 39
20191105 1518 23065 23065 23060 23060 4
20191105 1530 23080 23080 23080 23080 144
20191106 901 22905 22905 22810 22810 24
20191106 902 22800 22800 22750 22750 207
20191106 903 22700 22700 22675 22675 5
20191106 904 22760 22800 22760 22800 5045
20191106 905 22860 22860 22845 22845 753
20191106 906 22840 22840 22775 22775 547
20191106 907 22800 22800 22800 22800 62
20191106 910 22800 22800 22775 22775 81
20191106 911 22800 22800 22800 22800 1
20191106 912 22780 22780 22780 22780 5
20191106 915 22805 22805 22785 22785 50
20191106 916 22785 22785 22785 22785 100
20191106 917 22785 22785 22785 22785 100
20191106 920 22865 22865 22865 22865 5
20191106 924 22880 22880 22880 22880 50
20191106 925 22900 22945 22900 22945 6
20191106 927 22965 22965 22965 22965 1
20191106 928 22985 22985 22985 22985 59
20191106 931 22985 22985 22970 22970 118
20191106 932 22965 22970 22965 22970 466
20191106 935 23000 23000 23000 23000 7
20191106 938 23015 23015 23015 23015 3
20191106 939 23005 23005 23000 23000 547
20191106 943 23000 23000 23000 23000 5
20191106 945 23000 23000 22995 22995 12
20191106 946 22990 22990 22990 22990 434
20191106 947 23000 23000 23000 23000 205
20191106 949 22990 22990 22990 22990 22
20191106 950 22975 22975 22970 22970 52
20191106 952 22970 22970 22970 22970 1
20191106 953 22970 22970 22970 22970 100
20191106 955 23005 23005 23005 23005 1
20191106 956 23005 23005 23005 23005 20
20191106 957 22980 22980 22980 22980 10
20191106 958 22980 22980 22980 22980 10
20191106 1000 22980 22980 22970 22970 248
20191106 1001 22960 22960 22945 22945 226
20191106 1003 22945 22945 22915 22915 371
20191106 1005 22915 22915 22915 22915 11
20191106 1006 22910 22910 22890 22890 86
20191106 1008 22900 22900 22880 22880 45
20191106 1009 22880 22880 22880 22880 4
20191106 1010 22880 22880 22875 22875 15
20191106 1011 22870 22870 22860 22860 523
20191106 1012 22860 22860 22860 22860 110
20191106 1015 22860 22860 22840 22840 158
20191106 1016 22850 22850 22850 22850 1000
20191106 1017 22855 22855 22855 22855 10
20191106 1021 22865 22865 22865 22865 2
20191106 1023 22855 22855 22855 22855 147
20191106 1025 22855 22865 22850 22865 137
20191106 1026 22885 22895 22885 22895 53
20191106 1038 22930 22930 22930 22930 2
20191106 1040 22930 22930 22930 22930 50
20191106 1049 22925 22930 22925 22930 19
20191106 1050 22935 22935 22935 22935 14
20191106 1052 22975 22975 22975 22975 50
20191106 1053 22970 22970 22960 22960 159
20191106 1101 22955 22955 22950 22950 53
20191106 1103 22950 22950 22950 22950 10
20191106 1104 22935 22935 22935 22935 13
20191106 1110 22935 22935 22930 22930 921
20191106 1112 22930 22930 22930 22930 20
20191106 1115 22940 22940 22940 22940 10
20191106 1116 22940 22940 22940 22940 11
20191106 1123 22930 22930 22930 22930 24
20191106 1125 22920 22920 22920 22920 42
20191106 1126 22915 22915 22895 22895 13
20191106 1128 22895 22895 22890 22890 110
20191106 1130 22890 22890 22890 22890 3
20191106 1133 22865 22870 22865 22870 4
20191106 1134 22865 22865 22860 22860 31
20191106 1137 22860 22860 22860 22860 10
20191106 1139 22880 22880 22870 22870 15
20191106 1142 22865 22865 22865 22865 5
20191106 1144 22860 22860 22860 22860 10
20191106 1147 22850 22850 22850 22850 23
20191106 1149 22840 22840 22835 22835 118
20191106 1150 22835 22840 22835 22840 55
20191106 1151 22840 22840 22830 22830 85
20191106 1156 22825 22825 22825 22825 17
20191106 1158 22825 22825 22800 22800 130
20191106 1200 22800 22800 22800 22800 4
20191106 1202 22800 22800 22800 22800 4
20191106 1206 22800 22800 22775 22775 91
20191106 1211 22800 22800 22800 22800 6
20191106 1212 22810 22810 22810 22810 10
20191106 1224 22810 22810 22810 22810 2
20191106 1230 22810 22810 22810 22810 50
20191106 1231 22800 22800 22800 22800 51
20191106 1235 22800 22800 22800 22800 4
20191106 1237 22800 22800 22800 22800 48
20191106 1247 22840 22840 22840 22840 150
20191106 1248 22840 22840 22840 22840 1
20191106 1251 22825 22825 22825 22825 50
20191106 1252 22800 22800 22800 22800 60
20191106 1253 22810 22810 22810 22810 44
20191106 1258 22810 22810 22810 22810 56
20191106 1259 22795 22795 22795 22795 100
20191106 1301 22815 22815 22815 22815 21
20191106 1302 22795 22795 22785 22785 587
20191106 1303 22780 22780 22780 22780 13
20191106 1304 22780 22780 22780 22780 30
20191106 1310 22780 22780 22780 22780 4
20191106 1312 22780 22780 22780 22780 2
20191106 1314 22780 22780 22780 22780 1
20191106 1315 22780 22780 22780 22780 2
20191106 1316 22775 22775 22775 22775 376
20191106 1317 22775 22775 22775 22775 1
20191106 1318 22775 22775 22775 22775 3
20191106 1320 22770 22770 22770 22770 270
20191106 1321 22770 22770 22765 22765 16
20191106 1323 22765 22765 22765 22765 5
20191106 1325 22775 22775 22775 22775 2
20191106 1329 22780 22785 22780 22785 18
20191106 1331 22770 22770 22770 22770 100
20191106 1332 22770 22770 22765 22765 36
20191106 1345 22770 22770 22760 22760 855
20191106 1346 22755 22755 22750 22750 689
20191106 1347 22745 22750 22745 22750 632
20191106 1348 22750 22750 22750 22750 4
20191106 1349 22740 22740 22735 22735 111
20191106 1350 22740 22740 22740 22740 1
20191106 1351 22745 22745 22745 22745 1
20191106 1355 22730 22730 22730 22730 41
20191106 1359 22730 22730 22730 22730 1
20191106 1400 22730 22730 22730 22730 10
20191106 1404 22730 22730 22730 22730 1775
20191106 1420 22730 22730 22730 22730 6
20191106 1421 22730 22730 22730 22730 170
20191106 1422 22725 22725 22720 22720 184
20191106 1423 22715 22715 22710 22710 134
20191106 1427 22710 22710 22710 22710 45
20191106 1428 22710 22710 22710 22710 1
20191106 1429 22710 22710 22710 22710 4
20191106 1431 22710 22710 22710 22710 1
20191106 1432 22710 22725 22710 22725 101
20191106 1433 22715 22715 22700 22700 408
20191106 1434 22695 22695 22690 22690 322
20191106 1435 22690 22690 22680 22680 62
20191106 1437 22675 22675 22670 22670 56
20191106 1438 22665 22665 22665 22665 25
20191106 1443 22665 22665 22665 22665 45
20191106 1444 22665 22665 22665 22665 44
20191106 1445 22665 22665 22665 22665 522
20191106 1446 22675 22675 22675 22675 589
20191106 1448 22675 22675 22675 22675 4
20191106 1450 22660 22660 22650 22650 282
20191106 1451 22650 22650 22640 22640 56
20191106 1452 22635 22635 22635 22635 20
20191106 1457 22690 22690 22690 22690 15
20191106 1507 22685 22685 22685 22685 10
20191106 1508 22670 22670 22670 22670 30
20191106 1511 22670 22670 22670 22670 30
20191106 1512 22660 22660 22655 22655 50
20191106 1513 22650 22650 22650 22650 50
20191106 1514 22655 22660 22655 22660 103
20191106 1515 22670 22685 22670 22685 160
20191106 1516 22685 22690 22685 22690 685
20191106 1518 22695 22695 22695 22695 111
20191106 1530 22650 22650 22650 22650 452
20191107 901 22720 22720 22720 22720 632
20191107 902 22715 22715 22715 22715 115
20191107 903 22720 22720 22720 22720 767
20191107 904 22785 22785 22785 22785 1
20191107 906 22785 22785 22785 22785 1728
20191107 907 22780 22780 22780 22780 2
20191107 909 22710 22710 22710 22710 20
20191107 910 22700 22710 22700 22705 96
20191107 911 22705 22705 22690 22690 222
20191107 913 22705 22710 22705 22710 72
20191107 914 22660 22660 22660 22660 860
20191107 916 22650 22650 22600 22640 164
20191107 918 22595 22595 22580 22580 339
20191107 921 22580 22580 22565 22565 93
20191107 924 22565 22565 22565 22565 3
20191107 925 22565 22565 22565 22565 10
20191107 926 22565 22565 22565 22565 2
20191107 927 22560 22560 22560 22560 113
20191107 928 22555 22555 22540 22540 59
20191107 929 22540 22540 22520 22520 53
20191107 930 22520 22520 22520 22520 1547
20191107 932 22550 22550 22550 22550 200
20191107 933 22550 22565 22550 22565 245
20191107 934 22620 22620 22620 22620 300
20191107 936 22605 22605 22600 22600 25
20191107 937 22600 22600 22600 22600 265
20191107 938 22595 22595 22595 22595 5
20191107 939 22580 22580 22580 22580 5
20191107 940 22575 22575 22570 22570 320
20191107 941 22555 22555 22555 22555 260
20191107 946 22560 22560 22560 22560 1
20191107 949 22560 22560 22560 22560 3
20191107 950 22560 22560 22560 22560 237
20191107 954 22560 22560 22555 22555 82
20191107 955 22555 22555 22555 22555 36
20191107 956 22545 22545 22545 22545 1
20191107 959 22540 22540 22540 22540 11
20191107 1001 22525 22525 22525 22525 16
20191107 1013 22540 22540 22540 22540 15
20191107 1015 22540 22540 22540 22540 2
20191107 1019 22540 22540 22540 22540 1
20191107 1020 22540 22540 22540 22540 1
20191107 1022 22560 22560 22560 22560 10
20191107 1023 22550 22550 22550 22550 10
20191107 1024 22540 22540 22520 22520 196
20191107 1028 22520 22520 22520 22520 481
20191107 1030 22515 22515 22515 22515 21
20191107 1031 22510 22510 22510 22510 29
20191107 1038 22520 22540 22520 22540 110
20191107 1039 22535 22535 22535 22535 2
20191107 1042 22535 22535 22535 22535 5
20191107 1043 22535 22535 22535 22535 110
20191107 1045 22515 22515 22515 22515 1
20191107 1046 22505 22505 22500 22500 458
20191107 1052 22500 22500 22440 22470 651
20191107 1055 22470 22470 22470 22470 1
20191107 1057 22465 22465 22465 22465 3
20191107 1059 22465 22465 22465 22465 12
20191107 1101 22460 22460 22460 22460 1
20191107 1110 22455 22455 22455 22455 346
20191107 1112 22455 22455 22455 22455 4
20191107 1114 22445 22445 22445 22445 4
20191107 1115 22460 22460 22450 22455 50
20191107 1118 22450 22450 22445 22445 11
20191107 1123 22445 22445 22445 22445 10
20191107 1124 22445 22445 22445 22445 2
20191107 1127 22460 22460 22460 22460 50
20191107 1128 22460 22460 22460 22460 40
20191107 1129 22465 22465 22465 22465 116
20191107 1130 22470 22480 22470 22480 116
20191107 1138 22480 22480 22480 22480 616
20191107 1139 22480 22480 22480 22480 1
20191107 1140 22470 22470 22470 22470 279
20191107 1143 22470 22470 22470 22470 1
20191107 1144 22460 22460 22460 22460 16
20191107 1145 22450 22450 22450 22450 372
20191107 1154 22450 22450 22450 22450 1
20191107 1155 22440 22440 22440 22440 21
20191107 1157 22435 22435 22430 22430 30
20191107 1158 22425 22425 22425 22425 7
20191107 1201 22425 22425 22425 22425 1
20191107 1204 22425 22425 22425 22425 150
20191107 1213 22425 22425 22425 22425 21
20191107 1218 22435 22435 22435 22435 1
20191107 1222 22440 22440 22440 22440 1
20191107 1224 22420 22420 22415 22415 983
20191107 1225 22415 22415 22415 22415 1
20191107 1226 22410 22410 22410 22410 17
20191107 1228 22430 22430 22430 22430 1
20191107 1240 22430 22430 22430 22430 1
20191107 1242 22450 22450 22450 22450 239
20191107 1247 22495 22495 22495 22495 1
20191107 1304 22460 22460 22460 22460 1
20191107 1306 22455 22455 22455 22455 47
20191107 1309 22450 22450 22450 22450 52
20191107 1312 22450 22450 22450 22450 3
20191107 1316 22450 22450 22440 22440 307
20191107 1320 22440 22440 22440 22440 5
20191107 1324 22430 22430 22430 22430 1029
20191107 1327 22435 22435 22430 22430 55
20191107 1328 22430 22430 22420 22420 8
20191107 1329 22415 22415 22415 22415 2
20191107 1330 22410 22410 22400 22400 65
20191107 1332 22400 22400 22400 22400 346
20191107 1334 22400 22400 22400 22400 200
20191107 1342 22425 22425 22425 22425 12
20191107 1346 22425 22425 22425 22425 23
20191107 1347 22420 22420 22420 22420 19
20191107 1352 22420 22420 22420 22420 1
20191107 1355 22420 22420 22420 22420 100
20191107 1406 22410 22410 22405 22405 30
20191107 1416 22415 22420 22415 22420 604
20191107 1429 22465 22465 22430 22430 400
20191107 1452 22430 22430 22430 22430 150
20191107 1453 22430 22430 22430 22430 72
20191107 1456 22450 22450 22445 22445 50
20191107 1458 22445 22445 22440 22440 38
20191107 1503 22440 22440 22440 22440 30
20191107 1505 22440 22440 22440 22440 44
20191107 1507 22435 22435 22435 22435 4
20191107 1510 22440 22470 22440 22470 500
20191107 1512 22465 22465 22465 22465 1
20191107 1514 22455 22455 22455 22455 14
20191107 1515 22450 22450 22450 22450 146
20191107 1517 22440 22440 22440 22440 14
20191107 1520 22435 22435 22435 22435 10
20191107 1530 22490 22490 22490 22490 600
20191108 901 22605 22625 22605 22625 1084
20191108 902 22625 22625 22600 22600 462
20191108 903 22600 22600 22590 22590 11
20191108 905 22600 22600 22600 22600 289
20191108 906 22605 22605 22605 22605 30
20191108 907 22605 22605 22600 22600 170
20191108 908 22605 22625 22605 22625 503
20191108 909 22610 22625 22610 22625 9
20191108 910 22625 22625 22625 22625 24
20191108 911 22630 22630 22630 22630 30
20191108 913 22640 22640 22640 22640 126
20191108 915 22690 22690 22680 22680 184
20191108 917 22650 22660 22650 22660 14
20191108 919 22660 22660 22660 22660 26
20191108 921 22665 22670 22665 22670 60
20191108 923 22660 22660 22650 22650 345
20191108 924 22640 22640 22640 22640 159
20191108 926 22620 22620 22615 22615 216
20191108 927 22600 22600 22600 22600 6
20191108 928 22620 22620 22620 22620 20
20191108 929 22610 22615 22610 22615 4
20191108 930 22590 22590 22590 22590 10
20191108 931 22565 22565 22535 22555 310
20191108 938 22555 22555 22555 22555 87
20191108 942 22550 22550 22550 22550 12
20191108 943 22540 22540 22535 22535 15
20191108 945 22530 22530 22520 22520 108
20191108 946 22500 22500 22500 22500 105
20191108 947 22490 22490 22445 22445 333
20191108 948 22480 22480 22440 22440 46
20191108 949 22440 22440 22440 22440 183
20191108 950 22455 22455 22445 22445 647
20191108 951 22445 22445 22445 22445 31
20191108 952 22445 22445 22440 22440 100
20191108 1000 22440 22440 22440 22440 119
20191108 1001 22435 22435 22425 22425 12
20191108 1003 22420 22420 22410 22410 19
20191108 1004 22405 22405 22380 22380 106
20191108 1005 22375 22375 22370 22370 15
20191108 1006 22360 22360 22340 22340 127
20191108 1007 22320 22320 22305 22305 600
20191108 1008 22305 22305 22305 22305 33
20191108 1013 22305 22305 22305 22305 150
20191108 1016 22310 22310 22310 22310 100
20191108 1019 22345 22345 22345 22345 19
20191108 1021 22310 22310 22310 22310 1
20191108 1023 22310 22310 22310 22310 10
20191108 1024 22310 22310 22305 22305 12
20191108 1026 22305 22305 22300 22300 83
20191108 1027 22300 22300 22300 22300 20
20191108 1028 22300 22300 22300 22300 9
20191108 1029 22300 22300 22300 22300 10
20191108 1030 22300 22300 22300 22300 600
20191108 1033 22300 22300 22300 22300 3
20191108 1034 22300 22300 22300 22300 7
20191108 1039 22305 22305 22305 22305 3
20191108 1042 22300 22300 22300 22300 105
20191108 1045 22300 22300 22300 22300 124
20191108 1049 22300 22300 22300 22300 10
20191108 1052 22310 22310 22310 22310 1
20191108 1116 22310 22310 22300 22300 100
20191108 1123 22300 22300 22295 22295 138
20191108 1124 22280 22280 22275 22275 147
20191108 1126 22265 22265 22260 22260 31
20191108 1132 22285 22285 22285 22285 5
20191108 1136 22285 22285 22285 22285 2
20191108 1139 22285 22285 22285 22285 5
20191108 1142 22270 22270 22270 22270 21
20191108 1143 22260 22260 22260 22260 120
20191108 1144 22260 22260 22255 22255 151
20191108 1147 22250 22250 22250 22250 2
20191108 1156 22250 22250 22250 22250 102
20191108 1204 22250 22250 22250 22250 5
20191108 1210 22250 22250 22250 22250 5
20191108 1224 22235 22235 22235 22235 50
20191108 1225 22245 22245 22245 22245 1
20191108 1227 22245 22245 22245 22245 1
20191108 1229 22245 22245 22245 22245 3
20191108 1230 22245 22245 22245 22245 5
20191108 1232 22245 22245 22245 22245 150
20191108 1235 22245 22245 22245 22245 2
20191108 1244 22245 22245 22245 22245 1
20191108 1246 22245 22245 22245 22245 5
20191108 1247 22245 22245 22245 22245 2
20191108 1253 22245 22245 22245 22245 121
20191108 1256 22245 22245 22245 22245 1
20191108 1301 22245 22245 22245 22245 1
20191108 1303 22245 22245 22245 22245 3
20191108 1304 22240 22240 22240 22240 100
20191108 1305 22245 22245 22240 22245 30
20191108 1306 22240 22240 22230 22230 292
20191108 1307 22245 22245 22245 22245 20
20191108 1308 22245 22245 22245 22245 100
20191108 1317 22235 22235 22230 22230 20
20191108 1318 22225 22225 22220 22220 137
20191108 1320 22225 22225 22225 22225 20
20191108 1321 22220 22220 22220 22220 128
20191108 1322 22220 22220 22215 22215 28
20191108 1326 22220 22230 22220 22230 706
20191108 1327 22230 22230 22230 22230 4
20191108 1328 22230 22230 22225 22225 20
20191108 1330 22215 22215 22210 22210 20
20191108 1331 22210 22210 22210 22210 2
20191108 1338 22205 22205 22200 22200 113
20191108 1339 22185 22185 22185 22185 10
20191108 1345 22185 22185 22185 22185 102
20191108 1348 22185 22185 22185 22185 313
20191108 1351 22220 22220 22220 22220 2
20191108 1405 22210 22210 22210 22210 50
20191108 1407 22210 22210 22185 22185 26
20191108 1412 22185 22185 22185 22185 6
20191108 1413 22185 22185 22185 22185 1
20191108 1414 22180 22180 22175 22175 53
20191108 1418 22175 22175 22170 22170 6
20191108 1425 22170 22170 22170 22170 122
20191108 1426 22165 22165 22165 22165 69
20191108 1427 22160 22160 22160 22160 200
20191108 1428 22155 22155 22155 22155 55
20191108 1429 22155 22155 22150 22150 44
20191108 1435 22175 22175 22175 22175 46
20191108 1442 22175 22175 22175 22175 5
20191108 1443 22175 22215 22175 22215 500
20191108 1446 22215 22215 22215 22215 3
20191108 1450 22200 22200 22200 22200 1
20191108 1452 22165 22165 22165 22165 8
20191108 1508 22210 22210 22200 22200 3
20191108 1513 22200 22200 22190 22190 6
20191108 1514 22190 22190 22190 22190 5
20191108 1515 22190 22190 22190 22190 51
20191108 1517 22190 22190 22190 22190 3
20191108 1518 22195 22195 22195 22195 5
20191108 1520 22195 22195 22195 22195 22
20191108 1530 22190 22190 22190 22190 182
20191111 901 22190 22190 22190 22190 10
20191111 902 22190 22190 22190 22190 1
20191111 903 22190 22190 22190 22190 10
20191111 905 22150 22150 22150 22150 5
20191111 908 22135 22135 22075 22075 119
20191111 909 22115 22115 22115 22115 1
20191111 912 22095 22095 22095 22095 1
20191111 913 22080 22080 22065 22065 16
20191111 914 22055 22055 22020 22020 30
20191111 915 22005 22005 21940 21995 548
20191111 916 21995 21995 21985 21995 60
20191111 917 21995 21995 21995 21995 1
20191111 919 21995 21995 21995 21995 5
20191111 920 21995 21995 21995 21995 33
20191111 921 21990 21990 21990 21990 8
20191111 922 21980 21980 21980 21980 1
20191111 924 21995 22010 21995 22010 12
20191111 925 22020 22020 22020 22020 1
20191111 930 22020 22020 22020 22020 2
20191111 932 22035 22035 22035 22035 1
20191111 936 22020 22020 22015 22015 6
20191111 937 22000 22000 22000 22000 25
20191111 940 22005 22005 22005 22005 1
20191111 944 22000 22000 21990 21990 501
20191111 947 22005 22005 22005 22005 1
20191111 950 22000 22000 21985 21985 12
20191111 951 21980 21980 21955 21955 244
20191111 952 21950 21950 21950 21950 13
20191111 955 21965 21965 21965 21965 1
20191111 956 21960 21960 21960 21960 1
20191111 1000 21945 21945 21945 21945 31
20191111 1001 21945 21945 21935 21935 102
20191111 1002 21930 21930 21920 21920 50
20191111 1003 21925 21925 21915 21915 42
20191111 1004 21910 21910 21910 21910 10
20191111 1005 21905 21905 21900 21900 137
20191111 1010 21900 21900 21900 21900 1
20191111 1011 21900 21900 21900 21900 7
20191111 1012 21895 21895 21895 21895 5
20191111 1018 21900 21900 21890 21890 66
20191111 1021 21890 21890 21890 21890 1
20191111 1022 21885 21885 21885 21885 115
20191111 1023 21880 21880 21880 21880 5
20191111 1026 21895 21895 21895 21895 1
20191111 1027 21895 21895 21895 21895 1
20191111 1031 21880 21880 21880 21880 157
20191111 1033 21880 21880 21880 21880 3
20191111 1034 21880 21880 21880 21880 5
20191111 1035 21880 21880 21880 21880 263
20191111 1041 21895 21905 21895 21905 795
20191111 1043 21915 21915 21905 21905 9
20191111 1044 21920 21920 21920 21920 45
20191111 1045 21920 21920 21915 21915 22
20191111 1046 21935 21935 21935 21935 2
20191111 1047 21930 21930 21930 21930 3
20191111 1049 21965 21965 21965 21965 1
20191111 1051 21965 21970 21965 21970 12
20191111 1053 21975 21975 21975 21975 1
20191111 1056 21970 21970 21970 21970 1
20191111 1059 21970 21970 21970 21970 13
20191111 1102 21925 21925 21925 21925 1
20191111 1104 21960 21960 21960 21960 1
20191111 1108 21950 21950 21950 21950 111
20191111 1111 21955 21955 21955 21955 1
20191111 1113 21950 21950 21950 21950 1
20191111 1119 21940 21940 21940 21940 1
20191111 1121 21925 21925 21925 21925 11
20191111 1127 21925 21925 21925 21925 1
20191111 1132 21925 21925 21925 21925 1
20191111 1134 21915 21920 21905 21905 226
20191111 1135 21900 21900 21900 21900 15
20191111 1136 21895 21900 21895 21900 25
20191111 1138 21890 21890 21890 21890 500
20191111 1139 21880 21880 21880 21880 105
20191111 1142 21875 21880 21870 21870 121
20191111 1143 21870 21870 21865 21865 20
20191111 1144 21860 21860 21860 21860 60
20191111 1145 21855 21855 21855 21855 10
20191111 1150 21880 21880 21880 21880 1
20191111 1155 21885 21885 21885 21885 1
20191111 1157 21880 21880 21880 21880 1
20191111 1205 21880 21880 21880 21880 1
20191111 1212 21875 21875 21875 21875 1
20191111 1220 21880 21880 21880 21880 2
20191111 1221 21880 21880 21880 21880 5
20191111 1228 21880 21880 21880 21880 1
20191111 1235 21880 21880 21880 21880 1
20191111 1239 21880 21880 21880 21880 1
20191111 1242 21880 21880 21880 21880 2
20191111 1243 21880 21880 21880 21880 1
20191111 1244 21880 21880 21880 21880 1
20191111 1246 21880 21880 21880 21880 2
20191111 1247 21880 21880 21880 21880 1
20191111 1249 21870 21870 21870 21870 7
20191111 1251 21870 21870 21870 21870 1
20191111 1253 21870 21870 21870 21870 1
20191111 1258 21870 21870 21870 21870 1
20191111 1300 21870 21870 21870 21870 2
20191111 1302 21870 21870 21870 21870 5
20191111 1304 21870 21870 21870 21870 1
20191111 1306 21870 21870 21870 21870 1
20191111 1311 21865 21865 21865 21865 20
20191111 1312 21865 21865 21865 21865 5
20191111 1314 21865 21865 21850 21850 61
20191111 1321 21865 21865 21865 21865 1
20191111 1327 21865 21865 21865 21865 5
20191111 1329 21865 21865 21865 21865 1
20191111 1330 21865 21865 21860 21860 232
20191111 1331 21870 21870 21870 21870 224
20191111 1332 21880 21880 21880 21880 81
20191111 1336 21925 21925 21925 21925 1
20191111 1337 21925 21925 21925 21925 1
20191111 1339 21925 21925 21920 21920 102
20191111 1344 21940 21940 21940 21940 4
20191111 1345 21935 21935 21935 21935 136
20191111 1351 21935 21935 21935 21935 4
20191111 1352 21960 21960 21960 21960 1
20191111 1354 21970 21970 21970 21970 1
20191111 1356 21970 21970 21970 21970 3
20191111 1357 21970 21970 21970 21970 5
20191111 1358 21990 21990 21990 21990 1
20191111 1359 21995 21995 21995 21995 1
20191111 1400 21995 21995 21995 21995 125
20191111 1402 21995 21995 21995 21995 74
20191111 1404 21970 21970 21970 21970 1
20191111 1407 21980 21980 21980 21980 1
20191111 1412 21975 21975 21975 21975 819
20191111 1414 21975 21975 21975 21975 17
20191111 1415 21975 21975 21975 21975 1
20191111 1418 21935 21935 21935 21935 1
20191111 1422 21975 21975 21975 21975 1
20191111 1430 22005 22005 22005 22005 1
20191111 1431 22005 22005 22005 22005 1
20191111 1433 22015 22035 22015 22035 110
20191111 1434 22035 22035 22035 22035 50
20191111 1438 22040 22040 22040 22040 6
20191111 1441 22035 22035 22035 22035 10
20191111 1442 22035 22035 22035 22035 10
20191111 1443 22035 22035 22035 22035 10
20191111 1445 22040 22040 22040 22040 1
20191111 1447 22040 22040 22040 22040 1
20191111 1453 22040 22060 22040 22060 51
20191111 1455 22060 22060 22060 22060 4
20191111 1500 22055 22055 22055 22055 11
20191111 1503 22055 22055 22055 22055 10
20191111 1508 22025 22025 22025 22025 1
20191111 1515 22000 22000 22000 22000 280
20191111 1517 22000 22000 22000 22000 13
20191111 1518 22000 22000 22000 22000 1
20191111 1520 22010 22010 22000 22000 363
20191111 1530 21960 21960 21960 21960 264
20191112 901 22000 22070 22000 22045 310
20191112 902 22045 22045 22040 22040 150
20191112 903 22040 22045 22040 22045 10
20191112 904 22040 22040 22040 22040 35
20191112 905 22045 22050 22045 22050 70
20191112 906 22050 22050 22045 22045 282
20191112 907 22070 22070 22040 22040 12
20191112 908 22055 22055 22055 22055 1
20191112 909 22060 22060 22060 22060 1
20191112 910 22070 22070 22070 22070 29
20191112 913 22090 22090 22080 22080 90
20191112 915 22060 22060 22060 22060 14
20191112 916 22060 22060 22060 22060 19
20191112 917 22055 22055 22040 22040 59
20191112 918 22040 22040 22040 22040 28
20191112 921 22015 22015 22010 22010 151
20191112 925 22010 22010 22010 22010 1
20191112 929 22040 22065 22040 22065 27
20191112 930 22065 22065 22065 22065 6
20191112 932 22065 22065 22065 22065 170
20191112 933 22060 22090 22060 22090 3
20191112 934 22100 22155 22100 22155 172
20191112 935 22150 22150 22150 22150 157
20191112 936 22140 22140 22140 22140 2
20191112 940 22155 22155 22145 22145 21
20191112 941 22160 22160 22160 22160 29
20191112 946 22180 22180 22180 22180 1
20191112 948 22165 22180 22165 22180 206
20191112 949 22180 22180 22180 22180 1
20191112 950 22170 22170 22170 22170 45
20191112 951 22175 22175 22175 22175 2
20191112 952 22170 22170 22170 22170 5239
20191112 956 22170 22170 22170 22170 11
20191112 959 22200 22200 22200 22200 2
20191112 1001 22170 22185 22170 22185 112
20191112 1003 22185 22185 22185 22185 1
20191112 1007 22200 22200 22200 22200 1
20191112 1008 22200 22200 22200 22200 20
20191112 1011 22175 22175 22175 22175 5
20191112 1013 22175 22175 22175 22175 2
20191112 1014 22175 22175 22170 22170 99
20191112 1016 22160 22160 22160 22160 12
20191112 1018 22160 22160 22160 22160 2
20191112 1019 22150 22150 22150 22150 1
20191112 1020 22150 22150 22150 22150 100
20191112 1026 22150 22150 22150 22150 1
20191112 1028 22150 22150 22150 22150 108
20191112 1029 22145 22145 22145 22145 9
20191112 1030 22150 22150 22140 22140 22
20191112 1031 22135 22135 22135 22135 1
20191112 1033 22125 22125 22125 22125 11
20191112 1034 22105 22105 22100 22100 2
20191112 1035 22105 22120 22105 22120 3000
20191112 1036 22110 22110 22110 22110 710
20191112 1037 22130 22130 22130 22130 100
20191112 1039 22135 22135 22135 22135 5
20191112 1042 22090 22090 22090 22090 1
20191112 1044 22110 22110 22110 22110 10
20191112 1045 22090 22090 22085 22085 41
20191112 1046 22080 22080 22080 22080 1
20191112 1047 22075 22075 22075 22075 9
20191112 1050 22045 22045 22045 22045 1
20191112 1051 22040 22045 22040 22045 254
20191112 1054 22050 22050 22050 22050 23
20191112 1057 22095 22095 22040 22040 73
20191112 1105 22070 22070 22070 22070 1
20191112 1113 22085 22085 22085 22085 1
20191112 1117 22080 22080 22080 22080 1
20191112 1119 22080 22080 22080 22080 100
20191112 1120 22110 22110 22110 22110 1
20191112 1121 22135 22135 22135 22135 1
20191112 1127 22135 22135 22135 22135 54
20191112 1128 22125 22125 22125 22125 1
20191112 1136 22120 22120 22120 22120 1
20191112 1144 22100 22100 22100 22100 1
20191112 1151 22100 22100 22100 22100 1
20191112 1152 22100 22100 22100 22100 9
20191112 1159 22090 22090 22090 22090 1
20191112 1201 22090 22090 22090 22090 10
20191112 1202 22090 22090 22090 22090 36
20191112 1207 22090 22090 22090 22090 1
20191112 1214 22090 22090 22090 22090 1
20191112 1222 22100 22100 22100 22100 1
20191112 1230 22100 22100 22100 22100 1
20191112 1231 22150 22155 22150 22155 250
20191112 1233 22155 22155 22155 22155 50
20191112 1235 22155 22155 22155 22155 1
20191112 1237 22160 22160 22160 22160 50
20191112 1238 22120 22120 22120 22120 1
20191112 1242 22175 22175 22175 22175 1
20191112 1244 22185 22185 22185 22185 100
20191112 1245 22130 22130 22130 22130 1
20191112 1247 22185 22185 22185 22185 1
20191112 1249 22185 22185 22185 22185 217
20191112 1250 22185 22185 22175 22180 6101
20191112 1251 22175 22175 22175 22175 78
20191112 1252 22185 22185 22185 22185 180
20191112 1253 22130 22130 22130 22130 1
20191112 1254 22180 22180 22180 22180 5
20191112 1257 22170 22170 22170 22170 50
20191112 1258 22170 22170 22170 22170 9
20191112 1301 22130 22165 22130 22165 2
20191112 1302 22170 22170 22170 22170 1
20191112 1308 22130 22130 22130 22130 1
20191112 1314 22170 22175 22170 22175 17
20191112 1315 22175 22175 22170 22170 44
20191112 1316 22130 22130 22130 22130 1
20191112 1324 22130 22130 22130 22130 1
20191112 1332 22135 22135 22135 22135 1
20191112 1336 22185 22185 22185 22185 10
20191112 1339 22185 22185 22135 22135 2
20191112 1343 22185 22195 22185 22195 40
20191112 1347 22195 22200 22195 22200 18
20191112 1348 22215 22215 22215 22215 500
20191112 1349 22215 22215 22215 22215 50
20191112 1350 22210 22210 22210 22210 50
20191112 1353 22200 22200 22200 22200 84
20191112 1354 22200 22200 22195 22195 4
20191112 1355 22135 22135 22135 22135 1
20191112 1358 22195 22195 22195 22195 10
20191112 1402 22145 22145 22145 22145 1
20191112 1410 22150 22150 22150 22150 1
20191112 1418 22195 22195 22195 22195 1
20191112 1420 22215 22215 22215 22215 1
20191112 1422 22215 22215 22215 22215 19
20191112 1423 22215 22215 22215 22215 60
20191112 1426 22200 22200 22200 22200 1
20191112 1430 22240 22240 22240 22240 1
20191112 1432 22240 22240 22240 22240 305
20191112 1433 22250 22250 22230 22250 146
20191112 1434 22245 22250 22245 22250 498
20191112 1440 22275 22275 22275 22275 4
20191112 1441 22280 22285 22280 22285 5
20191112 1442 22300 22300 22300 22300 33
20191112 1443 22330 22330 22330 22330 10
20191112 1444 22340 22340 22340 22340 200
20191112 1449 22280 22280 22280 22280 1
20191112 1453 22290 22290 22290 22290 20
20191112 1454 22320 22320 22320 22320 50
20191112 1456 22290 22290 22290 22290 1
20191112 1502 22310 22310 22310 22310 169
20191112 1504 22290 22290 22290 22290 1
20191112 1506 22310 22310 22310 22310 1
20191112 1507 22290 22290 22255 22255 165
20191112 1509 22305 22305 22305 22305 218
20191112 1510 22305 22305 22305 22305 10
20191112 1512 22265 22265 22265 22265 1
20191112 1519 22300 22300 22300 22300 1
20191112 1520 22300 22310 22300 22300 663
20191112 1530 22310 22310 22310 22310 170
20191113 901 22305 22305 22305 22305 157
20191113 902 22235 22235 22235 22235 1
20191113 906 22230 22275 22230 22275 7
20191113 907 22275 22275 22275 22275 5
20191113 909 22270 22270 22270 22270 1
20191113 917 22270 22270 22270 22270 1
20191113 919 22270 22270 22270 22270 1
20191113 925 22275 22275 22275 22275 1
20191113 928 22270 22270 22270 22270 5
20191113 929 22265 22265 22265 22265 5
20191113 930 22260 22260 22255 22255 56
20191113 931 22250 22250 22245 22245 4
20191113 932 22240 22240 22230 22230 56
20191113 933 22225 22225 22220 22220 4
20191113 936 22225 22225 22225 22225 20
20191113 937 22220 22220 22220 22220 6
20191113 938 22215 22215 22205 22205 17
20191113 939 22200 22205 22200 22205 10
20191113 940 22195 22195 22195 22195 1
20191113 947 22195 22195 22195 22195 1
20191113 948 22190 22190 22190 22190 2
20191113 951 22185 22185 22175 22175 6
20191113 955 22170 22170 22170 22170 2
20191113 956 22165 22165 22165 22165 1
20191113 959 22175 22175 22165 22165 82
20191113 1001 22165 22165 22165 22165 1
20191113 1003 22165 22165 22165 22165 1
20191113 1004 22205 22205 22205 22205 50
20191113 1011 22165 22165 22165 22165 1
20191113 1018 22165 22165 22165 22165 198
20191113 1019 22160 22160 22160 22160 1
20191113 1022 22185 22185 22185 22185 955
20191113 1026 22185 22185 22185 22185 1
20191113 1034 22225 22225 22185 22185 2
20191113 1039 22240 22240 22240 22240 10
20191113 1042 22185 22185 22185 22185 1
20191113 1050 22220 22220 22200 22200 6
20191113 1051 22185 22185 22180 22180 38
20191113 1052 22175 22175 22175 22175 1
20191113 1055 22170 22170 22170 22170 7
20191113 1057 22165 22165 22165 22165 1
20191113 1059 22170 22170 22170 22170 643
20191113 1105 22170 22170 22170 22170 1
20191113 1109 22170 22170 22170 22170 10
20191113 1113 22170 22170 22170 22170 1
20191113 1116 22190 22190 22190 22190 5
20191113 1120 22190 22190 22190 22190 1
20191113 1124 22190 22190 22190 22190 17
20191113 1125 22190 22190 22190 22190 12
20191113 1128 22215 22215 22215 22215 1
20191113 1136 22195 22195 22195 22195 1
20191113 1139 22225 22235 22225 22235 100
20191113 1144 22215 22215 22215 22215 1
20191113 1148 22235 22235 22235 22235 45
20191113 1151 22215 22215 22215 22215 1
20191113 1159 22220 22220 22220 22220 1
20191113 1203 22235 22235 22235 22235 1
20191113 1207 22230 22230 22230 22230 1
20191113 1210 22230 22230 22230 22230 6
20191113 1212 22235 22275 22235 22275 5
20191113 1214 22230 22265 22230 22265 2
20191113 1215 22260 22260 22260 22260 3
20191113 1222 22260 22260 22260 22260 1
20191113 1226 22280 22280 22280 22280 40
20191113 1227 22280 22280 22280 22280 5
20191113 1228 22235 22235 22235 22235 1
20191113 1230 22235 22235 22235 22235 1
20191113 1238 22230 22230 22230 22230 1
20191113 1245 22230 22230 22230 22230 1
20191113 1247 22230 22230 22230 22230 95
20191113 1250 22220 22220 22220 22220 3
20191113 1253 22220 22220 22220 22220 1
20191113 1257 22220 22220 22220 22220 6
20191113 1259 22220 22220 22215 22215 147
20191113 1301 22205 22205 22205 22205 1
20191113 1305 22205 22205 22205 22205 55
20191113 1308 22200 22200 22200 22200 1
20191113 1314 22200 22200 22200 22200 15
20191113 1316 22195 22195 22185 22185 23
20191113 1319 22185 22185 22185 22185 2
20191113 1321 22185 22185 22175 22175 51
20191113 1324 22170 22170 22170 22170 29
20191113 1332 22165 22165 22165 22165 31
20191113 1333 22165 22165 22165 22165 1
20191113 1335 22160 22160 22160 22160 81
20191113 1338 22155 22155 22155 22155 207
20191113 1339 22155 22155 22150 22150 291
20191113 1340 22155 22155 22155 22155 1
20191113 1343 22155 22165 22155 22165 5
20191113 1345 22170 22170 22170 22170 500
20191113 1347 22175 22180 22170 22170 31
20191113 1349 22170 22170 22170 22170 234
20191113 1353 22175 22175 22175 22175 463
20191113 1355 22150 22150 22150 22150 1
20191113 1356 22150 22150 22150 22150 8
20191113 1402 22150 22150 22150 22150 1
20191113 1404 22185 22185 22185 22185 2
20191113 1406 22185 22185 22185 22185 6
20191113 1407 22205 22205 22205 22205 26
20191113 1410 22185 22185 22185 22185 1
20191113 1416 22190 22190 22190 22190 5
20191113 1418 22185 22185 22185 22185 1
20191113 1420 22215 22215 22215 22215 100
20191113 1422 22220 22220 22220 22220 80
20191113 1423 22220 22220 22220 22220 50
20191113 1426 22185 22185 22185 22185 1
20191113 1433 22185 22185 22185 22185 1
20191113 1435 22235 22235 22235 22235 2
20191113 1437 22235 22235 22235 22235 4
20191113 1441 22200 22200 22200 22200 1
20191113 1449 22200 22230 22200 22230 31
20191113 1456 22200 22200 22200 22200 1
20191113 1504 22200 22200 22200 22200 1
20191113 1512 22205 22205 22205 22205 1
20191113 1515 22205 22205 22205 22205 9
20191113 1518 22205 22205 22205 22205 9
20191113 1520 22210 22210 22210 22210 1
20191113 1530 22210 22210 22210 22210 68
20191114 1002 22360 22360 22360 22360 1
20191114 1005 22280 22280 22280 22280 50
20191114 1008 22330 22330 22330 22330 28
20191114 1009 22355 22360 22355 22360 30
20191114 1010 22360 22360 22360 22360 95
20191114 1011 22380 22380 22380 22380 1
20191114 1013 22380 22380 22380 22380 159
20191114 1016 22380 22400 22380 22400 716
20191114 1017 22405 22405 22405 22405 1
20191114 1019 22405 22405 22405 22405 10
20191114 1025 22390 22390 22390 22390 1
20191114 1028 22400 22400 22400 22400 10
20191114 1030 22400 22400 22400 22400 1
20191114 1031 22430 22430 22410 22410 5
20191114 1033 22470 22470 22470 22470 1
20191114 1034 22470 22485 22470 22485 10
20191114 1040 22495 22495 22495 22495 1
20191114 1041 22485 22485 22475 22475 30
20191114 1045 22495 22500 22495 22500 590
20191114 1046 22520 22520 22520 22520 2
20191114 1047 22580 22580 22580 22580 10
20191114 1048 22580 22580 22580 22580 1
20191114 1055 22500 22500 22485 22485 100
20191114 1056 22530 22530 22530 22530 1
20191114 1059 22525 22525 22525 22525 9
20191114 1101 22475 22475 22475 22475 10
20191114 1102 22470 22470 22465 22465 51
20191114 1103 22470 22470 22470 22470 1
20191114 1104 22460 22460 22450 22450 30
20191114 1105 22445 22445 22440 22440 42
20191114 1106 22440 22440 22435 22435 110
20191114 1111 22430 22460 22430 22460 101
20191114 1112 22445 22445 22445 22445 6
20191114 1119 22445 22445 22445 22445 1
20191114 1121 22430 22430 22430 22430 11
20191114 1126 22435 22435 22435 22435 1
20191114 1128 22425 22425 22425 22425 2
20191114 1129 22435 22435 22435 22435 96
20191114 1132 22435 22435 22435 22435 20
20191114 1134 22440 22440 22440 22440 11
20191114 1138 22425 22425 22415 22415 54
20191114 1139 22410 22410 22380 22380 105
20191114 1140 22380 22380 22370 22370 26
20191114 1141 22365 22365 22355 22355 32
20191114 1142 22360 22360 22360 22360 1
20191114 1144 22350 22350 22350 22350 10
20191114 1145 22345 22345 22345 22345 10
20191114 1150 22345 22345 22345 22345 1
20191114 1155 22340 22340 22335 22335 20
20191114 1157 22340 22340 22340 22340 1
20191114 1158 22330 22330 22325 22325 20
20191114 1205 22345 22345 22345 22345 1
20191114 1206 22345 22345 22345 22345 1
20191114 1213 22345 22345 22345 22345 9
20191114 1220 22380 22380 22380 22380 1
20191114 1227 22365 22365 22365 22365 8
20191114 1228 22370 22370 22370 22370 1
20191114 1236 22380 22380 22380 22380 1
20191114 1244 22380 22380 22380 22380 2
20191114 1248 22330 22330 22330 22330 8
20191114 1249 22330 22330 22320 22320 8400
20191114 1251 22350 22350 22350 22350 1
20191114 1254 22315 22315 22315 22315 1
20191114 1256 22315 22315 22315 22315 1590
20191114 1259 22355 22355 22355 22355 1
20191114 1303 22355 22355 22355 22355 2
20191114 1307 22355 22355 22355 22355 1
20191114 1314 22335 22335 22335 22335 1
20191114 1322 22330 22330 22330 22330 1
20191114 1325 22325 22325 22325 22325 1
20191114 1330 22330 22330 22330 22330 1
20191114 1334 22310 22310 22310 22310 32
20191114 1336 22300 22300 22300 22300 67
20191114 1338 22305 22305 22290 22290 12
20191114 1340 22290 22290 22290 22290 5
20191114 1341 22280 22280 22280 22280 5
20191114 1345 22285 22285 22285 22285 1
20191114 1353 22245 22245 22245 22245 1
20191114 1401 22250 22250 22250 22250 1
20191114 1408 22250 22250 22250 22250 1
20191114 1414 22250 22250 22250 22250 5
20191114 1416 22310 22310 22310 22310 1
20191114 1424 22310 22310 22310 22310 1
20191114 1425 22310 22310 22310 22310 58
20191114 1429 22355 22355 22355 22355 69
20191114 1432 22365 22365 22365 22365 1
20191114 1437 22355 22355 22355 22355 431
20191114 1439 22345 22345 22345 22345 1
20191114 1440 22345 22345 22345 22345 4
20191114 1443 22330 22330 22330 22330 55
20191114 1445 22330 22330 22330 22330 1
20191114 1447 22330 22330 22330 22330 1
20191114 1455 22310 22310 22310 22310 1
20191114 1502 22325 22325 22325 22325 1
20191114 1504 22315 22315 22315 22315 50
20191114 1508 22290 22290 22290 22290 60
20191114 1509 22290 22295 22290 22295 101
20191114 1510 22300 22300 22300 22300 1
20191114 1514 22255 22255 22255 22255 15
20191114 1517 22270 22270 22270 22270 5
20191114 1518 22280 22280 22280 22280 1
20191114 1519 22270 22270 22270 22270 50
20191114 1526 22305 22305 22305 22305 1
20191114 1531 22310 22310 22310 22310 2
20191114 1533 22310 22310 22310 22310 1
20191114 1539 22310 22310 22310 22310 10
20191114 1541 22310 22310 22310 22310 1
20191114 1544 22310 22320 22310 22320 186
20191114 1549 22325 22325 22325 22325 1
20191114 1551 22325 22325 22325 22325 30
20191114 1556 22285 22345 22285 22345 3
20191114 1559 22340 22340 22340 22340 70
20191114 1603 22340 22340 22340 22340 20
20191114 1604 22355 22355 22355 22355 1
20191114 1607 22365 22365 22365 22365 50
20191114 1609 22365 22365 22365 22365 4
20191114 1612 22350 22350 22350 22350 1
20191114 1620 22370 22370 22370 22370 1
20191114 1630 22405 22405 22405 22405 319
20191115 901 22475 22475 22475 22475 40
20191115 902 22440 22440 22440 22440 1
20191115 905 22415 22415 22415 22415 1
20191115 908 22440 22440 22440 22440 2
20191115 909 22440 22490 22440 22490 4
20191115 913 22490 22490 22490 22490 38
20191115 914 22490 22490 22490 22490 4
20191115 916 22490 22490 22490 22490 1
20191115 917 22545 22545 22545 22545 1
20191115 918 22570 22575 22570 22575 46
20191115 919 22575 22575 22495 22505 53
20191115 924 22510 22510 22510 22510 10
20191115 925 22510 22510 22510 22510 1
20191115 926 22500 22500 22500 22500 199
20191115 928 22500 22515 22500 22515 120
20191115 929 22520 22520 22520 22520 1
20191115 930 22520 22525 22520 22525 28
20191115 932 22530 22530 22525 22525 11
20191115 936 22515 22515 22515 22515 34
20191115 939 22535 22540 22535 22540 2
20191115 940 22545 22545 22545 22545 1
20191115 943 22550 22560 22550 22560 3
20191115 947 22560 22575 22560 22575 7
20191115 948 22580 22580 22580 22580 1
20191115 949 22585 22585 22585 22585 1
20191115 950 22590 22610 22590 22610 206
20191115 951 22615 22625 22615 22625 4
20191115 952 22625 22645 22625 22645 45
20191115 953 22650 22675 22650 22675 6
20191115 954 22680 22695 22680 22695 304
20191115 955 22695 22695 22695 22695 3
20191115 956 22700 22700 22700 22700 1
20191115 957 22700 22720 22700 22720 10
20191115 958 22725 22725 22720 22720 3
20191115 959 22730 22785 22730 22785 15
20191115 1000 22785 22790 22785 22790 250
20191115 1002 22770 22770 22770 22770 300
20191115 1003 22790 22790 22790 22790 3
20191115 1005 22790 22790 22790 22790 7
20191115 1009 22790 22790 22790 22790 144
20191115 1010 22800 22800 22800 22800 1
20191115 1011 22800 22800 22800 22800 25
20191115 1012 22800 22800 22800 22800 60
20191115 1015 22800 22800 22800 22800 310
20191115 1018 22805 22805 22805 22805 1
20191115 1019 22805 22805 22805 22805 10
20191115 1022 22810 22810 22810 22810 5
20191115 1024 22810 22810 22810 22810 5
20191115 1026 22810 22810 22805 22805 10
20191115 1029 22800 22800 22800 22800 8
20191115 1033 22805 22805 22805 22805 1
20191115 1041 22805 22805 22805 22805 11
20191115 1049 22800 22800 22800 22800 1
20191115 1050 22790 22790 22785 22785 65
20191115 1052 22775 22775 22775 22775 21
20191115 1056 22780 22780 22780 22780 1
20191115 1101 22765 22770 22765 22770 39
20191115 1102 22780 22780 22780 22780 147
20191115 1103 22780 22810 22780 22810 322
20191115 1104 22815 22815 22815 22815 1
20191115 1105 22810 22810 22810 22810 459
20191115 1106 22815 22815 22815 22815 10
20191115 1109 22810 22815 22810 22815 24
20191115 1110 22820 22820 22820 22820 426
20191115 1111 22820 22820 22820 22820 1
20191115 1112 22815 22815 22815 22815 70
20191115 1113 22820 22820 22815 22815 2379
20191115 1115 22820 22825 22820 22825 2200
20191115 1117 22825 22825 22825 22825 1
20191115 1118 22825 22825 22825 22825 26
20191115 1119 22825 22825 22825 22825 1
20191115 1122 22815 22815 22815 22815 5
20191115 1123 22790 22790 22790 22790 5
20191115 1124 22810 22810 22800 22800 5
20191115 1127 22810 22810 22810 22810 1
20191115 1134 22810 22810 22810 22810 2
20191115 1136 22825 22835 22825 22835 40
20191115 1138 22835 22835 22835 22835 2
20191115 1139 22835 22835 22835 22835 98
20191115 1142 22830 22840 22830 22840 4
20191115 1147 22835 22835 22835 22835 89
20191115 1149 22835 22835 22835 22835 11
20191115 1150 22840 22840 22835 22835 21
20191115 1154 22830 22830 22830 22830 30
20191115 1156 22820 22820 22820 22820 23
20191115 1157 22835 22835 22835 22835 1
20191115 1205 22835 22835 22835 22835 1
20191115 1208 22835 22835 22835 22835 15
20191115 1210 22835 22835 22835 22835 15
20191115 1212 22835 22835 22835 22835 1
20191115 1217 22825 22825 22825 22825 1
20191115 1220 22825 22825 22825 22825 1
20191115 1228 22815 22830 22815 22830 6
20191115 1235 22830 22830 22830 22830 1
20191115 1243 22830 22830 22830 22830 1
20191115 1249 22830 22830 22830 22830 152
20191115 1250 22835 22835 22835 22835 286
20191115 1251 22835 22835 22835 22835 1
20191115 1252 22835 22835 22835 22835 3
20191115 1254 22820 22820 22820 22820 2
20191115 1258 22835 22835 22835 22835 1
20191115 1304 22835 22840 22835 22840 1555
20191115 1305 22845 22845 22845 22845 212
20191115 1306 22850 22850 22850 22850 2
20191115 1307 22850 22850 22850 22850 286
20191115 1308 22850 22850 22850 22850 225
20191115 1309 22855 22855 22855 22855 132
20191115 1310 22855 22855 22855 22855 8
20191115 1311 22860 22870 22860 22870 134
20191115 1312 22875 22880 22875 22880 20
20191115 1314 22885 22885 22885 22885 1
20191115 1321 22880 22880 22880 22880 1
20191115 1324 22875 22875 22875 22875 51
20191115 1328 22870 22870 22870 22870 1
20191115 1329 22870 22870 22870 22870 1
20191115 1330 22865 22870 22865 22870 219
20191115 1331 22875 22875 22875 22875 105
20191115 1335 22850 22850 22850 22850 40
20191115 1336 22875 22875 22875 22875 1
20191115 1338 22875 22875 22870 22870 304
20191115 1341 22880 22880 22880 22880 3
20191115 1342 22880 22880 22880 22880 100
20191115 1343 22880 22880 22880 22880 3
20191115 1344 22885 22890 22885 22890 16
20191115 1350 22880 22880 22880 22880 30
20191115 1352 22890 22890 22890 22890 1
20191115 1353 22880 22890 22875 22890 55
20191115 1356 22890 22890 22890 22890 1
20191115 1357 22875 22875 22875 22875 25
20191115 1359 22890 22890 22890 22890 1
20191115 1407 22890 22890 22890 22890 1
20191115 1408 22870 22870 22870 22870 20
20191115 1413 22870 22870 22870 22870 28
20191115 1415 22890 22890 22890 22890 1
20191115 1419 22890 22905 22890 22905 1174
20191115 1420 22910 22910 22905 22905 104
20191115 1421 22905 22905 22905 22905 50
20191115 1422 22915 22920 22915 22920 6
20191115 1428 22925 22925 22925 22925 1
20191115 1430 22930 22930 22930 22930 1
20191115 1438 22920 22920 22920 22920 1
20191115 1445 22920 22920 22920 22920 1
20191115 1446 22920 22920 22920 22920 203
20191115 1447 22920 22920 22920 22920 4
20191115 1453 22920 22930 22920 22930 251
20191115 1457 22920 22920 22920 22920 983
20191115 1500 22930 22930 22930 22930 1
20191115 1501 22920 22920 22920 22920 37
20191115 1502 22910 22910 22910 22910 504
20191115 1503 22910 22910 22910 22910 148
20191115 1504 22895 22895 22895 22895 150
20191115 1508 22905 22905 22905 22905 1
20191115 1510 22905 22905 22905 22905 1
20191115 1515 22905 22905 22905 22905 29
20191115 1516 22930 22930 22930 22930 15
20191115 1520 22925 22925 22925 22925 1
20191115 1530 22945 22945 22945 22945 449
20191119 901 22980 22980 22980 22980 1
20191119 902 22980 23040 22980 23040 18
20191119 907 23040 23040 23040 23040 2
20191119 909 22970 22985 22970 22985 21
20191119 913 22985 22985 22985 22985 10
20191119 916 22975 22975 22975 22975 2
20191119 917 22975 22975 22960 22960 2
20191119 921 22930 22940 22930 22930 12
20191119 922 22930 22930 22930 22930 1
20191119 923 22950 22950 22945 22945 4
20191119 924 22945 22945 22940 22940 4
20191119 925 22935 22935 22900 22900 49
20191119 927 22900 22900 22900 22900 2
20191119 932 22900 22900 22900 22900 1
20191119 933 22900 22900 22900 22900 22
20191119 934 22900 22900 22900 22900 1
20191119 936 22900 22900 22900 22900 2
20191119 938 22900 22900 22900 22900 1
20191119 940 22900 22900 22900 22900 3
20191119 942 22900 22900 22895 22895 26
20191119 944 22890 22890 22890 22890 4
20191119 947 22890 22890 22890 22890 12
20191119 948 22885 22885 22880 22880 157
20191119 953 22880 22880 22865 22865 30
20191119 954 22865 22865 22865 22865 1
20191119 955 22860 22860 22855 22855 8
20191119 956 22850 22850 22830 22830 1750
20191119 957 22845 22850 22845 22850 350
20191119 958 22850 22850 22850 22850 40
20191119 1001 22850 22850 22850 22850 12
20191119 1003 22880 22880 22880 22880 4
20191119 1006 22880 22880 22880 22880 10
20191119 1010 22900 22900 22900 22900 1
20191119 1013 22900 22900 22900 22900 2870
20191119 1014 22900 22900 22900 22900 687
20191119 1018 22965 22965 22965 22965 1
20191119 1025 22940 22940 22940 22940 2
20191119 1026 22940 22940 22925 22925 3
20191119 1033 22920 22920 22920 22920 1
20191119 1035 22925 22925 22925 22925 20
20191119 1041 22930 22930 22930 22930 1
20191119 1043 22930 22930 22930 22930 10
20191119 1046 22930 22930 22930 22930 3
20191119 1049 22960 22960 22960 22960 1
20191119 1052 22960 22960 22960 22960 31
20191119 1053 22965 22965 22965 22965 5
20191119 1056 22975 22975 22975 22975 1
20191119 1102 22975 22975 22960 22960 7
20191119 1104 22965 22965 22965 22965 1
20191119 1107 22930 22930 22925 22925 20
20191119 1111 22950 22950 22950 22950 1
20191119 1119 22975 22975 22975 22975 1
20191119 1127 22975 22975 22975 22975 1
20191119 1129 22975 22975 22975 22975 23
20191119 1134 23020 23020 23020 23020 3
20191119 1136 23020 23045 23020 23045 250
20191119 1142 23050 23050 23045 23045 2
20191119 1150 23045 23045 23045 23045 1
20191119 1154 23040 23040 23040 23040 50
20191119 1157 23030 23030 23030 23030 1
20191119 1205 23030 23035 23030 23030 151
20191119 1207 23025 23025 23020 23020 162
20191119 1208 23015 23015 23000 23000 12
20191119 1212 23015 23015 23015 23015 1
20191119 1214 23000 23000 23000 23000 20
20191119 1219 23000 23000 23000 23000 96
20191119 1220 23000 23000 23000 23000 1
20191119 1222 22995 22995 22995 22995 104
20191119 1228 22995 22995 22995 22995 1
20191119 1229 22995 22995 22995 22995 1
20191119 1230 22990 22990 22970 22970 1052
20191119 1235 23020 23020 23020 23020 1
20191119 1241 23020 23020 23020 23020 11
20191119 1243 23025 23025 23025 23025 1
20191119 1246 23030 23035 23030 23035 113
20191119 1247 23035 23035 23035 23035 28
20191119 1250 23035 23035 23035 23035 7
20191119 1251 23040 23040 23040 23040 1
20191119 1252 23035 23035 23030 23030 10
20191119 1256 23040 23040 23040 23040 20
20191119 1258 23035 23035 23035 23035 1
20191119 1302 23035 23035 23035 23035 1
20191119 1306 22995 22995 22985 22985 12
20191119 1308 22980 22980 22980 22980 10
20191119 1309 22975 22975 22970 22970 2
20191119 1311 22970 22970 22970 22970 1
20191119 1312 22965 22965 22960 22960 6
20191119 1314 22955 22955 22945 22945 2
20191119 1318 22940 22940 22940 22940 50
20191119 1319 22940 22940 22940 22940 63
20191119 1321 22965 22965 22965 22965 1
20191119 1322 22965 22965 22965 22965 16
20191119 1324 22990 22990 22990 22990 184
20191119 1325 22985 22985 22985 22985 20
20191119 1326 22985 22985 22985 22985 10
20191119 1329 23020 23020 23020 23020 1
20191119 1336 23010 23010 23010 23010 4
20191119 1339 22955 22955 22955 22955 30
20191119 1340 22955 22955 22955 22955 1
20191119 1341 22955 22955 22955 22955 33
20191119 1344 22990 22990 22990 22990 1
20191119 1351 23025 23025 23025 23025 500
20191119 1352 23030 23035 23030 23035 151
20191119 1359 23035 23035 23035 23035 1
20191119 1407 23015 23015 23015 23015 1
20191119 1408 23015 23025 23015 23025 40
20191119 1415 23025 23025 23025 23025 1
20191119 1422 23020 23020 23020 23020 1
20191119 1426 23025 23035 23025 23035 34
20191119 1430 23045 23045 23045 23045 1
20191119 1436 23030 23035 23025 23025 60
20191119 1438 23020 23020 23020 23020 1
20191119 1445 23010 23010 23010 23010 1
20191119 1449 22960 22960 22960 22960 4
20191119 1450 22950 22950 22930 22930 16
20191119 1453 22955 22955 22955 22955 1
20191119 1454 22955 22955 22955 22955 1
20191119 1455 22960 22960 22960 22960 30
20191119 1457 22960 22960 22930 22930 22
20191119 1500 23005 23005 23005 23005 1
20191119 1502 22990 22990 22990 22990 2
20191119 1504 22995 22995 22995 22995 1
20191119 1507 22995 22995 22995 22995 50
20191119 1508 22985 22985 22980 22980 43
20191119 1516 23005 23005 23005 23005 1
20191119 1520 23005 23005 23005 23005 1
20191119 1530 23005 23005 23005 23005 27
