날짜 시간 시가 고가 저가 종가 거래량
20200701 901 25600 25600 25505 25505 2195
20200701 902 25565 25565 25560 25560 139
20200701 903 25520 25520 25505 25505 858
20200701 904 25505 25505 25505 25505 2
20200701 905 25510 25510 25510 25510 2
20200701 906 25510 25520 25505 25520 100
20200701 907 25505 25525 25505 25525 66
20200701 908 25520 25525 25510 25520 1572
20200701 909 25520 25560 25520 25560 110
20200701 910 25585 25590 25585 25590 5000
20200701 911 25520 25605 25520 25605 90
20200701 912 25605 25605 25605 25605 1
20200701 913 25590 25590 25590 25590 54
20200701 915 25545 25545 25545 25545 50
20200701 916 25510 25540 25510 25540 40
20200701 917 25510 25510 25510 25510 5
20200701 919 25510 25510 25510 25510 61
20200701 920 25520 25520 25510 25515 155
20200701 921 25520 25535 25510 25535 11
20200701 922 25545 25560 25545 25560 8
20200701 923 25570 25570 25560 25560 144
20200701 924 25550 25590 25550 25590 73
20200701 925 25605 25635 25605 25620 399
20200701 926 25615 25615 25615 25615 831
20200701 929 25605 25605 25570 25570 226
20200701 930 25555 25555 25555 25555 78
20200701 932 25550 25555 25550 25555 124
20200701 934 25550 25550 25550 25550 2
20200701 935 25590 25605 25590 25605 17
20200701 938 25550 25550 25550 25550 1
20200701 939 25550 25560 25550 25560 3
20200701 941 25580 25580 25580 25580 1
20200701 943 25590 25590 25590 25590 1
20200701 944 25590 25590 25590 25590 5
20200701 945 25585 25615 25585 25615 385
20200701 946 25615 25620 25615 25620 158
20200701 947 25560 25560 25560 25560 1
20200701 949 25560 25560 25510 25510 407
20200701 953 25560 25560 25560 25560 37
20200701 954 25570 25570 25570 25570 1
20200701 955 25530 25530 25530 25530 1
20200701 956 25580 25600 25580 25600 48
20200701 1001 25600 25620 25600 25620 20
20200701 1002 25600 25600 25560 25560 87
20200701 1003 25560 25560 25560 25560 16
20200701 1005 25600 25600 25600 25600 314
20200701 1006 25615 25620 25600 25600 358
20200701 1008 25560 25560 25560 25560 301
20200701 1009 25560 25560 25560 25560 5
20200701 1010 25560 25560 25560 25560 1
20200701 1013 25570 25570 25570 25570 1
20200701 1014 25570 25600 25570 25600 54
20200701 1015 25600 25600 25600 25600 31
20200701 1017 25600 25600 25600 25600 15
20200701 1018 25570 25570 25570 25570 1
20200701 1019 25570 25575 25570 25575 49
20200701 1021 25575 25575 25575 25575 25
20200701 1024 25570 25570 25570 25570 15
20200701 1025 25570 25570 25570 25570 5
20200701 1026 25570 25590 25570 25590 16
20200701 1027 25575 25575 25575 25575 181
20200701 1029 25575 25575 25575 25575 10
20200701 1031 25590 25590 25590 25590 13
20200701 1032 25600 25605 25600 25605 903
20200701 1034 25600 25600 25590 25590 285
20200701 1036 25605 25605 25605 25605 1
20200701 1041 25590 25590 25590 25590 1
20200701 1042 25605 25605 25605 25605 1
20200701 1043 25605 25605 25605 25605 101
20200701 1044 25610 25615 25610 25615 58
20200701 1046 25590 25590 25590 25590 10
20200701 1049 25590 25615 25590 25615 21
20200701 1051 25610 25610 25610 25610 1
20200701 1052 25600 25600 25600 25600 1
20200701 1054 25605 25605 25605 25605 1
20200701 1055 25600 25600 25600 25600 33
20200701 1056 25610 25610 25610 25610 1
20200701 1057 25610 25615 25600 25615 4
20200701 1059 25615 25615 25615 25615 2
20200701 1101 25615 25615 25615 25615 30
20200701 1102 25615 25615 25615 25615 30
20200701 1104 25615 25615 25615 25615 200
20200701 1105 25600 25600 25600 25600 1
20200701 1107 25615 25615 25615 25615 50
20200701 1111 25600 25600 25600 25600 60
20200701 1112 25590 25590 25590 25590 3
20200701 1113 25590 25590 25590 25590 18
20200701 1114 25575 25575 25575 25575 922
20200701 1116 25575 25575 25575 25575 700
20200701 1118 25575 25575 25575 25575 1
20200701 1120 25575 25575 25575 25575 1017
20200701 1121 25575 25575 25575 25575 7
20200701 1122 25575 25575 25575 25575 10
20200701 1128 25570 25575 25570 25570 200
20200701 1131 25600 25600 25600 25600 16
20200701 1132 25575 25575 25570 25570 657
20200701 1133 25560 25560 25560 25560 325
20200701 1134 25560 25560 25560 25560 1125
20200701 1136 25555 25555 25555 25555 1
20200701 1137 25550 25550 25550 25550 24
20200701 1140 25540 25540 25540 25540 1
20200701 1141 25540 25540 25540 25540 2
20200701 1143 25540 25540 25540 25540 16
20200701 1146 25540 25540 25530 25530 41
20200701 1151 25530 25530 25530 25530 1
20200701 1154 25530 25530 25530 25530 1
20200701 1155 25530 25530 25530 25530 2
20200701 1157 25530 25530 25530 25530 2
20200701 1159 25530 25530 25530 25530 1
20200701 1202 25550 25550 25550 25550 1
20200701 1205 25530 25530 25500 25500 884
20200701 1207 25500 25500 25500 25500 1
20200701 1214 25515 25515 25515 25515 1
20200701 1215 25525 25525 25525 25525 1
20200701 1220 25525 25525 25525 25525 21
20200701 1222 25530 25530 25500 25500 3
20200701 1223 25530 25530 25530 25530 1
20200701 1228 25530 25530 25530 25530 8
20200701 1230 25530 25530 25530 25530 1
20200701 1231 25530 25530 25530 25530 31
20200701 1232 25530 25530 25530 25530 1
20200701 1235 25530 25530 25530 25530 13
20200701 1236 25530 25530 25530 25530 10
20200701 1238 25520 25520 25500 25500 18
20200701 1243 25550 25550 25550 25550 2
20200701 1245 25520 25520 25520 25520 1
20200701 1246 25520 25520 25520 25520 1
20200701 1252 25530 25550 25520 25550 68
20200701 1253 25550 25550 25525 25525 12
20200701 1255 25550 25550 25550 25550 30
20200701 1301 25520 25520 25520 25520 1
20200701 1303 25525 25525 25525 25525 3
20200701 1305 25535 25535 25535 25535 10
20200701 1306 25535 25535 25535 25535 5
20200701 1309 25535 25535 25535 25535 1
20200701 1311 25535 25535 25535 25535 30
20200701 1316 25525 25525 25525 25525 1
20200701 1317 25535 25535 25535 25535 10
20200701 1318 25525 25525 25520 25520 19
20200701 1319 25520 25520 25520 25520 1
20200701 1323 25545 25550 25545 25550 10
20200701 1324 25520 25520 25520 25520 1
20200701 1330 25520 25520 25520 25520 11
20200701 1331 25515 25515 25515 25515 4
20200701 1332 25515 25515 25505 25505 8
20200701 1333 25505 25505 25505 25505 109
20200701 1334 25505 25505 25485 25485 241
20200701 1338 25480 25480 25480 25480 10
20200701 1339 25475 25475 25475 25475 465
20200701 1340 25450 25450 25450 25450 1
20200701 1343 25450 25450 25450 25450 1
20200701 1344 25450 25450 25450 25450 4
20200701 1347 25450 25450 25450 25450 2
20200701 1349 25450 25450 25450 25450 505
20200701 1352 25450 25450 25450 25450 9
20200701 1353 25440 25440 25420 25420 62
20200701 1354 25415 25415 25395 25395 572
20200701 1355 25390 25390 25385 25385 40
20200701 1356 25380 25380 25380 25380 22
20200701 1359 25380 25380 25380 25380 1
20200701 1401 25380 25380 25380 25380 1
20200701 1402 25380 25380 25380 25380 5
20200701 1403 25375 25375 25375 25375 1
20200701 1404 25375 25375 25335 25335 109
20200701 1405 25375 25380 25375 25380 363
20200701 1407 25410 25410 25410 25410 150
20200701 1411 25355 25355 25355 25355 31
20200701 1412 25420 25420 25420 25420 1
20200701 1413 25355 25390 25350 25350 46
20200701 1416 25350 25350 25350 25350 1
20200701 1418 25305 25335 25285 25285 120
20200701 1419 25285 25285 25265 25265 53
20200701 1420 25260 25260 25240 25240 8
20200701 1421 25240 25260 25235 25260 749
20200701 1425 25260 25260 25260 25260 8
20200701 1426 25260 25260 25235 25235 14
20200701 1429 25235 25235 25235 25235 2
20200701 1431 25235 25235 25235 25235 2
20200701 1434 25235 25235 25235 25235 1
20200701 1437 25300 25300 25300 25300 3
20200701 1438 25285 25285 25285 25285 5
20200701 1440 25235 25235 25230 25230 50
20200701 1441 25235 25235 25235 25235 60
20200701 1442 25230 25230 25230 25230 1
20200701 1446 25230 25230 25230 25230 33
20200701 1448 25260 25260 25260 25260 22
20200701 1449 25230 25230 25225 25225 118
20200701 1450 25225 25225 25210 25210 22
20200701 1452 25210 25210 25205 25205 255
20200701 1453 25230 25230 25230 25230 3
20200701 1456 25205 25205 25205 25205 40
20200701 1457 25205 25210 25205 25210 130
20200701 1458 25210 25210 25210 25210 2
20200701 1500 25230 25230 25230 25230 1
20200701 1501 25240 25240 25240 25240 120
20200701 1502 25230 25230 25230 25230 6
20200701 1503 25215 25215 25210 25210 276
20200701 1504 25220 25220 25200 25200 115
20200701 1505 25185 25185 25170 25185 28
20200701 1506 25160 25160 25160 25160 1
20200701 1507 25175 25175 25175 25175 1
20200701 1508 25160 25160 25160 25160 5
20200701 1509 25155 25160 25150 25150 303
20200701 1510 25150 25150 25150 25150 152
20200701 1511 25115 25115 25115 25115 1008
20200701 1512 25110 25110 25100 25100 12
20200701 1513 25100 25100 25100 25100 1
20200701 1514 25100 25100 25085 25085 23
20200701 1515 25085 25085 25085 25085 368
20200701 1517 25085 25085 25085 25085 3
20200701 1518 25145 25145 25140 25140 2
20200701 1519 25090 25090 25090 25090 500
20200701 1520 25085 25085 25050 25050 693
20200701 1530 25185 25185 25185 25185 157
20200702 901 25235 25305 25235 25305 296
20200702 903 25285 25295 25285 25285 41
20200702 904 25300 25305 25300 25300 167
20200702 905 25285 25285 25285 25285 1
20200702 906 25300 25300 25300 25300 21
20200702 907 25310 25310 25310 25310 5
20200702 908 25340 25340 25340 25340 1
20200702 909 25345 25410 25345 25410 143
20200702 911 25370 25370 25310 25310 36
20200702 912 25285 25285 25255 25255 35
20200702 913 25255 25270 25220 25220 221
20200702 915 25220 25220 25220 25220 11
20200702 916 25185 25220 25175 25175 116
20200702 917 25170 25170 25170 25170 81
20200702 918 25160 25160 25160 25160 21
20200702 919 25155 25155 25155 25155 2
20200702 920 25145 25145 25140 25140 2
20200702 922 25145 25155 25145 25155 349
20200702 923 25125 25125 25120 25120 215
20200702 924 25155 25155 25155 25155 52
20200702 926 25155 25155 25155 25155 100
20200702 927 25155 25155 25155 25155 5
20200702 929 25155 25155 25105 25105 99
20200702 930 25100 25100 25100 25100 27
20200702 932 25145 25145 25145 25145 1
20200702 935 25145 25145 25145 25145 1
20200702 936 25145 25145 25100 25100 21
20200702 938 25145 25170 25145 25170 425
20200702 939 25170 25170 25170 25170 7
20200702 940 25145 25145 25145 25145 6
20200702 941 25145 25145 25130 25130 610
20200702 943 25130 25130 25105 25105 225
20200702 944 25100 25100 25090 25090 242
20200702 946 25100 25105 25100 25105 200
20200702 947 25170 25170 25150 25150 148
20200702 948 25150 25150 25150 25150 5
20200702 949 25150 25150 25150 25150 10
20200702 954 25150 25150 25150 25150 24
20200702 955 25150 25150 25150 25150 1
20200702 957 25150 25150 25150 25150 5
20200702 959 25150 25150 25150 25150 4
20200702 1000 25150 25150 25150 25150 2
20200702 1001 25150 25150 25150 25150 39
20200702 1002 25105 25105 25105 25105 25
20200702 1003 25100 25145 25100 25145 360
20200702 1004 25100 25100 25085 25085 328
20200702 1006 25085 25085 25085 25085 3
20200702 1007 25090 25090 25080 25085 58
20200702 1008 25075 25075 25075 25075 1
20200702 1009 25070 25070 25065 25065 396
20200702 1010 25075 25075 25075 25075 1
20200702 1012 25075 25075 25070 25070 5
20200702 1013 25070 25070 25070 25070 2
20200702 1014 25060 25060 25045 25045 599
20200702 1015 25040 25040 25040 25040 13
20200702 1016 25035 25035 25030 25030 4
20200702 1017 25030 25030 25030 25030 21
20200702 1018 25035 25035 25035 25035 1
20200702 1019 25030 25030 25030 25030 133
20200702 1021 25030 25030 25030 25030 3
20200702 1022 25030 25030 25030 25030 17
20200702 1023 25050 25050 25050 25050 3
20200702 1024 25045 25045 25045 25045 500
20200702 1025 25045 25045 25045 25045 50
20200702 1026 25040 25040 25040 25040 1
20200702 1028 25025 25025 25025 25025 56
20200702 1030 25025 25025 25020 25020 30
20200702 1034 25035 25055 25020 25055 119
20200702 1035 25055 25055 25055 25055 10
20200702 1036 25065 25065 25065 25065 50
20200702 1038 25055 25070 25055 25070 2
20200702 1039 25065 25065 25065 25065 20
20200702 1041 25075 25075 25075 25075 1
20200702 1042 25075 25075 25065 25065 201
20200702 1049 25085 25085 25085 25085 2
20200702 1050 25065 25065 25065 25065 6
20200702 1054 25065 25065 25065 25065 22
20200702 1056 25065 25065 25065 25065 10
20200702 1057 25085 25085 25085 25085 1
20200702 1101 25085 25085 25085 25085 10
20200702 1102 25075 25075 25070 25070 60
20200702 1103 25065 25070 25050 25050 447
20200702 1104 25050 25050 25050 25050 13
20200702 1105 25085 25085 25080 25080 11
20200702 1107 25030 25030 25030 25030 11
20200702 1111 25030 25030 25030 25030 10
20200702 1112 25090 25090 25090 25090 1
20200702 1118 25090 25090 25090 25090 5
20200702 1119 25090 25090 25090 25090 10
20200702 1120 25090 25090 25090 25090 1
20200702 1125 25090 25090 25090 25090 1
20200702 1128 25090 25090 25090 25090 1
20200702 1129 25090 25090 25090 25090 385
20200702 1130 25070 25150 25070 25150 2
20200702 1136 25150 25150 25130 25130 3
20200702 1137 25070 25070 25070 25070 64
20200702 1143 25150 25150 25150 25150 1
20200702 1144 25150 25150 25150 25150 4
20200702 1146 25150 25150 25150 25150 1050
20200702 1148 25150 25150 25150 25150 60
20200702 1151 25150 25150 25150 25150 1
20200702 1153 25150 25165 25150 25165 200
20200702 1156 25075 25075 25075 25075 1
20200702 1157 25085 25085 25085 25085 50
20200702 1159 25170 25170 25170 25170 1
20200702 1201 25170 25170 25170 25170 249
20200702 1202 25170 25170 25155 25155 80
20200702 1204 25190 25190 25190 25190 100
20200702 1206 25190 25190 25190 25190 2
20200702 1207 25195 25195 25195 25195 1
20200702 1209 25195 25195 25195 25195 1
20200702 1211 25195 25195 25195 25195 1
20200702 1213 25200 25200 25200 25200 185
20200702 1214 25220 25220 25220 25220 1
20200702 1215 25220 25220 25220 25220 53
20200702 1216 25220 25220 25220 25220 10
20200702 1217 25200 25200 25200 25200 9
20200702 1219 25200 25200 25200 25200 10
20200702 1222 25200 25200 25200 25200 1
20200702 1223 25200 25225 25200 25225 503
20200702 1226 25225 25225 25225 25225 2
20200702 1228 25220 25220 25220 25220 3
20200702 1230 25220 25220 25220 25220 1
20200702 1231 25220 25220 25220 25220 1
20200702 1233 25185 25185 25185 25185 4
20200702 1238 25220 25220 25220 25220 1
20200702 1240 25220 25220 25220 25220 4
20200702 1245 25220 25220 25220 25220 1
20200702 1250 25215 25220 25215 25220 11
20200702 1251 25220 25220 25220 25220 20
20200702 1253 25220 25220 25210 25210 61
20200702 1256 25190 25190 25190 25190 7
20200702 1258 25210 25210 25210 25210 2
20200702 1301 25210 25220 25210 25220 227
20200702 1302 25210 25210 25210 25210 91
20200702 1303 25210 25210 25210 25210 20
20200702 1304 25210 25210 25210 25210 89
20200702 1305 25205 25205 25205 25205 11
20200702 1307 25205 25205 25205 25205 4
20200702 1309 25215 25215 25215 25215 1
20200702 1315 25215 25215 25215 25215 7
20200702 1316 25215 25215 25215 25215 1
20200702 1317 25200 25200 25200 25200 74
20200702 1321 25215 25225 25215 25225 1046
20200702 1324 25225 25245 25225 25245 2
20200702 1329 25245 25245 25245 25245 39
20200702 1330 25245 25245 25245 25245 1
20200702 1332 25245 25245 25245 25245 1
20200702 1336 25240 25240 25240 25240 67
20200702 1340 25245 25245 25245 25245 1
20200702 1341 25245 25245 25245 25245 50
20200702 1345 25245 25245 25245 25245 250
20200702 1347 25245 25245 25245 25245 1
20200702 1351 25245 25245 25240 25240 11
20200702 1352 25235 25240 25235 25240 20
20200702 1353 25235 25235 25235 25235 19
20200702 1355 25245 25245 25245 25245 1
20200702 1357 25245 25245 25245 25245 10
20200702 1358 25235 25235 25230 25230 20
20200702 1359 25225 25225 25225 25225 10
20200702 1401 25225 25225 25225 25225 191
20200702 1403 25245 25245 25245 25245 101
20200702 1405 25225 25225 25225 25225 200
20200702 1408 25220 25220 25205 25205 151
20200702 1411 25245 25245 25205 25205 12
20200702 1412 25200 25200 25200 25200 148
20200702 1415 25200 25200 25200 25200 1
20200702 1418 25200 25225 25200 25225 81
20200702 1420 25195 25195 25190 25190 57
20200702 1422 25185 25185 25185 25185 24
20200702 1423 25185 25185 25185 25185 200
20200702 1424 25180 25180 25180 25180 237
20200702 1425 25175 25185 25175 25185 47
20200702 1426 25230 25230 25230 25230 1
20200702 1429 25230 25230 25230 25230 100
20200702 1431 25230 25230 25200 25200 110
20200702 1434 25235 25235 25235 25235 1
20200702 1441 25230 25230 25230 25230 1
20200702 1442 25230 25230 25230 25230 1
20200702 1443 25185 25185 25170 25170 100
20200702 1449 25230 25230 25230 25230 1
20200702 1453 25230 25230 25230 25230 65
20200702 1454 25235 25235 25235 25235 130
20200702 1455 25230 25230 25230 25230 35
20200702 1457 25200 25230 25200 25230 2
20200702 1501 25230 25235 25230 25235 1000
20200702 1504 25235 25235 25235 25235 1
20200702 1505 25235 25235 25205 25205 16
20200702 1506 25235 25235 25235 25235 50
20200702 1507 25235 25235 25235 25235 50
20200702 1508 25235 25235 25235 25235 200
20200702 1511 25235 25235 25235 25235 18
20200702 1513 25235 25235 25205 25235 86
20200702 1515 25235 25235 25235 25235 10
20200702 1518 25205 25205 25205 25205 635
20200702 1520 25225 25235 25225 25235 4034
20200702 1530 25265 25265 25265 25265 659
