날짜 시간 시가 고가 저가 종가 거래량
20191128 901 83100 83100 82600 82600 89857
20191128 902 82700 83000 82500 83000 14220
20191128 903 82900 83400 82900 83300 14398
20191128 904 83300 83400 82900 82900 23949
20191128 905 82900 82900 82700 82900 6006
20191128 906 82900 83000 82900 82900 1367
20191128 907 83000 83000 82800 83000 6016
20191128 908 83000 83000 82900 82900 1718
20191128 909 83000 83200 82900 83100 5569
20191128 910 83100 83100 83000 83100 3163
20191128 911 83100 83100 83100 83100 3938
20191128 912 83100 83200 83000 83100 2636
20191128 913 83200 83200 83100 83100 5097
20191128 914 83100 83100 82900 83000 4315
20191128 915 83000 83100 83000 83100 7217
20191128 916 83100 83100 83100 83100 920
20191128 917 83000 83100 83000 83100 1132
20191128 918 83100 83200 83000 83100 6663
20191128 919 83000 83100 83000 83100 1755
20191128 920 83100 83300 83000 83100 10950
20191128 921 83100 83100 83000 83100 2122
20191128 922 83100 83100 83000 83100 2614
20191128 923 83100 83200 83000 83100 3933
20191128 924 83100 83200 83100 83200 788
20191128 925 83200 83200 83100 83200 2505
20191128 926 83100 83200 83100 83100 1529
20191128 927 83100 83200 83000 83100 6787
20191128 928 83100 83100 83000 83100 826
20191128 929 83100 83100 83000 83100 480
20191128 930 83100 83100 83000 83100 2921
20191128 931 83100 83200 83000 83000 1811
20191128 932 83100 83100 83000 83100 829
20191128 933 83100 83100 83000 83000 1268
20191128 934 83100 83200 83000 83100 5177
20191128 935 83100 83100 83000 83100 218
20191128 936 83000 83100 83000 83100 1104
20191128 937 83100 83100 83000 83100 2140
20191128 938 83100 83100 83000 83100 990
20191128 939 83200 83200 83100 83200 4788
20191128 940 83300 83300 83200 83200 2121
20191128 941 83300 83500 83200 83500 13958
20191128 942 83500 83600 83400 83500 9895
20191128 943 83500 83500 83400 83400 6440
20191128 944 83500 83600 83400 83500 4042
20191128 945 83400 83500 83400 83400 1146
20191128 946 83500 83500 83400 83400 521
20191128 947 83500 83500 83400 83500 1311
20191128 948 83500 83500 83300 83300 10930
20191128 949 83400 83400 83300 83300 985
20191128 950 83300 83400 83300 83300 384
20191128 951 83300 83400 83300 83400 750
20191128 952 83300 83400 83300 83400 6070
20191128 953 83400 83400 83300 83400 4388
20191128 954 83400 83500 83300 83500 1823
20191128 955 83500 83500 83400 83500 872
20191128 956 83400 83500 83400 83400 4232
20191128 957 83300 83400 83300 83300 500
20191128 958 83300 83400 83300 83400 549
20191128 959 83400 83400 83300 83400 2032
20191128 1000 83400 83400 83300 83400 1913
20191128 1001 83400 83400 83300 83400 1139
20191128 1002 83400 83400 83300 83400 793
20191128 1003 83400 83400 83300 83400 85
20191128 1004 83300 83400 83300 83400 396
20191128 1005 83400 83400 83300 83400 774
20191128 1006 83300 83400 83300 83400 374
20191128 1007 83400 83400 83300 83300 327
20191128 1008 83300 83400 83300 83400 205
20191128 1009 83300 83400 83300 83400 131
20191128 1010 83300 83400 83200 83200 6075
20191128 1011 83300 83300 83200 83200 2501
20191128 1012 83300 83300 83200 83200 1346
20191128 1013 83200 83300 83200 83200 1058
20191128 1014 83300 83300 83200 83200 318
20191128 1015 83200 83400 83200 83400 2925
20191128 1016 83300 83400 83300 83300 184
20191128 1017 83400 83400 83300 83300 365
20191128 1018 83400 83400 83300 83400 3959
20191128 1019 83400 83400 83200 83300 4532
20191128 1020 83300 83400 83300 83400 561
20191128 1021 83400 83400 83300 83300 666
20191128 1022 83400 83400 83300 83300 475
20191128 1023 83400 83400 83300 83400 352
20191128 1024 83300 83400 83300 83400 639
20191128 1025 83400 83400 83300 83400 556
20191128 1026 83400 83400 83300 83300 475
20191128 1027 83400 83400 83300 83400 976
20191128 1028 83300 83400 83300 83400 847
20191128 1029 83400 83400 83300 83400 5180
20191128 1030 83400 83400 83300 83400 3606
20191128 1031 83400 83400 83300 83300 831
20191128 1032 83400 83400 83300 83300 1094
20191128 1033 83300 83400 83300 83300 1772
20191128 1034 83300 83400 83300 83400 3461
20191128 1035 83300 83400 83300 83300 1248
20191128 1036 83400 83400 83300 83300 2684
20191128 1037 83300 83500 83300 83300 15289
20191128 1038 83300 83400 83300 83300 797
20191128 1039 83300 83400 83300 83300 3733
20191128 1040 83300 83400 83300 83300 1836
20191128 1041 83300 83400 83300 83400 795
20191128 1042 83400 83400 83300 83400 1269
20191128 1043 83400 83500 83300 83400 4466
20191128 1044 83500 83500 83400 83500 116
20191128 1045 83400 83500 83400 83400 1299
20191128 1046 83500 83500 83400 83500 527
20191128 1047 83500 83600 83400 83600 31753
20191128 1048 83600 83700 83500 83600 3769
20191128 1049 83700 83700 83600 83700 698
20191128 1050 83700 83700 83600 83600 288
20191128 1051 83700 83700 83600 83700 1441
20191128 1052 83700 83700 83600 83600 522
20191128 1053 83700 83700 83600 83700 273
20191128 1054 83700 83700 83500 83600 10816
20191128 1055 83500 83600 83500 83600 3196
20191128 1056 83600 83700 83600 83700 350
20191128 1057 83700 83700 83600 83700 188
20191128 1058 83600 83700 83600 83600 587
20191128 1059 83600 83700 83600 83700 1770
20191128 1100 83700 83700 83600 83600 2058
20191128 1101 83700 83700 83600 83600 1583
20191128 1102 83700 83700 83600 83600 942
20191128 1103 83700 83700 83600 83700 1631
20191128 1104 83700 83700 83600 83600 576
20191128 1105 83700 83700 83600 83700 1482
20191128 1106 83700 83700 83600 83700 1800
20191128 1107 83700 83800 83600 83800 19049
20191128 1108 83700 83800 83600 83700 6934
20191128 1109 83700 83700 83600 83600 581
20191128 1110 83700 83700 83600 83700 793
20191128 1111 83600 83700 83600 83700 2533
20191128 1112 83700 83700 83600 83700 1019
20191128 1113 83700 83700 83600 83700 930
20191128 1114 83700 83700 83600 83700 725
20191128 1115 83600 83700 83600 83600 1377
20191128 1116 83700 83700 83600 83600 1551
20191128 1117 83700 83700 83600 83700 2295
20191128 1118 83700 83700 83600 83700 525
20191128 1119 83600 83700 83600 83700 642
20191128 1120 83700 83700 83600 83700 1529
20191128 1121 83600 83700 83600 83700 474
20191128 1122 83700 83700 83600 83700 3611
20191128 1123 83700 83700 83600 83700 3633
20191128 1124 83700 83700 83600 83700 1489
20191128 1125 83700 83700 83600 83700 2247
20191128 1126 83700 83700 83600 83700 1187
20191128 1127 83700 83700 83600 83700 991
20191128 1128 83700 83700 83600 83600 1257
20191128 1129 83600 83700 83600 83600 892
20191128 1130 83700 83800 83700 83800 5029
20191128 1131 83800 83800 83700 83800 1378
20191128 1132 83700 83700 83600 83700 8715
20191128 1133 83700 83700 83600 83700 523
20191128 1134 83700 83700 83600 83600 277
20191128 1135 83700 83700 83600 83700 2226
20191128 1136 83600 83700 83600 83700 817
20191128 1137 83700 83800 83600 83700 5290
20191128 1138 83800 83800 83700 83700 551
20191128 1139 83700 83800 83700 83800 504
20191128 1140 83800 83800 83700 83700 1145
20191128 1141 83700 83800 83700 83700 1004
20191128 1142 83800 83800 83700 83800 834
20191128 1143 83700 83800 83700 83800 1892
20191128 1144 83700 83800 83700 83700 1345
20191128 1145 83700 83800 83700 83700 2916
20191128 1146 83700 83800 83700 83800 835
20191128 1147 83700 83800 83700 83800 2249
20191128 1148 83800 83800 83700 83800 514
20191128 1149 83800 83800 83700 83800 855
20191128 1150 83700 83800 83700 83800 934
20191128 1151 83700 83800 83700 83800 481
20191128 1152 83800 83800 83700 83700 3360
20191128 1153 83700 83800 83700 83700 1606
20191128 1154 83700 83800 83700 83700 865
20191128 1155 83700 83800 83700 83800 1306
20191128 1156 83700 83800 83700 83700 666
20191128 1157 83800 83800 83700 83700 1806
20191128 1158 83700 83800 83700 83700 2617
20191128 1159 83700 83800 83700 83800 1615
20191128 1200 83700 83800 83700 83700 3563
20191128 1201 83700 83800 83700 83700 373
20191128 1202 83800 83800 83700 83700 2127
20191128 1203 83800 83800 83600 83600 2500
20191128 1204 83700 83700 83600 83700 367
20191128 1205 83700 83700 83600 83600 549
20191128 1206 83600 83700 83600 83700 402
20191128 1207 83600 83700 83600 83600 508
20191128 1208 83600 83700 83600 83600 409
20191128 1209 83700 83700 83600 83600 740
20191128 1210 83600 83700 83600 83600 744
20191128 1211 83700 83700 83600 83700 401
20191128 1212 83600 83700 83600 83700 3222
20191128 1213 83600 83700 83500 83600 3533
20191128 1214 83500 83600 83500 83500 457
20191128 1215 83500 83600 83500 83600 372
20191128 1216 83600 83600 83500 83600 1294
20191128 1217 83500 83600 83500 83500 695
20191128 1218 83600 83600 83500 83600 519
20191128 1219 83500 83600 83500 83600 467
20191128 1220 83600 83600 83500 83500 653
20191128 1221 83600 83600 83500 83500 563
20191128 1222 83500 83600 83500 83600 600
20191128 1223 83500 83600 83500 83500 455
20191128 1224 83600 83600 83500 83500 2083
20191128 1225 83600 83600 83500 83600 432
20191128 1226 83600 83600 83500 83600 899
20191128 1227 83600 83600 83500 83500 476
20191128 1228 83500 83600 83500 83600 161
20191128 1229 83500 83600 83500 83600 881
20191128 1230 83600 83600 83500 83600 821
20191128 1231 83500 83600 83500 83500 1334
20191128 1232 83600 83600 83500 83600 416
20191128 1233 83600 83600 83500 83600 838
20191128 1234 83600 83600 83500 83500 515
20191128 1235 83500 83600 83500 83600 579
20191128 1236 83500 83600 83500 83500 5305
20191128 1237 83500 83600 83500 83500 1828
20191128 1238 83600 83600 83500 83500 449
20191128 1239 83600 83600 83500 83500 1142
20191128 1240 83600 83600 83500 83600 595
20191128 1241 83600 83600 83500 83500 456
20191128 1242 83500 83600 83500 83600 596
20191128 1243 83500 83600 83500 83600 666
20191128 1244 83600 83600 83500 83500 406
20191128 1245 83600 83600 83500 83500 368
20191128 1246 83500 83600 83500 83600 379
20191128 1247 83600 83600 83500 83600 697
20191128 1248 83500 83600 83500 83600 232
20191128 1249 83500 83600 83500 83600 283
20191128 1250 83500 83600 83500 83600 723
20191128 1251 83600 83600 83500 83500 553
20191128 1252 83500 83600 83500 83500 515
20191128 1253 83500 83600 83500 83500 689
20191128 1254 83600 83600 83500 83600 1340
20191128 1255 83600 83600 83500 83600 970
20191128 1256 83600 83600 83500 83600 819
20191128 1257 83500 83600 83500 83600 631
20191128 1258 83600 83600 83500 83600 2188
20191128 1259 83600 83600 83500 83500 443
20191128 1300 83600 83600 83500 83500 650
20191128 1301 83600 83600 83500 83500 1530
20191128 1302 83600 83600 83500 83500 769
20191128 1303 83600 83600 83500 83600 896
20191128 1304 83500 83600 83500 83600 1170
20191128 1305 83600 83600 83500 83600 730
20191128 1306 83600 83600 83500 83600 734
20191128 1307 83500 83600 83500 83600 851
20191128 1308 83600 83600 83500 83600 1102
20191128 1309 83600 83600 83500 83600 1455
20191128 1310 83600 83600 83500 83600 1714
20191128 1311 83500 83600 83500 83500 3390
20191128 1312 83600 83600 83500 83600 924
20191128 1313 83600 83600 83500 83600 1224
20191128 1314 83600 83700 83500 83700 52084
20191128 1315 83700 83800 83600 83700 8269
20191128 1316 83700 83800 83600 83700 2418
20191128 1317 83700 83800 83700 83800 587
20191128 1318 83700 83800 83600 83700 2228
20191128 1319 83700 83700 83600 83700 553
20191128 1320 83600 83700 83600 83700 883
20191128 1321 83700 83700 83600 83700 1232
20191128 1322 83700 83700 83600 83600 648
20191128 1323 83700 83700 83600 83600 1101
20191128 1324 83700 83700 83600 83700 877
20191128 1325 83600 83700 83600 83700 751
20191128 1326 83700 83700 83600 83700 1505
20191128 1327 83700 83700 83600 83700 2389
20191128 1328 83600 83700 83600 83700 1189
20191128 1329 83700 83700 83600 83700 1644
20191128 1330 83600 83700 83600 83600 1909
20191128 1331 83700 83700 83600 83600 755
20191128 1332 83600 83700 83600 83700 1163
20191128 1333 83700 83700 83600 83700 1353
20191128 1334 83700 83700 83600 83700 2173
20191128 1335 83600 83700 83600 83700 1308
20191128 1336 83700 83700 83600 83600 1118
20191128 1337 83700 83700 83600 83600 994
20191128 1338 83600 83700 83600 83700 3592
20191128 1339 83700 83800 83600 83800 35862
20191128 1340 83800 83800 83700 83800 1311
20191128 1341 83800 83800 83700 83800 718
20191128 1342 83700 83800 83700 83800 828
20191128 1343 83800 83800 83700 83700 3021
20191128 1344 83700 83800 83700 83700 3609
20191128 1345 83800 83800 83700 83800 3278
20191128 1346 83800 83800 83700 83800 974
20191128 1347 83700 83800 83700 83800 3176
20191128 1348 83800 83800 83700 83700 2698
20191128 1349 83700 83800 83700 83800 1626
20191128 1350 83700 83800 83700 83800 1914
20191128 1351 83700 83800 83600 83600 2612
20191128 1352 83600 83700 83600 83600 3389
20191128 1353 83600 83700 83600 83600 1072
20191128 1354 83700 83700 83600 83700 957
20191128 1355 83600 83700 83600 83600 1410
20191128 1356 83700 83700 83600 83700 2263
20191128 1357 83700 83700 83600 83700 2922
20191128 1358 83700 83700 83600 83700 1933
20191128 1359 83700 83700 83600 83600 3083
20191128 1400 83600 83700 83600 83600 2567
20191128 1401 83700 83700 83400 83500 54691
20191128 1402 83400 83500 83400 83400 4316
20191128 1403 83500 83500 83400 83500 3326
20191128 1404 83500 83500 83300 83300 6727
20191128 1405 83300 83400 83200 83300 6211
20191128 1406 83200 83300 83200 83300 2376
20191128 1407 83300 83300 83000 83100 5564
20191128 1408 83000 83100 82900 82900 10323
20191128 1409 82900 83000 82800 82900 3356
20191128 1410 82900 83100 82900 83000 7661
20191128 1411 83000 83000 82900 83000 4236
20191128 1412 83000 83000 82900 83000 2236
20191128 1413 83000 83000 82900 83000 3010
20191128 1414 83000 83100 82900 83000 4018
20191128 1415 83100 83200 83000 83100 5620
20191128 1416 83100 83200 83100 83200 2945
20191128 1417 83200 83200 83100 83200 1031
20191128 1418 83200 83200 83100 83200 2725
20191128 1419 83200 83200 83100 83200 2119
20191128 1420 83200 83200 83100 83100 1160
20191128 1421 83100 83200 83100 83200 3290
20191128 1422 83200 83200 83100 83100 1811
20191128 1423 83100 83200 83100 83200 1238
20191128 1424 83200 83200 83100 83100 2807
20191128 1425 83100 83200 83100 83100 1621
20191128 1426 83100 83200 83100 83200 2693
20191128 1427 83200 83200 83000 83000 16019
20191128 1428 83000 83100 83000 83000 1098
20191128 1429 83000 83100 83000 83100 1785
20191128 1430 83100 83100 83000 83000 1781
20191128 1431 83100 83100 83000 83100 1193
20191128 1432 83100 83100 83000 83100 1740
20191128 1433 83000 83200 83000 83200 14896
20191128 1434 83100 83200 83100 83200 1053
20191128 1435 83200 83200 83100 83100 1152
20191128 1436 83200 83200 83100 83100 5956
20191128 1437 83200 83200 83000 83100 1554
20191128 1438 83000 83100 83000 83100 4887
20191128 1439 83000 83100 82900 83000 2322
20191128 1440 83000 83100 82900 83000 2101
20191128 1441 83000 83100 83000 83100 1837
20191128 1442 83100 83100 82900 83000 4287
20191128 1443 83000 83100 82900 83100 3801
20191128 1444 83100 83100 82900 83000 4726
20191128 1445 83100 83100 83000 83100 1014
20191128 1446 83100 83100 83000 83100 1526
20191128 1447 83000 83100 83000 83100 1648
20191128 1448 83100 83100 83000 83100 1841
20191128 1449 83000 83000 82800 82900 14703
20191128 1450 82800 82900 82700 82700 6180
20191128 1451 82800 82800 82700 82800 2500
20191128 1452 82700 83100 82700 83100 16259
20191128 1453 83100 83100 83000 83100 12328
20191128 1454 83100 83100 82900 83100 2315
20191128 1455 83100 83200 83000 83200 3119
20191128 1456 83100 83200 83000 83100 2384
20191128 1457 83000 83100 82900 82900 10451
20191128 1458 83000 83000 82900 83000 2780
20191128 1459 83000 83000 82900 82900 3459
20191128 1500 83000 83000 82900 83000 1947
20191128 1501 83000 83000 82800 82900 9051
20191128 1502 82800 82900 82800 82900 4285
20191128 1503 82900 82900 82800 82900 1377
20191128 1504 82800 82900 82800 82900 4616
20191128 1505 82800 82900 82800 82900 10560
20191128 1506 82900 82900 82800 82900 6834
20191128 1507 82800 82900 82800 82900 1899
20191128 1508 82900 82900 82700 82700 8505
20191128 1509 82700 82800 82600 82700 7395
20191128 1510 82700 82700 82600 82600 2711
20191128 1511 82600 82700 82600 82700 4097
20191128 1512 82700 82700 82600 82600 5981
20191128 1513 82600 82700 82600 82700 3892
20191128 1514 82700 82700 82600 82700 3009
20191128 1515 82600 82700 82600 82700 6502
20191128 1516 82700 82700 82600 82700 2630
20191128 1517 82600 82700 82600 82600 7376
20191128 1518 82600 82700 82600 82700 5450
20191128 1519 82700 82700 82600 82700 20666
20191128 1520 82700 82800 82600 82800 8217
20191128 1530 82800 82800 82800 82800 136106
20191203 901 78100 78500 77300 78400 271065
20191203 902 78400 78400 77800 77800 49516
20191203 903 77800 78300 77600 78300 49479
20191203 904 78300 78300 77900 78200 48463
20191203 905 78200 78300 78100 78300 43717
20191203 906 78200 78400 78100 78300 29864
20191203 907 78300 78500 78200 78500 15763
20191203 908 78500 78500 78400 78400 15340
20191203 909 78500 78500 78300 78500 26669
20191203 910 78500 78500 78400 78500 18013
20191203 911 78500 78600 78400 78500 27260
20191203 912 78500 78500 78400 78500 9456
20191203 913 78400 78600 78400 78600 46157
20191203 914 78600 78600 78500 78600 20657
20191203 915 78600 78700 78500 78700 16538
20191203 916 78700 78800 78600 78700 29174
20191203 917 78700 78700 78600 78700 8507
20191203 918 78700 78700 78600 78700 19775
20191203 919 78700 78700 78600 78600 8105
20191203 920 78700 78700 78600 78700 17750
20191203 921 78700 78700 78600 78700 4847
20191203 922 78700 78700 78600 78700 5258
20191203 923 78600 78700 78500 78600 29649
20191203 924 78500 78600 78300 78300 53409
20191203 925 78300 78400 78300 78400 3692
20191203 926 78400 78400 78300 78400 6396
20191203 927 78400 78400 78300 78300 3593
20191203 928 78400 78400 78200 78200 46373
20191203 929 78300 78600 78200 78600 42719
20191203 930 78600 78700 78500 78600 3727
20191203 931 78700 78700 78500 78500 14364
20191203 932 78600 78600 78500 78600 3573
20191203 933 78600 78800 78500 78800 10026
20191203 934 78800 78800 78600 78700 9640
20191203 935 78700 78700 78500 78600 12265
20191203 936 78600 78600 78300 78400 35134
20191203 937 78500 78500 78400 78500 9865
20191203 938 78500 78600 78400 78600 10026
20191203 939 78600 78700 78500 78700 9857
20191203 940 78700 78700 78600 78600 6105
20191203 941 78600 78600 78500 78600 11521
20191203 942 78600 78700 78500 78700 11105
20191203 943 78700 78700 78600 78700 8649
20191203 944 78700 78700 78600 78700 7726
20191203 945 78700 78800 78600 78800 9115
20191203 946 78800 78800 78700 78700 10834
20191203 947 78700 78700 78500 78600 30647
20191203 948 78600 78600 78500 78500 10710
20191203 949 78500 78700 78400 78700 21660
20191203 950 78700 78700 78500 78600 7178
20191203 951 78600 78600 78500 78500 1180
20191203 952 78600 78600 78500 78600 18607
20191203 953 78600 78600 78500 78600 1224
20191203 954 78500 78600 78500 78600 2702
20191203 955 78600 78600 78500 78600 12506
20191203 956 78600 78700 78500 78700 5450
20191203 957 78700 78700 78600 78600 1803
20191203 958 78700 78800 78600 78700 9835
20191203 959 78700 78700 78600 78700 3553
20191203 1000 78700 78800 78600 78800 14510
20191203 1001 78800 78900 78700 78700 11242
20191203 1002 78800 78800 78700 78800 1617
20191203 1003 78700 78800 78700 78800 4734
20191203 1004 78700 78900 78700 78900 9672
20191203 1005 78900 78900 78800 78800 9390
20191203 1006 78900 79000 78800 79000 30819
20191203 1007 79000 79000 78800 78900 6382
20191203 1008 78800 79000 78800 79000 9920
20191203 1009 79000 79000 78900 79000 2498
20191203 1010 79000 79000 78900 79000 5782
20191203 1011 79000 79000 78700 78800 16159
20191203 1012 78700 78800 78700 78800 2134
20191203 1013 78800 78800 78700 78700 25855
20191203 1014 78700 78700 78600 78700 6333
20191203 1015 78700 78800 78700 78800 12604
20191203 1016 78800 78800 78700 78700 4916
20191203 1017 78700 78900 78700 78700 9053
20191203 1018 78800 78800 78600 78700 5523
20191203 1019 78700 78700 78500 78600 20153
20191203 1020 78500 78600 78500 78600 7644
20191203 1021 78600 78700 78500 78700 13920
20191203 1022 78600 78700 78600 78700 2189
20191203 1023 78700 78700 78600 78700 1619
20191203 1024 78700 78700 78500 78600 7747
20191203 1025 78600 78600 78500 78600 2489
20191203 1026 78600 78600 78500 78600 3054
20191203 1027 78500 78600 78500 78600 1924
20191203 1028 78600 78600 78500 78600 4782
20191203 1029 78500 78600 78500 78600 2344
20191203 1030 78600 78600 78500 78600 6043
20191203 1031 78600 78600 78400 78500 41820
20191203 1032 78500 78600 78400 78500 8096
20191203 1033 78400 78500 78400 78500 4941
20191203 1034 78500 78500 78400 78500 5289
20191203 1035 78500 78500 78400 78500 1591
20191203 1036 78500 78500 78400 78500 1344
20191203 1037 78500 78500 78400 78500 4494
20191203 1038 78500 78500 78400 78500 2872
20191203 1039 78500 78500 78400 78500 3860
20191203 1040 78500 78500 78400 78500 4615
20191203 1041 78500 78500 78400 78500 1361
20191203 1042 78500 78600 78400 78600 2435
20191203 1043 78600 78600 78500 78600 2032
20191203 1044 78600 78600 78500 78600 1541
20191203 1045 78600 78700 78500 78700 16952
20191203 1046 78700 78700 78600 78700 2020
20191203 1047 78700 78700 78500 78600 14298
20191203 1048 78600 78600 78500 78600 2466
20191203 1049 78600 78600 78500 78600 5808
20191203 1050 78500 78700 78500 78700 15197
20191203 1051 78700 78800 78600 78600 12210
20191203 1052 78600 78600 78500 78600 5705
20191203 1053 78600 78600 78500 78600 3352
20191203 1054 78600 78600 78500 78600 6712
20191203 1055 78600 78700 78500 78700 3598
20191203 1056 78700 78700 78600 78600 2320
20191203 1057 78700 78800 78600 78800 5890
20191203 1058 78800 78800 78700 78700 2609
20191203 1059 78800 78800 78700 78800 1219
20191203 1100 78700 78800 78700 78800 2858
20191203 1101 78800 78800 78700 78800 1435
20191203 1102 78800 78800 78700 78800 5124
20191203 1103 78800 78800 78700 78800 2039
20191203 1104 78800 78800 78700 78800 1220
20191203 1105 78800 78800 78700 78800 2032
20191203 1106 78800 78800 78700 78800 2217
20191203 1107 78800 78800 78700 78700 2748
20191203 1108 78800 78800 78700 78700 1819
20191203 1109 78800 78800 78700 78800 2764
20191203 1110 78800 78900 78700 78900 21160
20191203 1111 78800 78900 78800 78900 2718
20191203 1112 78900 78900 78800 78900 6843
20191203 1113 78800 78900 78700 78800 8931
20191203 1114 78800 78900 78700 78900 16465
20191203 1115 78900 78900 78800 78900 1781
20191203 1116 78900 78900 78800 78900 4382
20191203 1117 78900 78900 78800 78900 3150
20191203 1118 78900 78900 78800 78800 3482
20191203 1119 78900 78900 78800 78900 2523
20191203 1120 78900 79000 78800 78900 11047
20191203 1121 78900 78900 78800 78900 4381
20191203 1122 78900 78900 78800 78900 9173
20191203 1123 78900 79000 78800 79000 6044
20191203 1124 79000 79000 78900 79000 1921
20191203 1125 79000 79000 78900 79000 1379
20191203 1126 79000 79000 78900 78900 1802
20191203 1127 79000 79000 78900 79000 3196
20191203 1128 79000 79000 78900 79000 1328
20191203 1129 79000 79000 78900 79000 4072
20191203 1130 79000 79100 78900 79000 22959
20191203 1131 79000 79000 78900 79000 13306
20191203 1132 78900 79000 78800 78900 19572
20191203 1133 78900 78900 78800 78900 1385
20191203 1134 78900 78900 78800 78900 3223
20191203 1135 78900 78900 78800 78900 2664
20191203 1136 78900 78900 78800 78900 4116
20191203 1137 78900 78900 78800 78900 2353
20191203 1138 78800 78900 78800 78800 1263
20191203 1139 78900 78900 78800 78900 5897
20191203 1140 78900 79000 78800 79000 1942
20191203 1141 78900 79000 78900 78900 2819
20191203 1142 79000 79000 78900 79000 2115
20191203 1143 79000 79000 78900 79000 1314
20191203 1144 79000 79000 78900 79000 1261
20191203 1145 79000 79000 78900 79000 1431
20191203 1146 79000 79100 78900 79100 18609
20191203 1147 79100 79200 79000 79200 11853
20191203 1148 79200 79200 79100 79200 6300
20191203 1149 79200 79200 79000 79100 5747
20191203 1150 79100 79100 79000 79100 2453
20191203 1151 79100 79100 79000 79100 982
20191203 1152 79100 79100 79000 79100 6747
20191203 1153 79100 79100 79000 79100 1510
20191203 1154 79100 79100 79000 79100 1393
20191203 1155 79100 79100 79000 79000 1396
20191203 1156 79100 79100 79000 79100 1567
20191203 1157 79100 79100 79000 79100 2613
20191203 1158 79100 79100 79000 79100 3939
20191203 1159 79000 79100 78800 78900 39961
20191203 1200 78800 78900 78800 78900 2883
20191203 1201 78900 78900 78800 78900 1183
20191203 1202 78900 78900 78700 78800 13841
20191203 1203 78700 78900 78700 78900 1322
20191203 1204 78900 78900 78800 78900 990
20191203 1205 78900 79000 78800 79000 7864
20191203 1206 79000 79000 78900 79000 3659
20191203 1207 79000 79000 78900 79000 4026
20191203 1208 79000 79100 78900 79100 3635
20191203 1209 79100 79200 79000 79100 10273
20191203 1210 79100 79100 79000 79100 1523
20191203 1211 79100 79100 79000 79100 2126
20191203 1212 79100 79100 79000 79100 2675
20191203 1213 79000 79100 79000 79100 4303
20191203 1214 79100 79100 79000 79100 1203
20191203 1215 79100 79100 79000 79100 1941
20191203 1216 79000 79100 79000 79100 1462
20191203 1217 79000 79100 79000 79100 2348
20191203 1218 79100 79100 79000 79100 1029
20191203 1219 79000 79100 79000 79100 3655
20191203 1220 79100 79100 79000 79100 873
20191203 1221 79100 79100 79000 79100 1403
20191203 1222 79000 79100 79000 79100 1917
20191203 1223 79100 79100 79000 79000 1569
20191203 1224 79000 79200 79000 79100 11854
20191203 1225 79200 79200 79000 79100 21730
20191203 1226 79100 79100 79000 79100 1427
20191203 1227 79000 79100 79000 79000 814
20191203 1228 79100 79100 79000 79100 2797
20191203 1229 79100 79100 79000 79100 1368
20191203 1230 79100 79100 79000 79000 1491
20191203 1231 79100 79100 79000 79000 1026
20191203 1232 79100 79100 79000 79000 1138
20191203 1233 79100 79100 79000 79100 4254
20191203 1234 79100 79100 79000 79000 2338
20191203 1235 79100 79100 79000 79100 16801
20191203 1236 79000 79100 79000 79000 3937
20191203 1237 79100 79100 79000 79100 14534
20191203 1238 79100 79100 79000 79100 1756
20191203 1239 79000 79100 79000 79100 1917
20191203 1240 79100 79100 79000 79100 1693
20191203 1241 79100 79100 79000 79100 2185
20191203 1242 79100 79100 79000 79100 15758
20191203 1243 79100 79100 79000 79100 7265
20191203 1244 79000 79100 79000 79100 1042
20191203 1245 79000 79100 79000 79100 1082
20191203 1246 79100 79100 79000 79000 25039
20191203 1247 79000 79000 78900 79000 1911
20191203 1248 79000 79000 78900 79000 7852
20191203 1249 79000 79100 78900 79100 7147
20191203 1250 79100 79100 79000 79000 1516
20191203 1251 79100 79100 79000 79100 1474
20191203 1252 79100 79100 79000 79000 7729
20191203 1253 79000 79100 79000 79000 1782
20191203 1254 79100 79100 79000 79100 1532
20191203 1255 79100 79100 79000 79100 2594
20191203 1256 79000 79100 78900 79000 13642
20191203 1257 79000 79000 78900 79000 8503
20191203 1258 79000 79000 78900 79000 1598
20191203 1259 78900 79000 78900 79000 937
20191203 1300 79000 79000 78900 78900 1798
20191203 1301 78900 79000 78900 79000 1512
20191203 1302 79000 79000 78900 79000 1400
20191203 1303 79000 79000 78900 79000 2100
20191203 1304 79000 79000 78900 79000 2121
20191203 1305 79000 79000 78900 79000 2396
20191203 1306 79000 79000 78900 78900 1763
20191203 1307 79000 79000 78900 79000 3452
20191203 1308 79000 79000 78900 79000 2338
20191203 1309 79000 79000 78800 78900 23151
20191203 1310 78800 78900 78800 78900 1969
20191203 1311 78900 79000 78800 79000 20854
20191203 1312 79000 79000 78900 79000 2236
20191203 1313 79000 79100 78900 79100 10484
20191203 1314 79100 79100 78900 79000 7386
20191203 1315 79000 79000 78900 79000 1562
20191203 1316 79000 79000 78900 79000 1692
20191203 1317 79000 79000 78900 79000 5558
20191203 1318 79000 79000 78900 79000 2979
20191203 1319 79000 79000 78900 79000 3248
20191203 1320 79000 79100 78900 79100 17325
20191203 1321 79100 79200 79000 79100 5798
20191203 1322 79100 79200 79100 79200 1427
20191203 1323 79200 79300 79100 79300 27226
20191203 1324 79200 79300 79200 79300 4790
20191203 1325 79300 79300 79200 79300 1343
20191203 1326 79300 79300 79200 79300 5928
20191203 1327 79200 79300 79200 79300 1989
20191203 1328 79300 79300 79200 79300 1850
20191203 1329 79300 79300 79200 79200 2637
20191203 1330 79200 79300 79200 79300 6369
20191203 1331 79300 79300 79200 79300 17043
20191203 1332 79300 79300 79200 79300 1935
20191203 1333 79300 79300 79200 79300 4264
20191203 1334 79300 79300 79200 79200 8883
20191203 1335 79200 79200 79100 79200 4797
20191203 1336 79200 79200 79100 79200 2120
20191203 1337 79200 79200 79100 79200 2418
20191203 1338 79200 79200 79100 79200 1204
20191203 1339 79200 79200 79100 79200 2153
20191203 1340 79200 79200 79100 79200 2054
20191203 1341 79100 79200 79100 79100 17854
20191203 1342 79100 79100 79000 79100 1861
20191203 1343 79100 79100 79000 79100 2407
20191203 1344 79000 79100 79000 79100 2665
20191203 1345 79100 79100 79000 79000 9646
20191203 1346 79100 79100 78900 79000 16625
20191203 1347 78900 79000 78900 78900 4558
20191203 1348 78900 79000 78900 79000 3830
20191203 1349 79000 79000 78900 78900 3035
20191203 1350 79000 79100 78900 79000 30998
20191203 1351 79100 79100 79000 79100 1743
20191203 1352 79100 79100 79000 79100 3427
20191203 1353 79100 79100 79000 79100 2416
20191203 1354 79100 79100 79000 79100 4527
20191203 1355 79100 79100 79000 79100 3016
20191203 1356 79000 79100 79000 79100 3526
20191203 1357 79100 79100 79000 79100 3210
20191203 1358 79100 79100 79000 79100 2340
20191203 1359 79100 79100 79000 79100 2679
20191203 1400 79100 79100 79000 79000 3270
20191203 1401 79100 79100 79000 79100 2937
20191203 1402 79000 79100 79000 79000 3931
20191203 1403 79100 79100 79000 79000 5720
20191203 1404 79100 79100 78900 79000 17313
20191203 1405 79000 79000 78900 79000 26495
20191203 1406 79000 79000 78800 78900 35690
20191203 1407 78900 78900 78800 78900 4520
20191203 1408 78900 79000 78800 79000 7209
20191203 1409 79000 79000 78900 79000 3457
20191203 1410 79000 79000 78900 79000 4416
20191203 1411 79000 79100 78900 79100 27293
20191203 1412 79100 79100 79000 79100 7960
20191203 1413 79100 79100 79000 79100 4139
20191203 1414 79100 79100 79000 79100 3722
20191203 1415 79000 79100 79000 79100 3767
20191203 1416 79100 79100 79000 79100 3593
20191203 1417 79100 79100 79000 79100 4656
20191203 1418 79100 79100 79000 79100 4556
20191203 1419 79100 79100 78900 79000 23583
20191203 1420 78900 79000 78900 79000 5492
20191203 1421 78900 79000 78900 79000 9937
20191203 1422 79000 79000 78900 79000 8290
20191203 1423 78900 79000 78900 79000 4249
20191203 1424 79000 79000 78900 79000 3748
20191203 1425 79000 79100 78900 79100 11058
20191203 1426 79100 79100 78900 79000 11416
20191203 1427 78900 79000 78900 79000 3443
20191203 1428 78900 79000 78900 79000 3869
20191203 1429 79000 79000 78900 79000 3779
20191203 1430 79000 79000 78900 79000 22558
20191203 1431 79000 79000 78800 78800 12234
20191203 1432 78900 78900 78800 78900 4481
20191203 1433 78800 78900 78800 78900 4367
20191203 1434 78800 79000 78800 79000 25461
20191203 1435 79000 79000 78800 78900 11680
20191203 1436 78900 78900 78800 78900 3662
20191203 1437 78900 78900 78800 78900 2476
20191203 1438 78900 78900 78800 78900 18007
20191203 1439 79000 79000 78900 79000 3388
20191203 1440 78900 79000 78900 79000 12929
20191203 1441 79000 79000 78900 79000 3574
20191203 1442 79000 79000 78900 79000 4518
20191203 1443 79000 79000 78900 78900 2782
20191203 1444 78900 79000 78900 78900 3983
20191203 1445 79000 79000 78900 79000 4787
20191203 1446 78900 79000 78900 79000 4452
20191203 1447 79000 79000 78900 78900 4929
20191203 1448 78900 79000 78800 78900 33109
20191203 1449 78900 78900 78800 78900 5889
20191203 1450 78800 79000 78800 78900 14382
20191203 1451 79000 79000 78900 79000 18073
20191203 1452 79000 79100 78900 79000 21199
20191203 1453 79000 79100 79000 79000 9510
20191203 1454 79000 79100 79000 79100 3235
20191203 1455 79000 79100 79000 79000 3926
20191203 1456 79000 79100 79000 79000 4048
20191203 1457 79100 79100 79000 79100 2637
20191203 1458 79000 79100 79000 79100 5858
20191203 1459 79100 79200 79000 79200 10518
20191203 1500 79200 79200 79100 79200 5134
20191203 1501 79100 79200 79000 79100 30052
20191203 1502 79000 79200 79000 79200 12374
20191203 1503 79200 79200 79000 79100 9617
20191203 1504 79100 79100 78900 79000 20801
20191203 1505 79000 79000 78900 79000 5062
20191203 1506 79000 79100 78900 79100 24377
20191203 1507 79100 79100 78900 78900 7098
20191203 1508 79000 79000 78800 79000 35202
20191203 1509 78900 79000 78800 78900 7856
20191203 1510 78900 78900 78800 78900 3916
20191203 1511 78900 78900 78800 78900 4269
20191203 1512 78800 78900 78700 78800 47817
20191203 1513 78800 78800 78700 78800 7867
20191203 1514 78800 78800 78700 78800 17435
20191203 1515 78800 78900 78700 78900 21667
20191203 1516 78900 78900 78800 78900 2850
20191203 1517 78900 79000 78800 79000 13577
20191203 1518 79000 79000 78900 79000 2520
20191203 1519 78900 79000 78800 78800 21229
20191203 1520 78900 78900 78700 78800 23066
20191203 1530 78700 78700 78700 78700 310934
20191129 901 82500 82800 82400 82600 34476
20191129 902 82600 82700 82400 82500 13491
20191129 903 82500 82600 82400 82600 6352
20191129 904 82600 82600 82100 82500 35263
20191129 905 82500 82500 82400 82500 1351
20191129 906 82400 82500 82200 82300 6317
20191129 907 82400 82500 82200 82300 10159
20191129 908 82200 82400 82200 82400 9432
20191129 909 82400 82400 82100 82200 10815
20191129 910 82200 82300 82100 82100 8463
20191129 911 82100 82200 81900 82100 23812
20191129 912 82100 82100 81900 82000 3893
20191129 913 82000 82000 81900 81900 518
20191129 914 81900 82100 81900 82000 10601
20191129 915 81900 82200 81900 82100 8861
20191129 916 82000 82100 82000 82100 524
20191129 917 82100 82100 82000 82100 1366
20191129 918 82100 82100 81800 81900 10027
20191129 919 81900 82200 81800 82100 16513
20191129 920 82100 82200 82000 82000 4448
20191129 921 81900 82000 81900 82000 1041
20191129 922 82000 82000 81900 81900 226
20191129 923 82000 82000 81900 82000 2120
20191129 924 82000 82000 81900 81900 815
20191129 925 81900 82000 81800 81800 7045
20191129 926 81900 81900 81700 81800 7215
20191129 927 81800 81900 81700 81700 9553
20191129 928 81700 81800 81700 81800 920
20191129 929 81700 81800 81400 81500 36582
20191129 930 81500 81500 81400 81500 986
20191129 931 81500 81700 81400 81700 19489
20191129 932 81700 81700 81600 81700 275
20191129 933 81600 82000 81600 82000 10701
20191129 934 82000 82000 81700 81800 5670
20191129 935 81800 82000 81700 82000 8172
20191129 936 81900 82000 81900 81900 1455
20191129 937 82000 82000 81900 81900 1540
20191129 938 82000 82000 81900 81900 2045
20191129 939 81900 82000 81900 81900 942
20191129 940 82000 82000 81900 81900 859
20191129 941 82000 82000 81700 81800 4173
20191129 942 81800 81800 81600 81700 4246
20191129 943 81600 81900 81600 81900 15198
20191129 944 81800 81900 81700 81800 2751
20191129 945 81800 81800 81700 81700 119
20191129 946 81800 81800 81700 81700 368
20191129 947 81800 82100 81700 81900 11325
20191129 948 81900 82000 81800 81800 328
20191129 949 81900 81900 81800 81800 4181
20191129 950 81800 81800 81700 81800 148
20191129 951 81800 81800 81700 81800 402
20191129 952 81800 81800 81700 81700 784
20191129 953 81700 81800 81700 81800 667
20191129 954 81700 81800 81700 81800 575
20191129 955 81700 81800 81600 81600 6527
20191129 956 81700 81700 81600 81600 3290
20191129 957 81700 81700 81500 81600 19876
20191129 958 81600 81600 81300 81300 31098
20191129 959 81300 81400 81200 81400 15116
20191129 1000 81400 81500 81300 81400 6941
20191129 1001 81400 81400 81300 81400 608
20191129 1002 81400 81400 81300 81400 2084
20191129 1003 81400 81600 81400 81500 4172
20191129 1004 81500 81600 81400 81500 3340
20191129 1005 81600 81700 81500 81600 1399
20191129 1006 81600 81600 81400 81500 915
20191129 1007 81500 81600 81400 81500 2687
20191129 1008 81500 81700 81400 81600 3187
20191129 1009 81700 81700 81600 81600 193
20191129 1010 81700 81700 81600 81600 308
20191129 1011 81700 81700 81500 81600 5881
20191129 1012 81600 81700 81500 81700 1708
20191129 1013 81700 81700 81500 81600 2442
20191129 1014 81700 81700 81600 81600 439
20191129 1015 81700 81700 81500 81500 4292
20191129 1016 81600 81600 81500 81500 5991
20191129 1017 81600 81600 81400 81500 971
20191129 1018 81500 81500 81400 81500 767
20191129 1019 81500 81500 81400 81500 2771
20191129 1020 81500 81500 81400 81400 531
20191129 1021 81500 81500 81400 81400 600
20191129 1022 81500 81500 81400 81500 1346
20191129 1023 81500 81500 81400 81500 732
20191129 1024 81500 81500 81400 81500 3708
20191129 1025 81500 81500 81400 81500 1565
20191129 1026 81500 81500 81400 81500 3238
20191129 1027 81500 81500 81400 81400 1177
20191129 1028 81500 81500 81400 81500 13927
20191129 1029 81500 81500 81400 81400 3336
20191129 1030 81500 81500 81300 81300 24002
20191129 1031 81400 81400 81200 81200 6534
20191129 1032 81300 81400 81200 81400 7834
20191129 1033 81400 81400 81300 81300 6625
20191129 1034 81300 81400 81300 81400 884
20191129 1035 81400 81400 81300 81300 247
20191129 1036 81400 81400 81300 81300 233
20191129 1037 81400 81400 81300 81400 1662
20191129 1038 81300 81700 81300 81600 8152
20191129 1039 81700 81700 81500 81600 2248
20191129 1040 81600 81600 81500 81600 1377
20191129 1041 81600 81600 81400 81400 1484
20191129 1042 81500 81500 81300 81400 5938
20191129 1043 81500 81500 81300 81300 1427
20191129 1044 81400 81400 81300 81400 508
20191129 1045 81400 81400 81200 81200 6464
20191129 1046 81300 81300 81200 81300 3892
20191129 1047 81400 81400 81300 81300 1503
20191129 1048 81400 81400 81200 81300 1860
20191129 1049 81400 81400 81300 81400 2040
20191129 1050 81400 81400 81300 81300 1286
20191129 1051 81400 81400 81200 81300 672
20191129 1052 81300 81400 81300 81300 1357
20191129 1053 81400 81400 81200 81300 16609
20191129 1054 81300 81300 81200 81300 14872
20191129 1055 81300 81300 81100 81100 5804
20191129 1056 81200 81300 81100 81200 21031
20191129 1057 81300 81300 81100 81200 1077
20191129 1058 81200 81300 81100 81200 6402
20191129 1059 81300 81300 81200 81200 420
20191129 1100 81300 81300 81200 81200 566
20191129 1101 81200 81300 81200 81300 2864
20191129 1102 81300 81300 81100 81200 597
20191129 1103 81200 81200 81100 81200 2466
20191129 1104 81200 81200 81100 81100 801
20191129 1105 81200 81200 81100 81200 774
20191129 1106 81200 81200 81100 81200 2087
20191129 1107 81200 81200 81100 81100 1815
20191129 1108 81200 81200 81100 81200 698
20191129 1109 81200 81200 81100 81100 1030
20191129 1110 81200 81200 81100 81200 826
20191129 1111 81200 81200 81100 81100 508
20191129 1112 81200 81200 81100 81200 2320
20191129 1113 81200 81200 81100 81100 1298
20191129 1114 81200 81200 81100 81100 1850
20191129 1115 81200 81200 81100 81200 955
20191129 1116 81200 81200 81100 81100 1194
20191129 1117 81200 81200 81100 81100 5099
20191129 1118 81200 81200 81100 81100 491
20191129 1119 81100 81200 81100 81200 4653
20191129 1120 81200 81200 81100 81100 4097
20191129 1121 81200 81200 81100 81100 722
20191129 1122 81100 81200 81100 81200 1875
20191129 1123 81200 81200 81100 81200 939
20191129 1124 81200 81200 81100 81100 2356
20191129 1125 81200 81200 81100 81200 1500
20191129 1126 81200 81200 81100 81200 1231
20191129 1127 81200 81200 81100 81100 669
20191129 1128 81200 81200 81000 81100 23169
20191129 1129 81100 81100 81000 81100 5690
20191129 1130 81100 81100 81000 81000 2405
20191129 1131 81000 81100 81000 81000 5064
20191129 1132 81100 81100 81000 81000 2905
20191129 1133 81100 81100 81000 81100 544
20191129 1134 81100 81100 81000 81100 3473
20191129 1135 81100 81100 81000 81100 1785
20191129 1136 81100 81100 81000 81100 1535
20191129 1137 81100 81100 81000 81000 3976
20191129 1138 81100 81100 81000 81100 2205
20191129 1139 81000 81100 81000 81000 7974
20191129 1140 81100 81100 81000 81000 1932
20191129 1141 81100 81100 81000 81000 1780
20191129 1142 81100 81100 81000 81100 2312
20191129 1143 81000 81100 81000 81000 1273
20191129 1144 81100 81100 81000 81100 2726
20191129 1145 81100 81100 81000 81100 1082
20191129 1146 81100 81100 81000 81000 941
20191129 1147 81100 81100 81000 81000 4456
20191129 1148 81100 81100 81000 81100 4084
20191129 1149 81100 81100 81000 81100 1014
20191129 1150 81100 81100 80800 80900 49571
20191129 1151 80900 80900 80800 80900 579
20191129 1152 80900 80900 80800 80900 765
20191129 1153 80900 80900 80800 80800 935
20191129 1154 80900 80900 80800 80800 2087
20191129 1155 80800 80900 80800 80900 1817
20191129 1156 80900 80900 80700 80700 12978
20191129 1157 80800 80900 80700 80900 9698
20191129 1158 80900 80900 80800 80900 1367
20191129 1159 80900 80900 80800 80900 877
20191129 1200 80900 81000 80800 80900 6887
20191129 1201 81000 81000 80900 81000 1432
20191129 1202 81000 81000 80800 80800 4154
20191129 1203 80900 80900 80800 80800 825
20191129 1204 80900 80900 80800 80800 462
20191129 1205 80900 80900 80800 80900 640
20191129 1206 80900 80900 80800 80900 620
20191129 1207 80900 80900 80800 80900 738
20191129 1208 80900 80900 80800 80900 757
20191129 1209 80900 80900 80800 80900 772
20191129 1210 80800 80900 80800 80900 846
20191129 1211 80900 80900 80800 80800 4795
20191129 1212 80900 80900 80800 80900 936
20191129 1213 80900 80900 80800 80800 468
20191129 1214 80900 80900 80700 80700 9101
20191129 1215 80800 80800 80700 80700 960
20191129 1216 80700 80800 80700 80800 644
20191129 1217 80800 80800 80700 80800 2205
20191129 1218 80800 80800 80700 80800 5550
20191129 1219 80800 80900 80700 80900 17646
20191129 1220 80900 80900 80700 80800 4691
20191129 1221 80900 80900 80800 80800 567
20191129 1222 80900 80900 80800 80800 556
20191129 1223 80900 80900 80800 80800 849
20191129 1224 80800 80900 80800 80800 939
20191129 1225 80900 80900 80800 80800 1623
20191129 1226 80900 80900 80700 80700 10685
20191129 1227 80700 80800 80700 80800 827
20191129 1228 80800 80800 80700 80700 482
20191129 1229 80800 80800 80700 80700 4432
20191129 1230 80800 80900 80700 80800 8990
20191129 1231 80900 80900 80700 80800 3015
20191129 1232 80900 80900 80800 80900 2813
20191129 1233 80900 80900 80700 80700 1872
20191129 1234 80800 80900 80700 80800 1698
20191129 1235 80800 80800 80700 80800 974
20191129 1236 80800 80900 80700 80700 1008
20191129 1237 80800 80800 80700 80800 1960
20191129 1238 80800 80800 80700 80800 628
20191129 1239 80800 80800 80700 80700 783
20191129 1240 80800 80800 80700 80700 1065
20191129 1241 80800 80800 80700 80700 819
20191129 1242 80800 80800 80700 80700 474
20191129 1243 80800 80800 80700 80800 4373
20191129 1244 80800 80800 80700 80700 1731
20191129 1245 80800 80800 80700 80800 7532
20191129 1246 80700 80800 80700 80700 3770
20191129 1247 80800 80800 80700 80800 575
20191129 1248 80700 80800 80700 80700 929
20191129 1249 80800 80800 80700 80700 823
20191129 1250 80800 80800 80700 80800 713
20191129 1251 80800 80800 80700 80700 672
20191129 1252 80800 80800 80700 80700 2278
20191129 1253 80700 80900 80700 80900 25855
20191129 1254 80900 80900 80800 80900 403
20191129 1255 80900 80900 80800 80900 3137
20191129 1256 80900 80900 80800 80900 973
20191129 1257 80900 81000 80800 80800 6360
20191129 1258 80900 80900 80800 80800 689
20191129 1259 80900 80900 80800 80900 602
20191129 1300 80900 80900 80800 80900 962
20191129 1301 80900 80900 80800 80900 1097
20191129 1302 80900 80900 80800 80800 1611
20191129 1303 80900 80900 80800 80800 1142
20191129 1304 80900 80900 80800 80900 1207
20191129 1305 80900 80900 80800 80800 437
20191129 1306 80900 81000 80800 80900 11785
20191129 1307 80900 81000 80800 81000 6048
20191129 1308 81000 81100 80900 81000 3369
20191129 1309 81100 81100 81000 81100 866
20191129 1310 81100 81100 81000 81000 1896
20191129 1311 81100 81100 81000 81000 2360
20191129 1312 81100 81100 80900 81000 4598
20191129 1313 81000 81100 80900 81100 8891
20191129 1314 81100 81200 81000 81100 7110
20191129 1315 81200 81200 81000 81100 2902
20191129 1316 81200 81200 81000 81100 3699
20191129 1317 81200 81200 81100 81100 2248
20191129 1318 81200 81200 81100 81200 664
20191129 1319 81200 81200 81100 81100 1035
20191129 1320 81100 81200 81100 81100 1178
20191129 1321 81200 81200 81100 81200 1157
20191129 1322 81200 81200 81100 81200 1197
20191129 1323 81200 81200 81100 81200 2170
20191129 1324 81200 81200 81100 81100 1024
20191129 1325 81200 81200 81100 81200 857
20191129 1326 81100 81200 81100 81100 1875
20191129 1327 81200 81200 81100 81100 755
20191129 1328 81200 81200 81100 81100 888
20191129 1329 81200 81200 81100 81100 2051
20191129 1330 81200 81200 81100 81100 888
20191129 1331 81200 81200 81100 81100 1180
20191129 1332 81100 81200 81100 81200 1620
20191129 1333 81200 81200 81100 81200 1026
20191129 1334 81200 81200 81100 81100 4379
20191129 1335 81200 81200 81100 81200 1855
20191129 1336 81200 81200 81100 81100 18191
20191129 1337 81200 81200 81100 81100 880
20191129 1338 81200 81200 81100 81100 5789
20191129 1339 81200 81300 81100 81200 4665
20191129 1340 81300 81300 81200 81300 877
20191129 1341 81300 81300 81200 81300 1224
20191129 1342 81300 81300 81200 81200 2777
20191129 1343 81300 81300 81200 81300 809
20191129 1344 81300 81300 81200 81200 3163
20191129 1345 81300 81300 81100 81100 1744
20191129 1346 81200 81200 81100 81100 1228
20191129 1347 81200 81200 81100 81100 6851
20191129 1348 81100 81200 81100 81100 698
20191129 1349 81200 81200 81100 81100 1430
20191129 1350 81200 81200 81100 81200 1614
20191129 1351 81200 81200 81100 81200 1807
20191129 1352 81200 81200 81100 81100 2368
20191129 1353 81200 81200 81100 81200 1757
20191129 1354 81200 81300 81100 81300 26676
20191129 1355 81300 81400 81200 81400 13329
20191129 1356 81400 81400 81200 81300 8806
20191129 1357 81300 81300 81100 81100 2365
20191129 1358 81200 81200 81100 81200 4457
20191129 1359 81200 81200 81100 81200 1566
20191129 1400 81200 81200 81100 81200 2152
20191129 1401 81200 81200 81100 81100 1997
20191129 1402 81200 81200 81100 81200 1229
20191129 1403 81200 81200 81000 81000 18393
20191129 1404 81000 81200 81000 81200 4648
20191129 1405 81200 81200 81100 81200 1531
20191129 1406 81200 81200 81100 81200 1657
20191129 1407 81200 81200 81000 81100 7537
20191129 1408 81100 81100 81000 81100 1066
20191129 1409 81100 81100 81000 81000 1229
20191129 1410 81100 81100 81000 81000 1402
20191129 1411 81100 81100 81000 81100 2334
20191129 1412 81100 81100 81000 81100 1292
20191129 1413 81100 81100 81000 81100 1584
20191129 1414 81100 81100 81000 81100 1181
20191129 1415 81100 81100 81000 81000 1792
20191129 1416 81100 81100 81000 81100 1489
20191129 1417 81100 81100 81000 81000 1608
20191129 1418 81100 81100 81000 81000 1662
20191129 1419 81100 81100 81000 81100 3155
20191129 1420 81100 81100 81000 81000 1753
20191129 1421 81100 81100 81000 81000 19280
20191129 1422 81000 81000 80900 80900 6850
20191129 1423 81000 81000 80900 80900 1709
20191129 1424 81000 81000 80900 81000 2416
20191129 1425 81000 81100 80900 81100 3280
20191129 1426 81100 81100 81000 81100 2288
20191129 1427 81100 81100 81000 81100 1567
20191129 1428 81100 81200 81000 81200 3170
20191129 1429 81200 81200 81100 81200 1445
20191129 1430 81200 81200 81100 81200 1746
20191129 1431 81200 81200 81100 81200 1979
20191129 1432 81200 81200 81000 81000 12701
20191129 1433 81100 81200 81000 81200 11264
20191129 1434 81200 81200 81100 81200 5114
20191129 1435 81200 81200 81100 81200 2108
20191129 1436 81200 81200 81000 81000 7126
20191129 1437 81100 81100 81000 81100 1836
20191129 1438 81100 81100 81000 81100 2122
20191129 1439 81000 81100 81000 81100 2480
20191129 1440 81100 81100 81000 81100 3533
20191129 1441 81100 81300 81000 81300 7852
20191129 1442 81200 81300 81000 81100 2724
20191129 1443 81100 81100 81000 81100 2343
20191129 1444 81100 81200 81000 81200 2079
20191129 1445 81200 81200 81100 81200 2398
20191129 1446 81200 81200 81100 81200 2779
20191129 1447 81200 81200 81100 81200 8373
20191129 1448 81200 81200 81000 81100 19815
20191129 1449 81100 81100 81000 81100 7317
20191129 1450 81100 81200 81000 81200 4076
20191129 1451 81200 81200 81000 81100 3925
20191129 1452 81100 81100 81000 81100 2964
20191129 1453 81100 81100 81000 81100 2065
20191129 1454 81100 81200 81000 81200 4515
20191129 1455 81200 81200 81100 81200 2321
20191129 1456 81200 81300 81100 81300 6850
20191129 1457 81300 81300 81200 81300 3614
20191129 1458 81300 81300 81100 81300 7490
20191129 1459 81200 81300 81100 81200 4111
20191129 1500 81200 81300 81100 81300 6992
20191129 1501 81300 81300 81200 81300 4924
20191129 1502 81300 81300 81200 81300 3524
20191129 1503 81300 81300 81100 81300 18127
20191129 1504 81300 81300 81100 81200 4866
20191129 1505 81200 81200 81100 81200 6750
20191129 1506 81200 81200 81100 81200 4756
20191129 1507 81200 81200 81100 81200 2553
20191129 1508 81200 81200 81100 81200 2227
20191129 1509 81200 81200 81100 81200 2257
20191129 1510 81200 81200 81100 81200 3332
20191129 1511 81200 81200 81100 81200 4449
20191129 1512 81200 81200 81100 81200 2114
20191129 1513 81200 81200 81100 81200 3776
20191129 1514 81200 81200 81100 81200 2272
20191129 1515 81200 81200 81100 81200 6409
20191129 1516 81100 81200 81100 81200 6029
20191129 1517 81100 81200 81100 81200 5289
20191129 1518 81200 81200 81100 81200 4538
20191129 1519 81200 81300 81100 81200 8635
20191129 1520 81200 81300 81100 81100 10124
20191129 1530 80900 80900 80900 80900 372503
20191202 901 80900 81100 80900 81100 72200
20191202 902 81000 81100 80900 81000 10555
20191202 903 81000 81000 80700 81000 29959
20191202 904 81000 81200 80900 81000 16862
20191202 905 80900 81100 80900 81100 8442
20191202 906 81100 81200 81000 81100 5974
20191202 907 81100 81100 81000 81000 14658
20191202 908 81000 81000 80900 81000 2509
20191202 909 81000 81100 80900 81100 11928
20191202 910 81100 81100 81000 81000 21708
20191202 911 81000 81200 80900 81200 19223
20191202 912 81200 81200 81100 81200 2668
20191202 913 81200 81300 81100 81300 16944
20191202 914 81300 81300 81200 81300 304
20191202 915 81300 81300 81200 81300 1283
20191202 916 81300 81300 81200 81300 2763
20191202 917 81300 81300 81200 81300 1681
20191202 918 81200 81300 81200 81300 3611
20191202 919 81300 81400 81300 81300 10424
20191202 920 81400 81400 81300 81300 2259
20191202 921 81400 81400 81300 81300 984
20191202 922 81300 81400 81300 81400 1838
20191202 923 81400 81500 81300 81500 10189
20191202 924 81500 81500 81400 81400 1047
20191202 925 81500 81500 81400 81400 3075
20191202 926 81500 81500 81400 81400 4311
20191202 927 81500 81500 81400 81400 817
20191202 928 81400 81500 81400 81400 4439
20191202 929 81500 81500 81400 81500 1541
20191202 930 81400 81700 81400 81600 20329
20191202 931 81700 81800 81600 81700 4790
20191202 932 81700 81800 81600 81700 2047
20191202 933 81800 81800 81600 81600 2689
20191202 934 81600 81700 81600 81700 3042
20191202 935 81700 81700 81600 81700 952
20191202 936 81700 81700 81600 81700 902
20191202 937 81700 81700 81400 81500 13971
20191202 938 81500 81600 81400 81500 7760
20191202 939 81500 81600 81400 81400 2222
20191202 940 81500 81500 81400 81500 1264
20191202 941 81500 81500 81400 81400 4568
20191202 942 81400 81500 81400 81400 612
20191202 943 81400 81500 81400 81500 790
20191202 944 81400 81500 81400 81400 167
20191202 945 81400 81500 81400 81400 1786
20191202 946 81500 81500 81300 81300 2369
20191202 947 81300 81400 81300 81300 542
20191202 948 81300 81400 81300 81300 490
20191202 949 81300 81400 81300 81300 412
20191202 950 81400 81400 81300 81300 285
20191202 951 81400 81400 81300 81300 383
20191202 952 81300 81400 81300 81300 600
20191202 953 81300 81400 81300 81300 904
20191202 954 81300 81400 81300 81400 1036
20191202 955 81400 81400 81300 81300 1338
20191202 956 81300 81500 81300 81500 4228
20191202 957 81400 81600 81400 81500 5752
20191202 958 81500 81600 81400 81400 7673
20191202 959 81400 81500 81400 81400 1991
20191202 1000 81400 81500 81400 81400 1189
20191202 1001 81400 81500 81400 81400 983
20191202 1002 81500 81500 81400 81400 4057
20191202 1003 81400 81500 81300 81300 12130
20191202 1004 81400 81400 81300 81300 1146
20191202 1005 81300 81400 81100 81100 15685
20191202 1006 81100 81300 81100 81300 8716
20191202 1007 81300 81300 81200 81200 709
20191202 1008 81200 81300 81200 81200 733
20191202 1009 81300 81300 81200 81300 608
20191202 1010 81200 81300 81200 81200 442
20191202 1011 81200 81300 81200 81300 11408
20191202 1012 81300 81300 81100 81100 13458
20191202 1013 81100 81200 81100 81100 1698
20191202 1014 81100 81300 81100 81200 14374
20191202 1015 81200 81300 81100 81100 9133
20191202 1016 81100 81100 81000 81000 2430
20191202 1017 81000 81100 81000 81100 6832
20191202 1018 81000 81100 81000 81000 2913
20191202 1019 81000 81100 81000 81000 1165
20191202 1020 81000 81100 80900 81000 9054
20191202 1021 80900 81000 80900 80900 2094
20191202 1022 80900 81000 80900 81000 2110
20191202 1023 81000 81000 80900 80900 10879
20191202 1024 80900 81000 80900 80900 1197
20191202 1025 80900 81000 80900 81000 598
20191202 1026 80900 81000 80900 80900 1454
20191202 1027 80900 81100 80900 81100 8730
20191202 1028 81000 81100 81000 81000 832
20191202 1029 81000 81100 81000 81100 4361
20191202 1030 81100 81100 81000 81000 1168
20191202 1031 81000 81300 81000 81200 7493
20191202 1032 81100 81200 81100 81100 860
20191202 1033 81200 81200 81100 81100 481
20191202 1034 81100 81200 81100 81200 936
20191202 1035 81200 81200 81100 81100 1204
20191202 1036 81100 81200 81000 81100 15800
20191202 1037 81200 81200 81100 81200 195
20191202 1038 81100 81200 81000 81000 3742
20191202 1039 81000 81100 81000 81000 753
20191202 1040 81000 81100 80900 80900 11635
20191202 1041 80900 81000 80900 80900 884
20191202 1042 80900 81000 80900 80900 3441
20191202 1043 80900 81000 80900 80900 660
20191202 1044 80900 81000 80900 80900 835
20191202 1045 80900 81000 80900 80900 1257
20191202 1046 81000 81100 80900 81100 7875
20191202 1047 81000 81100 81000 81100 5458
20191202 1048 81100 81100 81000 81100 3399
20191202 1049 81000 81100 80900 81000 10216
20191202 1050 81000 81100 80900 81000 5672
20191202 1051 81000 81100 80900 81000 2785
20191202 1052 80900 81000 80900 80900 451
20191202 1053 81000 81000 80900 81000 607
20191202 1054 81000 81000 80900 81000 1026
20191202 1055 80900 81000 80900 80900 801
20191202 1056 80900 81000 80900 81000 992
20191202 1057 80900 81000 80900 81000 607
20191202 1058 81000 81000 80900 80900 1601
20191202 1059 80900 81000 80900 81000 690
20191202 1100 80900 81000 80900 80900 540
20191202 1101 81000 81000 80900 80900 797
20191202 1102 80900 81000 80900 80900 599
20191202 1103 80900 81000 80900 80900 616
20191202 1104 80900 81000 80900 81000 716
20191202 1105 80900 81000 80900 80900 2790
20191202 1106 80900 81000 80900 81000 4420
20191202 1107 81000 81100 81000 81000 8589
20191202 1108 81100 81100 81000 81100 747
20191202 1109 81100 81100 81000 81100 1788
20191202 1110 81000 81100 81000 81000 547
20191202 1111 81000 81100 81000 81000 527
20191202 1112 81000 81100 81000 81100 881
20191202 1113 81100 81100 81000 81000 772
20191202 1114 81000 81100 81000 81000 1121
20191202 1115 81100 81100 81000 81100 737
20191202 1116 81000 81100 81000 81100 769
20191202 1117 81000 81100 81000 81000 881
20191202 1118 81000 81100 81000 81000 631
20191202 1119 81000 81100 81000 81100 1246
20191202 1120 81000 81100 81000 81000 687
20191202 1121 81000 81100 81000 81100 684
20191202 1122 81100 81100 81000 81100 1079
20191202 1123 81000 81100 81000 81100 785
20191202 1124 81100 81100 81000 81000 1393
20191202 1125 81000 81100 81000 81100 669
20191202 1126 81100 81100 81000 81100 943
20191202 1127 81000 81100 81000 81000 449
20191202 1128 81000 81100 81000 81100 767
20191202 1129 81000 81100 81000 81100 455
20191202 1130 81100 81100 81000 81000 754
20191202 1131 81000 81100 81000 81000 801
20191202 1132 81100 81100 81000 81000 344
20191202 1133 81000 81100 81000 81000 1133
20191202 1134 81100 81100 81000 81100 2913
20191202 1135 81000 81100 81000 81100 1385
20191202 1136 81000 81100 81000 81100 624
20191202 1137 81000 81100 81000 81100 4520
20191202 1138 81100 81100 81000 81000 3137
20191202 1139 81100 81100 81000 81000 366
20191202 1140 81100 81100 81000 81000 789
20191202 1141 81100 81100 81000 81000 422
20191202 1142 81100 81200 81000 81100 9722
20191202 1143 81100 81200 81100 81200 765
20191202 1144 81200 81400 81200 81200 21311
20191202 1145 81200 81300 81200 81200 322
20191202 1146 81200 81300 81200 81200 509
20191202 1147 81300 81300 81100 81100 15187
20191202 1148 81100 81300 81100 81200 17639
20191202 1149 81300 81300 81100 81200 7492
20191202 1150 81300 81300 81200 81200 7210
20191202 1151 81300 81300 81200 81200 1722
20191202 1152 81300 81300 81200 81200 505
20191202 1153 81200 81300 81200 81300 485
20191202 1154 81200 81300 81200 81200 357
20191202 1155 81200 81200 81100 81100 4533
20191202 1156 81100 81200 81100 81100 1138
20191202 1157 81100 81200 81100 81100 271
20191202 1158 81100 81200 81100 81100 675
20191202 1159 81100 81200 81100 81100 5428
20191202 1200 81100 81200 81100 81200 373
20191202 1201 81100 81200 81100 81100 727
20191202 1202 81100 81200 81100 81200 389
20191202 1203 81100 81200 81100 81100 269
20191202 1204 81100 81200 81100 81100 504
20191202 1205 81100 81400 81100 81400 17342
20191202 1206 81400 81400 81300 81400 669
20191202 1207 81300 81400 81100 81100 11513
20191202 1208 81200 81200 81100 81100 2441
20191202 1209 81100 81200 81100 81100 801
20191202 1210 81100 81200 81100 81100 1349
20191202 1211 81100 81200 81100 81100 1420
20191202 1212 81100 81200 81100 81100 663
20191202 1213 81200 81200 81100 81100 204
20191202 1214 81200 81200 81100 81200 955
20191202 1215 81200 81200 81100 81200 543
20191202 1216 81100 81200 81100 81200 622
20191202 1217 81200 81200 81100 81100 456
20191202 1218 81100 81200 81100 81200 320
20191202 1219 81100 81200 81100 81200 628
20191202 1220 81200 81200 81100 81100 714
20191202 1221 81100 81200 81100 81100 2126
20191202 1222 81100 81300 81100 81300 6562
20191202 1223 81200 81300 81200 81200 609
20191202 1224 81200 81300 81200 81300 360
20191202 1225 81300 81300 81200 81200 364
20191202 1226 81300 81300 81200 81200 567
20191202 1227 81300 81300 81200 81200 747
20191202 1228 81200 81300 81200 81200 354
20191202 1229 81200 81300 81200 81300 678
20191202 1230 81300 81300 81200 81200 511
20191202 1231 81200 81300 81200 81300 292
20191202 1232 81200 81300 81200 81300 1140
20191202 1233 81300 81300 81200 81300 521
20191202 1234 81200 81300 81200 81200 567
20191202 1235 81200 81300 81200 81200 889
20191202 1236 81300 81300 81200 81300 985
20191202 1237 81300 81300 81200 81300 1061
20191202 1238 81300 81300 81200 81200 1197
20191202 1239 81200 81300 81200 81300 1615
20191202 1240 81200 81300 81200 81300 2807
20191202 1241 81200 81300 81200 81300 700
20191202 1242 81200 81300 81200 81300 664
20191202 1243 81200 81300 81200 81200 430
20191202 1244 81200 81300 81200 81300 755
20191202 1245 81300 81300 81200 81200 422
20191202 1246 81200 81300 81200 81200 3084
20191202 1247 81200 81300 81200 81200 14000
20191202 1248 81100 81200 81100 81100 214
20191202 1249 81100 81300 81100 81200 10361
20191202 1250 81200 81300 81200 81200 1529
20191202 1251 81300 81300 81200 81200 623
20191202 1252 81200 81300 81200 81200 412
20191202 1253 81200 81300 81200 81300 386
20191202 1254 81300 81300 81200 81300 916
20191202 1255 81200 81300 81200 81200 536
20191202 1256 81200 81300 81200 81300 559
20191202 1257 81300 81300 81200 81300 941
20191202 1258 81300 81300 81200 81300 351
20191202 1259 81200 81300 81200 81300 701
20191202 1300 81200 81400 81200 81400 5497
20191202 1301 81300 81400 81200 81200 11069
20191202 1302 81200 81300 81200 81300 372
20191202 1303 81300 81300 81200 81200 444
20191202 1304 81200 81300 81200 81200 3355
20191202 1305 81200 81400 81200 81200 3868
20191202 1306 81200 81300 81200 81200 703
20191202 1307 81300 81300 81200 81200 811
20191202 1308 81200 81300 81200 81300 562
20191202 1309 81200 81300 81200 81200 760
20191202 1310 81300 81300 81200 81200 772
20191202 1311 81200 81300 81200 81200 1498
20191202 1312 81200 81300 81200 81200 870
20191202 1313 81200 81300 81200 81300 633
20191202 1314 81200 81300 81200 81300 953
20191202 1315 81200 81300 81200 81200 1186
20191202 1316 81300 81300 81200 81200 550
20191202 1317 81300 81300 81200 81200 644
20191202 1318 81200 81300 81200 81200 881
20191202 1319 81300 81300 81200 81300 864
20191202 1320 81200 81300 81200 81200 722
20191202 1321 81300 81300 81200 81300 1399
20191202 1322 81200 81300 81200 81300 766
20191202 1323 81300 81300 81200 81200 735
20191202 1324 81200 81300 81200 81300 988
20191202 1325 81300 81400 81200 81300 8997
20191202 1326 81300 81400 81200 81200 10357
20191202 1327 81200 81300 81200 81200 777
20191202 1328 81300 81300 81200 81300 657
20191202 1329 81200 81300 81200 81200 2946
20191202 1330 81200 81300 81100 81100 9581
20191202 1331 81200 81200 81100 81100 660
20191202 1332 81200 81200 81100 81100 2142
20191202 1333 81100 81200 81100 81100 1975
20191202 1334 81200 81200 81100 81100 2272
20191202 1335 81100 81200 81100 81200 1100
20191202 1336 81100 81200 81100 81100 1846
20191202 1337 81100 81200 81100 81100 1146
20191202 1338 81200 81200 81100 81100 794
20191202 1339 81100 81200 81100 81100 2545
20191202 1340 81100 81200 81100 81200 1617
20191202 1341 81100 81200 81000 81000 12970
20191202 1342 81000 81100 81000 81000 1734
20191202 1343 81000 81100 81000 81100 1699
20191202 1344 81000 81100 81000 81100 1427
20191202 1345 81000 81100 81000 81000 1515
20191202 1346 81100 81100 81000 81000 2019
20191202 1347 81000 81100 81000 81000 1221
20191202 1348 81100 81100 81000 81000 1069
20191202 1349 81000 81100 81000 81000 1761
20191202 1350 81100 81100 81000 81100 996
20191202 1351 81100 81100 80900 81000 37712
20191202 1352 81000 81000 80900 81000 2321
20191202 1353 80900 81000 80900 80900 676
20191202 1354 80900 81000 80900 80900 2495
20191202 1355 80900 81000 80900 81000 2313
20191202 1356 80900 81000 80900 80900 907
20191202 1357 80900 81000 80900 81000 1304
20191202 1358 80900 81000 80900 81000 1931
20191202 1359 80900 81000 80900 81000 536
20191202 1400 80900 81000 80900 80900 2158
20191202 1401 80900 81000 80900 80900 1838
20191202 1402 80900 81000 80900 81000 5285
20191202 1403 80900 81000 80900 80900 3222
20191202 1404 80900 81000 80900 81000 3790
20191202 1405 80900 81000 80900 81000 2922
20191202 1406 81000 81000 80900 81000 6025
20191202 1407 80900 81000 80800 80800 36825
20191202 1408 80900 80900 80800 80800 11815
20191202 1409 80900 80900 80700 80700 17005
20191202 1410 80800 80800 80700 80700 2087
20191202 1411 80800 80800 80700 80700 4219
20191202 1412 80800 80800 80700 80700 4073
20191202 1413 80700 80800 80700 80800 1023
20191202 1414 80800 80800 80700 80700 2335
20191202 1415 80700 80800 80700 80700 2464
20191202 1416 80800 80800 80700 80800 2513
20191202 1417 80800 80800 80700 80700 1012
20191202 1418 80700 80800 80700 80800 894
20191202 1419 80700 80800 80700 80700 3030
20191202 1420 80700 80800 80700 80800 3581
20191202 1421 80800 80800 80700 80700 8519
20191202 1422 80800 80800 80700 80800 5675
20191202 1423 80800 80800 80700 80700 1451
20191202 1424 80700 80800 80700 80700 3216
20191202 1425 80800 80900 80700 80800 44758
20191202 1426 80900 80900 80800 80800 3623
20191202 1427 80900 80900 80800 80900 1555
20191202 1428 80900 80900 80800 80800 1123
20191202 1429 80800 80900 80800 80800 4135
20191202 1430 80900 80900 80800 80800 976
20191202 1431 80800 80900 80800 80800 1380
20191202 1432 80800 80900 80800 80900 855
20191202 1433 80800 80900 80800 80800 2541
20191202 1434 80900 80900 80800 80900 3336
20191202 1435 80800 80900 80800 80900 7004
20191202 1436 80900 81000 80800 80900 6701
20191202 1437 80900 81000 80800 80800 8765
20191202 1438 80800 80900 80800 80800 1287
20191202 1439 80800 80900 80800 80900 2453
20191202 1440 80800 80900 80800 80800 929
20191202 1441 80800 80900 80800 80900 777
20191202 1442 80900 80900 80800 80900 2796
20191202 1443 80900 80900 80800 80900 1201
20191202 1444 80900 80900 80800 80900 1605
20191202 1445 80900 80900 80700 80700 35235
20191202 1446 80700 80800 80700 80800 1243
20191202 1447 80700 80800 80700 80700 4456
20191202 1448 80700 80800 80700 80700 25784
20191202 1449 80700 80700 80600 80600 12754
20191202 1450 80700 80700 80600 80600 979
20191202 1451 80600 80700 80600 80700 3847
20191202 1452 80600 80700 80600 80600 2408
20191202 1453 80700 80700 80600 80700 4252
20191202 1454 80700 80700 80600 80600 1914
20191202 1455 80600 80700 80600 80700 935
20191202 1456 80700 80700 80600 80700 2783
20191202 1457 80700 80700 80600 80600 3068
20191202 1458 80600 80700 80600 80700 2234
20191202 1459 80600 80700 80600 80600 5374
20191202 1500 80700 80700 80600 80600 1996
20191202 1501 80700 80700 80600 80600 2302
20191202 1502 80600 80700 80500 80600 26780
20191202 1503 80600 80600 80500 80600 2534
20191202 1504 80600 80600 80500 80500 3694
20191202 1505 80500 80600 80500 80500 3884
20191202 1506 80600 80600 80500 80600 3033
20191202 1507 80600 80600 80500 80500 2695
20191202 1508 80500 80600 80500 80600 2337
20191202 1509 80600 80600 80500 80500 2672
20191202 1510 80500 80600 80500 80600 3152
20191202 1511 80500 80600 80500 80600 6871
20191202 1512 80600 80600 80500 80600 8748
20191202 1513 80600 80700 80500 80500 45875
20191202 1514 80600 80600 80500 80600 4751
20191202 1515 80500 80600 80500 80600 8993
20191202 1516 80500 80700 80500 80600 18542
20191202 1517 80700 80800 80600 80600 4487
20191202 1518 80600 80800 80600 80800 5581
20191202 1519 80700 80800 80600 80600 16532
20191202 1520 80600 80800 80600 80700 6856
20191202 1530 80500 80500 80500 80500 292187
