날짜 시간 시가 고가 저가 종가 거래량
20190701 901 71000 71000 70500 70500 305664
20190701 902 70600 70800 70000 70000 92309
20190701 903 70000 70700 69700 70300 169337
20190701 904 70300 70400 70100 70300 47199
20190701 905 70300 70500 70200 70200 61568
20190701 906 70200 70300 69900 69900 67736
20190701 907 69900 70100 69700 70100 65422
20190701 908 70100 70400 70000 70200 31801
20190701 909 70200 70400 70200 70400 11639
20190701 910 70400 70600 70300 70600 23129
20190701 911 70500 70700 70500 70600 38767
20190701 912 70600 70800 70500 70800 22863
20190701 913 70800 70800 70600 70600 20453
20190701 914 70700 70800 70500 70700 33411
20190701 915 70700 70800 70600 70700 19236
20190701 916 70800 70800 70600 70700 27467
20190701 917 70600 70800 70600 70800 26500
20190701 918 70800 70800 70700 70700 17696
20190701 919 70700 70800 70700 70700 9978
20190701 920 70700 70800 70700 70800 4549
20190701 921 70800 70800 70700 70800 6700
20190701 922 70700 70800 70700 70800 6889
20190701 923 70700 70900 70700 70900 39600
20190701 924 70900 70900 70800 70900 28351
20190701 925 70900 71000 70800 70900 35567
20190701 926 70900 70900 70800 70900 3350
20190701 927 70800 70900 70800 70900 7820
20190701 928 70900 70900 70600 70700 19034
20190701 929 70700 70700 70500 70600 13913
20190701 930 70500 70600 70500 70500 5707
20190701 931 70600 70700 70500 70600 12640
20190701 932 70500 70700 70500 70600 5849
20190701 933 70500 70600 70500 70600 6922
20190701 934 70600 70600 70500 70500 6269
20190701 935 70500 70600 70400 70400 10010
20190701 936 70400 70500 70300 70300 7568
20190701 937 70400 70400 70200 70400 12327
20190701 938 70300 70400 70200 70300 14874
20190701 939 70200 70300 70200 70300 10773
20190701 940 70300 70300 70100 70100 16378
20190701 941 70100 70200 70100 70100 10718
20190701 942 70100 70200 70100 70100 11131
20190701 943 70100 70200 70000 70100 9428
20190701 944 70100 70200 70000 70100 14624
20190701 945 70200 70200 70100 70100 3860
20190701 946 70200 70200 70100 70100 2605
20190701 947 70100 70300 70100 70300 14301
20190701 948 70300 70300 70200 70200 2441
20190701 949 70300 70400 70200 70200 21678
20190701 950 70300 70300 70200 70300 1249
20190701 951 70300 70300 70200 70200 3213
20190701 952 70200 70300 70000 70200 21215
20190701 953 70100 70200 70100 70100 4446
20190701 954 70200 70200 70100 70100 1787
20190701 955 70200 70200 70100 70100 23918
20190701 956 70100 70200 70100 70200 12469
20190701 957 70200 70200 70100 70200 5696
20190701 958 70200 70200 70100 70200 3204
20190701 959 70200 70300 70100 70300 3517
20190701 1000 70300 70300 70200 70300 4574
20190701 1001 70300 70400 70200 70300 6088
20190701 1002 70300 70500 70300 70500 12711
20190701 1003 70500 70500 70400 70500 4511
20190701 1004 70400 70500 70300 70300 13046
20190701 1005 70300 70400 70200 70300 6296
20190701 1006 70300 70500 70200 70400 20673
20190701 1007 70400 70500 70400 70500 2883
20190701 1008 70400 70500 70400 70500 3967
20190701 1009 70500 70500 70400 70400 2601
20190701 1010 70400 70600 70400 70500 8676
20190701 1011 70600 70600 70400 70400 5555
20190701 1012 70400 70500 70400 70500 2579
20190701 1013 70500 70500 70400 70500 8532
20190701 1014 70500 70500 70400 70500 1809
20190701 1015 70500 70600 70400 70600 16568
20190701 1016 70600 70600 70400 70500 23159
20190701 1017 70500 70500 70400 70400 19314
20190701 1018 70500 70500 70300 70300 3037
20190701 1019 70400 70400 70300 70300 16930
20190701 1020 70300 70400 70300 70300 2243
20190701 1021 70300 70400 70300 70300 2400
20190701 1022 70300 70400 70200 70200 8274
20190701 1023 70200 70300 70100 70200 4668
20190701 1024 70200 70200 70000 70000 12779
20190701 1025 70000 70200 70000 70100 6717
20190701 1026 70200 70300 70100 70200 11210
20190701 1027 70200 70400 70200 70200 5810
20190701 1028 70200 70300 70200 70300 2157
20190701 1029 70300 70300 70200 70300 1897
20190701 1030 70300 70300 70200 70200 6189
20190701 1031 70200 70300 70200 70200 1951
20190701 1032 70200 70300 70200 70300 2422
20190701 1033 70300 70300 70200 70200 3082
20190701 1034 70300 70400 70200 70400 3035
20190701 1035 70400 70400 70300 70400 3403
20190701 1036 70400 70400 70300 70400 4455
20190701 1037 70400 70400 70300 70400 5846
20190701 1038 70300 70400 70300 70400 1761
20190701 1039 70300 70400 70300 70400 3701
20190701 1040 70300 70400 70100 70100 19609
20190701 1041 70100 70200 70100 70100 6070
20190701 1042 70200 70200 70000 70000 13995
20190701 1043 70000 70200 70000 70200 9030
20190701 1044 70100 70200 70000 70100 3989
20190701 1045 70100 70100 70000 70100 2516
20190701 1046 70100 70100 69900 70000 10199
20190701 1047 70000 70000 69900 70000 1911
20190701 1048 70000 70100 69900 70000 14646
20190701 1049 70100 70100 70000 70100 3055
20190701 1050 70100 70200 70000 70200 10271
20190701 1051 70200 70200 70100 70200 2419
20190701 1052 70200 70200 69900 69900 14055
20190701 1053 69900 70000 69900 69900 3003
20190701 1054 70000 70000 69900 69900 3082
20190701 1055 69900 70000 69900 69900 2912
20190701 1056 69900 70000 69900 69900 1283
20190701 1057 69900 70000 69900 69900 2954
20190701 1058 69900 70000 69900 70000 2915
20190701 1059 70000 70100 69900 70000 13817
20190701 1100 70100 70100 70000 70000 1830
20190701 1101 70100 70100 70000 70100 2501
20190701 1102 70000 70100 70000 70000 2540
20190701 1103 70000 70100 70000 70100 2367
20190701 1104 70100 70100 70000 70100 6058
20190701 1105 70000 70100 70000 70100 1944
20190701 1106 70100 70100 70000 70000 3065
20190701 1107 70000 70100 70000 70000 1952
20190701 1108 70100 70100 70000 70000 4885
20190701 1109 70100 70100 70000 70000 3958
20190701 1110 70000 70100 70000 70100 2936
20190701 1111 70100 70100 70000 70100 2789
20190701 1112 70100 70100 70000 70000 4138
20190701 1113 70000 70100 70000 70000 1905
20190701 1114 70100 70100 70000 70000 2473
20190701 1115 70100 70100 70000 70000 1715
20190701 1116 70000 70100 70000 70100 2296
20190701 1117 70000 70100 70000 70100 7055
20190701 1118 70100 70100 70000 70000 4311
20190701 1119 70100 70100 69900 70000 26588
20190701 1120 70000 70000 69900 69900 7257
20190701 1121 70000 70000 69900 69900 4032
20190701 1122 69900 69900 69800 69900 2771
20190701 1123 69800 70000 69800 69900 9543
20190701 1124 70000 70000 69800 69800 7991
20190701 1125 69900 69900 69800 69800 6177
20190701 1126 69900 69900 69800 69900 2354
20190701 1127 69900 70000 69800 70000 14787
20190701 1128 70000 70000 69800 69800 2505
20190701 1129 69900 69900 69800 69800 2598
20190701 1130 69900 69900 69800 69900 7207
20190701 1131 69800 69900 69800 69800 2167
20190701 1132 69900 69900 69800 69900 3953
20190701 1133 69900 69900 69800 69900 3040
20190701 1134 69900 69900 69800 69800 2276
20190701 1135 69800 69900 69800 69900 3263
20190701 1136 69900 69900 69800 69800 5421
20190701 1137 69900 70000 69800 70000 9456
20190701 1138 70000 70000 69900 70000 1346
20190701 1139 70000 70000 69900 70000 2796
20190701 1140 70000 70000 69900 70000 6879
20190701 1141 70000 70100 69900 70000 7393
20190701 1142 70100 70100 70000 70000 1681
20190701 1143 70100 70200 70000 70100 4860
20190701 1144 70200 70200 70100 70200 2566
20190701 1145 70200 70200 70100 70200 1543
20190701 1146 70200 70300 70100 70300 9896
20190701 1147 70200 70300 70200 70300 4236
20190701 1148 70300 70300 70200 70300 3079
20190701 1149 70300 70300 70200 70300 1645
20190701 1150 70300 70300 70200 70200 2944
20190701 1151 70200 70300 70200 70200 3206
20190701 1152 70300 70300 70200 70300 2836
20190701 1153 70200 70300 70200 70200 3464
20190701 1154 70200 70300 70200 70300 2632
20190701 1155 70300 70300 70200 70300 2581
20190701 1156 70300 70300 70200 70300 3281
20190701 1157 70200 70300 70200 70200 2895
20190701 1158 70300 70300 70200 70300 2413
20190701 1159 70300 70300 70200 70200 3454
20190701 1200 70300 70300 70200 70200 2229
20190701 1201 70300 70300 70200 70300 3774
20190701 1202 70300 70300 70200 70200 2807
20190701 1203 70300 70300 70200 70300 4985
20190701 1204 70300 70300 70200 70200 1921
20190701 1205 70200 70300 70200 70300 1544
20190701 1206 70300 70300 70200 70300 2136
20190701 1207 70300 70300 70200 70200 2161
20190701 1208 70300 70300 70200 70300 1678
20190701 1209 70300 70300 70200 70200 1269
20190701 1210 70300 70300 70200 70300 3743
20190701 1211 70300 70300 70200 70300 3004
20190701 1212 70300 70300 70200 70300 2477
20190701 1213 70300 70300 70200 70200 2361
20190701 1214 70300 70300 70200 70200 6133
20190701 1215 70300 70400 70200 70400 34943
20190701 1216 70300 70400 70300 70300 3203
20190701 1217 70300 70400 70300 70400 1977
20190701 1218 70400 70400 70300 70400 3749
20190701 1219 70400 70400 70300 70400 2343
20190701 1220 70400 70400 70200 70300 40245
20190701 1221 70300 70300 70200 70300 3876
20190701 1222 70200 70200 70100 70100 11658
20190701 1223 70100 70200 70100 70200 1792
20190701 1224 70100 70300 70100 70200 8103
20190701 1225 70300 70300 70200 70200 1720
20190701 1226 70200 70300 70200 70200 5123
20190701 1227 70300 70300 70100 70100 2864
20190701 1228 70200 70200 70100 70100 3280
20190701 1229 70200 70200 70100 70200 1734
20190701 1230 70100 70200 70100 70200 1026
20190701 1231 70200 70200 70100 70100 3138
20190701 1232 70200 70200 70100 70200 2027
20190701 1233 70100 70200 70100 70100 3845
20190701 1234 70200 70200 70100 70200 1672
20190701 1235 70100 70200 70100 70100 2243
20190701 1236 70100 70200 70100 70200 2990
20190701 1237 70100 70200 70100 70200 1362
20190701 1238 70200 70200 70100 70200 2575
20190701 1239 70200 70200 70100 70100 1956
20190701 1240 70200 70200 70100 70200 2078
20190701 1241 70200 70300 70100 70300 9708
20190701 1242 70300 70300 70200 70300 1777
20190701 1243 70300 70300 70200 70300 1488
20190701 1244 70300 70300 70100 70200 17924
20190701 1245 70200 70200 70100 70200 2011
20190701 1246 70100 70200 70100 70200 2734
20190701 1247 70200 70300 70100 70200 10585
20190701 1248 70300 70300 70200 70300 2608
20190701 1249 70300 70300 70200 70300 26877
20190701 1250 70300 70300 70100 70100 3340
20190701 1251 70200 70200 70100 70100 1747
20190701 1252 70100 70200 70100 70200 1292
20190701 1253 70200 70200 70100 70100 3249
20190701 1254 70100 70200 70100 70200 1230
20190701 1255 70200 70200 70100 70200 2279
20190701 1256 70200 70200 70100 70100 2026
20190701 1257 70200 70200 70100 70200 3861
20190701 1258 70200 70200 70100 70200 2628
20190701 1259 70200 70200 70100 70100 1303
20190701 1300 70200 70200 70100 70100 2783
20190701 1301 70200 70200 70100 70100 2639
20190701 1302 70100 70200 70100 70100 1851
20190701 1303 70100 70200 70100 70200 1697
20190701 1304 70100 70200 70100 70200 1377
20190701 1305 70200 70200 70100 70100 3226
20190701 1306 70100 70200 70100 70200 3396
20190701 1307 70100 70200 70100 70100 1638
20190701 1308 70100 70200 70100 70100 1798
20190701 1309 70200 70200 70100 70100 2474
20190701 1310 70200 70200 70100 70200 1536
20190701 1311 70200 70200 70100 70200 3941
20190701 1312 70200 70200 70100 70100 2033
20190701 1313 70100 70200 70100 70100 2172
20190701 1314 70200 70200 70000 70000 32188
20190701 1315 70100 70100 69900 70000 15796
20190701 1316 70000 70000 69800 69900 5736
20190701 1317 69900 70000 69800 70000 8634
20190701 1318 70000 70100 69900 70100 7319
20190701 1319 70100 70100 69900 70000 7271
20190701 1320 70000 70100 69900 70100 3695
20190701 1321 70000 70100 70000 70100 1288
20190701 1322 70000 70100 70000 70000 7085
20190701 1323 70100 70200 70000 70100 9192
20190701 1324 70200 70200 70100 70100 4012
20190701 1325 70100 70200 70100 70200 1447
20190701 1326 70200 70200 70100 70100 2693
20190701 1327 70100 70200 70100 70200 2069
20190701 1328 70200 70200 70100 70200 2261
20190701 1329 70200 70200 70100 70100 3365
20190701 1330 70100 70200 70100 70200 2228
20190701 1331 70200 70200 70100 70100 1956
20190701 1332 70200 70300 70100 70200 12565
20190701 1333 70300 70300 70200 70200 2350
20190701 1334 70200 70300 70200 70200 2434
20190701 1335 70200 70300 70200 70200 2878
20190701 1336 70300 70300 70000 70000 35856
20190701 1337 70000 70100 70000 70000 3142
20190701 1338 70000 70200 70000 70200 19852
20190701 1339 70200 70300 70100 70100 4302
20190701 1340 70100 70200 70100 70200 1585
20190701 1341 70100 70200 70100 70100 2235
20190701 1342 70100 70200 70100 70100 2435
20190701 1343 70200 70200 70100 70200 3504
20190701 1344 70200 70200 70100 70100 2327
20190701 1345 70100 70200 70100 70200 2253
20190701 1346 70200 70200 70100 70100 7545
20190701 1347 70100 70200 70100 70200 1596
20190701 1348 70200 70300 70100 70300 5115
20190701 1349 70200 70300 70200 70300 3982
20190701 1350 70300 70300 70200 70300 3892
20190701 1351 70300 70300 70200 70300 3119
20190701 1352 70300 70300 70200 70200 3289
20190701 1353 70200 70300 70200 70300 2976
20190701 1354 70300 70300 70200 70300 3616
20190701 1355 70300 70300 70200 70300 3462
20190701 1356 70200 70300 70200 70200 3146
20190701 1357 70300 70300 70200 70300 2185
20190701 1358 70300 70300 70200 70200 3250
20190701 1359 70300 70300 70200 70300 3885
20190701 1400 70300 70300 70200 70200 3538
20190701 1401 70200 70300 70200 70200 3937
20190701 1402 70200 70300 70200 70200 2561
20190701 1403 70300 70300 70200 70300 3782
20190701 1404 70300 70300 70200 70200 1899
20190701 1405 70200 70300 70200 70200 3630
20190701 1406 70200 70300 70200 70200 1883
20190701 1407 70300 70300 70200 70300 3479
20190701 1408 70300 70300 70200 70300 3234
20190701 1409 70200 70300 70100 70100 47261
20190701 1410 70200 70200 70100 70100 4631
20190701 1411 70100 70100 70000 70100 16800
20190701 1412 70100 70100 70000 70000 5932
20190701 1413 70000 70100 70000 70100 5052
20190701 1414 70000 70100 70000 70100 4714
20190701 1415 70100 70200 70000 70100 6512
20190701 1416 70100 70200 70100 70100 2815
20190701 1417 70200 70200 70100 70200 2917
20190701 1418 70100 70200 70100 70100 4620
20190701 1419 70100 70200 70000 70100 12204
20190701 1420 70100 70100 70000 70100 3567
20190701 1421 70100 70100 70000 70000 2403
20190701 1422 70000 70200 70000 70200 9918
20190701 1423 70100 70200 70100 70100 3537
20190701 1424 70100 70200 70100 70200 3222
20190701 1425 70100 70200 70100 70200 2200
20190701 1426 70200 70200 70100 70200 2743
20190701 1427 70200 70200 70100 70100 3911
20190701 1428 70100 70200 70100 70100 4030
20190701 1429 70100 70200 70100 70200 2539
20190701 1430 70200 70200 70100 70200 2704
20190701 1431 70200 70200 70100 70200 2291
20190701 1432 70100 70200 70100 70100 4542
20190701 1433 70100 70200 70100 70100 3328
20190701 1434 70100 70200 70100 70100 6803
20190701 1435 70200 70200 70100 70200 7806
20190701 1436 70100 70200 70100 70200 5737
20190701 1437 70100 70200 70100 70200 4955
20190701 1438 70200 70200 70100 70100 4659
20190701 1439 70200 70200 70100 70100 3695
20190701 1440 70200 70200 70100 70200 4254
20190701 1441 70200 70200 70100 70100 5198
20190701 1442 70100 70200 70100 70100 4620
20190701 1443 70200 70200 70100 70200 9120
20190701 1444 70200 70200 70100 70200 5788
20190701 1445 70100 70300 70100 70200 13538
20190701 1446 70200 70300 70200 70300 11664
20190701 1447 70300 70300 70200 70300 6083
20190701 1448 70300 70300 70200 70200 7354
20190701 1449 70300 70300 70200 70200 4445
20190701 1450 70300 70300 70000 70000 63602
20190701 1451 70100 70100 70000 70100 4327
20190701 1452 70000 70100 70000 70000 3364
20190701 1453 70100 70100 70000 70000 4475
20190701 1454 70000 70200 70000 70100 11553
20190701 1455 70100 70200 70100 70100 5075
20190701 1456 70200 70200 70100 70100 2390
20190701 1457 70200 70200 70100 70200 3943
20190701 1458 70100 70200 70100 70200 3852
20190701 1459 70100 70200 70100 70100 3717
20190701 1500 70200 70200 70100 70100 5609
20190701 1501 70200 70200 70100 70200 2928
20190701 1502 70200 70200 70000 70000 37630
20190701 1503 70100 70100 70000 70000 3736
20190701 1504 70100 70100 70000 70100 9565
20190701 1505 70000 70100 70000 70100 3188
20190701 1506 70100 70100 70000 70100 4867
20190701 1507 70100 70100 70000 70000 3832
20190701 1508 70100 70100 70000 70100 3646
20190701 1509 70000 70100 70000 70100 4326
20190701 1510 70000 70100 70000 70100 3950
20190701 1511 70000 70100 70000 70100 3662
20190701 1512 70100 70200 70000 70100 20335
20190701 1513 70200 70200 70100 70100 9942
20190701 1514 70200 70200 70100 70200 10737
20190701 1515 70200 70200 70100 70200 13367
20190701 1516 70200 70300 70100 70100 14735
20190701 1517 70200 70300 70200 70300 4570
20190701 1518 70300 70300 70100 70100 16668
20190701 1519 70100 70200 70100 70200 2595
20190701 1520 70200 70200 70100 70200 4456
20190701 1530 70000 70000 70000 70000 124960
20190702 901 69700 69800 69600 69600 72233
20190702 902 69600 69800 69400 69600 92414
20190702 903 69600 69700 69400 69500 39098
20190702 904 69500 69600 69400 69500 24540
20190702 905 69500 69500 69400 69400 6901
20190702 906 69400 69500 69200 69200 61417
20190702 907 69200 69500 69100 69500 52725
20190702 908 69400 69500 69300 69500 21709
20190702 909 69500 69600 69400 69500 19032
20190702 910 69600 69600 69300 69300 19518
20190702 911 69400 69500 69300 69400 5514
20190702 912 69400 69500 69300 69400 2233
20190702 913 69500 69500 69400 69400 2902
20190702 914 69400 69600 69400 69500 9067
20190702 915 69600 69600 69500 69600 8178
20190702 916 69600 69800 69500 69700 9055
20190702 917 69800 69800 69700 69800 1459
20190702 918 69700 69900 69700 69800 5465
20190702 919 69800 69800 69700 69800 758
20190702 920 69800 69900 69700 69900 3127
20190702 921 69900 70100 69800 70000 20517
20190702 922 70000 70200 70000 70200 13371
20190702 923 70200 70200 70100 70200 9612
20190702 924 70200 70300 70100 70300 7260
20190702 925 70200 70500 70200 70500 34122
20190702 926 70500 70500 70200 70300 15112
20190702 927 70300 70300 70200 70300 4901
20190702 928 70300 70300 70200 70200 7379
20190702 929 70300 70400 70200 70400 9381
20190702 930 70400 70600 70300 70600 33033
20190702 931 70600 70700 70500 70600 19062
20190702 932 70700 70700 70400 70500 11880
20190702 933 70500 70800 70500 70800 15068
20190702 934 70800 70900 70700 70700 37175
20190702 935 70700 70900 70700 70900 14877
20190702 936 70900 71100 70700 71000 50514
20190702 937 71000 71300 71000 71100 31258
20190702 938 71200 71400 71100 71400 23747
20190702 939 71400 71500 71300 71300 42487
20190702 940 71300 71300 71100 71100 26739
20190702 941 71100 71200 71000 71100 8422
20190702 942 71100 71300 71100 71200 11581
20190702 943 71300 71400 71300 71300 10031
20190702 944 71300 71400 71100 71100 35098
20190702 945 71200 71400 71100 71400 15210
20190702 946 71400 71700 71400 71600 36049
20190702 947 71600 71700 71400 71400 14489
20190702 948 71400 71500 71400 71500 5264
20190702 949 71500 71500 71300 71300 9478
20190702 950 71300 71500 71300 71400 16769
20190702 951 71300 71400 71300 71300 2799
20190702 952 71400 71500 71300 71400 11281
20190702 953 71400 71500 71400 71400 5033
20190702 954 71400 71500 71400 71400 6831
20190702 955 71400 71500 71300 71300 8934
20190702 956 71300 71400 71300 71300 2428
20190702 957 71300 71400 71300 71400 5867
20190702 958 71400 71400 71200 71200 10139
20190702 959 71200 71300 71200 71300 3927
20190702 1000 71200 71300 71100 71200 5233
20190702 1001 71300 71300 71200 71200 2899
20190702 1002 71300 71300 71200 71200 2023
20190702 1003 71300 71300 71000 71100 7945
20190702 1004 71100 71200 71000 71100 3913
20190702 1005 71200 71200 71100 71100 1432
20190702 1006 71200 71200 71100 71100 3313
20190702 1007 71200 71200 71100 71100 3500
20190702 1008 71100 71200 71100 71200 1350
20190702 1009 71200 71200 71000 71000 6141
20190702 1010 71000 71100 71000 71100 10444
20190702 1011 71100 71400 71000 71300 25218
20190702 1012 71400 71400 71300 71400 1866
20190702 1013 71300 71400 71200 71200 13595
20190702 1014 71200 71300 71200 71200 1742
20190702 1015 71300 71300 71200 71300 1352
20190702 1016 71200 71300 71200 71300 788
20190702 1017 71300 71400 71200 71400 12961
20190702 1018 71400 71400 71300 71400 4869
20190702 1019 71400 71500 71300 71500 22550
20190702 1020 71500 71500 71400 71500 3164
20190702 1021 71500 71500 71400 71400 2792
20190702 1022 71500 71500 71400 71500 1639
20190702 1023 71500 71500 71400 71500 2130
20190702 1024 71500 71500 71400 71500 4744
20190702 1025 71400 71500 71400 71400 1829
20190702 1026 71500 71600 71400 71600 28820
20190702 1027 71600 71600 71400 71500 24599
20190702 1028 71500 71500 71400 71500 2249
20190702 1029 71500 71500 71200 71300 4318
20190702 1030 71300 71400 71200 71400 6195
20190702 1031 71300 71400 71300 71400 3335
20190702 1032 71400 71400 71300 71400 1099
20190702 1033 71400 71500 71300 71500 4177
20190702 1034 71500 71500 71400 71400 1482
20190702 1035 71400 71600 71400 71600 12992
20190702 1036 71600 71600 71500 71600 3609
20190702 1037 71600 71600 71500 71600 1155
20190702 1038 71500 71600 71500 71600 1939
20190702 1039 71600 71600 71500 71600 18007
20190702 1040 71600 71600 71400 71500 20020
20190702 1041 71500 71500 71400 71500 4957
20190702 1042 71500 71500 71400 71400 4498
20190702 1043 71400 71500 71400 71400 1101
20190702 1044 71500 71500 71400 71400 1125
20190702 1045 71400 71500 71400 71400 1245
20190702 1046 71500 71600 71400 71600 15597
20190702 1047 71600 71600 71500 71600 1626
20190702 1048 71500 71600 71500 71500 1701
20190702 1049 71600 71600 71500 71600 5282
20190702 1050 71600 71600 71500 71500 7761
20190702 1051 71500 71600 71500 71500 2415
20190702 1052 71600 71600 71500 71600 7304
20190702 1053 71500 71600 71500 71600 2467
20190702 1054 71500 71600 71500 71500 881
20190702 1055 71500 71600 71500 71500 1494
20190702 1056 71500 71600 71400 71500 8390
20190702 1057 71400 71500 71400 71400 1179
20190702 1058 71500 71500 71300 71300 6436
20190702 1059 71400 71400 71300 71400 2808
20190702 1100 71400 71500 71300 71400 3266
20190702 1101 71400 71500 71300 71500 1806
20190702 1102 71400 71500 71300 71300 3140
20190702 1103 71300 71400 71300 71300 651
20190702 1104 71300 71400 71300 71300 2392
20190702 1105 71300 71400 71300 71400 796
20190702 1106 71400 71400 71200 71200 7943
20190702 1107 71300 71300 71200 71200 2068
20190702 1108 71200 71400 71200 71400 3014
20190702 1109 71300 71400 71300 71300 1384
20190702 1110 71300 71400 71300 71300 886
20190702 1111 71300 71400 71300 71300 1052
20190702 1112 71300 71400 71300 71300 914
20190702 1113 71300 71400 71300 71300 1215
20190702 1114 71300 71400 71300 71400 1676
20190702 1115 71300 71400 71100 71300 12618
20190702 1116 71200 71300 71200 71300 681
20190702 1117 71200 71300 71200 71300 4420
20190702 1118 71400 71400 71200 71400 1197
20190702 1119 71400 71400 71300 71400 683
20190702 1120 71300 71400 71300 71400 1167
20190702 1121 71300 71400 71300 71400 842
20190702 1122 71300 71400 71300 71300 585
20190702 1123 71300 71400 71300 71300 1256
20190702 1124 71400 71400 71300 71300 943
20190702 1125 71400 71400 71300 71400 1054
20190702 1126 71300 71400 71300 71400 1599
20190702 1127 71300 71400 71300 71400 13317
20190702 1128 71300 71300 71200 71300 1415
20190702 1129 71300 71300 71200 71300 1205
20190702 1130 71200 71400 71200 71300 9279
20190702 1131 71400 71400 71200 71300 3803
20190702 1132 71300 71300 71200 71200 3206
20190702 1133 71300 71400 71200 71400 9408
20190702 1134 71300 71400 71200 71300 7615
20190702 1135 71200 71300 71200 71300 899
20190702 1136 71300 71300 71200 71200 1550
20190702 1137 71300 71300 71200 71300 742
20190702 1138 71200 71300 71200 71300 1237
20190702 1139 71300 71300 71200 71300 6790
20190702 1140 71200 71300 71200 71200 885
20190702 1141 71300 71300 71100 71300 3653
20190702 1142 71300 71300 71200 71300 1264
20190702 1143 71300 71300 71200 71200 1379
20190702 1144 71300 71300 71200 71200 4546
20190702 1145 71200 71300 71200 71200 448
20190702 1146 71300 71300 71200 71300 1421
20190702 1147 71300 71300 71200 71300 2244
20190702 1148 71300 71300 71200 71200 1203
20190702 1149 71200 71300 71200 71300 964
20190702 1150 71200 71300 71200 71200 3201
20190702 1151 71300 71500 71200 71400 32932
20190702 1152 71300 71400 71300 71400 759
20190702 1153 71300 71400 71300 71300 756
20190702 1154 71300 71400 71300 71400 640
20190702 1155 71400 71400 71300 71400 781
20190702 1156 71300 71400 71300 71300 863
20190702 1157 71400 71400 71300 71300 818
20190702 1158 71300 71400 71200 71300 15276
20190702 1159 71200 71400 71200 71300 3730
20190702 1200 71300 71400 71300 71400 906
20190702 1201 71400 71400 71300 71400 1408
20190702 1202 71300 71400 71300 71400 567
20190702 1203 71400 71400 71300 71400 780
20190702 1204 71300 71400 71300 71400 548
20190702 1205 71300 71400 71300 71400 485
20190702 1206 71400 71400 71300 71400 460
20190702 1207 71400 71400 71200 71200 5963
20190702 1208 71300 71300 71200 71200 480
20190702 1209 71300 71300 71200 71200 1788
20190702 1210 71200 71300 71200 71200 3849
20190702 1211 71200 71300 71200 71200 940
20190702 1212 71200 71300 71200 71200 754
20190702 1213 71200 71300 71200 71200 1313
20190702 1214 71300 71300 71200 71300 901
20190702 1215 71200 71300 71200 71200 2915
20190702 1216 71200 71300 71200 71200 1334
20190702 1217 71300 71300 71200 71200 1395
20190702 1218 71300 71400 71200 71400 8251
20190702 1219 71300 71400 71300 71300 928
20190702 1220 71400 71400 71300 71400 598
20190702 1221 71400 71400 71300 71300 847
20190702 1222 71400 71400 71300 71400 1195
20190702 1223 71300 71400 71300 71400 868
20190702 1224 71300 71400 71300 71400 1166
20190702 1225 71400 71400 71300 71300 1146
20190702 1226 71300 71400 71300 71300 1292
20190702 1227 71300 71400 71300 71300 964
20190702 1228 71400 71400 71300 71400 2818
20190702 1229 71400 71500 71300 71400 13878
20190702 1230 71400 71500 71200 71200 23291
20190702 1231 71300 71400 71200 71400 7961
20190702 1232 71300 71400 71300 71400 1247
20190702 1233 71300 71400 71300 71300 880
20190702 1234 71300 71400 71300 71400 505
20190702 1235 71400 71400 71300 71300 392
20190702 1236 71400 71400 71300 71400 837
20190702 1237 71400 71400 71300 71400 942
20190702 1238 71400 71400 71300 71300 972
20190702 1239 71300 71400 71300 71400 1284
20190702 1240 71400 71400 71300 71300 1008
20190702 1241 71400 71400 71300 71400 910
20190702 1242 71300 71400 71300 71400 1002
20190702 1243 71400 71400 71300 71400 529
20190702 1244 71300 71400 71300 71300 1166
20190702 1245 71300 71400 71300 71300 838
20190702 1246 71400 71400 71300 71300 887
20190702 1247 71300 71400 71300 71300 3254
20190702 1248 71300 71400 71300 71300 1483
20190702 1249 71300 71400 71300 71300 1120
20190702 1250 71400 71400 71300 71400 3220
20190702 1251 71400 71400 71300 71300 2275
20190702 1252 71300 71400 71200 71300 1196
20190702 1253 71200 71300 71200 71300 791
20190702 1254 71300 71300 71200 71200 653
20190702 1255 71200 71300 71200 71300 1116
20190702 1256 71200 71300 71200 71200 1142
20190702 1257 71200 71300 71200 71300 1173
20190702 1258 71200 71300 71200 71300 1672
20190702 1259 71300 71300 71200 71200 613
20190702 1300 71300 71300 71200 71300 772
20190702 1301 71200 71300 71200 71200 967
20190702 1302 71300 71300 71200 71300 2158
20190702 1303 71300 71300 71200 71300 1213
20190702 1304 71200 71300 71200 71200 497
20190702 1305 71300 71300 71200 71300 1040
20190702 1306 71300 71300 71200 71300 1203
20190702 1307 71300 71300 71200 71200 763
20190702 1308 71300 71300 71200 71300 2879
20190702 1309 71200 71300 71200 71300 1851
20190702 1310 71200 71300 71200 71300 929
20190702 1311 71200 71400 71200 71400 8136
20190702 1312 71300 71400 71300 71400 1289
20190702 1313 71300 71400 71300 71400 5956
20190702 1314 71300 71400 71300 71400 3501
20190702 1315 71300 71400 71300 71300 3102
20190702 1316 71400 71400 71200 71200 8932
20190702 1317 71200 71300 71200 71300 1467
20190702 1318 71300 71300 71200 71200 798
20190702 1319 71200 71300 71200 71200 692
20190702 1320 71200 71300 71200 71300 3359
20190702 1321 71300 71400 71200 71400 2384
20190702 1322 71300 71400 71300 71300 1628
20190702 1323 71400 71400 71300 71300 1815
20190702 1324 71300 71400 71200 71200 3412
20190702 1325 71300 71300 71200 71300 2914
20190702 1326 71200 71300 71200 71300 1550
20190702 1327 71300 71400 71200 71300 18194
20190702 1328 71300 71400 71200 71200 12077
20190702 1329 71300 71300 71200 71300 878
20190702 1330 71300 71300 71200 71200 650
20190702 1331 71300 71300 71200 71200 9014
20190702 1332 71200 71300 71200 71300 1199
20190702 1333 71200 71300 71200 71300 1640
20190702 1334 71200 71300 71100 71100 6311
20190702 1335 71100 71200 71100 71100 834
20190702 1336 71100 71200 71100 71100 1528
20190702 1337 71200 71200 71100 71100 1083
20190702 1338 71200 71300 71100 71300 5901
20190702 1339 71300 71300 71200 71200 1488
20190702 1340 71300 71300 71200 71200 819
20190702 1341 71200 71300 71200 71200 2156
20190702 1342 71200 71300 71200 71300 1965
20190702 1343 71300 71400 71200 71400 16101
20190702 1344 71300 71400 71300 71300 1983
20190702 1345 71300 71400 71300 71400 1561
20190702 1346 71300 71400 71200 71200 13855
20190702 1347 71200 71300 71200 71300 2339
20190702 1348 71300 71400 71200 71300 2453
20190702 1349 71300 71400 71300 71300 2506
20190702 1350 71300 71400 71200 71300 1529
20190702 1351 71200 71300 71200 71200 1069
20190702 1352 71200 71300 71200 71300 1318
20190702 1353 71300 71300 71200 71200 740
20190702 1354 71300 71300 71200 71300 972
20190702 1355 71300 71300 71200 71200 1512
20190702 1356 71200 71300 71200 71300 1556
20190702 1357 71200 71300 71200 71200 1992
20190702 1358 71300 71300 71200 71300 1129
20190702 1359 71300 71300 71200 71200 925
20190702 1400 71200 71300 71200 71200 1254
20190702 1401 71200 71300 71200 71200 986
20190702 1402 71300 71300 71200 71300 1038
20190702 1403 71300 71300 71200 71200 763
20190702 1404 71300 71300 71200 71200 1796
20190702 1405 71300 71300 71200 71300 1548
20190702 1406 71300 71300 71200 71200 1813
20190702 1407 71300 71300 71200 71300 528
20190702 1408 71200 71300 71200 71200 1002
20190702 1409 71200 71300 71200 71200 1406
20190702 1410 71200 71300 71200 71200 1173
20190702 1411 71200 71300 71200 71200 833
20190702 1412 71300 71300 71200 71300 3314
20190702 1413 71300 71300 71200 71300 1745
20190702 1414 71300 71300 71200 71300 1001
20190702 1415 71300 71300 71200 71200 13099
20190702 1416 71300 71300 71200 71200 1388
20190702 1417 71200 71300 71200 71300 1694
20190702 1418 71200 71300 71200 71200 3216
20190702 1419 71200 71300 71200 71300 1231
20190702 1420 71300 71300 71200 71200 1275
20190702 1421 71300 71300 71200 71200 3684
20190702 1422 71200 71300 71200 71200 12572
20190702 1423 71200 71300 71100 71200 6237
20190702 1424 71100 71200 71100 71200 1552
20190702 1425 71200 71200 71100 71200 2534
20190702 1426 71100 71200 71100 71100 1579
20190702 1427 71200 71200 71100 71100 957
20190702 1428 71100 71200 71100 71200 1419
20190702 1429 71200 71200 71100 71200 1210
20190702 1430 71200 71200 71100 71200 1140
20190702 1431 71100 71200 71100 71200 999
20190702 1432 71200 71200 71100 71100 817
20190702 1433 71200 71200 71100 71200 1902
20190702 1434 71200 71200 71100 71200 1484
20190702 1435 71100 71200 71100 71100 1212
20190702 1436 71200 71200 71100 71200 1058
20190702 1437 71200 71200 71100 71100 1561
20190702 1438 71100 71200 71100 71100 1125
20190702 1439 71200 71200 71100 71200 2586
20190702 1440 71100 71300 71100 71200 27293
20190702 1441 71200 71300 71200 71300 2500
20190702 1442 71300 71300 71200 71200 979
20190702 1443 71200 71400 71200 71300 35884
20190702 1444 71300 71400 71300 71300 1323
20190702 1445 71400 71400 71300 71400 1181
20190702 1446 71300 71400 71300 71300 1883
20190702 1447 71400 71400 71300 71400 3641
20190702 1448 71300 71400 71300 71400 4150
20190702 1449 71300 71400 71300 71300 2243
20190702 1450 71300 71400 71300 71400 2415
20190702 1451 71400 71400 71300 71400 3504
20190702 1452 71400 71400 71300 71300 19152
20190702 1453 71300 71500 71300 71400 35149
20190702 1454 71300 71400 71300 71300 2009
20190702 1455 71300 71400 71300 71400 3822
20190702 1456 71400 71400 71300 71300 1791
20190702 1457 71400 71400 71300 71400 1740
20190702 1458 71400 71400 71300 71300 5390
20190702 1459 71300 71400 71300 71300 1961
20190702 1500 71300 71400 71300 71300 22840
20190702 1501 71400 71400 71300 71300 1595
20190702 1502 71300 71400 71300 71300 3078
20190702 1503 71300 71400 71300 71300 1234
20190702 1504 71300 71400 71300 71300 1549
20190702 1505 71300 71400 71300 71300 1273
20190702 1506 71300 71400 71300 71400 2047
20190702 1507 71400 71400 71300 71300 1084
20190702 1508 71300 71400 71300 71400 1112
20190702 1509 71300 71400 71300 71300 1961
20190702 1510 71400 71400 71300 71300 10164
20190702 1511 71400 71400 71300 71300 2190
20190702 1512 71300 71400 71300 71300 18108
20190702 1513 71300 71400 71300 71300 1088
20190702 1514 71300 71400 71300 71300 2644
20190702 1515 71300 71400 71300 71300 2981
20190702 1516 71300 71400 71300 71300 3526
20190702 1517 71300 71400 71300 71300 3307
20190702 1518 71300 71400 71300 71300 9118
20190702 1519 71300 71400 71300 71300 2924
20190702 1520 71300 71400 71300 71300 25048
20190702 1530 71400 71400 71400 71400 138676
20190703 901 71100 71100 70800 70800 46642
20190703 902 70900 70900 70500 70700 34689
20190703 903 70800 71000 70700 70800 19772
20190703 904 70800 71000 70700 70800 10116
20190703 905 70800 70800 70600 70700 28169
20190703 906 70700 70800 70600 70700 8078
20190703 907 70700 70800 70500 70500 25704
20190703 908 70500 70600 70500 70600 9420
20190703 909 70500 70900 70500 70800 15108
20190703 910 70800 71000 70800 71000 21403
20190703 911 71100 71100 71000 71100 20260
20190703 912 71100 71200 71000 71100 13538
20190703 913 71100 71200 71100 71100 1649
20190703 914 71100 71400 71100 71300 27037
20190703 915 71300 71700 71300 71600 20339
20190703 916 71600 71700 71500 71500 7024
20190703 917 71500 71600 71300 71300 15205
20190703 918 71400 71500 71300 71400 9737
20190703 919 71400 71400 71300 71300 8538
20190703 920 71300 71400 71200 71200 8683
20190703 921 71200 71200 71100 71100 1816
20190703 922 71100 71200 70900 71000 8536
20190703 923 71000 71100 70800 70800 11186
20190703 924 70900 70900 70800 70900 2202
20190703 925 70800 71000 70800 70900 6360
20190703 926 70900 71000 70900 71000 964
20190703 927 70900 71000 70900 71000 3793
20190703 928 71000 71100 70900 71000 8465
20190703 929 71100 71100 70900 70900 9273
20190703 930 70900 70900 70800 70900 2022
20190703 931 70800 70900 70800 70900 3334
20190703 932 70900 70900 70800 70800 1305
20190703 933 70800 70900 70800 70800 1311
20190703 934 70800 70900 70800 70900 3366
20190703 935 70900 70900 70700 70700 7222
20190703 936 70800 70800 70600 70600 12386
20190703 937 70600 70700 70600 70700 6812
20190703 938 70700 70700 70600 70600 3527
20190703 939 70700 70700 70500 70600 6993
20190703 940 70600 70600 70500 70500 2302
20190703 941 70600 70700 70500 70700 5794
20190703 942 70600 70700 70600 70600 999
20190703 943 70600 70700 70600 70700 1516
20190703 944 70600 70700 70500 70500 10358
20190703 945 70600 70600 70500 70600 1635
20190703 946 70600 70600 70500 70500 2716
20190703 947 70500 70500 70300 70400 33240
20190703 948 70500 70500 70400 70400 1790
20190703 949 70400 70500 70300 70400 12750
20190703 950 70400 70500 70300 70500 4638
20190703 951 70500 70500 70400 70400 5865
20190703 952 70400 70600 70400 70500 6922
20190703 953 70500 70600 70400 70400 5797
20190703 954 70400 70500 70300 70400 6278
20190703 955 70400 70500 70300 70400 3320
20190703 956 70400 70500 70400 70500 4940
20190703 957 70500 70500 70300 70400 3379
20190703 958 70400 70400 70200 70200 10644
20190703 959 70300 70300 70200 70200 11931
20190703 1000 70200 70300 70100 70100 10533
20190703 1001 70200 70200 70100 70200 5721
20190703 1002 70200 70300 70000 70000 49146
20190703 1003 70000 70100 70000 70000 4060
20190703 1004 70000 70300 70000 70200 24443
20190703 1005 70200 70300 70100 70200 9257
20190703 1006 70200 70200 70100 70100 4445
20190703 1007 70100 70200 70000 70000 25954
20190703 1008 70000 70100 70000 70100 3535
20190703 1009 70100 70100 69900 69900 16009
20190703 1010 69900 70100 69900 70000 17955
20190703 1011 70000 70100 70000 70100 2153
20190703 1012 70100 70100 69900 70000 21069
20190703 1013 69900 70000 69900 69900 881
20190703 1014 70000 70200 69900 70100 22451
20190703 1015 70200 70200 69900 69900 30507
20190703 1016 70000 70000 69900 69900 3486
20190703 1017 69900 70000 69800 69800 5205
20190703 1018 69800 69900 69800 69800 4224
20190703 1019 69800 69900 69800 69800 7416
20190703 1020 69800 69900 69800 69900 1556
20190703 1021 69800 69900 69800 69800 4083
20190703 1022 69800 69900 69700 69700 8662
20190703 1023 69700 69800 69700 69700 3506
20190703 1024 69700 69900 69700 69800 32937
20190703 1025 69700 69800 69700 69700 7219
20190703 1026 69800 69900 69700 69800 12155
20190703 1027 69900 70000 69800 69900 10798
20190703 1028 70000 70000 69800 69800 9491
20190703 1029 69800 69900 69700 69700 6934
20190703 1030 69800 69800 69700 69800 3664
20190703 1031 69800 69800 69700 69700 1939
20190703 1032 69700 69800 69700 69800 1507
20190703 1033 69800 69800 69600 69700 16027
20190703 1034 69700 69800 69600 69700 8454
20190703 1035 69700 69800 69700 69800 1277
20190703 1036 69700 69800 69600 69800 15991
20190703 1037 69700 70000 69700 69900 9236
20190703 1038 69900 70000 69900 69900 686
20190703 1039 69900 70000 69900 70000 2318
20190703 1040 70000 70000 69800 69900 11586
20190703 1041 69800 70000 69800 70000 5632
20190703 1042 70000 70000 69900 69900 1199
20190703 1043 69900 70100 69900 70100 9707
20190703 1044 70100 70300 70000 70300 5127
20190703 1045 70200 70300 70200 70200 1527
20190703 1046 70200 70300 70100 70100 3166
20190703 1047 70100 70200 70000 70000 8909
20190703 1048 70100 70200 69900 70000 8717
20190703 1049 70000 70100 70000 70000 907
20190703 1050 70000 70100 69800 69900 18361
20190703 1051 69900 70000 69800 69900 5942
20190703 1052 69900 70000 69900 69900 1740
20190703 1053 70000 70000 69900 69900 2422
20190703 1054 69900 70000 69900 70000 847
20190703 1055 69900 70000 69900 70000 1067
20190703 1056 69900 70000 69900 70000 3964
20190703 1057 70000 70000 69900 69900 1520
20190703 1058 69900 70100 69900 70000 28981
20190703 1059 70000 70100 70000 70100 2467
20190703 1100 70100 70100 70000 70000 880
20190703 1101 70000 70100 69900 69900 1840
20190703 1102 69900 70100 69900 70000 4963
20190703 1103 70000 70100 70000 70000 4215
20190703 1104 70100 70100 70000 70000 1748
20190703 1105 70100 70100 70000 70000 1720
20190703 1106 70000 70100 70000 70100 1786
20190703 1107 70000 70100 70000 70000 5795
20190703 1108 70000 70100 70000 70000 1185
20190703 1109 70100 70100 70000 70100 2494
20190703 1110 70000 70100 70000 70000 2970
20190703 1111 70000 70100 69900 70000 8917
20190703 1112 69900 70000 69800 69800 4823
20190703 1113 69800 69900 69800 69800 1981
20190703 1114 69900 70000 69800 69900 13231
20190703 1115 69900 70000 69900 69900 6594
20190703 1116 69900 70000 69900 70000 938
20190703 1117 69900 70000 69900 69900 2256
20190703 1118 70000 70000 69800 69900 17353
20190703 1119 69900 69900 69800 69800 2700
20190703 1120 69900 70000 69800 69900 29818
20190703 1121 69900 70000 69900 69900 4838
20190703 1122 70000 70000 69800 69800 11759
20190703 1123 69900 69900 69800 69900 1180
20190703 1124 69800 69900 69800 69800 1731
20190703 1125 69800 69900 69800 69900 2374
20190703 1126 69900 69900 69800 69800 2307
20190703 1127 69900 69900 69700 69800 4081
20190703 1128 69800 69900 69700 69800 3820
20190703 1129 69700 69800 69700 69800 2149
20190703 1130 69800 69800 69700 69700 1861
20190703 1131 69800 69800 69700 69700 2088
20190703 1132 69700 69800 69700 69800 2208
20190703 1133 69700 69900 69700 69800 10168
20190703 1134 69800 70000 69800 69900 3445
20190703 1135 69900 70000 69900 69900 1186
20190703 1136 69900 70000 69900 69900 1515
20190703 1137 69900 70000 69800 69800 3949
20190703 1138 69800 69900 69800 69800 2392
20190703 1139 69900 69900 69800 69800 4478
20190703 1140 69800 69900 69800 69900 1741
20190703 1141 69800 69900 69800 69900 1645
20190703 1142 69900 69900 69700 69800 10822
20190703 1143 69700 69800 69700 69700 4023
20190703 1144 69700 69800 69700 69700 1510
20190703 1145 69700 69800 69700 69800 1407
20190703 1146 69700 69800 69700 69700 2265
20190703 1147 69700 69800 69700 69800 1343
20190703 1148 69800 69800 69700 69700 1563
20190703 1149 69700 69800 69700 69700 3545
20190703 1150 69700 69800 69700 69700 3460
20190703 1151 69700 69800 69700 69700 11017
20190703 1152 69700 69800 69700 69700 746
20190703 1153 69800 69800 69700 69700 1886
20190703 1154 69700 69900 69700 69800 6982
20190703 1155 69900 69900 69800 69800 2790
20190703 1156 69800 69900 69800 69800 1383
20190703 1157 69900 69900 69800 69800 1953
20190703 1158 69900 69900 69700 69700 10838
20190703 1159 69800 69800 69700 69700 1053
20190703 1200 69800 69800 69700 69700 1479
20190703 1201 69800 69800 69700 69800 1329
20190703 1202 69700 69800 69700 69700 1486
20190703 1203 69700 69800 69700 69800 2464
20190703 1204 69700 69900 69700 69900 6561
20190703 1205 69900 70000 69800 69900 2238
20190703 1206 69900 70000 69900 69900 1407
20190703 1207 69900 70000 69900 69900 924
20190703 1208 69900 70000 69800 69800 4464
20190703 1209 69900 69900 69700 69700 2602
20190703 1210 69700 69900 69700 69800 3593
20190703 1211 69800 69900 69800 69900 1122
20190703 1212 69900 69900 69800 69800 871
20190703 1213 69800 69900 69800 69900 1133
20190703 1214 69900 69900 69800 69800 2303
20190703 1215 69800 69900 69800 69800 1124
20190703 1216 69800 69900 69800 69800 1041
20190703 1217 69800 69900 69800 69900 1122
20190703 1218 69800 69900 69800 69900 1098
20190703 1219 69800 69900 69800 69800 830
20190703 1220 69800 69900 69800 69900 1243
20190703 1221 69800 69900 69800 69800 1186
20190703 1222 69800 69900 69800 69800 1347
20190703 1223 69800 69900 69800 69900 1192
20190703 1224 69900 69900 69800 69800 829
20190703 1225 69800 69900 69800 69800 1154
20190703 1226 69800 69900 69800 69800 1277
20190703 1227 69800 69900 69800 69800 1375
20190703 1228 69800 69900 69800 69800 885
20190703 1229 69800 69900 69800 69900 1412
20190703 1230 69800 69900 69800 69900 1702
20190703 1231 69800 69900 69800 69800 1073
20190703 1232 69900 69900 69800 69800 1901
20190703 1233 69800 69900 69800 69800 823
20190703 1234 69800 69900 69800 69800 1406
20190703 1235 69800 69900 69800 69800 1427
20190703 1236 69800 69900 69800 69800 1127
20190703 1237 69800 69900 69700 69800 11263
20190703 1238 69700 69800 69700 69700 1503
20190703 1239 69800 69800 69700 69700 2105
20190703 1240 69800 69800 69700 69700 1387
20190703 1241 69800 69800 69700 69700 1323
20190703 1242 69700 69800 69700 69800 1885
20190703 1243 69700 69800 69700 69700 1617
20190703 1244 69700 69800 69700 69700 1995
20190703 1245 69700 69800 69700 69800 1841
20190703 1246 69800 69800 69700 69700 1267
20190703 1247 69700 69800 69700 69700 7337
20190703 1248 69800 69800 69700 69700 1086
20190703 1249 69700 69800 69700 69700 2420
20190703 1250 69700 69800 69700 69700 2498
20190703 1251 69800 70000 69700 70000 33570
20190703 1252 69900 70000 69800 69900 11118
20190703 1253 69800 69900 69800 69900 1038
20190703 1254 69900 69900 69800 69800 2730
20190703 1255 69800 69900 69800 69800 1099
20190703 1256 69900 69900 69800 69800 2121
20190703 1257 69800 69900 69800 69800 1292
20190703 1258 69800 69900 69800 69800 1097
20190703 1259 69800 69900 69800 69800 1554
20190703 1300 69800 69900 69800 69800 1125
20190703 1301 69800 69900 69800 69900 2119
20190703 1302 69800 69900 69800 69900 1588
20190703 1303 69900 69900 69800 69900 2894
20190703 1304 69800 69900 69800 69800 1813
20190703 1305 69800 69900 69800 69800 1266
20190703 1306 69900 69900 69700 69700 5135
20190703 1307 69800 69800 69700 69700 1387
20190703 1308 69700 69900 69700 69900 8339
20190703 1309 69900 69900 69800 69800 770
20190703 1310 69900 69900 69800 69900 2033
20190703 1311 69800 69900 69800 69800 2857
20190703 1312 69900 69900 69800 69800 1344
20190703 1313 69800 69900 69800 69800 2423
20190703 1314 69900 69900 69800 69900 1583
20190703 1315 69900 69900 69800 69800 1637
20190703 1316 69800 69900 69800 69800 1633
20190703 1317 69800 69900 69700 69800 22703
20190703 1318 69800 69800 69600 69600 10556
20190703 1319 69600 69700 69600 69600 1529
20190703 1320 69600 69700 69600 69700 5719
20190703 1321 69600 69800 69600 69700 2403
20190703 1322 69700 69800 69700 69700 1316
20190703 1323 69700 69800 69700 69700 2019
20190703 1324 69700 69800 69700 69700 1235
20190703 1325 69700 69800 69700 69800 1616
20190703 1326 69800 69800 69700 69800 1308
20190703 1327 69800 69800 69700 69700 6585
20190703 1328 69700 69800 69700 69700 4361
20190703 1329 69700 69800 69700 69700 2285
20190703 1330 69700 69800 69700 69700 2992
20190703 1331 69700 69800 69700 69700 2470
20190703 1332 69700 69800 69600 69600 1706
20190703 1333 69700 69700 69600 69600 4409
20190703 1334 69700 69700 69600 69700 2149
20190703 1335 69600 69700 69600 69700 2576
20190703 1336 69700 69700 69600 69700 3259
20190703 1337 69600 69700 69600 69700 33288
20190703 1338 69700 69700 69600 69600 1419
20190703 1339 69600 69700 69500 69500 12731
20190703 1340 69600 69600 69500 69500 2617
20190703 1341 69500 69700 69500 69700 15405
20190703 1342 69700 69800 69600 69700 8122
20190703 1343 69600 69700 69600 69600 1654
20190703 1344 69600 69700 69600 69600 2850
20190703 1345 69700 69700 69600 69600 1663
20190703 1346 69600 69700 69600 69600 1742
20190703 1347 69600 69700 69500 69600 9225
20190703 1348 69500 69600 69500 69600 3404
20190703 1349 69500 69600 69400 69400 11192
20190703 1350 69400 69500 69400 69500 9219
20190703 1351 69500 69600 69400 69500 5821
20190703 1352 69500 69600 69400 69400 4375
20190703 1353 69400 69500 69400 69500 1802
20190703 1354 69500 69500 69400 69500 4707
20190703 1355 69500 69500 69300 69400 11575
20190703 1356 69400 69500 69400 69500 3757
20190703 1357 69500 69500 69400 69400 3808
20190703 1358 69400 69500 69400 69400 1806
20190703 1359 69400 69500 69300 69300 6464
20190703 1400 69300 69400 69300 69400 2865
20190703 1401 69300 69400 69300 69400 4265
20190703 1402 69300 69500 69300 69400 17981
20190703 1403 69400 69500 69300 69400 8578
20190703 1404 69300 69500 69300 69400 5801
20190703 1405 69400 69500 69400 69400 3084
20190703 1406 69500 69500 69300 69400 14682
20190703 1407 69300 69400 69300 69400 4610
20190703 1408 69300 69400 69300 69300 4396
20190703 1409 69300 69400 69200 69200 12903
20190703 1410 69300 69300 69200 69200 16599
20190703 1411 69200 69400 69200 69300 3721
20190703 1412 69400 69400 69300 69300 2754
20190703 1413 69300 69400 69300 69300 5853
20190703 1414 69400 69400 69300 69300 2508
20190703 1415 69400 69400 69300 69300 5234
20190703 1416 69300 69400 69300 69300 4006
20190703 1417 69300 69400 69300 69400 4607
20190703 1418 69400 69400 69300 69300 7397
20190703 1419 69300 69400 69200 69200 8449
20190703 1420 69300 69300 69000 69000 68785
20190703 1421 69000 69100 69000 69000 6172
20190703 1422 69000 69100 69000 69000 3248
20190703 1423 69000 69100 69000 69000 4817
20190703 1424 69100 69100 69000 69000 7415
20190703 1425 69000 69100 69000 69000 3377
20190703 1426 69000 69100 69000 69000 4304
20190703 1427 69000 69100 69000 69000 11518
20190703 1428 69000 69100 69000 69100 14433
20190703 1429 69000 69100 69000 69000 8110
20190703 1430 69000 69300 69000 69200 40605
20190703 1431 69200 69300 69100 69200 11034
20190703 1432 69200 69300 69200 69200 1357
20190703 1433 69300 69300 69200 69200 2132
20190703 1434 69200 69300 69200 69300 5057
20190703 1435 69200 69400 69200 69300 10705
20190703 1436 69400 69500 69300 69400 5623
20190703 1437 69500 69500 69300 69300 11606
20190703 1438 69300 69400 69300 69300 1914
20190703 1439 69300 69400 69300 69300 6831
20190703 1440 69300 69400 69300 69400 3092
20190703 1441 69300 69400 69300 69400 12889
20190703 1442 69400 69400 69200 69200 2020
20190703 1443 69200 69300 69200 69200 2295
20190703 1444 69200 69300 69200 69200 2960
20190703 1445 69200 69300 69200 69200 2346
20190703 1446 69200 69300 69100 69100 13803
20190703 1447 69100 69200 69100 69200 2663
20190703 1448 69100 69300 69100 69200 16632
20190703 1449 69200 69300 69100 69100 23017
20190703 1450 69200 69200 69100 69100 1554
20190703 1451 69100 69200 69100 69100 2331
20190703 1452 69100 69200 69100 69100 2325
20190703 1453 69200 69200 69100 69100 12408
20190703 1454 69100 69200 69000 69000 17524
20190703 1455 69000 69100 69000 69100 6784
20190703 1456 69000 69100 69000 69000 4698
20190703 1457 69100 69100 69000 69000 3081
20190703 1458 69000 69100 69000 69100 3040
20190703 1459 69000 69100 69000 69000 4719
20190703 1500 69000 69400 69000 69200 46834
20190703 1501 69200 69300 69200 69300 6403
20190703 1502 69200 69400 69200 69200 14565
20190703 1503 69200 69300 69200 69200 5278
20190703 1504 69200 69300 69200 69300 3502
20190703 1505 69300 69300 69200 69200 3643
20190703 1506 69200 69300 69200 69200 4322
20190703 1507 69200 69300 69200 69200 5839
20190703 1508 69200 69300 69200 69200 6811
20190703 1509 69200 69300 69200 69300 7961
20190703 1510 69300 69300 69200 69200 6058
20190703 1511 69200 69300 69200 69300 7822
20190703 1512 69200 69300 69200 69200 6407
20190703 1513 69200 69300 69100 69100 26280
20190703 1514 69100 69300 69100 69200 16801
20190703 1515 69200 69400 69200 69300 12085
20190703 1516 69300 69400 69200 69300 12047
20190703 1517 69200 69300 69200 69300 10521
20190703 1518 69300 69300 69100 69100 12947
20190703 1519 69100 69200 69100 69200 9776
20190703 1520 69100 69200 69000 69100 26639
20190703 1530 69100 69100 69100 69100 104752
