날짜 시간 시가 고가 저가 종가 거래량
20191202 901 39400 39400 39000 39050 1137
20191202 902 39250 39250 39100 39200 189
20191202 903 39050 39150 39050 39050 1133
20191202 904 39050 39050 39000 39000 2782
20191202 905 39000 39100 39000 39050 1980
20191202 906 39100 39100 39050 39050 8
20191202 907 39100 39200 39050 39200 2009
20191202 908 39200 39350 39200 39300 271
20191202 909 39400 39450 39200 39200 813
20191202 910 39250 39250 39250 39250 32
20191202 911 39200 39450 39200 39450 1041
20191202 912 39400 39450 39350 39400 112
20191202 913 39400 39400 39400 39400 37
20191202 914 39300 39300 39250 39250 299
20191202 915 39200 39200 38950 39000 2727
20191202 916 39000 39050 39000 39050 102
20191202 917 39050 39200 39050 39200 144
20191202 918 39200 39200 39150 39150 39
20191202 919 39200 39200 39200 39200 7
20191202 920 39150 39200 39150 39150 547
20191202 921 39100 39100 39050 39100 569
20191202 922 39100 39150 39100 39150 77
20191202 923 39150 39150 39100 39150 350
20191202 924 39150 39150 39150 39150 108
20191202 925 39200 39250 39200 39250 557
20191202 926 39300 39300 39300 39300 40
20191202 927 39300 39300 39300 39300 50
20191202 928 39250 39250 39200 39250 169
20191202 929 39250 39250 39250 39250 37
20191202 930 39250 39350 39250 39350 765
20191202 931 39400 39450 39400 39450 323
20191202 932 39450 39550 39400 39550 1226
20191202 933 39550 39550 39500 39550 166
20191202 934 39500 39550 39450 39500 242
20191202 935 39450 39450 39300 39300 587
20191202 936 39300 39400 39300 39350 600
20191202 937 39450 39450 39350 39400 146
20191202 938 39400 39500 39400 39500 149
20191202 939 39500 39500 39450 39450 249
20191202 940 39450 39500 39450 39500 261
20191202 941 39500 39500 39500 39500 45
20191202 942 39500 39500 39500 39500 42
20191202 943 39500 39500 39450 39500 31
20191202 944 39500 39500 39450 39500 59
20191202 945 39500 39600 39500 39550 552
20191202 946 39550 39550 39500 39550 482
20191202 947 39550 39550 39500 39500 396
20191202 948 39500 39550 39500 39500 25
20191202 949 39500 39600 39500 39600 431
20191202 950 39550 39600 39550 39600 65
20191202 951 39550 39600 39550 39550 428
20191202 952 39550 39600 39550 39550 416
20191202 953 39550 39600 39550 39600 433
20191202 954 39600 39600 39550 39550 35
20191202 955 39550 39650 39550 39650 1008
20191202 956 39650 39750 39650 39750 1248
20191202 957 39750 39750 39750 39750 1511
20191202 958 39800 39900 39800 39850 655
20191202 959 39850 39900 39850 39850 200
20191202 1000 39850 39950 39850 39950 615
20191202 1001 39950 39950 39900 39950 604
20191202 1002 39900 39950 39900 39900 111
20191202 1003 39950 39950 39900 39900 1514
20191202 1004 39900 39950 39750 39750 1577
20191202 1005 39850 39900 39850 39850 79
20191202 1006 39850 39850 39800 39800 30
20191202 1007 39850 39850 39850 39850 15
20191202 1008 39850 39850 39800 39850 98
20191202 1009 39850 39850 39800 39800 87
20191202 1010 39800 39800 39750 39800 124
20191202 1011 39750 39750 39750 39750 73
20191202 1012 39800 39800 39700 39750 256
20191202 1013 39750 39750 39700 39750 50
20191202 1014 39750 39750 39700 39700 48
20191202 1015 39700 39750 39700 39700 510
20191202 1016 39700 39700 39700 39700 100
20191202 1017 39700 39700 39650 39650 38
20191202 1018 39700 39700 39650 39700 102
20191202 1019 39700 39700 39650 39650 203
20191202 1020 39650 39700 39650 39700 693
20191202 1021 39600 39650 39600 39600 154
20191202 1022 39650 39650 39550 39550 525
20191202 1023 39550 39600 39550 39600 344
20191202 1024 39650 39650 39600 39650 168
20191202 1025 39600 39600 39550 39550 304
20191202 1026 39550 39650 39550 39650 88
20191202 1027 39650 39700 39600 39650 944
20191202 1028 39650 39650 39650 39650 177
20191202 1029 39700 39750 39650 39650 546
20191202 1030 39700 39750 39700 39700 32
20191202 1031 39700 39750 39700 39700 57
20191202 1032 39700 39700 39650 39650 125
20191202 1033 39650 39750 39650 39750 305
20191202 1034 39750 39750 39700 39700 99
20191202 1035 39700 39750 39700 39750 263
20191202 1036 39700 39750 39700 39700 115
20191202 1037 39750 39750 39700 39700 65
20191202 1039 39750 39750 39750 39750 15
20191202 1040 39750 39750 39700 39750 188
20191202 1041 39750 39750 39650 39650 21
20191202 1042 39750 39750 39650 39650 43
20191202 1043 39700 39700 39650 39650 26
20191202 1044 39700 39700 39550 39650 1278
20191202 1045 39550 39650 39550 39600 332
20191202 1046 39650 39700 39650 39700 111
20191202 1047 39700 39750 39700 39750 279
20191202 1048 39750 39750 39750 39750 10
20191202 1049 39750 39750 39700 39700 49
20191202 1050 39750 39750 39700 39750 137
20191202 1051 39750 39750 39700 39700 650
20191202 1052 39650 39700 39650 39700 271
20191202 1053 39700 39750 39700 39700 501
20191202 1054 39700 39700 39700 39700 31
20191202 1055 39700 39700 39700 39700 46
20191202 1056 39700 39700 39650 39650 38
20191202 1057 39700 39700 39650 39650 38
20191202 1058 39700 39700 39700 39700 27
20191202 1059 39700 39700 39700 39700 10
20191202 1100 39650 39700 39650 39700 153
20191202 1101 39700 39700 39650 39650 41
20191202 1102 39650 39700 39650 39700 148
20191202 1103 39650 39700 39650 39700 26
20191202 1104 39700 39700 39550 39550 652
20191202 1105 39550 39550 39500 39550 85
20191202 1106 39550 39600 39550 39550 336
20191202 1107 39600 39650 39600 39600 87
20191202 1108 39650 39650 39650 39650 13
20191202 1109 39650 39650 39600 39650 62
20191202 1110 39650 39650 39600 39650 83
20191202 1111 39650 39650 39600 39650 34
20191202 1112 39600 39650 39600 39650 6
20191202 1113 39600 39650 39600 39600 45
20191202 1114 39650 39650 39600 39650 40
20191202 1115 39650 39650 39650 39650 40
20191202 1116 39650 39750 39650 39700 1251
20191202 1117 39700 39700 39650 39700 86
20191202 1118 39700 39700 39700 39700 4
20191202 1119 39700 39700 39650 39700 88
20191202 1120 39700 39700 39650 39650 305
20191202 1121 39650 39700 39650 39650 25
20191202 1122 39700 39700 39650 39700 29
20191202 1123 39700 39700 39650 39700 33
20191202 1124 39700 39700 39700 39700 60
20191202 1125 39700 39750 39700 39700 235
20191202 1126 39700 39700 39700 39700 104
20191202 1127 39700 39750 39700 39750 20
20191202 1128 39700 39750 39700 39750 11
20191202 1129 39700 39750 39700 39700 76
20191202 1130 39750 39750 39750 39750 1
20191202 1131 39750 39750 39750 39750 5
20191202 1132 39750 39750 39700 39750 27
20191202 1133 39750 39750 39600 39600 190
20191202 1134 39650 39700 39650 39650 26
20191202 1135 39700 39700 39650 39700 26
20191202 1136 39700 39700 39700 39700 4
20191202 1137 39700 39700 39650 39700 27
20191202 1138 39700 39700 39600 39600 96
20191202 1139 39600 39650 39600 39650 5
20191202 1140 39650 39650 39650 39650 38
20191202 1141 39650 39700 39650 39650 130
20191202 1142 39650 39700 39650 39700 58
20191202 1143 39700 39700 39700 39700 1
20191202 1144 39700 39750 39700 39750 68
20191202 1145 39700 39750 39700 39700 56
20191202 1146 39700 39750 39700 39750 5
20191202 1147 39750 39850 39750 39800 2214
20191202 1148 39800 39800 39750 39750 5
20191202 1149 39750 39800 39750 39750 46
20191202 1150 39750 39800 39750 39800 57
20191202 1151 39800 39800 39750 39800 52
20191202 1152 39800 39800 39800 39800 7
20191202 1153 39800 39800 39750 39750 25
20191202 1154 39750 39800 39750 39750 29
20191202 1155 39750 39750 39750 39750 9
20191202 1156 39750 39800 39750 39800 24
20191202 1157 39750 39800 39700 39700 35
20191202 1158 39750 39750 39750 39750 4
20191202 1159 39750 39750 39750 39750 4
20191202 1200 39750 39750 39750 39750 29
20191202 1201 39750 39750 39700 39750 296
20191202 1202 39750 39750 39750 39750 2
20191202 1203 39750 39750 39750 39750 4
20191202 1204 39700 39750 39700 39750 67
20191202 1205 39750 39750 39700 39750 29
20191202 1206 39750 39750 39750 39750 4
20191202 1207 39750 39750 39700 39700 24
20191202 1208 39750 39750 39700 39700 7
20191202 1209 39750 39750 39700 39700 149
20191202 1210 39750 39750 39700 39700 135
20191202 1211 39650 39700 39650 39650 35
20191202 1212 39700 39700 39650 39650 3
20191202 1213 39700 39750 39650 39750 2682
20191202 1214 39700 39700 39700 39700 5
20191202 1215 39700 39700 39650 39700 11
20191202 1216 39700 39700 39700 39700 5
20191202 1217 39650 39700 39650 39700 72
20191202 1218 39700 39700 39700 39700 11
20191202 1219 39700 39700 39700 39700 10
20191202 1220 39700 39700 39650 39650 24
20191202 1221 39700 39700 39650 39650 24
20191202 1222 39700 39700 39700 39700 100
20191202 1223 39700 39700 39650 39650 29
20191202 1224 39700 39700 39650 39700 14
20191202 1225 39700 39700 39650 39700 24
20191202 1226 39650 39700 39650 39700 245
20191202 1227 39650 39700 39650 39700 27
20191202 1228 39700 39700 39700 39700 4
20191202 1229 39700 39700 39600 39600 109
20191202 1230 39650 39650 39600 39650 30
20191202 1231 39650 39650 39600 39650 61
20191202 1232 39650 39650 39650 39650 1
20191202 1233 39650 39650 39600 39600 54
20191202 1234 39650 39650 39650 39650 52
20191202 1235 39650 39650 39650 39650 30
20191202 1236 39650 39650 39600 39600 144
20191202 1237 39650 39650 39600 39650 22
20191202 1238 39600 39650 39600 39650 160
20191202 1239 39600 39650 39600 39650 6
20191202 1240 39650 39650 39600 39650 66
20191202 1241 39650 39650 39600 39600 60
20191202 1242 39650 39650 39650 39650 1
20191202 1243 39650 39650 39600 39600 239
20191202 1244 39650 39650 39650 39650 27
20191202 1245 39650 39650 39600 39600 24
20191202 1246 39650 39650 39600 39650 29
20191202 1247 39650 39650 39600 39600 11
20191202 1248 39650 39650 39600 39600 141
20191202 1249 39650 39650 39600 39600 153
20191202 1250 39650 39650 39650 39650 5
20191202 1251 39600 39650 39600 39650 23
20191202 1252 39650 39650 39600 39600 32
20191202 1253 39650 39650 39600 39600 53
20191202 1254 39600 39650 39600 39650 7
20191202 1255 39600 39650 39600 39650 7
20191202 1256 39600 39650 39600 39650 743
20191202 1257 39650 39650 39600 39600 466
20191202 1258 39650 39650 39600 39600 354
20191202 1259 39650 39650 39600 39600 52
20191202 1300 39650 39650 39650 39650 205
20191202 1301 39650 39650 39600 39650 29
20191202 1302 39650 39650 39600 39650 52
20191202 1303 39600 39650 39600 39650 9
20191202 1304 39650 39650 39650 39650 1
20191202 1305 39650 39650 39600 39600 77
20191202 1306 39650 39650 39600 39650 57
20191202 1307 39650 39650 39600 39600 101
20191202 1308 39600 39650 39600 39650 10
20191202 1309 39600 39650 39600 39600 216
20191202 1310 39650 39650 39650 39650 243
20191202 1311 39650 39650 39650 39650 1
20191202 1312 39650 39650 39500 39500 3061
20191202 1313 39550 39550 39500 39550 35
20191202 1314 39550 39550 39550 39550 38
20191202 1315 39550 39550 39500 39500 1079
20191202 1316 39550 39550 39550 39550 1
20191202 1317 39550 39550 39500 39500 65
20191202 1318 39550 39550 39500 39550 29
20191202 1319 39550 39550 39550 39550 70
20191202 1320 39550 39550 39550 39550 17
20191202 1321 39550 39550 39500 39500 101
20191202 1322 39550 39550 39500 39500 14
20191202 1323 39550 39550 39550 39550 49
20191202 1324 39550 39550 39550 39550 64
20191202 1325 39500 39550 39500 39500 54
20191202 1326 39500 39550 39500 39500 104
20191202 1327 39550 39550 39550 39550 7
20191202 1328 39550 39550 39500 39550 62
20191202 1329 39500 39550 39500 39500 33
20191202 1330 39550 39550 39550 39550 12
20191202 1331 39500 39550 39500 39550 59
20191202 1332 39500 39550 39500 39550 507
20191202 1333 39550 39550 39500 39500 59
20191202 1334 39550 39550 39500 39500 32
20191202 1335 39500 39500 39500 39500 154
20191202 1336 39550 39550 39550 39550 1
20191202 1337 39550 39550 39500 39500 52
20191202 1338 39500 39550 39500 39550 41
20191202 1339 39550 39550 39550 39550 3
20191202 1340 39500 39500 39500 39500 87
20191202 1341 39500 39500 39450 39450 250
20191202 1342 39450 39500 39450 39450 13
20191202 1343 39500 39500 39500 39500 26
20191202 1344 39500 39500 39450 39500 112
20191202 1345 39500 39500 39450 39450 26
20191202 1346 39500 39500 39500 39500 34
20191202 1347 39500 39500 39400 39450 823
20191202 1348 39450 39450 39450 39450 30
20191202 1349 39450 39450 39400 39400 26
20191202 1350 39450 39450 39400 39400 64
20191202 1351 39450 39450 39400 39450 47
20191202 1352 39450 39450 39400 39450 37
20191202 1353 39450 39450 39400 39400 51
20191202 1354 39450 39450 39400 39450 163
20191202 1355 39400 39450 39400 39400 875
20191202 1356 39400 39450 39400 39400 285
20191202 1357 39450 39450 39400 39400 115
20191202 1358 39400 39450 39400 39400 25
20191202 1359 39400 39400 39400 39400 10
20191202 1400 39400 39400 39350 39400 92
20191202 1401 39350 39400 39350 39350 139
20191202 1402 39400 39400 39350 39350 125
20191202 1403 39400 39400 39350 39350 51
20191202 1404 39400 39400 39400 39400 8
20191202 1405 39400 39400 39350 39350 30
20191202 1406 39400 39400 39400 39400 72
20191202 1407 39400 39400 39350 39400 125
20191202 1408 39350 39400 39350 39350 113
20191202 1409 39400 39400 39350 39350 61
20191202 1410 39400 39400 39350 39400 399
20191202 1411 39400 39400 39350 39350 38
20191202 1412 39350 39400 39350 39400 51
20191202 1413 39350 39400 39350 39350 59
20191202 1414 39400 39400 39350 39350 17
20191202 1415 39400 39400 39350 39400 154
20191202 1416 39350 39400 39350 39400 50
20191202 1417 39350 39400 39350 39400 36
20191202 1418 39350 39400 39350 39350 56
20191202 1419 39400 39400 39350 39350 160
20191202 1420 39400 39400 39350 39400 49
20191202 1421 39350 39400 39350 39400 105
20191202 1422 39350 39400 39350 39400 182
20191202 1423 39350 39400 39350 39350 48
20191202 1424 39400 39400 39350 39400 72
20191202 1425 39400 39400 39350 39400 35
20191202 1426 39350 39400 39350 39350 48
20191202 1427 39400 39400 39350 39400 118
20191202 1428 39350 39400 39350 39400 23
20191202 1429 39400 39400 39350 39400 128
20191202 1430 39350 39400 39350 39400 89
20191202 1431 39400 39400 39350 39400 53
20191202 1432 39400 39400 39350 39350 97
20191202 1433 39350 39400 39350 39350 41
20191202 1434 39400 39400 39350 39350 27
20191202 1435 39350 39400 39350 39350 38
20191202 1436 39400 39400 39350 39400 73
20191202 1437 39350 39400 39350 39350 102
20191202 1438 39350 39400 39350 39400 74
20191202 1439 39400 39400 39350 39350 105
20191202 1440 39350 39400 39350 39350 18
20191202 1441 39350 39400 39350 39400 62
20191202 1442 39400 39400 39350 39400 308
20191202 1443 39350 39400 39350 39350 62
20191202 1444 39350 39400 39350 39400 117
20191202 1445 39350 39400 39350 39350 63
20191202 1446 39350 39350 39250 39250 1569
20191202 1447 39250 39300 39250 39300 148
20191202 1448 39300 39300 39250 39250 1432
20191202 1449 39250 39300 39250 39300 24
20191202 1450 39300 39300 39250 39300 7
20191202 1451 39300 39300 39250 39250 64
20191202 1452 39250 39300 39250 39300 148
20191202 1453 39300 39300 39250 39300 134
20191202 1454 39300 39300 39250 39300 32
20191202 1455 39250 39300 39250 39250 54
20191202 1456 39300 39300 39250 39250 20
20191202 1457 39250 39300 39250 39250 73
20191202 1458 39300 39300 39250 39250 102
20191202 1459 39250 39300 39250 39250 21
20191202 1500 39250 39300 39250 39250 130
20191202 1501 39300 39300 39250 39250 69
20191202 1502 39250 39300 39250 39300 29
20191202 1503 39250 39300 39250 39250 33
20191202 1504 39300 39300 39250 39300 25
20191202 1505 39300 39300 39250 39250 49
20191202 1506 39300 39300 39250 39250 39
20191202 1507 39250 39300 39250 39300 34
20191202 1508 39250 39300 39250 39250 146
20191202 1509 39250 39300 39250 39250 146
20191202 1510 39250 39300 39250 39250 149
20191202 1511 39300 39300 39250 39250 131
20191202 1512 39300 39300 39250 39300 18
20191202 1513 39300 39300 39250 39300 162
20191202 1514 39300 39300 39250 39250 93
20191202 1515 39250 39300 39250 39250 165
20191202 1516 39250 39300 39250 39300 116
20191202 1517 39300 39300 39250 39250 164
20191202 1518 39250 39300 39250 39250 710
20191202 1519 39250 39300 39250 39250 82
20191202 1520 39250 39300 39250 39300 229
20191202 1530 39350 39350 39350 39350 5659
20191203 901 39000 39000 38700 39000 809
20191203 902 39000 39000 38750 38750 62
20191203 903 38750 38850 38600 38800 3293
20191203 904 38750 38750 38750 38750 168
20191203 905 38700 38950 38700 38950 961
20191203 906 39050 39250 39050 39050 175
20191203 907 39050 39050 39000 39000 312
20191203 908 39000 39000 38950 38950 180
20191203 909 38900 39000 38900 39000 1874
20191203 910 39000 39100 39000 39050 356
20191203 911 39050 39100 39050 39100 66
20191203 912 39050 39050 38900 39050 722
20191203 913 39050 39100 39050 39050 84
20191203 914 39000 39000 39000 39000 59
20191203 915 39000 39000 38900 38900 151
20191203 916 39000 39000 38950 39000 231
20191203 917 39050 39100 39050 39100 111
20191203 918 39100 39200 39050 39200 663
20191203 919 39250 39250 39200 39200 428
20191203 920 39200 39200 39000 39050 1665
20191203 921 39100 39100 39100 39100 28
20191203 922 39100 39100 39100 39100 71
20191203 923 39100 39150 39100 39100 314
20191203 924 39050 39050 39050 39050 222
20191203 925 39050 39050 39000 39050 7
20191203 926 39000 39000 38950 39000 270
20191203 927 39000 39150 39000 39150 119
20191203 928 39150 39200 39000 39100 550
20191203 929 39150 39150 38950 38950 1418
20191203 930 38950 39100 38950 39100 261
20191203 931 39000 39000 38900 38900 624
20191203 932 38900 38950 38900 38950 80
20191203 933 38950 38950 38900 38900 112
20191203 934 38950 38950 38900 38950 121
20191203 935 38950 38950 38900 38900 159
20191203 936 38950 38950 38900 38950 84
20191203 937 38900 38950 38900 38950 293
20191203 938 38950 38950 38900 38950 626
20191203 939 38950 39100 38950 39100 468
20191203 940 39150 39150 39100 39100 51
20191203 941 39050 39050 39000 39000 558
20191203 942 39050 39100 39050 39100 760
20191203 943 39100 39200 39100 39200 1112
20191203 944 39200 39200 39150 39200 61
20191203 945 39200 39200 39150 39200 177
20191203 946 39150 39200 39150 39150 61
20191203 947 39200 39200 39100 39150 123
20191203 948 39100 39150 39100 39100 139
20191203 949 39100 39100 39050 39100 519
20191203 950 39150 39150 39100 39150 65
20191203 951 39150 39250 39150 39250 393
20191203 952 39250 39250 39250 39250 72
20191203 953 39250 39250 39250 39250 12
20191203 954 39200 39250 39200 39250 40
20191203 955 39200 39250 39200 39250 230
20191203 956 39250 39250 39250 39250 141
20191203 957 39250 39300 39250 39300 111
20191203 958 39300 39400 39300 39350 351
20191203 959 39350 39350 39300 39300 249
20191203 1000 39300 39350 39300 39350 251
20191203 1001 39350 39500 39350 39450 1212
20191203 1002 39400 39450 39400 39400 142
20191203 1003 39400 39450 39400 39450 167
20191203 1004 39450 39600 39450 39600 1079
20191203 1005 39600 39700 39600 39700 2845
20191203 1006 39700 39700 39650 39700 556
20191203 1007 39700 39700 39650 39700 22
20191203 1008 39650 39700 39650 39650 75
20191203 1009 39650 39650 39600 39650 47
20191203 1010 39650 39650 39650 39650 28
20191203 1011 39650 39650 39600 39600 447
20191203 1012 39550 39600 39550 39600 34
20191203 1013 39550 39550 39500 39550 100
20191203 1014 39550 39550 39550 39550 69
20191203 1015 39550 39550 39550 39550 9
20191203 1016 39550 39550 39550 39550 13
20191203 1017 39550 39550 39500 39500 42
20191203 1018 39550 39550 39500 39550 56
20191203 1019 39550 39550 39550 39550 87
20191203 1020 39550 39550 39550 39550 15
20191203 1021 39550 39550 39450 39450 1538
20191203 1022 39450 39450 39400 39400 108
20191203 1023 39400 39450 39400 39450 85
20191203 1024 39450 39450 39450 39450 55
20191203 1025 39450 39450 39450 39450 12
20191203 1026 39450 39450 39450 39450 29
20191203 1027 39450 39500 39450 39500 472
20191203 1028 39500 39550 39400 39400 490
20191203 1029 39550 39550 39550 39550 46
20191203 1030 39550 39550 39550 39550 20
20191203 1031 39500 39550 39500 39500 373
20191203 1032 39500 39500 39500 39500 46
20191203 1033 39500 39500 39450 39450 86
20191203 1034 39450 39450 39350 39350 735
20191203 1035 39350 39350 39350 39350 376
20191203 1036 39400 39400 39400 39400 30
20191203 1037 39350 39400 39350 39400 11
20191203 1038 39400 39400 39400 39400 66
20191203 1039 39400 39400 39400 39400 70
20191203 1040 39400 39400 39400 39400 17
20191203 1041 39400 39400 39400 39400 30
20191203 1042 39400 39400 39400 39400 28
20191203 1043 39400 39400 39350 39400 59
20191203 1044 39400 39500 39400 39500 577
20191203 1045 39500 39500 39450 39500 771
20191203 1046 39500 39500 39450 39500 156
20191203 1047 39450 39450 39450 39450 234
20191203 1048 39450 39450 39450 39450 54
20191203 1049 39450 39500 39450 39500 106
20191203 1050 39500 39500 39500 39500 44
20191203 1051 39500 39500 39450 39450 102
20191203 1052 39500 39500 39450 39500 49
20191203 1053 39500 39500 39450 39450 85
20191203 1054 39450 39500 39400 39400 201
20191203 1055 39400 39450 39400 39400 37
20191203 1056 39450 39450 39400 39450 152
20191203 1057 39400 39450 39400 39450 72
20191203 1058 39450 39450 39450 39450 38
20191203 1059 39450 39450 39400 39450 108
20191203 1100 39400 39400 39400 39400 353
20191203 1101 39400 39400 39400 39400 245
20191203 1102 39400 39400 39350 39400 84
20191203 1103 39400 39400 39350 39400 73
20191203 1104 39350 39400 39350 39400 113
20191203 1105 39350 39400 39350 39400 55
20191203 1106 39400 39450 39400 39450 125
20191203 1107 39450 39450 39350 39350 128
20191203 1108 39450 39450 39350 39450 97
20191203 1109 39450 39450 39400 39400 50
20191203 1110 39350 39400 39350 39400 570
20191203 1111 39400 39400 39400 39400 830
20191203 1112 39400 39400 39400 39400 29
20191203 1113 39450 39450 39400 39400 286
20191203 1114 39400 39400 39400 39400 225
20191203 1115 39400 39400 39350 39350 235
20191203 1116 39400 39400 39400 39400 97
20191203 1117 39400 39400 39400 39400 552
20191203 1118 39400 39450 39400 39450 937
20191203 1119 39450 39450 39450 39450 71
20191203 1120 39450 39450 39450 39450 17
20191203 1121 39450 39450 39400 39450 98
20191203 1122 39450 39450 39400 39450 221
20191203 1123 39400 39400 39350 39400 301
20191203 1124 39350 39400 39350 39400 443
20191203 1125 39400 39400 39350 39350 48
20191203 1126 39350 39400 39350 39350 275
20191203 1127 39350 39400 39350 39350 59
20191203 1128 39350 39400 39350 39350 115
20191203 1129 39400 39400 39350 39400 550
20191203 1130 39400 39400 39400 39400 26
20191203 1131 39400 39400 39400 39400 10
20191203 1132 39350 39400 39350 39400 1371
20191203 1133 39400 39400 39350 39400 976
20191203 1134 39350 39400 39350 39350 134
20191203 1135 39400 39400 39350 39400 1118
20191203 1136 39350 39400 39350 39350 1585
20191203 1137 39350 39350 39200 39200 5413
20191203 1138 39200 39250 39200 39250 117
20191203 1139 39200 39200 39100 39100 638
20191203 1140 39150 39250 39100 39250 578
20191203 1141 39250 39250 39200 39200 41
20191203 1142 39200 39200 39200 39200 73
20191203 1143 39250 39250 39250 39250 24
20191203 1144 39200 39250 39200 39250 382
20191203 1145 39250 39250 39200 39200 161
20191203 1146 39250 39250 39250 39250 484
20191203 1147 39300 39300 39250 39250 41
20191203 1148 39250 39250 39250 39250 55
20191203 1149 39300 39300 39300 39300 94
20191203 1150 39300 39300 39300 39300 272
20191203 1151 39350 39350 39300 39300 144
20191203 1152 39300 39300 39300 39300 1
20191203 1153 39250 39250 39250 39250 53
20191203 1154 39300 39300 39300 39300 1
20191203 1156 39250 39250 39250 39250 79
20191203 1157 39250 39250 39250 39250 32
20191203 1159 39200 39200 39200 39200 54
20191203 1200 39200 39200 39200 39200 21
20191203 1201 39250 39250 39200 39200 197
20191203 1202 39200 39250 39200 39250 25
20191203 1204 39200 39200 39200 39200 73
20191203 1205 39200 39250 39200 39250 46
20191203 1206 39250 39250 39200 39250 422
20191203 1207 39250 39300 39250 39300 165
20191203 1208 39300 39350 39300 39350 253
20191203 1209 39350 39400 39350 39400 1262
20191203 1210 39450 39450 39450 39450 165
20191203 1211 39450 39450 39450 39450 222
20191203 1212 39450 39500 39450 39500 182
20191203 1213 39500 39500 39450 39450 77
20191203 1215 39450 39450 39400 39450 423
20191203 1216 39450 39450 39450 39450 43
20191203 1217 39450 39450 39450 39450 34
20191203 1218 39450 39450 39400 39450 472
20191203 1219 39400 39400 39350 39350 371
20191203 1220 39300 39300 39250 39300 186
20191203 1221 39250 39300 39250 39300 53
20191203 1222 39250 39300 39250 39250 27
20191203 1223 39300 39300 39250 39300 260
20191203 1224 39300 39300 39300 39300 13
20191203 1225 39300 39300 39250 39250 34
20191203 1226 39250 39300 39250 39300 75
20191203 1227 39300 39300 39300 39300 22
20191203 1228 39300 39300 39250 39250 119
20191203 1229 39300 39350 39250 39300 257
20191203 1230 39350 39350 39350 39350 13
20191203 1231 39300 39300 39300 39300 54
20191203 1232 39350 39350 39200 39300 551
20191203 1233 39300 39300 39300 39300 24
20191203 1234 39300 39300 39250 39300 101
20191203 1235 39300 39300 39250 39250 132
20191203 1236 39250 39250 39250 39250 197
20191203 1237 39250 39250 39250 39250 94
20191203 1238 39250 39250 39250 39250 98
20191203 1239 39250 39250 39200 39200 164
20191203 1240 39300 39300 39300 39300 34
20191203 1241 39250 39300 39250 39300 30
20191203 1242 39300 39300 39250 39300 159
20191203 1243 39250 39250 39250 39250 85
20191203 1244 39300 39300 39250 39250 87
20191203 1245 39300 39300 39300 39300 96
20191203 1246 39300 39300 39300 39300 12
20191203 1247 39300 39300 39250 39300 121
20191203 1248 39300 39300 39250 39250 38
20191203 1249 39300 39350 39300 39350 327
20191203 1250 39300 39350 39300 39350 61
20191203 1251 39350 39350 39300 39350 143
20191203 1252 39350 39350 39350 39350 28
20191203 1253 39300 39350 39300 39350 85
20191203 1254 39350 39350 39300 39350 77
20191203 1255 39350 39400 39350 39350 485
20191203 1256 39400 39400 39300 39300 18
20191203 1257 39400 39400 39350 39350 49
20191203 1258 39350 39350 39300 39350 214
20191203 1259 39300 39350 39300 39350 45
20191203 1300 39350 39350 39350 39350 20
20191203 1301 39350 39350 39250 39250 480
20191203 1302 39250 39250 39250 39250 122
20191203 1303 39250 39300 39250 39250 120
20191203 1304 39250 39300 39250 39300 66
20191203 1305 39350 39350 39350 39350 11
20191203 1306 39350 39350 39300 39350 92
20191203 1307 39350 39350 39350 39350 16
20191203 1308 39350 39350 39350 39350 62
20191203 1309 39350 39350 39300 39350 123
20191203 1311 39350 39350 39300 39300 81
20191203 1312 39350 39350 39300 39300 66
20191203 1313 39300 39350 39300 39300 85
20191203 1314 39300 39350 39300 39300 75
20191203 1315 39300 39350 39300 39300 47
20191203 1316 39300 39350 39300 39300 81
20191203 1317 39300 39350 39300 39350 103
20191203 1318 39300 39350 39250 39300 274
20191203 1319 39350 39350 39350 39350 37
20191203 1320 39300 39350 39300 39350 106
20191203 1321 39350 39350 39350 39350 30
20191203 1322 39350 39350 39300 39350 97
20191203 1323 39300 39350 39300 39300 162
20191203 1324 39350 39350 39350 39350 290
20191203 1325 39300 39300 39300 39300 53
20191203 1326 39350 39350 39350 39350 57
20191203 1327 39350 39350 39350 39350 29
20191203 1328 39300 39350 39300 39300 264
20191203 1329 39350 39350 39300 39350 140
20191203 1330 39300 39350 39300 39300 98
20191203 1331 39300 39350 39300 39300 61
20191203 1332 39300 39350 39300 39300 59
20191203 1333 39300 39350 39300 39300 126
20191203 1334 39300 39300 39250 39250 433
20191203 1335 39250 39300 39250 39250 32
20191203 1336 39300 39300 39250 39250 116
20191203 1337 39300 39300 39250 39300 55
20191203 1338 39250 39300 39250 39300 199
20191203 1339 39300 39300 39300 39300 39
20191203 1340 39300 39300 39300 39300 17
20191203 1341 39250 39300 39250 39300 118
20191203 1342 39300 39300 39250 39300 35
20191203 1343 39250 39300 39250 39250 44
20191203 1344 39250 39300 39250 39250 181
20191203 1345 39250 39300 39250 39250 55
20191203 1346 39250 39250 39250 39250 24
20191203 1347 39250 39300 39250 39300 257
20191203 1348 39300 39300 39250 39250 67
20191203 1349 39250 39300 39250 39250 113
20191203 1350 39300 39300 39250 39250 43
20191203 1351 39250 39300 39250 39300 35
20191203 1352 39250 39300 39250 39300 125
20191203 1353 39250 39250 39150 39200 1824
20191203 1354 39150 39200 39150 39150 80
20191203 1355 39150 39200 39150 39150 114
20191203 1356 39150 39200 39150 39150 103
20191203 1357 39150 39200 39100 39200 460
20191203 1358 39150 39150 39100 39100 56
20191203 1359 39150 39150 39100 39100 295
20191203 1400 39150 39150 39100 39150 131
20191203 1401 39100 39150 39100 39100 42
20191203 1402 39100 39150 39100 39100 178
20191203 1403 39100 39150 39100 39100 95
20191203 1404 39150 39150 39100 39100 77
20191203 1405 39150 39150 39100 39100 144
20191203 1406 39100 39100 39050 39100 1078
20191203 1407 39100 39100 39050 39050 22
20191203 1408 39100 39100 39050 39100 152
20191203 1409 39050 39100 39050 39050 71
20191203 1410 39100 39100 39050 39100 925
20191203 1411 39100 39100 39100 39100 53
20191203 1412 39100 39150 39100 39150 16
20191203 1413 39150 39150 39100 39100 211
20191203 1414 39150 39150 39150 39150 20
20191203 1415 39150 39150 39100 39150 115
20191203 1416 39100 39100 39050 39100 389
20191203 1417 39050 39100 39050 39100 357
20191203 1418 39100 39100 39050 39050 25
20191203 1419 39050 39100 39050 39100 78
20191203 1420 39100 39100 39100 39100 58
20191203 1421 39100 39100 39100 39100 15
20191203 1422 39050 39100 39050 39100 81
20191203 1423 39100 39100 39100 39100 69
20191203 1424 39100 39100 39050 39100 198
20191203 1425 39100 39100 39100 39100 7
20191203 1426 39100 39150 39100 39150 489
20191203 1427 39100 39100 39100 39100 54
20191203 1428 39100 39150 39100 39150 26
20191203 1429 39150 39150 39150 39150 354
20191203 1430 39100 39150 39100 39150 91
20191203 1431 39150 39150 39100 39150 47
20191203 1432 39150 39150 39100 39150 78
20191203 1433 39150 39150 39150 39150 19
20191203 1434 39150 39150 39150 39150 72
20191203 1435 39150 39150 39100 39150 154
20191203 1436 39150 39150 39150 39150 138
20191203 1437 39150 39150 39150 39150 132
20191203 1438 39200 39200 39150 39200 192
20191203 1439 39200 39200 39150 39200 172
20191203 1440 39200 39200 39100 39100 205
20191203 1441 39150 39150 39100 39150 121
20191203 1442 39100 39150 39100 39100 39
20191203 1443 39150 39150 39100 39100 492
20191203 1444 39100 39150 39100 39100 54
20191203 1445 39150 39150 39150 39150 67
20191203 1446 39100 39150 39100 39150 71
20191203 1447 39150 39150 39100 39100 578
20191203 1448 39100 39150 39100 39150 51
20191203 1449 39100 39150 39100 39150 78
20191203 1450 39150 39150 39100 39150 649
20191203 1451 39150 39150 39100 39150 116
20191203 1452 39100 39150 39100 39150 25
20191203 1453 39150 39150 39150 39150 22
20191203 1454 39150 39150 39100 39150 180
20191203 1455 39150 39150 39100 39150 193
20191203 1456 39150 39150 39150 39150 24
20191203 1457 39100 39150 39100 39150 88
20191203 1458 39150 39150 39150 39150 84
20191203 1459 39150 39150 39100 39100 156
20191203 1500 39150 39150 39100 39100 75
20191203 1501 39100 39150 39100 39100 225
20191203 1502 39150 39150 39100 39100 175
20191203 1503 39100 39150 39100 39100 124
20191203 1504 39150 39150 39100 39150 95
20191203 1505 39100 39150 39100 39100 190
20191203 1506 39150 39150 39100 39100 56
20191203 1507 39100 39100 39050 39050 614
20191203 1508 39050 39050 39000 39000 2418
20191203 1509 39000 39000 39000 39000 1675
20191203 1510 39000 39000 39000 39000 924
20191203 1511 39000 39000 39000 39000 56
20191203 1512 38950 38950 38900 38900 944
20191203 1513 38900 38950 38900 38900 615
20191203 1514 38900 38950 38900 38900 375
20191203 1515 38900 39150 38900 39100 1075
20191203 1516 39150 39150 39050 39100 68
20191203 1517 39100 39150 39100 39150 219
20191203 1518 39150 39150 39100 39150 88
20191203 1519 39150 39150 39100 39150 124
20191203 1520 39100 39200 39100 39100 357
20191203 1530 39250 39250 39250 39250 6893
20191204 901 39750 39750 39400 39400 2368
20191204 902 39450 39550 39350 39450 444
20191204 903 39500 39700 39450 39550 1487
20191204 904 39550 39550 39450 39550 438
20191204 905 39500 39500 39500 39500 19
20191204 906 39500 39550 39450 39500 713
20191204 907 39500 39500 39450 39450 224
20191204 908 39450 39450 39400 39400 136
20191204 909 39450 39450 39350 39350 38
20191204 910 39350 39350 39300 39300 160
20191204 911 39300 39300 39250 39250 275
20191204 912 39250 39300 39250 39300 432
20191204 913 39250 39300 39150 39250 446
20191204 914 39200 39300 39050 39250 895
20191204 915 39200 39200 39200 39200 15
20191204 916 39250 39350 39250 39350 1156
20191204 917 39300 39400 39250 39400 192
20191204 918 39400 39400 39350 39350 65
20191204 919 39300 39400 39300 39400 158
20191204 920 39400 39400 39350 39350 90
20191204 921 39400 39600 39400 39550 1405
20191204 922 39500 39550 39500 39550 20
20191204 923 39550 39550 39500 39500 293
20191204 924 39550 39550 39500 39550 152
20191204 925 39550 39650 39550 39650 915
20191204 926 39650 39750 39650 39700 1067
20191204 927 39750 39800 39700 39700 1113
20191204 928 39700 39700 39400 39600 4069
20191204 929 39600 39650 39550 39650 415
20191204 930 39500 39600 39500 39600 265
20191204 931 39600 39600 39600 39600 313
20191204 932 39650 39650 39650 39650 277
20191204 933 39650 39700 39550 39700 268
20191204 934 39700 39850 39700 39850 1451
20191204 935 39850 39950 39850 39900 745
20191204 936 39900 39900 39900 39900 18
20191204 937 39850 39900 39850 39850 464
20191204 938 39800 39800 39750 39750 197
20191204 939 39650 39750 39650 39750 34
20191204 940 39750 39900 39700 39900 1091
20191204 941 39900 39900 39800 39800 289
20191204 942 39800 39800 39650 39750 643
20191204 943 39700 39700 39600 39700 42
20191204 944 39650 39700 39650 39700 243
20191204 945 39650 39700 39650 39700 133
20191204 946 39650 39750 39600 39700 324
20191204 947 39700 39750 39700 39750 20
20191204 948 39750 39750 39700 39700 202
20191204 949 39700 39750 39700 39750 14
20191204 950 39750 39750 39600 39600 751
20191204 951 39600 39600 39600 39600 274
20191204 952 39600 39600 39600 39600 29
20191204 953 39600 39600 39600 39600 21
20191204 954 39600 39600 39550 39600 413
20191204 955 39600 39600 39600 39600 34
20191204 956 39600 39600 39500 39500 52
20191204 957 39500 39550 39500 39550 279
20191204 958 39550 39550 39500 39500 182
20191204 959 39500 39500 39500 39500 45
20191204 1000 39500 39500 39500 39500 84
20191204 1001 39550 39550 39550 39550 317
20191204 1002 39550 39550 39500 39500 28
20191204 1003 39550 39600 39550 39550 240
20191204 1004 39600 39600 39600 39600 33
20191204 1005 39600 39600 39600 39600 10
20191204 1006 39550 39550 39500 39500 74
20191204 1007 39550 39550 39500 39550 103
20191204 1008 39550 39550 39500 39550 164
20191204 1009 39550 39550 39550 39550 81
20191204 1010 39550 39550 39350 39350 1402
20191204 1011 39300 39300 39300 39300 103
20191204 1012 39300 39350 39300 39350 52
20191204 1013 39350 39400 39350 39400 440
20191204 1014 39400 39450 39400 39450 222
20191204 1015 39450 39450 39450 39450 10
20191204 1016 39450 39450 39450 39450 7
20191204 1017 39450 39450 39400 39450 40
20191204 1018 39400 39450 39400 39450 18
20191204 1019 39450 39450 39450 39450 19
20191204 1020 39450 39450 39450 39450 134
20191204 1021 39400 39500 39400 39500 561
20191204 1022 39500 39500 39500 39500 44
20191204 1023 39500 39500 39450 39500 20
20191204 1024 39500 39500 39500 39500 288
20191204 1025 39500 39550 39500 39550 248
20191204 1026 39550 39550 39500 39500 68
20191204 1027 39500 39500 39450 39500 52
20191204 1028 39450 39500 39450 39450 17
20191204 1029 39450 39500 39450 39500 21
20191204 1030 39500 39500 39500 39500 6
20191204 1031 39450 39500 39450 39500 175
20191204 1032 39500 39500 39400 39400 253
20191204 1033 39450 39450 39450 39450 9
20191204 1034 39450 39450 39400 39450 51
20191204 1035 39400 39400 39400 39400 10
20191204 1037 39450 39450 39450 39450 138
20191204 1038 39450 39450 39400 39450 59
20191204 1039 39450 39450 39400 39400 78
20191204 1040 39450 39450 39450 39450 144
20191204 1042 39450 39450 39450 39450 136
20191204 1043 39450 39450 39450 39450 8
20191204 1044 39450 39450 39450 39450 247
20191204 1045 39450 39450 39450 39450 6
20191204 1046 39400 39450 39400 39400 192
20191204 1047 39450 39450 39400 39400 19
20191204 1048 39450 39450 39400 39450 414
20191204 1049 39450 39450 39450 39450 25
20191204 1050 39450 39450 39400 39450 53
20191204 1051 39400 39450 39400 39450 5
20191204 1052 39450 39450 39400 39400 9
20191204 1053 39400 39450 39400 39400 119
20191204 1054 39400 39450 39400 39400 147
20191204 1055 39450 39450 39400 39450 12
20191204 1056 39450 39450 39400 39400 21
20191204 1058 39400 39450 39400 39450 69
20191204 1059 39400 39400 39400 39400 30
20191204 1100 39400 39400 39350 39350 688
20191204 1101 39350 39350 39300 39300 207
20191204 1102 39300 39300 39200 39200 754
20191204 1103 39200 39200 39200 39200 29
20191204 1104 39200 39200 39150 39150 44
20191204 1105 39200 39350 39200 39350 1015
20191204 1106 39350 39350 39350 39350 11
20191204 1107 39350 39350 39350 39350 10
20191204 1108 39350 39350 39350 39350 7
20191204 1109 39350 39350 39350 39350 23
20191204 1110 39350 39350 39350 39350 42
20191204 1111 39350 39350 39350 39350 134
20191204 1112 39350 39350 39350 39350 22
20191204 1113 39300 39350 39300 39350 10
20191204 1114 39350 39350 39350 39350 44
20191204 1115 39350 39350 39300 39300 545
20191204 1116 39250 39250 39250 39250 344
20191204 1117 39250 39300 39250 39250 175
20191204 1118 39300 39300 39300 39300 18
20191204 1119 39300 39300 39300 39300 7
20191204 1120 39300 39300 39300 39300 30
20191204 1121 39300 39300 39300 39300 66
20191204 1122 39300 39350 39300 39350 790
20191204 1123 39400 39400 39350 39400 19
20191204 1124 39400 39450 39350 39450 386
20191204 1125 39450 39450 39450 39450 22
20191204 1126 39450 39450 39300 39300 340
20191204 1127 39300 39300 39250 39250 146
20191204 1128 39250 39300 39250 39300 246
20191204 1129 39300 39300 39300 39300 25
20191204 1130 39250 39250 39200 39250 32
20191204 1131 39250 39250 39200 39200 29
20191204 1132 39250 39250 39250 39250 6
20191204 1133 39250 39250 39250 39250 8
20191204 1134 39250 39250 39250 39250 142
20191204 1135 39200 39250 39200 39250 133
20191204 1136 39250 39250 39250 39250 29
20191204 1137 39250 39250 39200 39200 898
20191204 1138 39200 39200 39200 39200 272
20191204 1139 39200 39200 39200 39200 152
20191204 1140 39200 39200 39150 39200 49
20191204 1141 39200 39200 39150 39150 418
20191204 1142 39200 39200 39150 39200 102
20191204 1143 39200 39200 39200 39200 58
20191204 1144 39200 39200 39150 39200 170
20191204 1145 39200 39200 39150 39200 142
20191204 1146 39200 39200 39150 39200 33
20191204 1147 39200 39200 39150 39150 3
20191204 1148 39200 39200 39200 39200 3
20191204 1149 39150 39150 39150 39150 100
20191204 1150 39150 39150 39150 39150 1
20191204 1151 39200 39200 39100 39100 473
20191204 1152 39150 39150 39050 39100 203
20191204 1153 39100 39100 39100 39100 1
20191204 1154 39100 39100 39100 39100 1
20191204 1155 39100 39100 39100 39100 16
20191204 1156 39050 39050 39050 39050 180
20191204 1157 39050 39050 39050 39050 1
20191204 1158 39100 39100 39050 39050 206
20191204 1200 39050 39050 39000 39000 555
20191204 1201 39000 39050 39000 39050 113
20191204 1202 39050 39050 39000 39050 5
20191204 1205 39000 39050 39000 39050 13
20191204 1206 39050 39050 39050 39050 150
20191204 1207 39050 39050 39050 39050 13
20191204 1208 39050 39050 39050 39050 50
20191204 1209 39050 39050 39050 39050 1
20191204 1210 39000 39050 39000 39050 71
20191204 1211 39000 39050 39000 39050 189
20191204 1212 39050 39050 39050 39050 130
20191204 1213 39050 39050 39050 39050 270
20191204 1214 39000 39000 39000 39000 5
20191204 1215 39050 39050 39050 39050 13
20191204 1216 39050 39050 39050 39050 295
20191204 1217 39050 39150 39050 39100 946
20191204 1218 39200 39200 39200 39200 5
20191204 1219 39100 39150 39100 39100 81
20191204 1220 39100 39150 39100 39150 29
20191204 1221 39150 39150 39100 39150 56
20191204 1222 39150 39150 39100 39150 19
20191204 1223 39150 39150 39150 39150 117
20191204 1224 39150 39150 39150 39150 12
20191204 1225 39150 39150 39150 39150 32
20191204 1226 39150 39150 39150 39150 10
20191204 1227 39150 39150 39150 39150 43
20191204 1228 39150 39150 39150 39150 15
20191204 1229 39150 39150 39150 39150 243
20191204 1230 39150 39150 39100 39100 41
20191204 1231 39150 39150 39150 39150 9
20191204 1232 39150 39150 39150 39150 66
20191204 1233 39150 39150 39150 39150 26
20191204 1234 39100 39150 39100 39150 118
20191204 1235 39100 39150 39100 39150 162
20191204 1236 39150 39200 39150 39200 438
20191204 1237 39200 39200 39200 39200 8
20191204 1238 39200 39250 39200 39250 444
20191204 1239 39150 39150 39150 39150 1
20191204 1240 39250 39250 39250 39250 134
20191204 1241 39250 39250 39150 39150 10
20191204 1242 39250 39250 39200 39200 8
20191204 1243 39250 39250 39250 39250 15
20191204 1244 39250 39250 39250 39250 6
20191204 1245 39250 39250 39250 39250 117
20191204 1246 39250 39250 39250 39250 38
20191204 1247 39250 39250 39250 39250 33
20191204 1248 39250 39350 39250 39300 1133
20191204 1250 39350 39400 39350 39400 1623
20191204 1251 39350 39400 39350 39400 626
20191204 1252 39400 39400 39350 39350 61
20191204 1253 39400 39400 39300 39300 324
20191204 1254 39300 39350 39300 39350 85
20191204 1255 39350 39350 39350 39350 12
20191204 1256 39350 39350 39300 39300 26
20191204 1257 39350 39350 39300 39350 132
20191204 1258 39350 39350 39300 39350 39
20191204 1259 39350 39350 39350 39350 5
20191204 1300 39300 39350 39300 39350 202
20191204 1301 39350 39350 39300 39350 18
20191204 1302 39350 39350 39350 39350 126
20191204 1303 39350 39350 39300 39300 13
20191204 1304 39350 39350 39350 39350 16
20191204 1305 39350 39350 39350 39350 16
20191204 1306 39350 39350 39350 39350 35
20191204 1307 39350 39350 39300 39300 402
20191204 1308 39300 39300 39250 39250 135
20191204 1309 39250 39300 39250 39300 49
20191204 1310 39300 39300 39300 39300 30
20191204 1311 39300 39300 39250 39250 24
20191204 1312 39300 39300 39300 39300 14
20191204 1313 39300 39300 39300 39300 207
20191204 1314 39350 39350 39300 39350 19
20191204 1315 39300 39350 39300 39350 77
20191204 1316 39350 39350 39350 39350 34
20191204 1317 39350 39350 39350 39350 660
20191204 1318 39400 39400 39400 39400 25
20191204 1319 39400 39400 39400 39400 131
20191204 1320 39400 39400 39400 39400 14
20191204 1321 39400 39400 39400 39400 21
20191204 1322 39350 39350 39350 39350 121
20191204 1323 39350 39350 39350 39350 385
20191204 1324 39400 39400 39350 39400 626
20191204 1325 39400 39450 39400 39400 999
20191204 1326 39450 39450 39400 39400 38
20191204 1327 39450 39450 39450 39450 14
20191204 1328 39450 39450 39450 39450 11
20191204 1329 39450 39450 39400 39400 343
20191204 1330 39350 39400 39350 39400 268
20191204 1331 39350 39350 39300 39300 17
20191204 1332 39350 39350 39350 39350 9
20191204 1333 39350 39350 39350 39350 9
20191204 1334 39350 39350 39350 39350 10
20191204 1335 39350 39350 39350 39350 15
20191204 1336 39350 39350 39300 39350 132
20191204 1337 39350 39350 39300 39300 224
20191204 1338 39300 39300 39300 39300 210
20191204 1339 39300 39300 39200 39200 937
20191204 1340 39150 39250 39100 39250 609
20191204 1341 39250 39250 39200 39250 140
20191204 1342 39250 39250 39250 39250 226
20191204 1343 39300 39300 39300 39300 6
20191204 1344 39300 39300 39300 39300 9
20191204 1345 39300 39300 39300 39300 213
20191204 1346 39300 39300 39300 39300 3
20191204 1347 39300 39350 39300 39350 261
20191204 1348 39350 39350 39300 39300 43
20191204 1349 39350 39350 39300 39350 13
20191204 1350 39350 39350 39350 39350 10
20191204 1351 39300 39300 39300 39300 54
20191204 1352 39300 39300 39300 39300 36
20191204 1353 39350 39350 39350 39350 22
20191204 1354 39350 39350 39350 39350 104
20191204 1355 39350 39350 39350 39350 4
20191204 1356 39350 39350 39350 39350 9
20191204 1357 39350 39350 39350 39350 12
20191204 1358 39350 39350 39350 39350 207
20191204 1359 39350 39350 39350 39350 15
20191204 1400 39350 39350 39300 39300 17
20191204 1401 39300 39350 39300 39300 480
20191204 1402 39300 39300 39250 39250 28
20191204 1403 39250 39250 39250 39250 11
20191204 1404 39300 39300 39300 39300 136
20191204 1405 39300 39300 39250 39250 21
20191204 1406 39250 39250 39250 39250 1
20191204 1407 39300 39300 39300 39300 20
20191204 1408 39300 39300 39250 39300 56
20191204 1409 39300 39300 39250 39300 121
20191204 1410 39300 39300 39200 39200 744
20191204 1411 39200 39250 39150 39150 70
20191204 1412 39200 39200 39200 39200 24
20191204 1413 39200 39200 39200 39200 8
20191204 1414 39200 39200 39150 39200 21
20191204 1415 39200 39200 39200 39200 115
20191204 1416 39150 39200 39150 39200 308
20191204 1417 39200 39200 39200 39200 54
20191204 1418 39200 39200 39200 39200 222
20191204 1419 39200 39200 39150 39150 78
20191204 1420 39200 39200 39200 39200 114
20191204 1421 39200 39200 39200 39200 25
20191204 1422 39200 39200 39200 39200 24
20191204 1423 39200 39200 39100 39100 88
20191204 1424 39150 39200 39150 39200 44
20191204 1425 39200 39200 39200 39200 216
20191204 1426 39200 39250 39200 39250 181
20191204 1427 39250 39250 39200 39200 120
20191204 1428 39200 39250 39200 39250 51
20191204 1429 39250 39250 39200 39200 491
20191204 1430 39150 39150 39150 39150 35
20191204 1431 39200 39200 39150 39200 122
20191204 1432 39200 39200 39200 39200 23
20191204 1433 39200 39200 39200 39200 17
20191204 1434 39200 39200 39200 39200 16
20191204 1435 39150 39150 39150 39150 11
20191204 1436 39200 39200 39200 39200 24
20191204 1437 39200 39250 39200 39250 137
20191204 1438 39250 39250 39250 39250 41
20191204 1439 39250 39250 39250 39250 227
20191204 1440 39250 39250 39250 39250 9
20191204 1441 39200 39250 39200 39200 47
20191204 1442 39250 39250 39200 39250 93
20191204 1443 39250 39300 39250 39300 161
20191204 1444 39300 39300 39250 39300 33
20191204 1445 39300 39300 39250 39250 178
20191204 1446 39200 39200 39200 39200 5
20191204 1447 39200 39200 39200 39200 115
20191204 1448 39200 39200 39200 39200 121
20191204 1449 39200 39200 39200 39200 19
20191204 1450 39200 39250 39200 39250 66
20191204 1451 39250 39250 39150 39150 18
20191204 1453 39200 39200 39150 39150 20
20191204 1454 39150 39200 39150 39200 154
20191204 1455 39200 39200 39150 39200 146
20191204 1456 39200 39200 39200 39200 37
20191204 1457 39200 39200 39200 39200 6
20191204 1458 39150 39150 39150 39150 3
20191204 1459 39150 39150 39150 39150 479
20191204 1500 39150 39150 39100 39100 212
20191204 1501 39100 39150 39100 39150 122
20191204 1502 39150 39150 39150 39150 242
20191204 1503 39150 39150 39100 39100 131
20191204 1504 39100 39100 39050 39050 1014
20191204 1505 39050 39050 39050 39050 134
20191204 1506 39050 39050 39000 39050 49
20191204 1507 39000 39050 39000 39050 146
20191204 1508 39050 39150 39050 39100 1632
20191204 1509 39050 39050 39050 39050 326
20191204 1510 39100 39100 39100 39100 73
20191204 1511 39100 39150 39100 39100 130
20191204 1512 39150 39150 39150 39150 63
20191204 1514 39100 39100 39100 39100 10
20191204 1515 39150 39150 39100 39100 103
20191204 1516 39100 39100 39100 39100 48
20191204 1517 39100 39100 39050 39050 326
20191204 1518 39100 39100 39100 39100 21
20191204 1519 39100 39100 39050 39050 35
20191204 1520 39050 39050 39000 39000 727
20191204 1530 39050 39050 39050 39050 2650
20191205 901 39100 39500 39100 39450 493
20191205 902 39450 39500 39450 39450 449
20191205 904 39250 39450 39250 39450 27
20191205 905 39450 39450 39450 39450 780
20191205 906 39450 39450 39400 39400 68
20191205 907 39300 39400 39300 39400 35
20191205 908 39400 39400 39400 39400 238
20191205 909 39300 39350 39250 39250 58
20191205 910 39300 39350 39300 39350 63
20191205 911 39250 39350 39250 39250 51
20191205 912 39350 39350 39350 39350 156
20191205 913 39350 39350 39350 39350 245
20191205 914 39300 39300 39250 39300 183
20191205 915 39250 39250 39150 39200 543
20191205 916 39150 39200 39150 39200 97
20191205 917 39250 39250 39250 39250 23
20191205 918 39250 39300 39250 39300 325
20191205 919 39300 39350 39300 39350 413
20191205 920 39350 39350 39300 39300 56
20191205 921 39300 39300 39250 39250 25
20191205 922 39250 39250 39250 39250 17
20191205 923 39250 39250 39250 39250 121
20191205 924 39250 39250 39250 39250 50
20191205 925 39300 39300 39300 39300 136
20191205 926 39300 39300 39300 39300 5
20191205 927 39300 39300 39200 39250 79
20191205 928 39200 39200 39100 39150 407
20191205 929 39150 39200 39150 39200 207
20191205 930 39200 39250 39200 39250 39
20191205 931 39250 39300 39200 39250 377
20191205 932 39250 39300 39250 39300 38
20191205 933 39300 39300 39300 39300 20
20191205 934 39300 39300 39250 39250 63
20191205 935 39250 39250 39200 39250 254
20191205 936 39200 39250 39200 39200 187
20191205 937 39200 39200 39200 39200 148
20191205 938 39250 39250 39250 39250 12
20191205 939 39250 39250 39200 39250 31
20191205 940 39250 39250 39250 39250 1
20191205 941 39250 39250 39200 39250 26
20191205 942 39200 39200 39150 39150 220
20191205 943 39200 39200 39150 39150 219
20191205 944 39150 39150 39100 39150 140
20191205 946 39100 39150 39100 39150 22
20191205 947 39100 39150 39100 39150 116
20191205 948 39150 39150 39100 39150 285
20191205 949 39100 39150 39100 39150 17
20191205 950 39150 39150 39150 39150 208
20191205 951 39150 39150 39150 39150 17
20191205 952 39100 39150 39050 39050 1431
20191205 953 39050 39050 39050 39050 7
20191205 954 39050 39100 39000 39100 1451
20191205 955 39100 39100 39050 39050 11
20191205 956 39050 39150 39050 39150 381
20191205 957 39150 39200 39000 39000 110
20191205 958 39050 39050 39000 39000 30
20191205 959 39050 39050 39050 39050 14
20191205 1000 39050 39050 39050 39050 169
20191205 1001 39050 39100 39050 39100 120
20191205 1002 39100 39100 39050 39100 48
20191205 1003 39100 39100 39100 39100 247
20191205 1004 39150 39200 39150 39150 221
20191205 1005 39150 39200 39150 39150 112
20191205 1006 39150 39300 39150 39300 1179
20191205 1007 39250 39250 39250 39250 46
20191205 1008 39250 39250 39250 39250 12
20191205 1009 39250 39250 39250 39250 7
20191205 1010 39250 39250 39250 39250 10
20191205 1011 39250 39250 39250 39250 331
20191205 1012 39250 39250 39250 39250 182
20191205 1013 39250 39250 39250 39250 162
20191205 1014 39250 39250 39250 39250 8
20191205 1015 39250 39300 39250 39300 99
20191205 1016 39250 39300 39250 39300 157
20191205 1017 39300 39300 39250 39250 155
20191205 1018 39250 39250 39250 39250 20
20191205 1019 39250 39250 39250 39250 22
20191205 1020 39250 39250 39250 39250 11
20191205 1021 39250 39250 39250 39250 11
20191205 1022 39200 39200 39150 39150 702
20191205 1023 39150 39150 39100 39100 753
20191205 1024 39100 39150 39100 39150 38
20191205 1025 39150 39150 39150 39150 4
20191205 1026 39150 39150 39150 39150 20
20191205 1027 39150 39150 39150 39150 11
20191205 1028 39100 39100 39100 39100 5
20191205 1029 39150 39150 39150 39150 163
20191205 1030 39150 39150 39150 39150 14
20191205 1031 39100 39150 39100 39150 49
20191205 1032 39100 39150 39050 39150 1162
20191205 1033 39050 39150 39050 39050 127
20191205 1034 39100 39100 39100 39100 8
20191205 1035 39100 39100 39050 39050 214
20191205 1036 39000 39050 39000 39050 245
20191205 1037 39000 39000 38950 39000 1940
20191205 1038 38950 38950 38950 38950 14
20191205 1039 38950 39050 38950 39050 1525
20191205 1040 39050 39050 39050 39050 67
20191205 1041 39050 39050 39050 39050 167
20191205 1042 39100 39100 39100 39100 12
20191205 1043 39050 39100 39050 39100 34
20191205 1044 39100 39100 39050 39050 40
20191205 1045 39050 39100 39000 39050 151
20191205 1046 39050 39050 39000 39000 82
20191205 1047 39050 39050 39000 39000 204
20191205 1048 39000 39200 39000 39200 275
20191205 1049 39150 39150 39100 39150 326
20191205 1050 39150 39150 39050 39150 53
20191205 1051 39100 39150 39100 39150 27
20191205 1052 39100 39150 39100 39150 152
20191205 1053 39150 39150 39100 39100 96
20191205 1054 39150 39150 39100 39150 47
20191205 1055 39100 39150 39050 39050 350
20191205 1056 39050 39100 39050 39050 36
20191205 1057 39050 39050 39050 39050 21
20191205 1058 39050 39100 39050 39100 165
20191205 1059 39050 39100 39050 39100 256
20191205 1100 39100 39150 39100 39150 38
20191205 1101 39150 39150 39100 39100 43
20191205 1102 39150 39150 39100 39100 28
20191205 1103 39150 39150 39100 39100 31
20191205 1104 39150 39150 39100 39100 165
20191205 1105 39150 39150 39150 39150 16
20191205 1106 39150 39150 39100 39150 150
20191205 1107 39150 39150 39100 39100 38
20191205 1108 39150 39150 39100 39100 31
20191205 1109 39100 39150 39100 39150 24
20191205 1110 39150 39250 39100 39200 713
20191205 1111 39150 39150 39100 39150 47
20191205 1112 39100 39150 39050 39050 94
20191205 1113 39150 39150 39150 39150 27
20191205 1114 39150 39150 39050 39100 25
20191205 1115 39100 39100 39000 39000 594
20191205 1116 39050 39050 39000 39050 156
20191205 1117 39100 39100 39000 39100 48
20191205 1118 39100 39100 39000 39050 40
20191205 1119 39050 39050 39000 39000 98
20191205 1120 39000 39000 38950 38950 19
20191205 1121 39000 39050 39000 39000 155
20191205 1122 39050 39100 39000 39050 59
20191205 1123 39050 39150 39050 39150 66
20191205 1124 39150 39150 39050 39150 45
20191205 1125 39050 39050 39050 39050 118
20191205 1126 39050 39050 38950 39000 444
20191205 1127 38950 39050 38950 39050 209
20191205 1128 39050 39050 39000 39000 31
20191205 1129 39050 39050 39000 39050 17
20191205 1130 39050 39050 39000 39050 50
20191205 1131 39000 39000 39000 39000 21
20191205 1132 39000 39050 39000 39050 50
20191205 1133 39000 39050 39000 39050 161
20191205 1134 39050 39050 39000 39050 25
20191205 1135 39050 39050 39000 39000 75
20191205 1136 39050 39050 39000 39000 35
20191205 1137 39000 39050 39000 39050 159
20191205 1138 38950 39000 38950 39000 68
20191205 1139 39000 39000 38950 39000 297
20191205 1140 39000 39000 38950 39000 240
20191205 1141 39000 39000 38950 38950 61
20191205 1142 39000 39000 39000 39000 60
20191205 1143 39050 39050 39000 39000 81
20191205 1144 39050 39050 39000 39050 53
20191205 1145 39050 39100 39050 39050 189
20191205 1146 39050 39050 39000 39050 38
20191205 1147 39000 39000 39000 39000 19
20191205 1148 39000 39000 38950 39000 524
20191205 1149 39000 39000 38950 38950 950
20191205 1150 38950 38950 38900 38900 32
20191205 1151 38950 38950 38900 38900 145
20191205 1152 38900 38900 38900 38900 20
20191205 1153 38950 38950 38950 38950 1
20191205 1154 38900 38900 38850 38850 565
20191205 1155 38900 38900 38850 38900 119
20191205 1156 38950 38950 38900 38900 17
20191205 1157 38900 38900 38800 38850 1344
20191205 1158 38800 38850 38800 38800 137
20191205 1159 38850 38850 38800 38800 94
20191205 1200 38850 38850 38800 38800 50
20191205 1201 38850 38850 38850 38850 262
20191205 1202 38800 38850 38800 38800 750
20191205 1203 38800 38850 38800 38800 76
20191205 1204 38800 38850 38800 38800 32
20191205 1205 38800 38850 38800 38800 881
20191205 1206 38800 38850 38750 38850 216
20191205 1207 38850 38850 38750 38750 32
20191205 1208 38850 38850 38750 38750 19
20191205 1210 38750 38850 38750 38850 484
20191205 1211 38800 38850 38750 38850 341
20191205 1212 38850 38850 38750 38850 144
20191205 1213 38800 38800 38800 38800 22
20191205 1214 38850 38850 38800 38850 48
20191205 1215 38850 38900 38800 38900 134
20191205 1216 38900 38900 38800 38800 75
20191205 1217 38800 38900 38750 38900 68
20191205 1218 38900 38900 38800 38900 30
20191205 1219 38800 38800 38750 38800 74
20191205 1220 38750 38800 38750 38800 290
20191205 1221 38800 38850 38750 38800 57
20191205 1222 38800 38800 38750 38750 36
20191205 1223 38800 38800 38750 38750 142
20191205 1224 38750 38750 38750 38750 19
20191205 1225 38800 38800 38750 38800 140
20191205 1226 38750 38800 38750 38800 126
20191205 1227 38800 38850 38750 38800 531
20191205 1228 38800 38800 38750 38800 27
20191205 1229 38800 38800 38750 38750 256
20191205 1230 38800 38800 38750 38800 42
20191205 1231 38800 38800 38750 38750 79
20191205 1232 38800 38800 38750 38800 70
20191205 1233 38800 38800 38750 38750 7
20191205 1234 38750 38800 38750 38800 473
20191205 1235 38800 38850 38800 38850 32
20191205 1236 38800 38850 38800 38800 842
20191205 1237 38800 38800 38750 38750 605
20191205 1238 38700 38800 38700 38800 490
20191205 1239 38800 38800 38750 38750 140
20191205 1240 38800 38800 38750 38750 136
20191205 1241 38800 38800 38800 38800 9
20191205 1242 38750 38800 38750 38800 58
20191205 1243 38800 38800 38700 38750 460
20191205 1244 38750 38750 38700 38700 197
20191205 1245 38700 38700 38600 38700 866
20191205 1246 38700 38700 38600 38650 286
20191205 1247 38650 38700 38650 38700 57
20191205 1248 38650 38700 38650 38650 100
20191205 1249 38700 38800 38700 38800 1266
20191205 1250 38800 38850 38800 38800 135
20191205 1251 38800 38850 38800 38850 185
20191205 1252 38800 38850 38800 38850 146
20191205 1253 38850 38850 38750 38800 198
20191205 1254 38800 38800 38750 38750 28
20191205 1255 38750 38800 38750 38750 103
20191205 1256 38750 38800 38750 38750 27
20191205 1257 38800 38800 38750 38800 162
20191205 1258 38800 38800 38750 38800 47
20191205 1259 38750 38800 38750 38800 37
20191205 1300 38800 38800 38750 38800 667
20191205 1301 38800 38800 38750 38800 99
20191205 1302 38800 38850 38750 38850 328
20191205 1303 38800 38850 38800 38800 24
20191205 1304 38850 38850 38800 38800 59
20191205 1305 38850 38850 38850 38850 13
20191205 1306 38800 38850 38800 38850 116
20191205 1307 38750 38850 38750 38850 44
20191205 1308 38850 38850 38750 38850 142
20191205 1309 38800 38850 38800 38850 84
20191205 1310 38900 38900 38850 38850 29
20191205 1311 38900 38950 38900 38900 69
20191205 1312 38950 38950 38900 38900 29
20191205 1313 38950 39000 38950 39000 152
20191205 1314 38950 39000 38900 39000 72
20191205 1315 39000 39000 38900 39000 701
20191205 1316 39000 39050 39000 39050 159
20191205 1317 39000 39000 39000 39000 18
20191205 1318 39050 39050 39000 39050 44
20191205 1319 39050 39150 39000 39050 769
20191205 1320 39100 39100 39100 39100 16
20191205 1321 39100 39100 39100 39100 23
20191205 1322 39100 39150 39100 39100 460
20191205 1323 39050 39100 39050 39100 49
20191205 1324 39050 39100 39050 39100 136
20191205 1325 39050 39050 39050 39050 34
20191205 1326 39100 39100 39050 39100 45
20191205 1327 39050 39050 39050 39050 19
20191205 1328 39100 39100 39050 39050 48
20191205 1329 39100 39100 39050 39050 39
20191205 1330 39100 39100 39100 39100 126
20191205 1331 39050 39100 39050 39100 28
20191205 1332 39050 39100 39050 39100 34
20191205 1333 39100 39100 39050 39100 55
20191205 1334 39100 39100 39050 39100 53
20191205 1335 39100 39150 39050 39150 530
20191205 1336 39150 39150 39100 39100 141
20191205 1337 39150 39150 39050 39050 24
20191205 1338 39150 39150 39150 39150 98
20191205 1339 39150 39150 39050 39100 169
20191205 1340 39100 39100 39050 39050 73
20191205 1341 39100 39100 39050 39100 197
20191205 1342 39100 39100 39050 39100 330
20191205 1343 39100 39100 39050 39100 31
20191205 1344 39100 39100 39050 39050 236
20191205 1345 39050 39100 39000 39000 205
20191205 1346 39050 39050 39000 39000 12
20191205 1347 39050 39050 39000 39000 151
20191205 1348 39000 39050 39000 39050 25
20191205 1349 39000 39050 39000 39050 32
20191205 1350 39050 39050 39000 39050 29
20191205 1351 39000 39050 39000 39050 52
20191205 1352 39050 39050 39000 39050 157
20191205 1353 39000 39050 39000 39050 40
20191205 1354 39050 39050 39050 39050 15
20191205 1355 39000 39050 39000 39000 238
20191205 1356 39000 39050 38950 39050 119
20191205 1357 38950 39050 38950 39050 57
20191205 1358 39050 39050 38950 38950 140
20191205 1359 39000 39000 38950 38950 80
20191205 1400 39000 39000 38950 38950 25
20191205 1401 39000 39000 38950 38950 29
20191205 1402 39000 39000 39000 39000 114
20191205 1403 38950 39000 38950 39000 51
20191205 1404 39000 39050 39000 39050 132
20191205 1405 39050 39050 39000 39050 126
20191205 1406 39050 39050 39000 39000 23
20191205 1407 39050 39050 39000 39050 37
20191205 1408 39050 39050 38950 39000 56
20191205 1409 39000 39050 38950 38950 139
20191205 1410 39000 39000 39000 39000 12
20191205 1411 38950 39050 38950 39050 56
20191205 1412 38950 39050 38950 39050 25
20191205 1413 39050 39050 39000 39050 29
20191205 1414 39050 39050 38950 38950 103
20191205 1415 38900 38900 38850 38900 367
20191205 1416 38900 38950 38900 38900 104
20191205 1417 38950 38950 38850 38850 94
20191205 1418 38950 38950 38900 38950 29
20191205 1419 38850 38950 38850 38950 124
20191205 1420 38950 38950 38850 38950 78
20191205 1421 39000 39050 38950 39050 85
20191205 1422 39050 39050 38950 38950 56
20191205 1423 38950 38950 38900 38900 78
20191205 1424 38900 38900 38850 38900 40
20191205 1425 38900 38900 38850 38850 29
20191205 1426 38850 38900 38850 38850 254
20191205 1427 38850 38900 38850 38900 34
20191205 1428 38900 38900 38850 38900 57
20191205 1429 38900 38900 38850 38900 176
20191205 1430 38950 39000 38900 39000 68
20191205 1431 38950 39000 38950 38950 180
20191205 1432 38950 38950 38900 38950 37
20191205 1433 38950 38950 38850 38850 38
20191205 1434 38900 38900 38850 38850 11
20191205 1435 38900 38900 38850 38900 20
20191205 1436 38900 38900 38850 38900 19
20191205 1437 38900 38950 38900 38900 205
20191205 1438 38900 38950 38900 38900 28
20191205 1439 38950 38950 38900 38950 120
20191205 1440 38950 38950 38900 38950 12
20191205 1441 38900 38950 38900 38950 9
20191205 1442 38900 38950 38900 38950 20
20191205 1443 38950 39000 38900 39000 646
20191205 1444 39000 39000 38950 39000 17
20191205 1445 39000 39000 38950 38950 8
20191205 1446 39000 39000 38950 38950 28
20191205 1447 39000 39000 38950 38950 57
20191205 1448 39000 39000 38950 38950 247
20191205 1449 38950 39000 38950 39000 106
20191205 1450 39000 39000 38950 38950 77
20191205 1451 38950 39000 38950 38950 120
20191205 1452 38950 39000 38950 39000 85
20191205 1453 39000 39000 38950 39000 10
20191205 1454 38950 39000 38950 39000 148
20191205 1455 39000 39000 38950 39000 23
20191205 1456 39000 39000 38950 39000 12
20191205 1457 39000 39000 38950 39000 56
20191205 1458 38950 39000 38950 39000 24
20191205 1459 39000 39000 38950 39000 129
20191205 1500 39000 39000 38900 38900 741
20191205 1501 38950 38950 38900 38900 22
20191205 1502 38950 38950 38900 38900 39
20191205 1503 38950 38950 38900 38900 28
20191205 1504 38950 38950 38950 38950 85
20191205 1505 38900 38950 38900 38950 301
20191205 1506 38900 38950 38900 38950 25
20191205 1507 38900 38950 38900 38950 2
20191205 1508 38950 38950 38900 38900 104
20191205 1509 38900 38950 38900 38950 22
20191205 1510 38950 38950 38900 38900 2
20191205 1511 38950 39000 38950 39000 344
20191205 1512 38950 39000 38950 39000 26
20191205 1513 39000 39000 38950 39000 55
20191205 1514 39000 39000 38950 39000 102
20191205 1515 39000 39000 38950 39000 10
20191205 1516 39000 39000 38950 38950 58
20191205 1517 39000 39000 38950 38950 152
20191205 1518 38950 39000 38950 38950 81
20191205 1519 38950 39000 38950 39000 134
20191205 1520 39000 39050 39000 39000 79
20191205 1530 39000 39000 39000 39000 2333
20191206 901 38700 39000 38700 39000 926
20191206 902 39250 39400 39200 39300 343
20191206 903 39250 39250 39150 39150 96
20191206 904 39000 39000 39000 39000 22
20191206 905 39000 39100 39000 39100 25
20191206 906 39150 39300 39100 39150 392
20191206 907 39050 39150 39050 39150 334
20191206 908 39150 39200 39150 39200 157
20191206 909 39200 39200 39150 39150 225
20191206 910 39200 39200 38950 39000 636
20191206 911 39150 39150 39150 39150 51
20191206 912 39150 39300 39100 39200 454
20191206 913 39250 39400 39250 39400 551
20191206 914 39400 39400 39350 39350 311
20191206 915 39350 39350 39350 39350 104
20191206 916 39350 39400 39300 39400 308
20191206 917 39400 39400 39350 39400 57
20191206 918 39400 39500 39350 39450 817
20191206 919 39450 39450 39400 39450 198
20191206 920 39450 39450 39450 39450 92
20191206 921 39450 39450 39400 39450 78
20191206 922 39450 39450 39400 39400 133
20191206 923 39400 39400 39350 39350 179
20191206 924 39350 39400 39350 39350 90
20191206 925 39350 39400 39350 39400 177
20191206 926 39400 39400 39350 39350 121
20191206 927 39400 39450 39400 39400 159
20191206 928 39450 39500 39300 39500 870
20191206 929 39500 39550 39500 39500 962
20191206 930 39500 39500 39500 39500 15
20191206 931 39500 39500 39450 39450 149
20191206 932 39500 39550 39500 39500 373
20191206 933 39550 39600 39500 39550 1100
20191206 934 39600 39600 39550 39550 536
20191206 935 39550 39550 39500 39550 62
20191206 936 39550 39550 39550 39550 111
20191206 937 39600 39600 39500 39600 166
20191206 938 39600 39600 39550 39600 57
20191206 939 39600 39600 39600 39600 41
20191206 940 39600 39600 39550 39550 524
20191206 941 39600 39600 39600 39600 11
20191206 942 39600 39600 39500 39550 170
20191206 943 39550 39550 39500 39500 238
20191206 944 39550 39550 39450 39450 593
20191206 945 39400 39450 39400 39450 200
20191206 946 39450 39450 39400 39450 192
20191206 947 39450 39450 39450 39450 17
20191206 948 39500 39500 39500 39500 172
20191206 949 39500 39500 39500 39500 29
20191206 950 39500 39550 39500 39550 766
20191206 951 39600 39600 39550 39600 312
20191206 952 39600 39600 39550 39550 80
20191206 953 39550 39550 39550 39550 38
20191206 954 39550 39550 39550 39550 139
20191206 955 39550 39550 39500 39550 81
20191206 956 39550 39550 39500 39500 48
20191206 957 39500 39500 39450 39500 311
20191206 958 39500 39500 39450 39450 34
20191206 959 39500 39500 39450 39500 38
20191206 1000 39500 39500 39500 39500 131
20191206 1001 39500 39500 39500 39500 17
20191206 1002 39500 39500 39500 39500 33
20191206 1003 39450 39500 39450 39500 33
20191206 1004 39500 39500 39450 39450 377
20191206 1005 39450 39450 39350 39350 399
20191206 1006 39350 39350 39350 39350 144
20191206 1007 39350 39350 39350 39350 1
20191206 1008 39350 39350 39350 39350 36
20191206 1009 39350 39350 39350 39350 435
20191206 1010 39350 39350 39300 39350 65
20191206 1011 39350 39350 39300 39300 300
20191206 1012 39350 39400 39350 39400 27
20191206 1013 39400 39450 39400 39450 133
20191206 1014 39450 39450 39450 39450 70
20191206 1015 39450 39450 39450 39450 9
20191206 1016 39450 39500 39450 39500 71
20191206 1017 39500 39500 39450 39500 135
20191206 1018 39500 39500 39500 39500 36
20191206 1019 39500 39500 39500 39500 45
20191206 1020 39500 39500 39450 39450 39
20191206 1021 39500 39500 39500 39500 69
20191206 1022 39450 39450 39450 39450 1
20191206 1023 39450 39500 39450 39500 134
20191206 1024 39500 39500 39450 39450 22
20191206 1025 39500 39500 39350 39350 910
20191206 1026 39350 39350 39300 39300 50
20191206 1027 39350 39350 39350 39350 24
20191206 1029 39300 39350 39300 39350 325
20191206 1030 39300 39350 39300 39350 71
20191206 1031 39350 39350 39350 39350 156
20191206 1032 39400 39400 39400 39400 21
20191206 1033 39400 39400 39400 39400 3
20191206 1034 39400 39400 39350 39400 32
20191206 1035 39400 39450 39400 39450 167
20191206 1036 39450 39450 39400 39400 340
20191206 1037 39450 39450 39450 39450 33
20191206 1038 39450 39450 39450 39450 5
20191206 1039 39450 39450 39450 39450 16
20191206 1040 39450 39450 39400 39450 38
20191206 1041 39450 39450 39450 39450 343
20191206 1042 39500 39500 39400 39400 63
20191206 1043 39400 39400 39350 39350 135
20191206 1044 39350 39350 39350 39350 41
20191206 1045 39350 39400 39350 39400 32
20191206 1046 39400 39400 39350 39400 30
20191206 1047 39400 39400 39350 39400 193
20191206 1048 39400 39450 39400 39450 181
20191206 1049 39400 39400 39250 39250 4278
20191206 1050 39250 39300 39250 39300 251
20191206 1051 39300 39300 39300 39300 232
20191206 1052 39300 39300 39250 39250 348
20191206 1053 39300 39300 39250 39300 96
20191206 1054 39300 39300 39300 39300 121
20191206 1055 39300 39300 39300 39300 117
20191206 1056 39300 39300 39200 39200 216
20191206 1057 39300 39300 39300 39300 22
20191206 1058 39300 39300 39300 39300 164
20191206 1059 39300 39300 39300 39300 43
20191206 1100 39200 39250 39200 39250 12
20191206 1101 39300 39300 39250 39250 10
20191206 1102 39300 39300 39250 39250 14
20191206 1103 39250 39300 39200 39250 638
20191206 1104 39250 39300 39200 39200 584
20191206 1105 39150 39250 39150 39150 13
20191206 1106 39150 39200 39100 39200 645
20191206 1107 39150 39250 39150 39200 37
20191206 1108 39200 39250 39200 39250 28
20191206 1109 39250 39250 39150 39200 943
20191206 1110 39200 39200 39050 39100 2178
20191206 1111 39100 39100 39100 39100 9
20191206 1112 39100 39100 39100 39100 43
20191206 1113 39100 39100 39100 39100 25
20191206 1114 39100 39100 39050 39050 283
20191206 1115 39100 39100 39100 39100 32
20191206 1116 39100 39150 39100 39150 170
20191206 1117 39150 39150 39150 39150 1
20191206 1118 39150 39150 39050 39150 39
20191206 1119 39050 39150 39050 39150 332
20191206 1120 39150 39150 39100 39150 70
20191206 1121 39100 39150 39100 39150 144
20191206 1122 39150 39150 39150 39150 6
20191206 1123 39150 39150 39150 39150 8
20191206 1124 39150 39150 39150 39150 33
20191206 1125 39150 39150 39100 39150 49
20191206 1126 39150 39150 39150 39150 40
20191206 1127 39150 39150 39150 39150 130
20191206 1128 39150 39150 39150 39150 50
20191206 1129 39150 39150 39150 39150 32
20191206 1130 39150 39150 39150 39150 20
20191206 1131 39150 39150 39100 39100 83
20191206 1132 39150 39150 39100 39100 31
20191206 1133 39100 39100 39050 39100 172
20191206 1134 39100 39100 39100 39100 106
20191206 1135 39100 39100 39000 39100 132
20191206 1136 39050 39050 39050 39050 10
20191206 1137 39100 39100 39100 39100 13
20191206 1138 39100 39100 39100 39100 36
20191206 1139 39100 39100 39100 39100 149
20191206 1140 39100 39100 39100 39100 46
20191206 1141 39100 39100 39100 39100 14
20191206 1142 39100 39100 39100 39100 27
20191206 1143 39100 39100 39100 39100 374
20191206 1144 39100 39150 39100 39100 59
20191206 1145 39150 39150 39150 39150 179
20191206 1146 39150 39150 39150 39150 534
20191206 1147 39100 39100 39100 39100 29
20191206 1150 39100 39100 39100 39100 7
20191206 1151 39100 39150 39100 39100 117
20191206 1156 39100 39100 39100 39100 143
20191206 1157 39100 39100 39100 39100 5
20191206 1158 39150 39150 39050 39050 582
20191206 1159 39050 39050 39050 39050 1
20191206 1201 39050 39050 39050 39050 322
20191206 1202 39050 39100 39050 39100 206
20191206 1204 39100 39100 39100 39100 20
20191206 1205 39100 39100 39050 39050 183
20191206 1206 39050 39050 39050 39050 158
20191206 1207 39050 39050 39000 39050 37
20191206 1208 39050 39050 39050 39050 30
20191206 1209 39050 39050 39050 39050 6
20191206 1210 39050 39050 39050 39050 284
20191206 1211 39050 39050 39050 39050 50
20191206 1212 39050 39100 39050 39050 150
20191206 1213 39000 39050 39000 39050 306
20191206 1214 39050 39050 39050 39050 201
20191206 1215 39050 39050 39050 39050 11
20191206 1216 39050 39050 39000 39000 172
20191206 1217 39050 39050 39050 39050 178
20191206 1218 39050 39050 39050 39050 33
20191206 1219 39050 39050 39000 39050 132
20191206 1220 39050 39050 39050 39050 1
20191206 1221 39000 39050 39000 39050 17
20191206 1222 39100 39100 39100 39100 14
20191206 1223 39100 39100 39050 39050 121
20191206 1224 39050 39050 39050 39050 1
20191206 1225 39050 39100 39050 39050 112
20191206 1226 39050 39050 39050 39050 2
20191206 1227 39100 39100 39100 39100 25
20191206 1228 39100 39100 39100 39100 7
20191206 1229 39100 39100 39050 39050 223
20191206 1230 39050 39050 39050 39050 55
20191206 1232 39100 39100 39100 39100 23
20191206 1233 39100 39100 39100 39100 7
20191206 1234 39100 39100 39100 39100 123
20191206 1235 39100 39100 39100 39100 19
20191206 1236 39100 39100 39100 39100 145
20191206 1237 39100 39100 39100 39100 15
20191206 1238 39100 39100 39100 39100 1
20191206 1239 39100 39100 39100 39100 73
20191206 1240 39100 39100 39100 39100 319
20191206 1241 39150 39150 39150 39150 19
20191206 1242 39100 39150 39000 39000 2025
20191206 1243 39050 39050 39050 39050 1
20191206 1244 39050 39050 38950 38950 915
20191206 1245 39000 39000 39000 39000 63
20191206 1246 39000 39000 39000 39000 159
20191206 1247 39000 39000 38950 38950 98
20191206 1248 39000 39000 38950 38950 104
20191206 1249 38950 39000 38900 39000 41
20191206 1250 39000 39000 39000 39000 79
20191206 1251 38950 39000 38950 38950 115
20191206 1252 39000 39000 39000 39000 44
20191206 1253 39000 39000 38900 38950 1044
20191206 1254 38900 38900 38900 38900 16
20191206 1255 38900 38950 38900 38900 36
20191206 1256 38900 38900 38850 38900 264
20191206 1257 38900 38900 38900 38900 161
20191206 1258 38900 38900 38900 38900 20
20191206 1259 38900 38900 38900 38900 35
20191206 1300 38850 38850 38700 38800 6730
20191206 1301 38850 38850 38850 38850 24
20191206 1302 38850 38900 38850 38900 153
20191206 1303 38900 38900 38900 38900 421
20191206 1304 38950 38950 38950 38950 17
20191206 1305 38950 39000 38950 39000 280
20191206 1306 39000 39000 39000 39000 13
20191206 1307 39000 39000 38950 39000 21
20191206 1308 39000 39000 39000 39000 137
20191206 1309 38950 38950 38950 38950 30
20191206 1310 38950 39000 38950 39000 19
20191206 1311 39000 39000 38950 38950 119
20191206 1312 38950 38950 38900 38950 143
20191206 1313 38950 38950 38950 38950 137
20191206 1314 38950 38950 38950 38950 70
20191206 1315 39000 39000 39000 39000 7
20191206 1316 38950 39000 38950 39000 10
20191206 1317 38950 38950 38900 38950 396
20191206 1318 38900 38950 38900 38950 26
20191206 1319 38950 38950 38900 38950 147
20191206 1320 38950 38950 38950 38950 79
20191206 1321 38950 38950 38900 38950 51
20191206 1322 38950 38950 38950 38950 35
20191206 1323 38950 38950 38950 38950 39
20191206 1324 38950 39050 38950 39050 351
20191206 1326 39050 39050 39050 39050 9
20191206 1327 39000 39050 39000 39050 101
20191206 1328 39050 39050 39050 39050 45
20191206 1329 39050 39050 39050 39050 102
20191206 1330 39000 39000 39000 39000 112
20191206 1331 39000 39000 38950 38950 14
20191206 1332 39000 39000 39000 39000 17
20191206 1333 39000 39000 39000 39000 15
20191206 1334 39000 39000 39000 39000 19
20191206 1335 38950 38950 38950 38950 10
20191206 1336 39000 39000 39000 39000 113
20191206 1337 39000 39000 39000 39000 16
20191206 1338 39000 39000 39000 39000 29
20191206 1339 38950 39000 38950 39000 153
20191206 1340 38950 39000 38950 39000 13
20191206 1341 39000 39000 39000 39000 113
20191206 1342 39000 39000 39000 39000 12
20191206 1343 39000 39000 39000 39000 45
20191206 1344 39000 39000 38950 39000 21
20191206 1345 39000 39000 39000 39000 90
20191206 1346 39000 39000 39000 39000 3
20191206 1347 39000 39000 38950 39000 127
20191206 1348 39000 39000 38950 38950 135
20191206 1349 38950 39000 38950 39000 64
20191206 1350 39000 39000 39000 39000 12
20191206 1352 38950 39000 38950 39000 284
20191206 1353 39000 39000 38950 39000 21
20191206 1354 39000 39000 39000 39000 36
20191206 1355 39050 39050 39050 39050 13
20191206 1356 39050 39050 39000 39000 46
20191206 1357 39000 39000 39000 39000 108
20191206 1358 38950 39050 38950 39050 179
20191206 1359 39100 39100 39050 39050 98
20191206 1400 39100 39100 39050 39050 7
20191206 1401 39100 39100 39050 39050 25
20191206 1402 39100 39150 39050 39150 882
20191206 1403 39150 39150 39100 39100 12
20191206 1404 39150 39150 39100 39150 162
20191206 1405 39100 39100 39000 39100 65
20191206 1406 39000 39100 39000 39050 8
20191206 1407 39050 39050 39050 39050 230
20191206 1408 39100 39100 39100 39100 24
20191206 1409 39050 39100 39000 39100 254
20191206 1412 39100 39100 39050 39050 40
20191206 1413 39100 39100 39100 39100 55
20191206 1414 39100 39100 39100 39100 2
20191206 1415 39100 39100 39050 39100 158
20191206 1416 39100 39100 39100 39100 27
20191206 1417 39100 39100 39100 39100 7
20191206 1418 39100 39100 39050 39100 23
20191206 1419 39100 39100 39100 39100 101
20191206 1420 39100 39100 39100 39100 236
20191206 1422 39100 39100 39100 39100 54
20191206 1423 39100 39100 39100 39100 6
20191206 1424 39100 39100 39050 39050 24
20191206 1425 39100 39100 38950 39050 931
20191206 1426 39050 39050 39000 39050 133
20191206 1427 39000 39050 39000 39050 11
20191206 1428 39050 39050 39000 39050 38
20191206 1429 39000 39050 39000 39050 3
20191206 1430 39050 39050 39000 39000 26
20191206 1431 39000 39050 39000 39050 162
20191206 1432 39000 39000 39000 39000 2
20191206 1433 39050 39050 39000 39050 29
20191206 1434 39050 39050 39000 39050 21
20191206 1435 39000 39000 38900 38950 1427
20191206 1436 38950 38950 38900 38950 8
20191206 1437 38950 38950 38900 38900 549
20191206 1438 38900 38950 38900 38950 8
20191206 1439 38900 38950 38900 38950 75
20191206 1440 38900 39000 38900 38950 203
20191206 1441 39050 39050 38950 38950 28
20191206 1442 39000 39000 39000 39000 86
20191206 1443 39050 39100 39000 39050 142
20191206 1444 39050 39100 39050 39100 89
20191206 1445 39100 39100 39050 39050 80
20191206 1446 39100 39100 39050 39100 72
20191206 1447 39100 39100 39000 39050 1085
20191206 1448 39000 39100 39000 39100 149
20191206 1449 39050 39100 39050 39100 183
20191206 1450 39100 39150 39100 39100 229
20191206 1451 39100 39200 39100 39200 724
20191206 1452 39200 39200 39100 39100 18
20191206 1453 39150 39150 39100 39100 254
20191206 1454 39150 39150 39100 39150 639
20191206 1455 39150 39150 39100 39100 42
20191206 1456 39150 39150 39100 39150 482
20191206 1457 39100 39150 39100 39100 630
20191206 1458 39100 39150 39100 39150 188
20191206 1459 39150 39150 39100 39100 665
20191206 1500 39150 39150 39100 39150 281
20191206 1501 39150 39200 39100 39200 453
20191206 1502 39200 39200 39150 39150 253
20191206 1503 39200 39250 39150 39250 614
20191206 1504 39300 39350 39250 39350 368
20191206 1505 39350 39350 39300 39300 168
20191206 1506 39350 39350 39300 39300 318
20191206 1507 39300 39300 39300 39300 3
20191206 1508 39300 39350 39300 39350 84
20191206 1509 39300 39350 39300 39300 697
20191206 1510 39300 39300 39300 39300 2
20191206 1511 39350 39400 39300 39350 149
20191206 1512 39400 39400 39350 39350 10
20191206 1513 39350 39350 39350 39350 2
20191206 1514 39400 39400 39350 39400 157
20191206 1515 39350 39350 39350 39350 9
20191206 1516 39400 39400 39300 39300 456
20191206 1517 39300 39350 39300 39300 107
20191206 1518 39300 39400 39300 39400 60
20191206 1519 39300 39400 39300 39350 457
20191206 1520 39400 39400 39350 39350 909
20191206 1530 39350 39350 39350 39350 4143
20191209 901 39550 39600 39550 39600 559
20191209 902 39600 39650 39600 39650 352
20191209 903 39700 39700 39600 39600 561
20191209 904 39600 39600 39450 39500 1762
20191209 905 39450 39450 39250 39250 871
20191209 906 39250 39350 39250 39300 178
20191209 907 39300 39350 39300 39350 365
20191209 908 39350 39350 39350 39350 304
20191209 909 39350 39350 39300 39300 121
20191209 910 39300 39350 39300 39350 219
20191209 911 39350 39400 39300 39300 572
20191209 912 39300 39350 39300 39350 123
20191209 913 39400 39450 39400 39400 259
20191209 914 39450 39500 39450 39500 261
20191209 915 39550 39600 39550 39600 150
20191209 916 39550 39550 39450 39450 960
20191209 917 39450 39500 39450 39500 174
20191209 918 39500 39500 39450 39500 129
20191209 919 39500 39500 39500 39500 108
20191209 920 39500 39500 39450 39500 394
20191209 921 39500 39500 39450 39450 559
20191209 922 39500 39500 39500 39500 79
20191209 923 39500 39550 39500 39500 121
20191209 924 39550 39550 39500 39500 60
20191209 925 39550 39550 39500 39550 294
20191209 926 39500 39500 39500 39500 39
20191209 927 39500 39550 39500 39550 78
20191209 928 39550 39600 39500 39550 192
20191209 929 39550 39650 39550 39600 2018
20191209 930 39650 39650 39550 39650 200
20191209 931 39650 39700 39600 39600 491
20191209 932 39650 39650 39600 39650 327
20191209 933 39650 39650 39650 39650 88
20191209 934 39650 39700 39650 39700 139
20191209 935 39700 39700 39700 39700 36
20191209 936 39700 39800 39700 39700 749
20191209 937 39700 39700 39700 39700 42
20191209 938 39650 39650 39600 39600 212
20191209 939 39550 39550 39550 39550 68
20191209 940 39550 39600 39550 39600 119
20191209 941 39600 39600 39600 39600 129
20191209 942 39600 39700 39600 39700 251
20191209 943 39700 39700 39650 39700 213
20191209 944 39700 39750 39650 39700 271
20191209 945 39700 39750 39700 39750 47
20191209 946 39750 39750 39750 39750 87
20191209 947 39700 39700 39600 39600 753
20191209 948 39600 39700 39600 39700 325
20191209 949 39700 39700 39650 39650 175
20191209 950 39600 39600 39600 39600 271
20191209 951 39600 39650 39600 39600 209
20191209 952 39600 39650 39600 39650 110
20191209 953 39600 39600 39550 39550 186
20191209 954 39550 39600 39500 39500 98
20191209 955 39550 39600 39550 39550 80
20191209 956 39550 39600 39550 39600 14
20191209 957 39600 39600 39550 39600 119
20191209 958 39550 39600 39550 39600 245
20191209 959 39650 39650 39650 39650 57
20191209 1000 39650 39650 39650 39650 73
20191209 1001 39650 39650 39600 39650 83
20191209 1002 39600 39650 39600 39650 99
20191209 1003 39650 39650 39650 39650 262
20191209 1004 39650 39650 39650 39650 295
20191209 1005 39600 39650 39600 39650 65
20191209 1006 39650 39650 39600 39650 207
20191209 1007 39650 39700 39650 39650 145
20191209 1008 39700 39700 39700 39700 21
20191209 1009 39650 39650 39650 39650 270
20191209 1010 39650 39700 39650 39700 238
20191209 1011 39700 39700 39700 39700 43
20191209 1012 39700 39700 39650 39700 181
20191209 1013 39700 39700 39650 39700 123
20191209 1014 39700 39750 39650 39750 1034
20191209 1015 39750 39800 39750 39800 405
20191209 1016 39800 39800 39750 39750 292
20191209 1017 39800 39800 39800 39800 126
20191209 1018 39800 39800 39750 39750 218
20191209 1019 39800 39800 39750 39750 188
20191209 1020 39750 39750 39750 39750 282
20191209 1021 39750 39750 39750 39750 270
20191209 1022 39750 39800 39750 39800 245
20191209 1023 39800 39800 39750 39800 192
20191209 1024 39800 39800 39800 39800 78
20191209 1025 39800 39800 39750 39800 198
20191209 1026 39800 39800 39800 39800 129
20191209 1027 39750 39800 39750 39750 183
20191209 1028 39800 39800 39750 39750 231
20191209 1029 39800 39800 39750 39800 188
20191209 1030 39750 39800 39750 39750 240
20191209 1031 39750 39750 39700 39700 164
20191209 1032 39750 39750 39700 39750 280
20191209 1033 39750 39750 39700 39750 528
20191209 1034 39750 39750 39700 39700 81
20191209 1035 39750 39800 39750 39800 121
20191209 1036 39800 39800 39750 39750 276
20191209 1037 39800 39800 39800 39800 60
20191209 1038 39750 39800 39700 39800 776
20191209 1039 39750 39800 39750 39750 288
20191209 1040 39750 39800 39750 39800 57
20191209 1041 39800 39800 39750 39750 168
20191209 1042 39800 39800 39750 39750 205
20191209 1043 39800 39850 39800 39800 792
20191209 1044 39750 39800 39750 39800 73
20191209 1045 39800 39800 39750 39750 182
20191209 1046 39750 39750 39750 39750 225
20191209 1047 39750 39750 39700 39750 92
20191209 1048 39750 39750 39700 39750 66
20191209 1049 39750 39800 39700 39700 162
20191209 1050 39750 39750 39750 39750 97
20191209 1051 39750 39800 39750 39750 987
20191209 1052 39750 39800 39700 39700 215
20191209 1053 39700 39700 39700 39700 823
20191209 1054 39700 39700 39650 39700 144
20191209 1055 39700 39700 39700 39700 37
20191209 1056 39700 39700 39700 39700 351
20191209 1057 39700 39750 39700 39750 71
20191209 1058 39750 39750 39750 39750 269
20191209 1059 39750 39800 39750 39800 147
20191209 1100 39750 39800 39750 39750 284
20191209 1101 39750 39750 39750 39750 268
20191209 1102 39700 39750 39700 39700 244
20191209 1103 39750 39750 39750 39750 319
20191209 1104 39750 39800 39750 39750 43
20191209 1105 39750 39750 39750 39750 78
20191209 1106 39800 39800 39750 39800 272
20191209 1107 39800 39800 39750 39750 90
20191209 1108 39800 39800 39750 39800 189
20191209 1109 39800 39800 39750 39800 139
20191209 1110 39800 39800 39750 39800 21
20191209 1111 39750 39800 39750 39800 182
20191209 1112 39750 39800 39750 39800 68
20191209 1113 39800 39800 39800 39800 89
20191209 1114 39800 39800 39750 39750 72
20191209 1115 39750 39750 39700 39700 696
20191209 1116 39700 39750 39700 39700 45
20191209 1117 39750 39750 39650 39650 213
20191209 1118 39700 39700 39650 39650 160
20191209 1119 39700 39700 39650 39700 39
20191209 1120 39700 39700 39700 39700 112
20191209 1121 39700 39700 39650 39700 120
20191209 1122 39650 39700 39650 39700 76
20191209 1123 39700 39750 39650 39750 301
20191209 1124 39750 39750 39700 39750 38
20191209 1125 39750 39750 39700 39700 133
20191209 1126 39700 39700 39700 39700 40
20191209 1127 39750 39750 39700 39750 63
20191209 1128 39750 39750 39700 39750 110
20191209 1129 39700 39750 39700 39750 91
20191209 1130 39750 39750 39750 39750 72
20191209 1131 39750 39750 39750 39750 31
20191209 1132 39700 39750 39700 39750 49
20191209 1133 39750 39750 39700 39750 84
20191209 1134 39750 39750 39700 39750 203
20191209 1135 39750 39750 39700 39750 1064
20191209 1136 39750 39750 39700 39700 74
20191209 1137 39700 39750 39700 39750 7
20191209 1138 39700 39750 39700 39750 32
20191209 1139 39750 39750 39750 39750 318
20191209 1140 39750 39750 39700 39750 88
20191209 1141 39750 39750 39750 39750 64
20191209 1142 39750 39750 39750 39750 416
20191209 1143 39800 39800 39750 39800 76
20191209 1144 39750 39750 39750 39750 49
20191209 1145 39800 39800 39800 39800 189
20191209 1146 39800 39850 39750 39850 362
20191209 1147 39800 39800 39750 39750 186
20191209 1148 39750 39800 39750 39800 167
20191209 1149 39750 39800 39750 39800 36
20191209 1150 39800 39800 39700 39700 949
20191209 1151 39750 39750 39700 39700 122
20191209 1152 39700 39700 39700 39700 394
20191209 1153 39700 39700 39700 39700 58
20191209 1154 39700 39700 39650 39650 10
20191209 1155 39700 39700 39650 39700 52
20191209 1156 39700 39700 39700 39700 21
20191209 1157 39650 39700 39650 39650 57
20191209 1158 39650 39700 39650 39700 129
20191209 1159 39700 39700 39700 39700 150
20191209 1200 39700 39700 39700 39700 42
20191209 1201 39700 39700 39700 39700 220
20191209 1202 39700 39700 39650 39650 94
20191209 1203 39700 39700 39650 39650 264
20191209 1204 39700 39700 39700 39700 31
20191209 1205 39700 39700 39700 39700 109
20191209 1206 39700 39700 39650 39700 383
20191209 1207 39700 39750 39700 39750 65
20191209 1208 39750 39750 39700 39750 48
20191209 1209 39750 39750 39700 39750 103
20191209 1211 39750 39750 39700 39750 83
20191209 1212 39750 39750 39750 39750 158
20191209 1213 39750 39750 39700 39700 222
20191209 1214 39750 39750 39700 39700 26
20191209 1215 39700 39750 39650 39650 989
20191209 1216 39650 39700 39650 39700 160
20191209 1217 39650 39700 39650 39700 227
20191209 1218 39700 39700 39650 39650 39
20191209 1219 39700 39700 39650 39700 155
20191209 1220 39700 39700 39650 39700 92
20191209 1221 39700 39700 39650 39700 65
20191209 1222 39700 39700 39650 39700 542
20191209 1223 39700 39700 39650 39650 158
20191209 1224 39650 39700 39650 39650 81
20191209 1225 39700 39700 39650 39650 173
20191209 1226 39650 39700 39650 39650 31
20191209 1227 39700 39700 39650 39700 72
20191209 1228 39650 39700 39650 39650 183
20191209 1229 39700 39700 39650 39650 107
20191209 1230 39700 39700 39700 39700 109
20191209 1231 39650 39700 39650 39700 174
20191209 1232 39650 39700 39650 39700 54
20191209 1233 39700 39700 39500 39550 2849
20191209 1234 39500 39550 39500 39550 247
20191209 1235 39550 39550 39450 39500 574
20191209 1236 39450 39450 39450 39450 287
20191209 1237 39450 39450 39400 39450 163
20191209 1238 39400 39450 39400 39400 15
20191209 1239 39450 39450 39400 39450 154
20191209 1240 39450 39450 39450 39450 216
20191209 1241 39500 39500 39400 39400 85
20191209 1242 39400 39450 39400 39450 268
20191209 1243 39450 39450 39400 39450 128
20191209 1244 39450 39450 39400 39450 49
20191209 1245 39400 39450 39400 39450 184
20191209 1246 39400 39450 39400 39400 191
20191209 1247 39400 39400 39400 39400 83
20191209 1248 39400 39450 39400 39400 85
20191209 1249 39450 39450 39400 39400 265
20191209 1250 39350 39400 39350 39400 86
20191209 1251 39400 39450 39350 39450 288
20191209 1252 39450 39450 39400 39400 159
20191209 1253 39450 39450 39400 39450 77
20191209 1254 39450 39450 39450 39450 13
20191209 1255 39400 39450 39400 39450 141
20191209 1256 39400 39450 39400 39400 60
20191209 1257 39450 39450 39400 39450 215
20191209 1258 39400 39450 39400 39450 405
20191209 1259 39400 39450 39400 39450 23
20191209 1300 39400 39400 39400 39400 85
20191209 1301 39400 39400 39350 39350 159
20191209 1302 39350 39400 39350 39400 199
20191209 1303 39450 39450 39450 39450 37
20191209 1304 39400 39450 39400 39400 154
20191209 1305 39450 39450 39400 39450 70
20191209 1306 39400 39400 39400 39400 158
20191209 1307 39450 39450 39350 39350 680
20191209 1308 39400 39400 39350 39350 162
20191209 1309 39300 39400 39300 39400 279
20191209 1310 39400 39400 39350 39350 253
20191209 1311 39350 39400 39350 39400 27
20191209 1312 39350 39350 39350 39350 123
20191209 1313 39400 39400 39350 39400 318
20191209 1314 39400 39400 39400 39400 60
20191209 1315 39400 39400 39350 39400 50
20191209 1316 39400 39400 39300 39350 119
20191209 1317 39350 39400 39350 39400 6
20191209 1318 39400 39400 39350 39400 22
20191209 1319 39350 39400 39300 39350 422
20191209 1320 39350 39350 39350 39350 59
20191209 1321 39350 39350 39350 39350 109
20191209 1322 39350 39350 39300 39300 164
20191209 1323 39350 39350 39350 39350 87
20191209 1324 39350 39350 39300 39300 150
20191209 1325 39300 39350 39300 39300 167
20191209 1326 39300 39350 39300 39300 69
20191209 1327 39300 39350 39300 39300 333
20191209 1328 39300 39350 39300 39300 157
20191209 1329 39300 39350 39300 39350 39
20191209 1330 39300 39350 39300 39350 248
20191209 1331 39300 39350 39300 39350 141
20191209 1332 39300 39350 39300 39350 117
20191209 1333 39350 39350 39350 39350 173
20191209 1334 39350 39350 39300 39350 121
20191209 1335 39350 39350 39300 39300 81
20191209 1336 39350 39350 39350 39350 383
20191209 1337 39350 39350 39300 39300 145
20191209 1338 39350 39350 39350 39350 90
20191209 1339 39350 39350 39350 39350 67
20191209 1340 39350 39350 39300 39300 114
20191209 1341 39350 39350 39350 39350 200
20191209 1342 39350 39350 39350 39350 116
20191209 1343 39350 39350 39300 39350 119
20191209 1344 39350 39350 39350 39350 61
20191209 1345 39300 39350 39300 39300 32
20191209 1346 39350 39350 39300 39300 156
20191209 1347 39300 39350 39300 39300 142
20191209 1348 39300 39350 39300 39350 97
20191209 1349 39300 39350 39300 39300 148
20191209 1350 39300 39350 39300 39300 50
20191209 1351 39300 39350 39300 39300 266
20191209 1352 39350 39400 39350 39400 805
20191209 1353 39400 39400 39400 39400 212
20191209 1354 39400 39450 39400 39400 499
20191209 1355 39400 39400 39350 39400 105
20191209 1356 39400 39400 39400 39400 281
20191209 1357 39400 39400 39400 39400 5
20191209 1358 39400 39400 39350 39400 579
20191209 1359 39350 39400 39350 39350 207
20191209 1400 39400 39400 39350 39400 63
20191209 1401 39350 39400 39350 39350 171
20191209 1402 39350 39400 39350 39350 62
20191209 1403 39350 39400 39350 39350 33
20191209 1404 39400 39400 39350 39400 577
20191209 1405 39400 39400 39400 39400 13
20191209 1406 39400 39400 39400 39400 136
20191209 1407 39400 39400 39350 39400 169
20191209 1408 39400 39400 39400 39400 111
20191209 1409 39400 39400 39350 39400 285
20191209 1410 39350 39400 39350 39400 126
20191209 1411 39400 39400 39400 39400 77
20191209 1412 39400 39450 39400 39450 25
20191209 1413 39400 39450 39400 39450 131
20191209 1414 39400 39500 39400 39500 556
20191209 1415 39450 39500 39450 39500 117
20191209 1416 39500 39500 39450 39450 140
20191209 1417 39500 39500 39450 39500 75
20191209 1418 39500 39500 39500 39500 31
20191209 1419 39450 39500 39450 39450 242
20191209 1420 39450 39500 39450 39450 139
20191209 1421 39500 39500 39450 39450 91
20191209 1422 39500 39500 39450 39500 304
20191209 1423 39500 39500 39500 39500 16
20191209 1424 39500 39500 39450 39450 59
20191209 1425 39450 39500 39450 39450 261
20191209 1426 39500 39500 39450 39500 482
20191209 1427 39500 39500 39500 39500 2
20191209 1428 39500 39500 39450 39500 245
20191209 1429 39450 39500 39450 39500 65
20191209 1430 39500 39500 39450 39500 83
20191209 1431 39500 39500 39450 39500 262
20191209 1432 39450 39500 39450 39450 37
20191209 1433 39450 39500 39450 39450 49
20191209 1434 39450 39500 39450 39450 331
20191209 1435 39450 39500 39450 39450 89
20191209 1436 39450 39500 39450 39450 43
20191209 1437 39500 39500 39450 39450 386
20191209 1438 39450 39500 39350 39350 688
20191209 1439 39350 39400 39350 39400 263
20191209 1440 39400 39400 39350 39400 159
20191209 1441 39400 39400 39400 39400 24
20191209 1442 39400 39400 39400 39400 14
20191209 1443 39400 39400 39300 39300 608
20191209 1444 39300 39350 39300 39300 66
20191209 1445 39350 39350 39300 39300 37
20191209 1446 39350 39350 39300 39300 177
20191209 1447 39300 39350 39300 39350 112
20191209 1448 39350 39350 39350 39350 176
20191209 1449 39350 39400 39300 39300 194
20191209 1450 39400 39400 39400 39400 12
20191209 1451 39400 39400 39400 39400 53
20191209 1452 39400 39400 39350 39400 221
20191209 1453 39350 39400 39350 39350 200
20191209 1454 39400 39400 39400 39400 239
20191209 1455 39400 39450 39350 39400 124
20191209 1456 39450 39450 39400 39400 46
20191209 1457 39450 39450 39450 39450 27
20191209 1458 39400 39450 39400 39400 292
20191209 1459 39450 39450 39350 39400 320
20191209 1500 39400 39450 39400 39450 371
20191209 1501 39450 39450 39400 39400 185
20191209 1502 39450 39450 39450 39450 56
20191209 1503 39450 39450 39400 39450 51
20191209 1504 39400 39450 39400 39400 375
20191209 1505 39400 39450 39400 39400 256
20191209 1506 39400 39450 39400 39450 47
20191209 1507 39400 39450 39400 39400 66
20191209 1508 39400 39450 39400 39400 56
20191209 1509 39400 39450 39400 39450 196
20191209 1510 39400 39400 39300 39300 664
20191209 1511 39350 39350 39300 39300 331
20191209 1512 39300 39350 39300 39350 139
20191209 1513 39350 39350 39350 39350 174
20191209 1514 39350 39350 39300 39350 57
20191209 1515 39350 39350 39350 39350 20
20191209 1516 39350 39400 39300 39400 811
20191209 1517 39400 39400 39350 39400 115
20191209 1518 39400 39400 39350 39400 26
20191209 1519 39400 39400 39350 39350 58
20191209 1520 39350 39400 39350 39400 212
20191209 1530 39350 39350 39350 39350 3804
