날짜 시간 시가 고가 저가 종가 거래량
20190801 901 15710 15710 15710 15710 188
20190801 902 15865 15865 15865 15865 42
20190801 903 16015 16015 16015 16015 1
20190801 904 16015 16015 16015 16015 68
20190801 905 16015 16015 16010 16010 26
20190801 911 16005 16005 15955 15955 12
20190801 914 16000 16000 16000 16000 2
20190801 915 16015 16075 16015 16075 3
20190801 920 16075 16075 16075 16075 37
20190801 921 15960 15960 15960 15960 165
20190801 922 16220 16220 16220 16220 1
20190801 924 16215 16215 16215 16215 5
20190801 928 16125 16125 16125 16125 1
20190801 929 16125 16125 16125 16125 2
20190801 930 16125 16125 16125 16125 1
20190801 934 16110 16110 16110 16110 278
20190801 936 16110 16110 16110 16110 10
20190801 941 16110 16110 16110 16110 2
20190801 945 16110 16110 16110 16110 20
20190801 948 16110 16110 16110 16110 35
20190801 1002 16120 16120 16120 16120 11
20190801 1015 16120 16120 16120 16120 10
20190801 1018 16120 16120 16120 16120 2
20190801 1028 16110 16110 16110 16110 1132
20190801 1044 16110 16110 16110 16110 1
20190801 1114 16110 16110 16110 16110 62
20190801 1118 16110 16110 16110 16110 4
20190801 1125 16095 16095 16095 16095 18
20190801 1142 16095 16095 16095 16095 2
20190801 1146 16005 16005 16005 16005 1
20190801 1207 16050 16050 16005 16005 100
20190801 1236 16010 16010 15970 15970 121
20190801 1238 15965 15965 15935 15935 100
20190801 1242 15930 15930 15915 15915 923
20190801 1316 15940 15940 15940 15940 3
20190801 1322 15940 15940 15940 15940 100
20190801 1323 15940 15940 15940 15940 8
20190801 1325 15920 15920 15920 15920 16
20190801 1334 15930 15930 15930 15930 1
20190801 1340 15920 15920 15915 15915 823
20190801 1342 15910 15910 15910 15910 1
20190801 1343 15905 15905 15900 15900 10
20190801 1345 15930 15930 15930 15930 1
20190801 1349 15900 15900 15900 15900 19
20190801 1350 15900 15900 15890 15890 50
20190801 1353 15900 15900 15900 15900 1
20190801 1355 15880 15880 15880 15880 3
20190801 1405 15890 15890 15890 15890 2
20190801 1408 15885 15885 15880 15880 8
20190801 1409 15875 15875 15870 15870 4
20190801 1410 15865 15865 15865 15865 64
20190801 1411 15850 15850 15845 15845 47
20190801 1412 15840 15840 15830 15830 2
20190801 1418 15830 15830 15830 15830 100
20190801 1420 15830 15830 15825 15825 2
20190801 1422 15820 15820 15820 15820 51
20190801 1423 15820 15820 15820 15820 1
20190801 1424 15810 15810 15805 15805 31
20190801 1425 15800 15800 15800 15800 61
20190801 1429 15790 15790 15780 15780 4
20190801 1430 15780 15780 15770 15770 62
20190801 1431 15760 15760 15760 15760 85
20190801 1432 15760 15760 15760 15760 1
20190801 1433 15750 15750 15750 15750 3
20190801 1434 15750 15750 15750 15750 10
20190801 1437 15740 15740 15725 15725 20
20190801 1442 15780 15785 15780 15785 2
20190801 1444 15770 15770 15770 15770 100
20190801 1449 15770 15770 15770 15770 15
20190801 1452 15760 15760 15760 15760 30
20190801 1453 15765 15765 15765 15765 12
20190801 1502 15770 15770 15760 15760 5
20190801 1508 15780 15780 15780 15780 1
20190801 1509 15780 15780 15780 15780 5
20190801 1510 15780 15780 15780 15780 5
20190801 1511 15755 15755 15755 15755 383
20190801 1513 15775 15775 15750 15750 82
20190801 1516 15750 15750 15750 15750 32
20190801 1518 15795 15795 15795 15795 1
20190801 1530 15795 15795 15795 15795 82
20190802 901 15670 15670 15670 15670 13
20190802 902 15645 15670 15645 15670 22
20190802 903 15670 15670 15670 15670 5
20190802 908 15645 15645 15630 15630 169
20190802 910 15630 15630 15590 15590 1303
20190802 911 15590 15620 15590 15620 54
20190802 913 15610 15610 15590 15590 670
20190802 914 15590 15590 15590 15590 1
20190802 915 15590 15590 15565 15565 87
20190802 918 15565 15565 15565 15565 2
20190802 919 15565 15565 15565 15565 10
20190802 920 15565 15565 15565 15565 31
20190802 926 15620 15620 15620 15620 7
20190802 927 15620 15620 15620 15620 43
20190802 930 15620 15620 15620 15620 6
20190802 932 15620 15620 15620 15620 65
20190802 937 15620 15620 15620 15620 2
20190802 938 15620 15620 15620 15620 2
20190802 940 15620 15620 15620 15620 2
20190802 941 15620 15620 15620 15620 10
20190802 942 15620 15620 15620 15620 1
20190802 943 15620 15620 15620 15620 9
20190802 945 15620 15620 15620 15620 1
20190802 946 15610 15610 15610 15610 5
20190802 950 15600 15600 15600 15600 1
20190802 952 15615 15615 15615 15615 15
20190802 1001 15615 15615 15615 15615 31
20190802 1002 15615 15615 15615 15615 10
20190802 1005 15615 15615 15615 15615 5
20190802 1012 15615 15615 15615 15615 5
20190802 1015 15615 15615 15615 15615 15
20190802 1025 15615 15615 15615 15615 4
20190802 1026 15610 15610 15610 15610 2
20190802 1028 15615 15615 15615 15615 2
20190802 1031 15615 15615 15615 15615 30
20190802 1036 15615 15615 15615 15615 1
20190802 1045 15615 15615 15615 15615 10
20190802 1046 15615 15615 15615 15615 2
20190802 1049 15615 15615 15615 15615 5
20190802 1058 15615 15615 15615 15615 1
20190802 1100 15615 15615 15615 15615 5
20190802 1104 15615 15615 15615 15615 1
20190802 1106 15610 15615 15610 15615 16
20190802 1109 15615 15615 15615 15615 1
20190802 1112 15610 15610 15520 15520 350
20190802 1115 15520 15520 15520 15520 30
20190802 1116 15520 15520 15520 15520 12
20190802 1117 15520 15520 15520 15520 10
20190802 1118 15520 15520 15520 15520 48
20190802 1120 15615 15615 15615 15615 10
20190802 1122 15615 15615 15615 15615 74
20190802 1135 15560 15560 15560 15560 2
20190802 1143 15615 15615 15615 15615 1
20190802 1149 15615 15630 15615 15630 800
20190802 1208 15630 15630 15630 15630 13
20190802 1235 15635 15635 15630 15630 187
20190802 1248 15630 15630 15630 15630 1
20190802 1253 15630 15630 15630 15630 29
20190802 1254 15615 15615 15615 15615 10
20190802 1255 15615 15615 15520 15520 44
20190802 1301 15520 15520 15520 15520 20
20190802 1302 15520 15520 15520 15520 22
20190802 1303 15525 15525 15525 15525 1
20190802 1304 15520 15520 15505 15505 149
20190802 1305 15505 15505 15505 15505 1
20190802 1307 15500 15500 15500 15500 160
20190802 1318 15500 15500 15500 15500 3
20190802 1320 15500 15500 15500 15500 2
20190802 1325 15500 15500 15500 15500 3
20190802 1330 15525 15525 15515 15515 3
20190802 1331 15510 15510 15505 15505 22
20190802 1333 15520 15520 15520 15520 100
20190802 1338 15500 15500 15500 15500 20
20190802 1339 15500 15500 15490 15490 65
20190802 1342 15485 15485 15475 15475 646
20190802 1346 15500 15500 15500 15500 792
20190802 1349 15500 15500 15470 15470 35
20190802 1400 15520 15520 15520 15520 2
20190802 1407 15520 15520 15520 15520 60
20190802 1408 15520 15520 15520 15520 3
20190802 1409 15475 15475 15450 15450 182
20190802 1416 15530 15530 15530 15530 100
20190802 1418 15540 15555 15540 15555 526
20190802 1425 15555 15555 15555 15555 6
20190802 1426 15530 15530 15530 15530 13
20190802 1427 15520 15520 15495 15495 418
20190802 1431 15495 15495 15495 15495 3
20190802 1433 15495 15495 15495 15495 2
20190802 1443 15495 15495 15460 15460 646
20190802 1450 15555 15555 15555 15555 1
20190802 1502 15625 15625 15625 15625 1
20190802 1530 15710 15710 15710 15710 1295
20190805 901 15710 15710 15710 15710 32
20190805 902 15710 15710 15710 15710 7
20190805 903 15710 15770 15710 15770 46
20190805 904 15770 15770 15770 15770 192
20190805 910 15940 15940 15940 15940 2
20190805 911 15940 15940 15940 15940 1
20190805 914 15935 15940 15935 15940 36
20190805 916 15940 15940 15940 15940 10
20190805 918 15940 15940 15940 15940 3
20190805 919 15940 15940 15940 15940 7
20190805 922 15775 15775 15770 15770 627
20190805 925 15940 15940 15940 15940 1
20190805 933 15940 15940 15940 15940 50
20190805 938 15930 15930 15930 15930 1
20190805 942 15930 15930 15930 15930 40
20190805 953 15925 15930 15925 15930 130
20190805 956 15930 15930 15930 15930 2
20190805 1004 15930 15930 15930 15930 70
20190805 1010 15900 15900 15900 15900 90
20190805 1020 15775 15775 15775 15775 25
20190805 1025 15775 15775 15775 15775 25
20190805 1028 15775 15775 15775 15775 2
20190805 1029 15775 15775 15775 15775 1
20190805 1031 15775 15775 15770 15770 10
20190805 1032 15770 15770 15770 15770 19
20190805 1039 15850 15850 15770 15770 586
20190805 1041 15915 15915 15915 15915 13
20190805 1101 15910 15910 15910 15910 1
20190805 1128 15910 15910 15910 15910 1
20190805 1139 15910 15910 15910 15910 3
20190805 1152 15910 15910 15910 15910 4
20190805 1155 15850 15850 15850 15850 1
20190805 1200 15910 15910 15910 15910 3
20190805 1212 15850 15850 15850 15850 1
20190805 1226 15850 15850 15850 15850 8
20190805 1229 15800 15800 15770 15770 63
20190805 1236 15770 15770 15770 15770 20
20190805 1237 15770 15770 15770 15770 14
20190805 1239 15770 15770 15770 15770 10
20190805 1240 15770 15770 15500 15500 837
20190805 1246 15480 15480 15410 15410 841
20190805 1251 15450 15450 15450 15450 20
20190805 1253 15440 15440 15440 15440 22
20190805 1255 15435 15435 15435 15435 1
20190805 1256 15430 15430 15430 15430 73
20190805 1258 15430 15430 15430 15430 112
20190805 1259 15430 15430 15430 15430 112
20190805 1301 15430 15430 15430 15430 14
20190805 1302 15420 15420 15400 15400 251
20190805 1305 15400 15400 15400 15400 1
20190805 1307 15385 15385 15385 15385 2
20190805 1308 15380 15380 15380 15380 16
20190805 1309 15375 15375 15350 15350 1295
20190805 1310 15345 15345 15335 15335 483
20190805 1311 15305 15305 15300 15300 12
20190805 1319 15300 15300 15270 15270 104
20190805 1320 15260 15260 15245 15245 15
20190805 1323 15260 15260 15260 15260 20
20190805 1324 15260 15260 15260 15260 55
20190805 1329 15280 15280 15280 15280 1
20190805 1333 15300 15300 15300 15300 1
20190805 1334 15270 15270 15255 15255 21
20190805 1337 15250 15250 15250 15250 1
20190805 1338 15250 15250 15250 15250 69
20190805 1348 15255 15255 15255 15255 110
20190805 1351 15315 15315 15315 15315 18
20190805 1352 15315 15315 15315 15315 8
20190805 1355 15300 15300 15300 15300 3
20190805 1356 15275 15275 15275 15275 18
20190805 1402 15315 15330 15315 15330 250
20190805 1414 15340 15340 15340 15340 1
20190805 1419 15270 15270 15270 15270 149
20190805 1425 15325 15325 15325 15325 2
20190805 1428 15270 15270 15270 15270 1
20190805 1429 15295 15295 15295 15295 1
20190805 1435 15295 15295 15295 15295 122
20190805 1438 15325 15350 15325 15350 75
20190805 1443 15340 15340 15340 15340 5
20190805 1444 15300 15300 15295 15295 36
20190805 1448 15300 15300 15270 15270 9
20190805 1449 15255 15255 15210 15210 474
20190805 1454 15265 15265 15265 15265 402
20190805 1456 15330 15330 15330 15330 15
20190805 1458 15360 15360 15360 15360 291
20190805 1500 15415 15415 15415 15415 43
20190805 1503 15365 15365 15365 15365 2
20190805 1505 15365 15365 15365 15365 248
20190805 1508 15410 15410 15410 15410 2
20190805 1510 15425 15440 15425 15440 205
20190805 1511 15460 15460 15460 15460 500
20190805 1514 15440 15440 15440 15440 2
20190805 1530 15435 15435 15435 15435 5719
20190806 901 15420 15420 15420 15420 188
20190806 902 15420 15420 15420 15420 22
20190806 903 15375 15375 15375 15375 1
20190806 904 15210 15210 15200 15200 11
20190806 905 15165 15165 14815 15040 148
20190806 906 15030 15030 15030 15030 2
20190806 907 14960 14960 14960 14960 140
20190806 908 14960 14960 14875 14875 882
20190806 910 14875 14875 14875 14875 5
20190806 911 14875 14875 14845 14845 1978
20190806 912 14845 14845 14845 14845 100
20190806 914 14840 14840 14820 14820 11
20190806 916 14820 14820 14815 14815 91
20190806 917 14800 14800 14760 14760 19
20190806 918 14760 14800 14750 14800 41
20190806 919 14795 14795 14795 14795 1
20190806 920 14750 14750 14750 14750 6
20190806 921 14750 14750 14750 14750 20
20190806 922 14740 14740 14710 14710 149
20190806 923 14710 14730 14710 14730 16
20190806 924 14730 14730 14730 14730 10
20190806 925 14730 14730 14730 14730 30
20190806 926 14730 14730 14730 14730 12
20190806 929 14730 14730 14730 14730 69
20190806 930 14725 14725 14725 14725 4
20190806 931 14725 14725 14685 14685 304
20190806 932 14685 14685 14685 14685 143
20190806 933 14685 14695 14675 14695 1906
20190806 934 14695 14695 14695 14695 20
20190806 939 14700 14700 14695 14700 31
20190806 941 14720 14720 14720 14720 10
20190806 943 14755 14755 14750 14755 35
20190806 944 14755 14755 14755 14755 15
20190806 945 14755 14840 14755 14840 124
20190806 947 14840 14840 14840 14840 2
20190806 948 14840 14840 14840 14840 19
20190806 949 14840 14840 14835 14835 2
20190806 951 14835 14835 14835 14835 1
20190806 955 14835 14840 14835 14840 100
20190806 957 14840 14840 14840 14840 15
20190806 1000 14840 14840 14840 14840 1
20190806 1002 14840 14840 14840 14840 8
20190806 1003 14845 14845 14830 14830 20
20190806 1006 14835 14835 14755 14755 266
20190806 1007 14755 14755 14755 14755 5
20190806 1009 14755 14755 14755 14755 36
20190806 1010 14865 14870 14865 14870 50
20190806 1012 14755 14755 14750 14750 355
20190806 1021 14755 14755 14750 14750 136
20190806 1033 14755 14755 14755 14755 4
20190806 1038 14755 14755 14750 14750 29
20190806 1053 14855 14870 14855 14870 673
20190806 1055 14870 14870 14870 14870 162
20190806 1056 14870 14870 14870 14870 5
20190806 1059 14875 14875 14875 14875 66
20190806 1101 14875 14875 14875 14875 1
20190806 1106 14875 14875 14875 14875 471
20190806 1107 14875 14875 14875 14875 100
20190806 1108 14875 14875 14875 14875 1
20190806 1147 14930 14930 14930 14930 40
20190806 1148 14930 14930 14930 14930 10
20190806 1158 14925 14930 14925 14930 67
20190806 1201 14930 14930 14930 14930 1
20190806 1204 14930 14930 14930 14930 1
20190806 1206 14930 14930 14930 14930 1
20190806 1218 14955 15040 14955 15040 221
20190806 1228 15040 15040 15040 15040 1
20190806 1236 15040 15125 15040 15125 450
20190806 1243 15125 15125 15125 15125 400
20190806 1247 15285 15285 15285 15285 1
20190806 1251 15385 15415 15385 15415 300
20190806 1303 15415 15415 15415 15415 50
20190806 1304 15435 15435 15435 15435 7
20190806 1315 15415 15415 15215 15215 503
20190806 1320 15280 15280 15280 15280 6
20190806 1325 15500 15500 15500 15500 538
20190806 1330 15500 15500 15500 15500 10
20190806 1336 15480 15480 15480 15480 201
20190806 1338 15485 15485 15475 15475 2
20190806 1343 15470 15470 15470 15470 52
20190806 1345 15460 15465 15460 15465 8
20190806 1359 15440 15440 15440 15440 15
20190806 1407 15470 15470 15470 15470 64
20190806 1414 15475 15500 15475 15500 24
20190806 1416 15470 15470 15470 15470 6
20190806 1420 15470 15470 15470 15470 6
20190806 1425 15470 15470 15460 15460 5645
20190806 1438 15460 15460 15460 15460 15
20190806 1445 15415 15415 15415 15415 10
20190806 1447 15430 15430 15430 15430 10
20190806 1450 15430 15430 15430 15430 10
20190806 1453 15460 15460 15460 15460 10
20190806 1458 15430 15430 15430 15430 1
20190806 1511 15445 15450 15445 15450 25
20190806 1512 15490 15510 15490 15510 28
20190806 1513 15515 15515 15515 15515 3
20190806 1516 15515 15515 15515 15515 1
20190806 1518 15510 15510 15470 15470 10
20190806 1530 15530 15530 15530 15530 43
20190807 901 15530 15530 15530 15530 340
20190807 902 15530 15530 15530 15530 60
20190807 903 15395 15395 15345 15345 9
20190807 904 15300 15465 15265 15465 62
20190807 905 15465 15465 15465 15465 1
20190807 906 15465 15465 15270 15270 167
20190807 908 15285 15285 15275 15275 42
20190807 909 15275 15275 15275 15275 208
20190807 912 15275 15275 15275 15275 16
20190807 913 15275 15275 15275 15275 18
20190807 914 15275 15275 15275 15275 31
20190807 916 15395 15400 15395 15400 89
20190807 917 15400 15400 15400 15400 1
20190807 918 15415 15415 15415 15415 10
20190807 927 15415 15415 15415 15415 1
20190807 929 15415 15415 15415 15415 10
20190807 932 15415 15415 15415 15415 100
20190807 939 15415 15415 15415 15415 300
20190807 943 15415 15415 15415 15415 200
20190807 1003 15525 15525 15525 15525 1
20190807 1005 15535 15535 15535 15535 10
20190807 1014 15535 15535 15535 15535 101
20190807 1018 15535 15535 15535 15535 30
20190807 1022 15535 15535 15535 15535 20
20190807 1023 15535 15535 15535 15535 50
20190807 1025 15535 15535 15535 15535 20
20190807 1034 15535 15535 15535 15535 13
20190807 1035 15535 15535 15535 15535 4
20190807 1038 15530 15530 15530 15530 3
20190807 1042 15525 15525 15525 15525 77
20190807 1051 15535 15535 15535 15535 105
20190807 1052 15535 15535 15535 15535 5
20190807 1128 15525 15525 15525 15525 7
20190807 1136 15525 15525 15525 15525 30
20190807 1147 15525 15530 15525 15530 2
20190807 1158 15525 15525 15525 15525 24
20190807 1205 15530 15530 15530 15530 1
20190807 1234 15525 15525 15525 15525 100
20190807 1239 15530 15530 15530 15530 10
20190807 1246 15525 15525 15525 15525 91
20190807 1253 15450 15450 15450 15450 10
20190807 1304 15415 15415 15415 15415 2
20190807 1328 15500 15500 15500 15500 1
20190807 1350 15435 15435 15435 15435 2
20190807 1416 15435 15435 15435 15435 9
20190807 1421 15435 15435 15435 15435 2
20190807 1436 15505 15505 15505 15505 1
20190807 1447 15505 15505 15505 15505 1
20190807 1513 15470 15470 15470 15470 7
20190807 1514 15460 15460 15460 15460 265
20190807 1516 15440 15440 15370 15370 443
20190807 1517 15475 15475 15475 15475 19
20190807 1519 15460 15460 15460 15460 2
20190807 1530 15465 15465 15465 15465 197
20190808 901 15570 15570 15300 15300 34
20190808 902 15260 15260 15085 15225 60
20190808 905 15225 15225 15225 15225 2
20190808 908 15225 15225 15225 15225 1
20190808 912 15220 15220 15090 15090 848
20190808 914 15220 15220 15220 15220 13
20190808 915 15235 15235 15235 15235 11
20190808 916 15235 15235 15235 15235 5
20190808 917 15220 15220 15220 15220 56
20190808 923 15220 15235 15220 15235 21
20190808 925 15235 15235 15235 15235 3
20190808 930 15235 15235 15235 15235 1
20190808 931 15235 15235 15235 15235 2
20190808 934 15220 15220 15220 15220 14
20190808 939 15220 15220 15220 15220 65
20190808 948 15235 15235 15235 15235 166
20190808 950 15235 15235 15235 15235 84
20190808 1006 15235 15235 15235 15235 1
20190808 1008 15235 15235 15235 15235 200
20190808 1015 15230 15230 15230 15230 19
20190808 1026 15230 15230 15230 15230 2
20190808 1036 15230 15230 15230 15230 5
20190808 1039 15225 15225 15225 15225 1
20190808 1041 15230 15230 15230 15230 7
20190808 1047 15225 15225 15225 15225 5
20190808 1105 15230 15230 15230 15230 3
20190808 1106 15230 15230 15230 15230 19
20190808 1108 15230 15230 15230 15230 22
20190808 1109 15230 15230 15230 15230 5
20190808 1111 15230 15230 15230 15230 5
20190808 1114 15230 15230 15230 15230 1
20190808 1115 15230 15230 15230 15230 50
20190808 1116 15230 15230 15230 15230 2
20190808 1118 15230 15230 15230 15230 13
20190808 1120 15230 15230 15230 15230 66
20190808 1125 15230 15230 15230 15230 4
20190808 1134 15230 15230 15230 15230 3
20190808 1139 15230 15230 15230 15230 20
20190808 1142 15230 15230 15230 15230 2000
20190808 1144 15230 15230 15230 15230 32
20190808 1159 15230 15230 15230 15230 2
20190808 1243 15380 15380 15380 15380 4
20190808 1253 15280 15295 15280 15295 12
20190808 1258 15295 15295 15295 15295 38
20190808 1301 15255 15255 15230 15230 225
20190808 1302 15225 15225 15215 15215 199
20190808 1303 15210 15210 15210 15210 31
20190808 1305 15205 15205 15205 15205 58
20190808 1308 15205 15205 15205 15205 9
20190808 1309 15200 15200 15195 15195 122
20190808 1310 15190 15190 15155 15155 117
20190808 1311 15150 15150 15150 15150 4
20190808 1317 15145 15145 15145 15145 7
20190808 1318 15175 15175 15170 15170 5
20190808 1333 15230 15230 15230 15230 1000
20190808 1334 15220 15220 15220 15220 10
20190808 1345 15215 15215 15215 15215 1
20190808 1349 15220 15220 15220 15220 1
20190808 1354 15290 15290 15290 15290 10
20190808 1355 15295 15295 15295 15295 5
20190808 1409 15275 15275 15275 15275 300
20190808 1415 15270 15270 15270 15270 300
20190808 1417 15240 15240 15235 15235 120
20190808 1422 15215 15215 15215 15215 100
20190808 1423 15210 15210 15205 15205 350
20190808 1429 15195 15195 15195 15195 100
20190808 1430 15190 15190 15190 15190 100
20190808 1431 15185 15185 15170 15170 230
20190808 1432 15165 15165 15165 15165 16
20190808 1437 15165 15165 15160 15160 244
20190808 1439 15170 15175 15170 15175 5238
20190808 1444 15180 15180 15180 15180 1
20190808 1445 15175 15175 15175 15175 100
20190808 1453 15165 15165 15165 15165 10
20190808 1456 15150 15150 15150 15150 124
20190808 1459 15145 15145 15145 15145 9
20190808 1508 15210 15210 15210 15210 1
20190808 1511 15195 15195 15195 15195 275
20190808 1519 15235 15240 15235 15240 860
20190808 1530 15200 15200 15200 15200 446
20190809 901 15495 15495 15495 15495 34
20190809 902 15490 15490 15490 15490 20
20190809 903 15490 15770 15490 15770 458
20190809 904 15700 15700 15700 15700 1
20190809 905 15675 15675 15675 15675 1
20190809 906 15675 15675 15675 15675 9
20190809 907 15670 15670 15670 15670 6
20190809 909 15670 15670 15670 15670 15
20190809 912 15670 15670 15670 15670 232
20190809 914 15670 15675 15670 15675 11
20190809 916 15695 15765 15695 15765 300
20190809 917 15765 15765 15765 15765 42
20190809 918 15765 15765 15765 15765 65
20190809 924 15765 15765 15765 15765 5
20190809 928 15765 15765 15765 15765 346
20190809 929 15750 15750 15750 15750 20
20190809 930 15755 15755 15755 15755 10
20190809 931 15755 15755 15755 15755 1
20190809 933 15755 15755 15755 15755 9
20190809 935 15760 15760 15760 15760 5
20190809 937 15760 15760 15760 15760 15
20190809 940 15760 15760 15760 15760 22
20190809 949 15765 15765 15765 15765 63
20190809 957 15765 15765 15765 15765 100
20190809 1007 15765 15765 15765 15765 100
20190809 1009 15765 15765 15765 15765 86
20190809 1012 15770 15770 15770 15770 4
20190809 1018 15765 15765 15765 15765 1
20190809 1022 15770 15770 15765 15765 41
20190809 1023 15765 15765 15765 15765 150
20190809 1045 15770 15770 15770 15770 15
20190809 1048 15770 15770 15770 15770 31
20190809 1051 15770 15770 15770 15770 1
20190809 1057 15770 15770 15770 15770 30
20190809 1101 15770 15770 15770 15770 1300
20190809 1107 15765 15765 15750 15750 485
20190809 1108 15740 15740 15675 15675 515
20190809 1132 15695 15695 15695 15695 4
20190809 1142 15695 15695 15695 15695 364
20190809 1144 15695 15695 15695 15695 20
20190809 1207 15690 15690 15690 15690 40
20190809 1213 15680 15680 15670 15670 500
20190809 1215 15670 15670 15670 15670 3
20190809 1219 15670 15670 15670 15670 106
20190809 1222 15670 15670 15670 15670 1
20190809 1225 15650 15650 15650 15650 182
20190809 1226 15650 15650 15650 15650 408
20190809 1231 15650 15770 15650 15770 1665
20190809 1232 15770 15810 15770 15810 1060
20190809 1233 15815 15920 15815 15900 6
20190809 1235 15830 15830 15830 15830 30
20190809 1236 15840 15840 15840 15840 29
20190809 1238 15840 15840 15840 15840 50
20190809 1241 15830 15830 15830 15830 1
20190809 1301 15900 15900 15900 15900 10
20190809 1302 15900 15900 15900 15900 12
20190809 1314 15900 15930 15900 15930 494
20190809 1318 15965 15970 15965 15970 2088
20190809 1320 15970 15970 15970 15970 10
20190809 1324 15990 15990 15990 15990 2
20190809 1326 15990 15990 15990 15990 10
20190809 1330 15950 15950 15950 15950 60
20190809 1332 15950 15950 15950 15950 10
20190809 1333 15910 15910 15910 15910 307
20190809 1338 16000 16000 16000 16000 21
20190809 1342 15990 15990 15990 15990 10
20190809 1344 16000 16000 16000 16000 200
20190809 1349 16005 16005 16005 16005 1
20190809 1351 16000 16010 16000 16010 10
20190809 1352 16015 16015 16015 16015 7
20190809 1356 16030 16030 16030 16030 10
20190809 1357 16030 16030 16030 16030 200
20190809 1358 16030 16030 16030 16030 10
20190809 1401 16035 16040 16035 16040 6
20190809 1403 16055 16105 16055 16105 17
20190809 1404 16120 16120 16120 16120 8
20190809 1407 16075 16075 16075 16075 5
20190809 1412 16075 16075 16075 16075 8
20190809 1413 16075 16110 16075 16110 10
20190809 1416 16070 16070 16070 16070 1
20190809 1419 16065 16065 16065 16065 10
20190809 1430 16075 16080 16075 16080 100
20190809 1433 16080 16080 16080 16080 1
20190809 1435 16080 16085 16080 16085 600
20190809 1438 16070 16085 16070 16085 40
20190809 1443 16080 16080 16080 16080 12
20190809 1444 16085 16085 16085 16085 79
20190809 1454 16080 16080 16080 16080 10
20190809 1455 16100 16100 16100 16100 1
20190809 1458 16095 16095 16095 16095 1
20190809 1505 16095 16095 16095 16095 161
20190809 1510 16095 16095 16095 16095 3
20190809 1516 16115 16115 16115 16115 10
20190809 1517 16100 16100 16100 16100 20
20190809 1518 16095 16095 16080 16080 3
20190809 1519 16120 16120 16120 16120 80
20190809 1520 16090 16090 16085 16085 5238
20190809 1530 16115 16115 16115 16115 605
20190812 901 15610 15610 15610 15610 120
20190812 904 15650 15650 15650 15650 1
20190812 905 15910 15910 15830 15830 28
20190812 906 15825 15825 15805 15805 15
20190812 907 15805 15805 15800 15800 3
20190812 908 15800 15800 15800 15800 2
20190812 910 15795 15795 15795 15795 2
20190812 913 15800 15800 15800 15800 3
20190812 914 15800 15800 15800 15800 1
20190812 916 15800 15800 15800 15800 1
20190812 917 15800 15800 15800 15800 2
20190812 918 15795 15795 15700 15700 220
20190812 919 15800 15800 15800 15800 6
20190812 936 15795 15795 15795 15795 15
20190812 937 15800 15800 15800 15800 1
20190812 938 15800 15800 15800 15800 5
20190812 939 15800 15800 15800 15800 5
20190812 944 15800 15800 15800 15800 30
20190812 945 15800 15800 15800 15800 10
20190812 947 15800 15800 15800 15800 15
20190812 951 15795 15795 15795 15795 8
20190812 957 15800 15800 15800 15800 1
20190812 959 15800 15800 15800 15800 30
20190812 1003 15800 15800 15800 15800 7
20190812 1009 15800 15800 15800 15800 30
20190812 1021 15805 15805 15805 15805 63
20190812 1027 15805 15805 15805 15805 10
20190812 1029 15805 15805 15805 15805 20
20190812 1031 15805 15805 15805 15805 79
20190812 1032 15805 15805 15805 15805 5
20190812 1033 15805 15805 15805 15805 3
20190812 1036 15805 15805 15805 15805 30
20190812 1045 15805 15805 15805 15805 3
20190812 1048 15805 15805 15805 15805 2
20190812 1050 15805 15805 15805 15805 3
20190812 1057 15805 15805 15805 15805 5
20190812 1059 15805 15805 15805 15805 10
20190812 1101 15805 15805 15805 15805 22
20190812 1105 15805 15805 15805 15805 2
20190812 1106 15805 15805 15805 15805 2
20190812 1107 15805 15805 15805 15805 70
20190812 1108 15805 15805 15805 15805 2
20190812 1110 15805 15805 15805 15805 10
20190812 1113 15805 15805 15805 15805 20
20190812 1114 15805 15805 15805 15805 1
20190812 1118 15910 15910 15910 15910 1
20190812 1137 15910 15910 15910 15910 1
20190812 1140 15920 15920 15920 15920 3
20190812 1151 15920 15920 15920 15920 5
20190812 1153 15920 15920 15920 15920 3
20190812 1206 15955 15955 15955 15955 65
20190812 1210 15960 15960 15960 15960 68
20190812 1211 15960 15960 15960 15960 8
20190812 1215 15965 15965 15965 15965 100
20190812 1238 15965 16000 15965 16000 10
20190812 1243 16000 16000 16000 16000 2
20190812 1245 15970 15970 15970 15970 1
20190812 1308 15985 15985 15985 15985 10
20190812 1312 15980 15980 15980 15980 65
20190812 1314 15970 15970 15970 15970 70
20190812 1329 15975 15975 15975 15975 40
20190812 1332 15975 15975 15975 15975 60
20190812 1337 15975 15975 15960 15960 61
20190812 1340 15960 15960 15960 15960 20
20190812 1342 15955 15955 15955 15955 35
20190812 1344 15945 15945 15945 15945 5
20190812 1347 15945 15945 15945 15945 7
20190812 1348 15945 15945 15945 15945 3
20190812 1402 15950 15950 15950 15950 20
20190812 1420 15950 15970 15950 15970 21
20190812 1422 15950 15950 15950 15950 10
20190812 1431 15950 15950 15950 15950 101
20190812 1437 15995 15995 15995 15995 100
20190812 1438 15995 15995 15995 15995 1
20190812 1441 15995 15995 15995 15995 115
20190812 1443 15995 15995 15995 15995 1
20190812 1444 15955 15955 15955 15955 10
20190812 1452 15995 15995 15995 15995 30
20190812 1502 15995 15995 15995 15995 31
20190812 1516 15960 15960 15960 15960 5
20190812 1530 15955 15955 15955 15955 381
20190813 901 15920 15920 15920 15920 1
20190813 914 15940 15940 15940 15940 6
20190813 915 15950 15960 15940 15940 33
20190813 919 15940 15940 15940 15940 32
20190813 922 15940 15940 15940 15940 2
20190813 923 15890 15890 15840 15840 177
20190813 927 15840 15840 15840 15840 25
20190813 934 15840 15840 15840 15840 910
20190813 945 15840 15840 15840 15840 5
20190813 948 15840 15840 15840 15840 2
20190813 1010 15840 15840 15840 15840 1
20190813 1017 15840 15840 15840 15840 1
20190813 1018 15840 15840 15840 15840 1
20190813 1019 15905 15910 15905 15910 1200
20190813 1021 15915 15965 15915 15965 1106
20190813 1026 15965 15970 15965 15970 15
20190813 1032 15965 15965 15965 15965 10
20190813 1033 15965 15965 15965 15965 10
20190813 1039 15965 15965 15965 15965 140
20190813 1040 15970 15970 15970 15970 10
20190813 1050 15910 15910 15910 15910 1
20190813 1055 15910 15910 15910 15910 30
20190813 1057 15965 15965 15965 15965 1
20190813 1101 15965 15965 15965 15965 1
20190813 1103 15910 15910 15840 15840 90
20190813 1105 15840 15840 15840 15840 1249
20190813 1216 15850 15850 15850 15850 50
20190813 1221 15875 15875 15875 15875 1
20190813 1223 15850 15850 15850 15850 950
20190813 1231 15960 15960 15960 15960 200
20190813 1232 15965 16250 15965 16150 2550
20190813 1233 16145 16185 16145 16185 2000
20190813 1234 16180 16180 16180 16180 1000
20190813 1236 16280 16280 16280 16280 1000
20190813 1239 16275 16275 16275 16275 7
20190813 1242 16145 16145 16145 16145 19
20190813 1243 16145 16145 16145 16145 7
20190813 1245 16275 16275 16145 16145 21
20190813 1246 16145 16145 16125 16125 598
20190813 1306 16010 16010 16010 16010 1
20190813 1307 16050 16050 16050 16050 2
20190813 1309 16050 16050 16050 16050 500
20190813 1310 16055 16055 16055 16055 5
20190813 1312 16025 16025 16025 16025 30
20190813 1326 16025 16025 16025 16025 30
20190813 1328 16045 16045 16045 16045 100
20190813 1332 16070 16070 16070 16070 6
20190813 1340 16070 16070 16060 16060 7
20190813 1346 16065 16065 16065 16065 20
20190813 1351 16075 16075 16075 16075 20
20190813 1353 16075 16075 16075 16075 80
20190813 1354 16080 16080 16080 16080 50
20190813 1357 16080 16080 16080 16080 14
20190813 1400 16115 16115 16115 16115 1
20190813 1404 16150 16150 16150 16150 1
20190813 1406 16150 16150 16150 16150 2
20190813 1410 16150 16150 16150 16150 5
20190813 1412 16150 16150 16150 16150 15
20190813 1415 16175 16175 16175 16175 1
20190813 1416 16195 16205 16195 16205 805
20190813 1417 16210 16210 16210 16210 237
20190813 1418 16180 16180 16180 16180 1
20190813 1419 16170 16190 16145 16190 390
20190813 1431 16160 16160 16160 16160 65
20190813 1446 16120 16120 16115 16115 42
20190813 1458 16050 16050 16050 16050 5
20190813 1506 16050 16050 16050 16050 1
20190813 1530 16060 16060 16060 16060 101
20190814 901 16250 16250 16250 16250 11
20190814 903 16000 16000 16000 16000 8
20190814 904 16000 16000 15525 15540 902
20190814 905 15550 15610 15550 15610 101
20190814 906 15625 15625 15625 15625 102
20190814 907 15625 15625 15625 15625 110
20190814 910 15625 15625 15625 15625 153
20190814 911 15625 15625 15625 15625 115
20190814 912 15625 15625 15625 15625 36
20190814 913 15625 15675 15620 15675 76
20190814 914 15670 15675 15670 15675 15
20190814 915 15675 15675 15675 15675 80
20190814 916 15675 15675 15675 15675 50
20190814 917 15715 15715 15715 15715 1
20190814 918 15715 15715 15715 15715 11
20190814 919 15710 15710 15710 15710 5
20190814 920 15710 15710 15710 15710 63
20190814 921 15710 15710 15710 15710 70
20190814 922 15710 15710 15710 15710 20
20190814 926 15710 15710 15710 15710 1
20190814 927 15710 15710 15710 15710 16
20190814 928 15710 15710 15710 15710 5
20190814 930 15710 15710 15710 15710 1
20190814 931 15710 15710 15710 15710 39
20190814 932 15710 15715 15710 15715 200
20190814 933 15715 15715 15715 15715 100
20190814 934 15715 15715 15715 15715 3
20190814 935 15715 15715 15715 15715 50
20190814 937 15715 15715 15715 15715 1
20190814 942 15710 15710 15710 15710 130
20190814 946 15705 15705 15705 15705 78
20190814 950 15715 15715 15715 15715 5
20190814 951 15715 15715 15715 15715 1
20190814 952 15715 15715 15715 15715 3
20190814 953 15705 15705 15705 15705 174
20190814 954 15700 15700 15700 15700 34
20190814 955 15715 15715 15715 15715 1
20190814 956 15700 15700 15700 15700 56
20190814 1002 15710 15710 15710 15710 1
20190814 1011 15715 15715 15715 15715 61
20190814 1016 15715 15715 15715 15715 1
20190814 1017 15715 15715 15715 15715 20
20190814 1018 15715 15715 15715 15715 20
20190814 1022 15710 15710 15710 15710 76
20190814 1024 15710 15710 15710 15710 108
20190814 1027 15715 15715 15715 15715 250
20190814 1029 15715 15715 15715 15715 30
20190814 1033 15715 15715 15715 15715 2
20190814 1044 15715 15715 15715 15715 20
20190814 1049 15715 15715 15715 15715 5
20190814 1058 15715 15715 15715 15715 2
20190814 1100 15710 15710 15710 15710 5
20190814 1103 15715 15715 15715 15715 214
20190814 1106 15720 15720 15720 15720 20
20190814 1109 15720 15720 15720 15720 15
20190814 1119 15720 15720 15720 15720 10
20190814 1121 15720 15720 15720 15720 210
20190814 1122 15720 15720 15720 15720 132
20190814 1124 15720 15720 15720 15720 10
20190814 1125 15720 15720 15720 15720 1
20190814 1154 15720 15720 15720 15720 1
20190814 1205 15720 15720 15720 15720 25
20190814 1229 15710 15710 15710 15710 100
20190814 1232 15710 15710 15650 15650 1500
20190814 1233 15650 15650 15600 15600 548
20190814 1236 15665 15665 15600 15600 911
20190814 1241 15645 15645 15645 15645 109
20190814 1242 15645 15645 15645 15645 100
20190814 1243 15620 15620 15620 15620 45
20190814 1246 15620 15620 15600 15600 997
20190814 1247 15595 15595 15550 15550 1217
20190814 1248 15550 15550 15540 15540 574
20190814 1249 15535 15535 15510 15510 926
20190814 1250 15515 15515 15515 15515 10
20190814 1251 15515 15515 15500 15500 554
20190814 1256 15620 15620 15620 15620 10
20190814 1257 15605 15605 15605 15605 20
20190814 1259 15590 15590 15590 15590 19
20190814 1301 15520 15520 15520 15520 5
20190814 1302 15515 15515 15480 15480 740
20190814 1305 15550 15550 15550 15550 1
20190814 1309 15545 15545 15535 15535 10
20190814 1310 15515 15515 15515 15515 1
20190814 1311 15510 15510 15510 15510 32
20190814 1313 15500 15500 15500 15500 1
20190814 1314 15495 15525 15495 15525 305
20190814 1315 15510 15510 15505 15505 124
20190814 1320 15535 15535 15535 15535 5
20190814 1321 15510 15520 15510 15520 11
20190814 1329 15520 15520 15520 15520 8
20190814 1331 15510 15510 15510 15510 2
20190814 1332 15490 15490 15490 15490 14
20190814 1333 15485 15485 15485 15485 121
20190814 1334 15480 15480 15480 15480 35
20190814 1339 15530 15530 15530 15530 10
20190814 1340 15530 15530 15530 15530 45
20190814 1343 15495 15495 15495 15495 1
20190814 1348 15520 15520 15520 15520 100
20190814 1350 15520 15520 15520 15520 207
20190814 1351 15520 15520 15520 15520 38
20190814 1354 15570 15570 15570 15570 32
20190814 1355 15635 15635 15635 15635 1
20190814 1356 15650 15660 15650 15660 500
20190814 1358 15640 15640 15640 15640 100
20190814 1359 15625 15640 15625 15640 151
20190814 1405 15665 15665 15665 15665 1
20190814 1407 15685 15700 15685 15700 229
20190814 1408 15700 15700 15700 15700 1073
20190814 1409 15700 15700 15700 15700 5
20190814 1418 15710 15710 15710 15710 30
20190814 1422 15680 15680 15670 15670 102
20190814 1425 15660 15660 15660 15660 6
20190814 1426 15635 15635 15625 15625 8
20190814 1432 15635 15635 15635 15635 5
20190814 1433 15625 15625 15625 15625 100
20190814 1439 15620 15620 15620 15620 2
20190814 1441 15645 15645 15645 15645 1
20190814 1444 15645 15645 15635 15635 4
20190814 1445 15630 15630 15630 15630 1
20190814 1450 15700 15700 15700 15700 1
20190814 1453 15700 15700 15700 15700 1
20190814 1457 15695 15695 15695 15695 70
20190814 1504 15680 15680 15680 15680 10
20190814 1515 15635 15635 15620 15620 13
20190814 1517 15620 15620 15610 15610 59
20190814 1519 15620 15620 15605 15605 107
20190814 1520 15600 15600 15600 15600 1
20190814 1530 15600 15600 15600 15600 65
20190816 901 15700 15700 14810 14810 2520
20190816 902 15100 15100 15100 15100 15
20190816 903 15495 15495 15495 15495 10
20190816 905 15460 15460 15460 15460 1
20190816 909 15145 15145 15105 15105 282
20190816 911 15135 15135 15135 15135 18
20190816 914 15455 15455 15455 15455 200
20190816 915 15440 15440 15440 15440 22
20190816 916 15455 15455 15455 15455 200
20190816 917 15455 15455 15455 15455 54
20190816 921 15490 15490 15490 15490 16
20190816 922 15490 15495 15490 15495 500
20190816 925 15495 15495 15495 15495 2
20190816 926 15495 15495 15495 15495 518
20190816 928 15495 15495 15495 15495 10
20190816 930 15500 15500 15500 15500 1
20190816 931 15500 15500 15500 15500 29
20190816 939 15500 15500 15500 15500 1
20190816 944 15495 15495 15495 15495 155
20190816 947 15495 15495 15495 15495 20
20190816 957 15495 15645 15495 15645 636
20190816 1002 15645 15645 15645 15645 1
20190816 1035 15600 15600 15600 15600 20
20190816 1040 15600 15600 15600 15600 2
20190816 1044 15600 15600 15600 15600 10
20190816 1056 15590 15590 15590 15590 7
20190816 1057 15590 15590 15590 15590 3
20190816 1103 15590 15590 15590 15590 7
20190816 1110 15590 15590 15590 15590 2
20190816 1111 15575 15575 15575 15575 1
20190816 1113 15575 15575 15575 15575 7
20190816 1125 15595 15600 15595 15600 40
20190816 1145 15600 15600 15600 15600 2
20190816 1149 15600 15600 15600 15600 30
20190816 1158 15590 15590 15575 15575 13
20190816 1200 15600 15600 15600 15600 1
20190816 1212 15600 15600 15600 15600 10
20190816 1231 15570 15570 15400 15400 562
20190816 1241 15590 15590 15590 15590 1
20190816 1246 15455 15455 15455 15455 301
20190816 1251 15300 15300 15300 15300 7
20190816 1252 15380 15380 15380 15380 2
20190816 1304 15380 15380 15380 15380 100
20190816 1305 15380 15380 15375 15375 4
20190816 1307 15355 15355 15355 15355 1
20190816 1329 15390 15390 15390 15390 15
20190816 1331 15355 15355 15355 15355 250
20190816 1332 15360 15360 15360 15360 1
20190816 1334 15345 15345 15340 15340 12
20190816 1337 15340 15340 15340 15340 10
20190816 1343 15340 15340 15340 15340 7
20190816 1345 15305 15305 15300 15300 117
20190816 1358 15345 15345 15345 15345 2
20190816 1401 15345 15345 15345 15345 500
20190816 1403 15370 15370 15370 15370 1
20190816 1411 15420 15420 15420 15420 1
20190816 1413 15345 15345 15345 15345 1
20190816 1420 15410 15410 15410 15410 1000
20190816 1430 15410 15410 15410 15410 306
20190816 1431 15410 15410 15410 15410 5
20190816 1434 15385 15385 15385 15385 5
20190816 1439 15395 15395 15395 15395 4
20190816 1441 15395 15395 15390 15390 11
20190816 1442 15405 15405 15405 15405 30
20190816 1501 15505 15505 15505 15505 10
20190816 1506 15490 15490 15465 15465 100
20190816 1507 15465 15465 15460 15460 102
20190816 1518 15500 15500 15500 15500 7
20190816 1520 15495 15495 15495 15495 3066
20190816 1530 15515 15515 15515 15515 6001
20190819 901 15635 15635 15635 15635 3
20190819 905 15530 15530 15515 15515 3737
20190819 906 15515 15515 15515 15515 6
20190819 910 15605 15605 15605 15605 1
20190819 914 15605 15605 15605 15605 1
20190819 920 15605 15605 15605 15605 100
20190819 924 15605 15605 15605 15605 128
20190819 928 15520 15520 15520 15520 100
20190819 930 15520 15520 15520 15520 50
20190819 938 15520 15520 15520 15520 100
20190819 952 15595 15595 15595 15595 7
20190819 954 15595 15595 15595 15595 12
20190819 1015 15595 15595 15595 15595 31
20190819 1031 15595 15595 15595 15595 7
20190819 1113 15595 15595 15550 15550 31
20190819 1233 15630 15630 15630 15630 1
20190819 1234 15635 15680 15635 15680 10
20190819 1251 15675 15675 15675 15675 1
20190819 1252 15680 15680 15680 15680 5
20190819 1254 15700 15705 15700 15705 3
20190819 1313 15710 15710 15710 15710 1
20190819 1323 15690 15690 15690 15690 10
20190819 1329 15710 15710 15710 15710 10
20190819 1333 15735 15735 15735 15735 47
20190819 1334 15735 15735 15735 15735 10
20190819 1336 15735 15735 15735 15735 3
20190819 1337 15735 15735 15735 15735 1
20190819 1339 15735 15735 15735 15735 539
20190819 1353 15730 15730 15730 15730 4
20190819 1354 15740 15740 15740 15740 3000
20190819 1355 15740 15745 15740 15745 302
20190819 1409 15745 15750 15745 15750 115
20190819 1411 15755 15755 15755 15755 350
20190819 1415 15760 15760 15760 15760 4
20190819 1419 15760 15760 15760 15760 1
20190819 1420 15760 15760 15760 15760 2
20190819 1425 15750 15750 15750 15750 3
20190819 1431 15745 15745 15745 15745 100
20190819 1435 15720 15720 15720 15720 15
20190819 1438 15735 15735 15735 15735 1
20190819 1441 15740 15740 15740 15740 2
20190819 1442 15720 15720 15720 15720 200
20190819 1443 15720 15720 15720 15720 23
20190819 1445 15720 15720 15710 15710 88
20190819 1447 15710 15710 15700 15700 101
20190819 1449 15700 15700 15700 15700 2
20190819 1453 15700 15700 15700 15700 2
20190819 1454 15700 15700 15700 15700 319
20190819 1456 15695 15695 15695 15695 957
20190819 1459 15680 15680 15680 15680 1
20190819 1505 15700 15700 15700 15700 90
20190819 1506 15700 15700 15700 15700 3
20190819 1515 15700 15700 15680 15680 214
20190819 1530 15675 15675 15675 15675 675
20190820 902 15600 15600 15600 15600 200
20190820 905 15375 15375 15375 15375 2
20190820 908 15655 15655 15655 15655 1
20190820 914 15655 15655 15655 15655 1
20190820 921 15650 15650 15650 15650 1
20190820 937 15650 15650 15650 15650 3
20190820 948 15650 15650 15650 15650 4
20190820 949 15405 15405 15390 15390 300
20190820 1001 15400 15400 15400 15400 1
20190820 1008 15405 15405 15405 15405 65
20190820 1014 15410 15410 15380 15380 1000
20190820 1025 15515 15515 15515 15515 1
20190820 1028 15390 15390 15375 15375 450
20190820 1031 15425 15425 15425 15425 1
20190820 1035 15425 15425 15425 15425 5
20190820 1043 15425 15425 15425 15425 50
20190820 1051 15425 15425 15425 15425 2
20190820 1100 15420 15420 15420 15420 5
20190820 1103 15415 15415 15410 15410 15
20190820 1122 15410 15410 15410 15410 100
20190820 1125 15410 15410 15410 15410 2
20190820 1127 15405 15405 15405 15405 5
20190820 1138 15405 15405 15405 15405 5
20190820 1140 15410 15410 15410 15410 20
20190820 1151 15410 15410 15410 15410 1
20190820 1153 15410 15410 15410 15410 200
20190820 1156 15410 15410 15410 15410 648
20190820 1157 15410 15410 15410 15410 1
20190820 1202 15410 15410 15410 15410 20
20190820 1205 15410 15410 15410 15410 300
20190820 1215 15410 15410 15410 15410 500
20190820 1218 15410 15410 15410 15410 10
20190820 1224 15410 15410 15410 15410 2
20190820 1230 15405 15405 15405 15405 50
20190820 1231 15405 15405 15405 15405 280
20190820 1232 15405 15405 15405 15405 2010
20190820 1235 15405 15405 15405 15405 200
20190820 1237 15400 15400 15390 15390 32
20190820 1238 15385 15385 15375 15375 268
20190820 1241 15375 15375 15370 15370 26
20190820 1243 15370 15370 15370 15370 13
20190820 1245 15370 15380 15370 15380 3575
20190820 1246 15385 15385 15345 15345 243
20190820 1247 15340 15340 15300 15300 307
20190820 1305 15315 15315 15315 15315 1
20190820 1311 15355 15355 15355 15355 1
20190820 1317 15345 15345 15345 15345 8
20190820 1318 15330 15330 15330 15330 100
20190820 1322 15315 15315 15305 15305 27
20190820 1323 15300 15300 15280 15280 436
20190820 1324 15275 15275 15255 15255 93
20190820 1325 15290 15290 15290 15290 2
20190820 1326 15255 15255 15250 15250 68
20190820 1327 15245 15245 15245 15245 42
20190820 1328 15245 15245 15240 15240 34
20190820 1329 15235 15235 15215 15215 100
20190820 1331 15250 15250 15250 15250 5
20190820 1333 15250 15250 15250 15250 10
20190820 1337 15250 15250 15250 15250 3
20190820 1338 15245 15245 15245 15245 10
20190820 1340 15235 15235 15235 15235 11
20190820 1341 15220 15220 15210 15215 419
20190820 1342 15210 15210 15200 15200 129
20190820 1352 15250 15250 15250 15250 5
20190820 1353 15250 15250 15245 15245 8
20190820 1357 15245 15245 15245 15245 5
20190820 1358 15220 15220 15205 15205 711
20190820 1402 15270 15270 15270 15270 5
20190820 1403 15290 15290 15290 15290 4
20190820 1404 15295 15295 15295 15295 2
20190820 1405 15275 15275 15275 15275 20
20190820 1406 15245 15245 15245 15245 5
20190820 1407 15245 15245 15230 15230 72
20190820 1408 15255 15255 15255 15255 2
20190820 1413 15250 15250 15250 15250 3
20190820 1416 15225 15225 15200 15200 101
20190820 1418 15235 15235 15235 15235 18
20190820 1419 15205 15205 15205 15205 1
20190820 1421 15220 15220 15220 15220 5
20190820 1423 15210 15210 15205 15205 28
20190820 1426 15205 15205 15195 15195 109
20190820 1428 15205 15205 15185 15185 40
20190820 1451 15195 15195 15195 15195 6
20190820 1454 15195 15195 15185 15185 251
20190820 1455 15180 15180 15170 15170 302
20190820 1457 15165 15180 15145 15180 903
20190820 1459 15170 15170 15170 15170 1
20190820 1502 15170 15170 15165 15165 31
20190820 1506 15145 15145 15145 15145 25
20190820 1507 15195 15195 15195 15195 10
20190820 1508 15195 15195 15195 15195 10
20190820 1514 15185 15185 15185 15185 303
20190820 1516 15180 15180 15180 15180 24
20190820 1520 15210 15210 15210 15210 5
20190820 1530 15180 15180 15180 15180 567
20190821 905 15180 15180 15180 15180 300
20190821 908 15180 15180 15180 15180 35
20190821 913 15180 15180 15180 15180 1
20190821 914 15180 15180 15180 15180 1
20190821 915 15180 15180 15180 15180 2
20190821 918 15180 15180 15180 15180 1
20190821 934 15185 15185 15155 15155 66
20190821 1000 15250 15250 15250 15250 40
20190821 1001 15250 15250 15250 15250 5
20190821 1006 15255 15255 15255 15255 349
20190821 1016 15250 15250 15250 15250 80
20190821 1026 15255 15255 15255 15255 7
20190821 1030 15255 15255 15255 15255 30
20190821 1031 15255 15255 15255 15255 50
20190821 1047 15255 15255 15255 15255 129
20190821 1048 15255 15255 15255 15255 1
20190821 1051 15255 15255 15255 15255 2
20190821 1101 15255 15255 15255 15255 2
20190821 1104 15255 15255 15255 15255 529
20190821 1107 15260 15260 15260 15260 5
20190821 1108 15260 15260 15255 15255 326
20190821 1135 15255 15255 15255 15255 36
20190821 1136 15255 15255 15255 15255 5
20190821 1140 15255 15255 15255 15255 1
20190821 1144 15255 15255 15255 15255 1
20190821 1149 15255 15255 15255 15255 10
20190821 1215 15250 15250 15250 15250 15
20190821 1232 15240 15240 15150 15150 1168
20190821 1233 15150 15150 15090 15120 127
20190821 1234 15090 15090 15090 15090 3
20190821 1235 15080 15080 15000 15000 100
20190821 1242 15010 15010 15010 15010 5
20190821 1243 15095 15095 15095 15095 10
20190821 1251 15025 15025 15025 15025 3
20190821 1252 15020 15020 15020 15020 18
20190821 1254 15025 15025 15025 15025 18
20190821 1256 15020 15020 15020 15020 18
20190821 1258 15025 15025 15025 15025 34
20190821 1302 15020 15020 15015 15015 85
20190821 1305 15010 15010 14980 14980 454
20190821 1306 14975 14975 14950 14950 7
20190821 1310 14975 14975 14975 14975 100
20190821 1311 14965 14965 14965 14965 1
20190821 1323 15025 15025 15025 15025 1
20190821 1327 15055 15055 15055 15055 2000
20190821 1346 15090 15090 15090 15090 108
20190821 1347 15090 15090 15090 15090 172
20190821 1350 15060 15060 15060 15060 5
20190821 1352 15060 15060 15060 15060 20
20190821 1359 15070 15070 15070 15070 1
20190821 1410 15055 15055 15050 15050 364
20190821 1412 15035 15035 15035 15035 1
20190821 1430 15070 15070 15070 15070 100
20190821 1436 15045 15045 15045 15045 99
20190821 1437 15035 15035 15035 15035 33
20190821 1439 15035 15035 15035 15035 1
20190821 1444 15010 15010 15010 15010 103
20190821 1446 15000 15000 15000 15000 124
20190821 1458 15015 15015 15015 15015 1
20190821 1509 15030 15030 15030 15030 7
20190821 1514 15015 15015 15015 15015 40
20190821 1515 15005 15005 15005 15005 5
20190821 1516 15005 15005 15005 15005 2
20190821 1517 15000 15000 14995 14995 461
20190821 1520 14975 14975 14965 14965 95
20190821 1530 14965 14965 14965 14965 308
20190822 901 14975 14975 14825 14825 302
20190822 904 14975 14975 14975 14975 5
20190822 905 14970 14970 14970 14970 11
20190822 906 14965 14970 14965 14970 6
20190822 908 14970 14970 14970 14970 1
20190822 909 14970 14970 14970 14970 23
20190822 912 14960 14960 14960 14960 106
20190822 914 14955 14955 14935 14935 43
20190822 915 14935 14935 14935 14935 11
20190822 918 14935 14935 14935 14935 1
20190822 921 14935 14935 14935 14935 2
20190822 929 14935 14935 14935 14935 15
20190822 930 14935 14935 14900 14900 152
20190822 934 14935 14935 14910 14910 7
20190822 939 14920 14920 14910 14910 46
20190822 940 14910 14910 14910 14910 34
20190822 941 14910 14910 14910 14910 10
20190822 942 14910 14910 14910 14910 4
20190822 943 14910 14910 14910 14910 2
20190822 948 14975 14975 14975 14975 3
20190822 949 14975 14975 14975 14975 1
20190822 951 14975 14975 14975 14975 35
20190822 954 14975 14975 14975 14975 2
20190822 1003 14975 14975 14975 14975 1
20190822 1004 14945 14945 14860 14860 150
20190822 1011 14875 14875 14860 14860 54
20190822 1013 14865 14865 14860 14860 46
20190822 1015 14865 14865 14860 14860 57
20190822 1016 14865 14865 14865 14865 4
20190822 1021 14865 14865 14860 14860 45
20190822 1022 14865 14865 14865 14865 10
20190822 1031 14865 14865 14865 14865 5
20190822 1049 14870 14870 14865 14865 30
20190822 1058 14895 14895 14895 14895 22
20190822 1059 14895 14895 14895 14895 11
20190822 1105 14895 14895 14895 14895 11
20190822 1124 14895 14895 14895 14895 6
20190822 1135 14895 14895 14895 14895 30
20190822 1149 14895 14895 14895 14895 1
20190822 1224 14875 14875 14870 14870 300
20190822 1234 14870 14870 14800 14800 679
20190822 1235 14805 14805 14795 14795 300
20190822 1247 14810 14810 14780 14780 101
20190822 1249 14775 14780 14775 14780 14
20190822 1250 14770 14770 14755 14755 88
20190822 1251 14750 14750 14750 14750 23
20190822 1252 14745 14745 14720 14720 88
20190822 1256 14780 14780 14780 14780 5
20190822 1302 14775 14775 14750 14750 6
20190822 1309 14790 14790 14790 14790 1
20190822 1310 14775 14775 14775 14775 1
20190822 1312 14750 14750 14750 14750 68
20190822 1314 14765 14765 14765 14765 1
20190822 1315 14765 14765 14765 14765 1
20190822 1316 14750 14750 14750 14750 20
20190822 1320 14750 14750 14745 14745 2
20190822 1321 14750 14750 14740 14740 2
20190822 1322 14735 14735 14730 14730 5
20190822 1324 14735 14735 14735 14735 2
20190822 1326 14730 14730 14720 14720 27
20190822 1328 14720 14720 14720 14720 30
20190822 1330 14715 14715 14705 14705 80
20190822 1331 14700 14700 14700 14700 38
20190822 1332 14710 14710 14700 14700 21
20190822 1333 14695 14695 14680 14680 192
20190822 1334 14690 14690 14685 14685 6
20190822 1336 14685 14695 14645 14695 2133
20190822 1338 14715 14715 14710 14710 4000
20190822 1343 14710 14710 14710 14710 1
20190822 1346 14685 14685 14670 14670 15
20190822 1349 14670 14670 14670 14670 250
20190822 1353 14670 14670 14670 14670 72
20190822 1356 14690 14690 14690 14690 10
20190822 1357 14690 14690 14690 14690 2
20190822 1400 14660 14660 14655 14655 73
20190822 1401 14650 14650 14635 14635 432
20190822 1402 14635 14635 14635 14635 456
20190822 1406 14635 14640 14635 14635 7
20190822 1408 14630 14630 14625 14625 76
20190822 1410 14620 14620 14610 14610 81
20190822 1412 14610 14620 14595 14610 68
20190822 1414 14625 14625 14610 14610 28
20190822 1423 14625 14625 14625 14625 66
20190822 1427 14670 14670 14670 14670 1
20190822 1432 14620 14620 14590 14590 387
20190822 1440 14600 14600 14590 14590 20
20190822 1449 14630 14630 14630 14630 323
20190822 1450 14600 14600 14595 14595 110
20190822 1451 14590 14590 14580 14580 331
20190822 1452 14575 14575 14570 14570 138
20190822 1453 14565 14565 14565 14565 12
20190822 1458 14605 14605 14605 14605 1
20190822 1502 14565 14565 14560 14560 122
20190822 1505 14560 14560 14560 14560 45
20190822 1507 14600 14600 14600 14600 50
20190822 1509 14600 14600 14600 14600 6
20190822 1514 14620 14620 14620 14620 1
20190822 1515 14620 14620 14620 14620 3
20190822 1518 14645 14645 14645 14645 1
20190822 1520 14650 14650 14640 14640 2
20190822 1530 14645 14645 14645 14645 790
20190823 901 14645 14645 14645 14645 333
20190823 902 14645 14645 14185 14205 247
20190823 903 14365 14365 14365 14365 1
20190823 904 14370 14370 14370 14370 6
20190823 905 14370 14370 14370 14370 1
20190823 908 14370 14380 14330 14330 101
20190823 910 14430 14430 14430 14430 12
20190823 911 14415 14415 14330 14330 90
20190823 915 14400 14400 14400 14400 20
20190823 917 14400 14400 14400 14400 71
20190823 919 14400 14400 14400 14400 1
20190823 920 14400 14430 14400 14430 29
20190823 922 14430 14430 14430 14430 5
20190823 926 14430 14430 14430 14430 74
20190823 927 14430 14430 14430 14430 1
20190823 929 14430 14430 14430 14430 2
20190823 937 14430 14430 14430 14430 1
20190823 947 14420 14420 14420 14420 17
20190823 949 14420 14420 14420 14420 3
20190823 950 14420 14420 14300 14300 1000
20190823 954 14425 14425 14425 14425 1
20190823 1002 14420 14420 14420 14420 1
20190823 1006 14420 14420 14420 14420 2
20190823 1019 14420 14420 14420 14420 15
20190823 1021 14420 14420 14420 14420 15
20190823 1029 14420 14420 14420 14420 7
20190823 1032 14400 14400 14400 14400 50
20190823 1034 14400 14400 14400 14400 5
20190823 1041 14400 14400 14400 14400 20
20190823 1042 14400 14400 14400 14400 13
20190823 1043 14400 14400 14400 14400 5
20190823 1044 14400 14400 14400 14400 7
20190823 1051 14400 14400 14400 14400 4
20190823 1058 14420 14420 14420 14420 1
20190823 1100 14420 14425 14420 14425 414
20190823 1104 14425 14425 14425 14425 1
20190823 1109 14425 14425 14425 14425 7
20190823 1118 14425 14425 14425 14425 20
20190823 1127 14425 14425 14425 14425 1
20190823 1145 14410 14410 14400 14400 214
20190823 1212 14425 14425 14425 14425 100
20190823 1214 14425 14425 14425 14425 1
20190823 1215 14410 14410 14410 14410 62
20190823 1224 14425 14425 14425 14425 1
20190823 1235 14410 14410 14300 14300 550
20190823 1241 14350 14350 14350 14350 5
20190823 1243 14350 14350 14350 14350 10
20190823 1245 14300 14300 14300 14300 10
20190823 1246 14300 14300 14260 14260 298
20190823 1247 14255 14255 14220 14230 394
20190823 1249 14275 14275 14275 14275 2
20190823 1250 14270 14270 14250 14250 2
20190823 1251 14230 14230 14215 14215 132
20190823 1301 14225 14225 14220 14220 70
20190823 1302 14220 14220 14220 14220 3
20190823 1304 14215 14215 14205 14205 152
20190823 1309 14200 14200 14185 14185 649
20190823 1310 14180 14180 14175 14175 44
20190823 1311 14170 14170 14170 14170 16
20190823 1317 14165 14170 14130 14130 401
20190823 1319 14140 14140 14130 14130 100
20190823 1323 14225 14225 14225 14225 11
20190823 1324 14225 14225 14225 14225 94
20190823 1331 14280 14280 14280 14280 50
20190823 1332 14290 14290 14290 14290 1
20190823 1333 14280 14285 14280 14285 40
20190823 1337 14290 14290 14290 14290 20
20190823 1338 14295 14300 14295 14300 40
20190823 1340 14305 14310 14305 14310 40
20190823 1341 14315 14320 14315 14320 40
20190823 1344 14325 14345 14325 14345 220
20190823 1349 14350 14350 14350 14350 100
20190823 1352 14345 14345 14345 14345 2000
20190823 1353 14350 14375 14350 14375 696
20190823 1354 14370 14370 14370 14370 10
20190823 1355 14350 14350 14350 14350 70
20190823 1359 14425 14430 14425 14430 784
20190823 1409 14470 14505 14470 14505 21
20190823 1410 14510 14525 14510 14525 6
20190823 1411 14530 14540 14530 14540 7
20190823 1414 14500 14505 14500 14505 100
20190823 1415 14505 14515 14505 14515 119
20190823 1417 14510 14510 14510 14510 10
20190823 1429 14515 14515 14515 14515 19
20190823 1430 14515 14515 14515 14515 5
20190823 1437 14490 14490 14490 14490 1
20190823 1439 14490 14490 14485 14485 17
20190823 1440 14480 14480 14480 14480 63
20190823 1448 14475 14475 14475 14475 8
20190823 1449 14475 14475 14475 14475 10
20190823 1453 14410 14460 14410 14460 2
20190823 1455 14450 14450 14450 14450 20
20190823 1456 14450 14450 14450 14450 60
20190823 1500 14450 14450 14450 14450 20
20190823 1501 14440 14450 14440 14450 21
20190823 1508 14505 14505 14505 14505 5
20190823 1510 14475 14475 14475 14475 13
20190823 1518 14475 14475 14475 14475 10
20190823 1530 14465 14465 14465 14465 142
20190826 901 14180 14210 14180 14210 384
20190826 902 14215 14320 14215 14320 470
20190826 903 14355 14860 14355 14495 1161
20190826 907 14520 14520 14520 14520 370
20190826 911 14525 14525 14525 14525 1
20190826 916 14645 14645 14645 14645 1
20190826 918 14640 14640 14640 14640 200
20190826 919 14640 14640 14640 14640 1
20190826 922 14640 14640 14640 14640 1
20190826 923 14525 14525 14520 14520 7
20190826 927 14640 14640 14640 14640 2
20190826 933 14635 14635 14635 14635 1
20190826 935 14635 14770 14525 14525 810
20190826 940 14760 14760 14760 14760 10
20190826 941 14760 14760 14760 14760 90
20190826 946 14750 14750 14750 14750 3
20190826 956 14550 14550 14520 14520 499
20190826 958 14520 14520 14520 14520 1
20190826 1014 14520 14520 14520 14520 1
20190826 1017 14520 14520 14520 14520 300
20190826 1035 14525 14525 14520 14520 100
20190826 1040 14650 14650 14650 14650 1
20190826 1043 14645 14645 14645 14645 1
20190826 1048 14635 14635 14570 14570 13
20190826 1049 14575 14575 14575 14575 39
20190826 1050 14575 14575 14570 14570 95
20190826 1051 14570 14570 14570 14570 200
20190826 1054 14570 14570 14570 14570 120
20190826 1117 14640 14640 14640 14640 3
20190826 1126 14635 14635 14635 14635 10
20190826 1130 14640 14640 14640 14640 50
20190826 1131 14640 14640 14640 14640 67
20190826 1146 14580 14580 14580 14580 5
20190826 1150 14635 14635 14635 14635 10
20190826 1207 14635 14635 14635 14635 21
20190826 1212 14635 14635 14635 14635 10
20190826 1215 14635 14635 14635 14635 10
20190826 1217 14635 14650 14635 14650 100
20190826 1218 14650 14700 14650 14700 375
20190826 1221 14700 14700 14700 14700 57
20190826 1225 14700 14700 14700 14700 20
20190826 1226 14650 14650 14650 14650 1
20190826 1227 14735 14735 14735 14735 57
20190826 1232 14745 14760 14650 14650 3007
20190826 1233 14770 15265 14770 15265 1100
20190826 1234 15070 15135 15070 15120 3353
20190826 1235 15115 15350 15115 15350 604
20190826 1237 15130 15130 15095 15095 200
20190826 1238 15095 15095 15095 15095 4
20190826 1239 15150 15150 15150 15150 5
20190826 1242 15150 15150 15150 15150 10
20190826 1246 15150 15150 15150 15150 4
20190826 1247 15010 15010 15010 15010 127
20190826 1252 14965 14965 14965 14965 2
20190826 1255 14930 14930 14930 14930 1
20190826 1303 14815 14815 14790 14790 4
20190826 1304 14780 14780 14780 14780 5
20190826 1305 14800 14800 14770 14770 107
20190826 1306 14765 14765 14765 14765 6
20190826 1313 14785 14785 14775 14775 2
20190826 1316 14765 14765 14700 14700 245
20190826 1317 14695 14695 14650 14650 105
20190826 1318 14620 14620 14610 14610 32
20190826 1327 14725 14725 14725 14725 50
20190826 1328 14725 14725 14725 14725 50
20190826 1332 14660 14660 14660 14660 20
20190826 1334 14620 14620 14600 14600 229
20190826 1335 14580 14580 14520 14520 50
20190826 1336 14535 14535 14530 14530 22
20190826 1337 14530 14530 14520 14530 367
20190826 1338 14545 14545 14545 14545 1
20190826 1342 14520 14520 14520 14520 422
20190826 1348 14660 14660 14650 14650 31
20190826 1350 14655 14655 14650 14650 3
20190826 1353 14685 14685 14685 14685 1
20190826 1357 14690 14690 14690 14690 1
20190826 1358 14700 14715 14700 14715 4
20190826 1400 14725 14725 14725 14725 26
20190826 1401 14735 14735 14735 14735 7
20190826 1402 14750 14750 14750 14750 11
20190826 1407 14735 14735 14730 14730 27
20190826 1410 14700 14700 14700 14700 20
20190826 1416 14700 14700 14700 14700 10
20190826 1418 14700 14700 14700 14700 2
20190826 1419 14700 14700 14700 14700 18
20190826 1422 14700 14700 14700 14700 1377
20190826 1424 14735 14735 14735 14735 1
20190826 1452 14740 14740 14740 14740 30
20190826 1458 14730 14730 14730 14730 2
20190826 1504 14735 14735 14735 14735 70
20190826 1508 14790 14790 14790 14790 2
20190826 1511 14790 14790 14790 14790 3
20190826 1516 14835 14835 14835 14835 50
20190826 1518 14835 14835 14810 14810 68
20190826 1519 14815 14815 14815 14815 1
20190826 1520 14820 14820 14820 14820 100
20190826 1530 14850 14850 14850 14850 1130
20190827 901 15250 15250 15250 15250 221
20190827 903 15300 15300 15300 15300 3
20190827 905 15300 15300 15300 15300 5
20190827 906 15155 15155 15155 15155 100
20190827 908 15155 15155 15155 15155 9
20190827 909 15155 15155 15155 15155 1
20190827 910 15155 15155 15155 15155 1
20190827 911 15180 15180 15180 15180 1
20190827 913 15180 15180 15180 15180 1
20190827 917 15300 15300 15300 15300 154
20190827 918 15300 15300 15300 15300 2
20190827 919 15300 15300 15300 15300 344
20190827 923 15300 15300 15300 15300 2
20190827 924 15300 15300 15300 15300 1
20190827 931 15300 15300 15300 15300 2
20190827 934 15295 15295 15295 15295 1
20190827 936 15295 15295 15295 15295 1
20190827 943 15280 15280 15280 15280 35
20190827 956 15280 15280 15280 15280 1
20190827 1000 15280 15280 15280 15280 1
20190827 1003 15275 15275 15275 15275 32
20190827 1019 15275 15275 15275 15275 10
20190827 1028 15275 15280 15275 15280 308
20190827 1029 15280 15280 15280 15280 49
20190827 1033 15295 15295 15295 15295 2
20190827 1034 15295 15295 15295 15295 9
20190827 1035 15295 15295 15295 15295 7
20190827 1039 15300 15300 15300 15300 237
20190827 1050 15320 15320 15320 15320 1
20190827 1055 15340 15340 15340 15340 9
20190827 1057 15320 15320 15320 15320 36
20190827 1058 15300 15300 15300 15300 244
20190827 1100 15300 15300 15300 15300 56
20190827 1101 15300 15300 15300 15300 120
20190827 1110 15340 15340 15340 15340 1
20190827 1129 15305 15305 15305 15305 5
20190827 1131 15305 15305 15305 15305 4
20190827 1133 15340 15340 15340 15340 65
20190827 1136 15340 15340 15340 15340 65
20190827 1137 15340 15340 15340 15340 20
20190827 1147 15340 15340 15340 15340 5
20190827 1158 15345 15345 15345 15345 10
20190827 1204 15340 15340 15340 15340 80
20190827 1205 15340 15340 15340 15340 2
20190827 1213 15335 15335 15335 15335 21
20190827 1217 15325 15325 15325 15325 10
20190827 1218 15310 15310 15310 15310 117
20190827 1231 15345 15495 15345 15495 200
20190827 1232 15495 15495 15495 15495 65
20190827 1235 15465 15465 15465 15465 7
20190827 1236 15475 15475 15475 15475 5
20190827 1243 15475 15475 15475 15475 1
20190827 1249 15470 15470 15470 15470 1
20190827 1254 15475 15475 15475 15475 20
20190827 1304 15470 15470 15470 15470 10
20190827 1305 15470 15470 15470 15470 125
20190827 1308 15340 15340 15300 15300 209
20190827 1325 15380 15405 15375 15405 140
20190827 1326 15405 15405 15405 15405 200
20190827 1328 15405 15405 15405 15405 1
20190827 1330 15360 15360 15350 15350 2
20190827 1331 15360 15360 15360 15360 302
20190827 1340 15400 15400 15400 15400 1
20190827 1344 15475 15480 15475 15480 10
20190827 1347 15480 15485 15480 15485 66
20190827 1351 15465 15465 15465 15465 36
20190827 1355 15465 15465 15465 15465 33
20190827 1356 15485 15485 15485 15485 22
20190827 1357 15485 15485 15485 15485 1
20190827 1400 15465 15465 15465 15465 400
20190827 1402 15465 15465 15465 15465 100
20190827 1417 15465 15465 15440 15440 8
20190827 1423 15435 15435 15435 15435 22
20190827 1428 15485 15495 15485 15495 310
20190827 1429 15490 15490 15440 15440 20
20190827 1431 15500 15500 15485 15485 60
20190827 1432 15480 15480 15480 15480 35
20190827 1446 15450 15450 15450 15450 20
20190827 1453 15450 15450 15450 15450 299
20190827 1455 15480 15480 15480 15480 22
20190827 1457 15480 15500 15480 15500 30
20190827 1458 15500 15500 15500 15500 10
20190827 1505 15465 15465 15465 15465 80
20190827 1506 15465 15465 15465 15465 31
20190827 1510 15500 15500 15500 15500 99
20190827 1530 15460 15460 15460 15460 54
20190828 901 15460 15460 15460 15460 1
20190828 903 15460 15600 15460 15600 9
20190828 910 15580 15580 15580 15580 10
20190828 912 15600 15600 15600 15600 5
20190828 913 15600 15600 15600 15600 5
20190828 914 15630 15630 15630 15630 9
20190828 918 15600 15600 15600 15600 5
20190828 921 15600 15600 15600 15600 42
20190828 922 15600 15635 15600 15635 405
20190828 923 15635 15635 15635 15635 3
20190828 924 15650 15650 15650 15650 5
20190828 926 15650 15650 15650 15650 1
20190828 927 15650 15650 15650 15650 5
20190828 928 15680 15685 15680 15685 10
20190828 929 15650 15650 15650 15650 20
20190828 935 15650 15660 15650 15660 317
20190828 936 15660 15660 15660 15660 2
20190828 937 15680 15685 15680 15685 277
20190828 938 15685 15685 15685 15685 200
20190828 941 15685 15685 15685 15685 10
20190828 952 15655 15655 15655 15655 1
20190828 954 15655 15655 15655 15655 3
20190828 957 15655 15655 15655 15655 20
20190828 959 15655 15655 15655 15655 1
20190828 1001 15655 15655 15655 15655 16
20190828 1003 15655 15655 15655 15655 2
20190828 1005 15655 15655 15655 15655 11
20190828 1021 15675 15675 15675 15675 43
20190828 1023 15675 15675 15675 15675 25
20190828 1035 15675 15675 15675 15675 30
20190828 1047 15675 15675 15675 15675 2
20190828 1050 15665 15665 15665 15665 1
20190828 1051 15670 15670 15670 15670 10
20190828 1053 15670 15670 15670 15670 20
20190828 1054 15665 15665 15655 15655 25
20190828 1103 15650 15650 15460 15460 22
20190828 1115 15465 15465 15460 15460 100
20190828 1116 15460 15460 15460 15460 1
20190828 1135 15460 15460 15460 15460 70
20190828 1247 15615 15615 15595 15595 8
20190828 1248 15595 15595 15570 15570 16
20190828 1249 15590 15590 15565 15565 102
20190828 1251 15660 15660 15660 15660 50
20190828 1255 15660 15660 15660 15660 1
20190828 1302 15615 15615 15615 15615 110
20190828 1303 15605 15605 15605 15605 1
20190828 1306 15565 15565 15560 15560 21
20190828 1307 15555 15555 15545 15545 18
20190828 1308 15550 15550 15550 15550 4
20190828 1309 15560 15560 15560 15560 6
20190828 1311 15560 15560 15550 15550 6
20190828 1312 15545 15545 15545 15545 2
20190828 1314 15545 15545 15535 15535 4
20190828 1315 15505 15505 15480 15500 500
20190828 1318 15545 15545 15525 15525 12
20190828 1321 15505 15505 15505 15505 14
20190828 1326 15505 15505 15505 15505 8
20190828 1327 15495 15495 15485 15485 4
20190828 1328 15480 15480 15480 15480 2
20190828 1329 15480 15485 15475 15475 18
20190828 1330 15465 15465 15460 15460 664
20190828 1331 15460 15460 15460 15460 2
20190828 1333 15490 15490 15490 15490 4
20190828 1334 15495 15495 15485 15485 8
20190828 1335 15480 15480 15465 15480 7
20190828 1336 15480 15485 15475 15485 20
20190828 1337 15480 15480 15480 15480 204
20190828 1338 15480 15480 15480 15480 4
20190828 1339 15460 15460 15460 15460 2
20190828 1340 15455 15455 15435 15445 122
20190828 1341 15445 15445 15445 15445 2
20190828 1342 15490 15490 15490 15490 4
20190828 1343 15490 15500 15490 15500 52
20190828 1344 15500 15500 15500 15500 34
20190828 1350 15495 15495 15495 15495 73
20190828 1351 15490 15490 15490 15490 21
20190828 1403 15475 15475 15475 15475 10
20190828 1409 15460 15460 15455 15455 11
20190828 1410 15470 15470 15470 15470 1
20190828 1414 15450 15450 15450 15450 12
20190828 1427 15470 15470 15470 15470 1
20190828 1432 15475 15475 15475 15475 2
20190828 1433 15490 15490 15490 15490 2
20190828 1453 15515 15515 15515 15515 29
20190828 1456 15500 15500 15480 15480 221
20190828 1458 15480 15480 15480 15480 4
20190828 1459 15475 15475 15475 15475 1
20190828 1501 15475 15475 15475 15475 14
20190828 1502 15470 15470 15455 15455 16
20190828 1503 15440 15440 15415 15415 77
20190828 1506 15415 15415 15405 15415 28
20190828 1512 15420 15420 15380 15380 261
20190828 1517 15380 15380 15360 15360 102
20190828 1530 15405 15405 15405 15405 38
20190829 929 15220 15220 15220 15220 1
20190829 935 15225 15225 15225 15225 21
20190829 956 15230 15230 15225 15225 18
20190829 1007 15225 15225 15220 15220 178
20190829 1008 15220 15220 15220 15220 42
20190829 1009 15220 15220 15210 15210 11
20190829 1015 15205 15205 15205 15205 11
20190829 1021 15205 15205 15205 15205 11
20190829 1024 15205 15205 15205 15205 1
20190829 1025 15205 15205 15205 15205 12
20190829 1033 15200 15200 15200 15200 20
20190829 1036 15200 15200 15200 15200 20
20190829 1039 15200 15200 15200 15200 20
20190829 1053 15205 15205 15205 15205 11
20190829 1057 15205 15205 15205 15205 10
20190829 1059 15205 15205 15205 15205 50
20190829 1101 15210 15210 15210 15210 39
20190829 1102 15210 15210 15210 15210 1
20190829 1112 15210 15210 15210 15210 10
20190829 1113 15210 15210 15210 15210 5
20190829 1115 15210 15210 15210 15210 38
20190829 1116 15210 15210 15210 15210 50
20190829 1117 15210 15210 15210 15210 20
20190829 1118 15210 15210 15210 15210 21
20190829 1137 15215 15215 15215 15215 50
20190829 1139 15350 15350 15350 15350 1
20190829 1157 15335 15335 15335 15335 1
20190829 1224 15335 15335 15335 15335 6
20190829 1234 15220 15220 15215 15215 100
20190829 1235 15215 15215 15205 15205 200
20190829 1236 15205 15205 15190 15190 1020
20190829 1237 15190 15190 15190 15190 263
20190829 1238 15190 15190 15190 15190 1
20190829 1249 15180 15180 15180 15180 20
20190829 1250 15200 15200 15200 15200 28
20190829 1255 15180 15180 15180 15180 4
20190829 1256 15150 15150 15125 15125 33
20190829 1259 15155 15155 15155 15155 2
20190829 1304 15200 15200 15200 15200 22
20190829 1331 15180 15180 15180 15180 29
20190829 1336 15185 15185 15180 15180 65
20190829 1337 15170 15170 15170 15170 1
20190829 1340 15150 15150 15150 15150 10
20190829 1342 15155 15155 15155 15155 1
20190829 1344 15140 15140 15140 15140 1
20190829 1349 15140 15140 15140 15140 34
20190829 1351 15130 15130 15130 15130 2
20190829 1354 15135 15135 15135 15135 10
20190829 1355 15140 15140 15140 15140 10
20190829 1404 15130 15130 15130 15130 16
20190829 1407 15120 15120 15120 15120 22
20190829 1408 15110 15110 15105 15105 40
20190829 1409 15105 15105 15070 15070 711
20190829 1410 15065 15065 15065 15065 15
20190829 1412 15060 15060 15050 15050 218
20190829 1415 15065 15065 15065 15065 20
20190829 1426 15120 15120 15120 15120 1
20190829 1427 15120 15120 15120 15120 1
20190829 1428 15115 15115 15115 15115 3
20190829 1433 15080 15080 15080 15080 7
20190829 1435 15070 15070 15070 15070 85
20190829 1436 15065 15065 15065 15065 40
20190829 1438 15065 15065 15065 15065 25
20190829 1451 15065 15065 15065 15065 7
20190829 1500 15060 15060 15060 15060 97
20190829 1501 15055 15055 15055 15055 80
20190829 1502 15050 15050 15045 15045 97
20190829 1504 15065 15065 15065 15065 20
20190829 1506 15050 15050 15040 15040 58
20190829 1512 15065 15065 15065 15065 5
20190829 1513 15065 15065 15065 15065 30
20190829 1530 15115 15115 15115 15115 341
20190830 901 15300 15300 15300 15300 1
20190830 903 15030 15030 15020 15020 39
20190830 918 15280 15280 15280 15280 1
20190830 926 15265 15265 15265 15265 1
20190830 942 15245 15250 15245 15250 6
20190830 958 15070 15070 15070 15070 50
20190830 1023 15080 15080 15080 15080 1
20190830 1029 15090 15090 15085 15085 63
20190830 1104 15220 15220 15220 15220 106
20190830 1105 15220 15285 15220 15285 150
20190830 1106 15220 15225 15220 15220 194
20190830 1108 15220 15220 15220 15220 50
20190830 1111 15200 15200 15020 15020 536
20190830 1116 15030 15030 15005 15005 600
20190830 1119 15090 15090 15090 15090 5
20190830 1120 15090 15090 15090 15090 40
20190830 1121 15090 15090 15090 15090 7
20190830 1125 15080 15080 15080 15080 10
20190830 1148 15080 15080 15080 15080 10
20190830 1156 15080 15080 15080 15080 20
20190830 1210 15065 15065 15065 15065 100
20190830 1217 15080 15080 15060 15060 253
20190830 1219 15065 15065 15065 15065 2
20190830 1224 15065 15065 15065 15065 10
20190830 1226 15060 15060 15060 15060 7
20190830 1227 15045 15045 15045 15045 300
20190830 1229 15045 15045 15045 15045 100
20190830 1238 15040 15040 15040 15040 10
20190830 1250 15110 15110 15110 15110 5
20190830 1251 15040 15040 15000 15000 813
20190830 1252 14995 14995 14995 14995 65
20190830 1253 15060 15060 15060 15060 3
20190830 1255 15060 15060 15060 15060 130
20190830 1257 15075 15075 15075 15075 5
20190830 1258 15075 15075 15075 15075 56
20190830 1300 15075 15080 15075 15080 25
20190830 1302 15080 15085 15080 15085 35
20190830 1306 15090 15090 15090 15090 15
20190830 1310 15090 15090 15090 15090 5
20190830 1311 15095 15095 15095 15095 5
20190830 1312 15095 15095 15095 15095 15
20190830 1315 15130 15130 15130 15130 10
20190830 1316 15130 15135 15130 15135 340
20190830 1317 15135 15135 15135 15135 5
20190830 1319 15125 15125 15125 15125 120
20190830 1320 15120 15120 15120 15120 5
20190830 1321 15125 15125 15125 15125 5
20190830 1322 15125 15125 15125 15125 120
20190830 1328 15120 15120 15115 15115 86
20190830 1331 15140 15140 15130 15130 3
20190830 1332 15125 15125 15125 15125 1
20190830 1334 15115 15115 15115 15115 5
20190830 1337 15110 15110 15095 15095 6
20190830 1338 15090 15090 15085 15085 15
20190830 1339 15080 15080 15075 15075 29
20190830 1341 15090 15090 15090 15090 5
20190830 1342 15080 15080 15070 15070 352
20190830 1343 15050 15050 15015 15015 156
20190830 1347 15035 15035 15035 15035 1
20190830 1348 15025 15025 14985 14985 450
20190830 1349 14990 14990 14980 14980 104
20190830 1350 14980 14980 14970 14970 178
20190830 1351 14970 14970 14935 14935 662
20190830 1352 14930 14980 14930 14980 146
20190830 1355 14980 14980 14980 14980 5
20190830 1401 14965 14965 14955 14955 36
20190830 1402 14935 14935 14915 14915 55
20190830 1403 14910 14910 14900 14900 110
20190830 1404 14905 14905 14905 14905 2
20190830 1405 14930 14930 14930 14930 5
20190830 1411 14935 14935 14930 14930 314
20190830 1412 14915 14915 14910 14910 7
20190830 1413 14905 14905 14905 14905 36
20190830 1416 14905 14905 14905 14905 150
20190830 1421 14970 14975 14970 14970 22
20190830 1428 14930 14930 14925 14925 41
20190830 1430 14910 14910 14890 14895 775
20190830 1431 14890 14890 14890 14890 20
20190830 1432 14885 14885 14870 14870 146
20190830 1435 14885 14885 14885 14885 35
20190830 1436 14880 14880 14880 14880 1
20190830 1440 14880 14880 14870 14870 520
20190830 1441 14865 14865 14850 14850 125
20190830 1442 14840 14840 14835 14835 42
20190830 1443 14830 14865 14830 14865 22
20190830 1444 14870 14870 14870 14870 5
20190830 1449 14870 14870 14870 14870 34
20190830 1450 14840 14840 14820 14820 462
20190830 1451 14815 14815 14815 14815 6
20190830 1452 14815 14815 14805 14805 200
20190830 1456 14805 14805 14780 14800 252
20190830 1458 14790 14790 14780 14780 100
20190830 1504 14810 14810 14800 14800 503
20190830 1505 14800 14800 14800 14800 1
20190830 1506 14810 14810 14810 14810 1
20190830 1507 14800 14800 14800 14800 4
20190830 1514 14800 14800 14800 14800 1
20190830 1517 14835 14835 14835 14835 500
20190830 1519 14830 14830 14830 14830 69
20190830 1520 14805 14805 14805 14805 1
20190830 1530 14830 14830 14830 14830 777
