날짜 시간 시가 고가 저가 종가 거래량
20200102 1001 12635 12635 12635 12635 41
20200102 1006 12630 12630 12630 12630 79
20200102 1011 12625 12630 12600 12630 124
20200102 1012 12630 12630 12630 12630 61
20200102 1013 12630 12635 12595 12595 2731
20200102 1031 12625 12625 12600 12600 882
20200102 1032 12610 12610 12610 12610 1
20200102 1033 12610 12625 12610 12625 31394
20200102 1039 12625 12625 12625 12625 1
20200102 1041 12625 12625 12625 12625 100
20200102 1043 12625 12625 12625 12625 1
20200102 1054 12625 12625 12625 12625 1
20200102 1055 12625 12625 12625 12625 5
20200102 1057 12625 12625 12625 12625 115
20200102 1058 12625 12625 12625 12625 5
20200102 1105 12625 12625 12625 12625 1
20200102 1106 12620 12620 12610 12610 8
20200102 1111 12610 12625 12610 12625 107
20200102 1114 12625 12625 12625 12625 3
20200102 1121 12630 12630 12630 12630 13
20200102 1123 12625 12625 12625 12625 1
20200102 1211 12625 12630 12625 12630 84
20200102 1221 12630 12630 12630 12630 26
20200102 1231 12630 12630 12610 12610 99
20200102 1233 12610 12610 12605 12605 85
20200102 1234 12605 12605 12605 12605 85
20200102 1235 12610 12610 12605 12605 85
20200102 1236 12605 12605 12600 12600 84
20200102 1243 12625 12625 12625 12625 1
20200102 1251 12625 12625 12625 12625 8
20200102 1258 12625 12630 12625 12630 20
20200102 1306 12630 12630 12630 12630 7
20200102 1309 12630 12630 12630 12630 20
20200102 1311 12620 12630 12610 12630 44
20200102 1312 12610 12610 12595 12595 1318
20200102 1321 12625 12625 12600 12620 35
20200102 1324 12625 12625 12625 12625 8
20200102 1331 12630 12630 12630 12630 16
20200102 1341 12630 12630 12630 12630 11
20200102 1342 12630 12630 12630 12630 50
20200102 1347 12610 12610 12610 12610 18
20200102 1351 12630 12630 12630 12630 2
20200102 1354 12630 12630 12630 12630 15
20200102 1404 12610 12610 12595 12595 612
20200102 1411 12600 12620 12600 12620 45
20200102 1421 12620 12620 12600 12620 30
20200102 1431 12620 12620 12620 12620 2
20200102 1432 12625 12630 12625 12630 66
20200102 1441 12625 12625 12620 12625 36
20200102 1442 12605 12605 12605 12605 29
20200102 1448 12605 12605 12605 12605 1
20200102 1449 12605 12605 12605 12605 1
20200102 1451 12605 12605 12605 12605 5
20200102 1456 12620 12630 12620 12630 1001
20200102 1501 12630 12630 12630 12630 5
20200102 1502 12630 12630 12630 12630 1
20200102 1506 12630 12635 12630 12635 1350
20200102 1507 12635 12635 12635 12635 376
20200102 1511 12635 12635 12635 12635 400
20200102 1514 12635 12635 12635 12635 99
20200102 1515 12635 12635 12635 12635 200
20200102 1517 12635 12635 12635 12635 2
20200102 1530 12635 12635 12635 12635 85
20200103 901 12805 12805 12805 12805 65
20200103 902 12805 12805 12805 12805 452
20200103 903 12805 12805 12805 12805 126
20200103 905 12805 12805 12805 12805 100
20200103 907 12805 12805 12805 12805 4
20200103 909 12805 12805 12805 12805 94
20200103 911 12800 12805 12800 12805 1339
20200103 912 12805 12805 12805 12805 2235
20200103 913 12805 12805 12805 12805 30
20200103 917 12805 12805 12805 12805 2736
20200103 921 12810 12810 12810 12810 63
20200103 922 12810 12810 12810 12810 1
20200103 931 12810 12810 12810 12810 128
20200103 936 12810 12810 12810 12810 29
20200103 938 12810 12810 12810 12810 300
20200103 941 12815 12815 12815 12815 39
20200103 951 12815 12815 12815 12815 37
20200103 1001 12815 12815 12815 12815 36
20200103 1007 12810 12810 12810 12810 3
20200103 1011 12805 12805 12800 12805 57
20200103 1016 12810 12810 12810 12810 19
20200103 1017 12815 12815 12815 12815 3
20200103 1019 12815 12815 12815 12815 10
20200103 1021 12815 12815 12815 12815 36
20200103 1026 12825 12825 12825 12825 27
20200103 1031 12825 12825 12825 12825 64
20200103 1033 12825 12825 12825 12825 5
20200103 1037 12825 12825 12825 12825 10
20200103 1041 12825 12825 12825 12825 37
20200103 1045 12835 12835 12835 12835 2
20200103 1051 12835 12835 12835 12835 18
20200103 1059 12825 12835 12825 12835 206
20200103 1107 12830 12830 12830 12830 4
20200103 1109 12830 12830 12830 12830 7
20200103 1111 12835 12835 12835 12835 94
20200103 1113 12830 12830 12830 12830 100
20200103 1116 12830 12830 12830 12830 21
20200103 1117 12830 12830 12830 12830 1
20200103 1119 12830 12830 12830 12830 37
20200103 1120 12805 12805 12805 12805 100
20200103 1121 12830 12830 12830 12830 41
20200103 1123 12830 12830 12830 12830 44
20200103 1126 12805 12805 12805 12805 100
20200103 1129 12805 12805 12805 12805 100
20200103 1131 12830 12830 12830 12830 53
20200103 1132 12810 12810 12810 12810 100
20200103 1135 12805 12805 12805 12805 100
20200103 1138 12805 12805 12805 12805 65
20200103 1139 12805 12805 12795 12795 369
20200103 1140 12795 12795 12795 12795 334
20200103 1141 12795 12825 12795 12825 467
20200103 1142 12825 12825 12795 12795 346
20200103 1144 12795 12795 12795 12795 434
20200103 1147 12795 12795 12795 12795 100
20200103 1150 12795 12795 12795 12795 100
20200103 1151 12805 12805 12805 12805 42
20200103 1153 12795 12795 12795 12795 100
20200103 1156 12780 12780 12780 12780 6
20200103 1159 12775 12780 12775 12780 173
20200103 1201 12780 12780 12780 12780 30
20200103 1202 12780 12780 12780 12780 1
20200103 1204 12780 12780 12780 12780 5
20200103 1206 12765 12765 12765 12765 5
20200103 1207 12765 12765 12765 12765 4
20200103 1209 12760 12760 12760 12760 97
20200103 1211 12760 12760 12760 12760 3
20200103 1212 12760 12760 12760 12760 90
20200103 1215 12745 12745 12745 12745 100
20200103 1218 12745 12745 12745 12745 8
20200103 1219 12745 12745 12745 12745 45
20200103 1221 12735 12735 12735 12735 5
20200103 1224 12710 12710 12710 12710 98
20200103 1227 12680 12680 12680 12680 100
20200103 1229 12710 12710 12710 12710 2
20200103 1230 12710 12710 12710 12710 36
20200103 1233 12695 12695 12695 12695 50
20200103 1234 12695 12695 12695 12695 1
20200103 1236 12665 12665 12665 12665 25
20200103 1237 12665 12665 12665 12665 10
20200103 1239 12665 12665 12665 12665 120
20200103 1241 12665 12665 12665 12665 45
20200103 1242 12660 12660 12660 12660 100
20200103 1245 12660 12660 12660 12660 100
20200103 1248 12660 12660 12660 12660 100
20200103 1252 12690 12690 12690 12690 42
20200103 1255 12660 12660 12660 12660 100
20200103 1258 12660 12660 12660 12660 100
20200103 1259 12660 12690 12660 12690 66
20200103 1300 12695 12695 12695 12695 49
20200103 1301 12695 12710 12695 12710 138
20200103 1303 12760 12760 12760 12760 15
20200103 1304 12695 12695 12695 12695 100
20200103 1307 12695 12695 12695 12695 100
20200103 1308 12725 12725 12725 12725 4
20200103 1309 12720 12720 12720 12720 1
20200103 1310 12725 12725 12695 12695 209
20200103 1312 12725 12725 12725 12725 84
20200103 1313 12695 12695 12695 12695 100
20200103 1314 12735 12735 12735 12735 31
20200103 1316 12700 12700 12700 12700 100
20200103 1319 12695 12695 12695 12695 100
20200103 1320 12730 12730 12730 12730 88
20200103 1322 12730 12730 12730 12730 3
20200103 1325 12725 12725 12725 12725 72
20200103 1326 12725 12725 12725 12725 49
20200103 1327 12730 12730 12730 12730 97
20200103 1328 12730 12730 12730 12730 100
20200103 1329 12740 12740 12740 12740 22
20200103 1331 12760 12760 12740 12740 64
20200103 1334 12730 12730 12730 12730 100
20200103 1337 12740 12770 12740 12770 650
20200103 1338 12730 12770 12730 12770 181
20200103 1340 12770 12770 12770 12770 1
20200103 1341 12730 12770 12730 12770 123
20200103 1344 12765 12765 12765 12765 100
20200103 1345 12765 12765 12730 12730 1280
20200103 1347 12730 12730 12730 12730 100
20200103 1350 12730 12730 12730 12730 100
20200103 1353 12760 12760 12760 12760 41
20200103 1355 12760 12760 12760 12760 2
20200103 1356 12730 12730 12730 12730 100
20200103 1357 12730 12730 12730 12730 60
20200103 1359 12730 12760 12730 12760 160
20200103 1401 12765 12765 12765 12765 37
20200103 1402 12760 12760 12730 12730 100
20200103 1405 12730 12730 12730 12730 100
20200103 1408 12760 12760 12760 12760 3
20200103 1409 12730 12760 12730 12760 89
20200103 1411 12760 12760 12760 12760 89
20200103 1414 12730 12730 12730 12730 70
20200103 1417 12710 12710 12710 12710 1
20200103 1418 12680 12680 12675 12675 167
20200103 1419 12680 12705 12675 12675 168
20200103 1420 12675 12675 12675 12675 267
20200103 1422 12705 12705 12675 12675 167
20200103 1423 12675 12675 12675 12675 166
20200103 1424 12680 12680 12680 12680 100
20200103 1427 12680 12680 12680 12680 100
20200103 1428 12705 12705 12705 12705 6
20200103 1429 12675 12705 12675 12705 48
20200103 1430 12675 12675 12675 12675 100
20200103 1431 12705 12710 12705 12710 136
20200103 1433 12705 12705 12705 12705 100
20200103 1436 12705 12705 12705 12705 149
20200103 1437 12705 12705 12705 12705 43
20200103 1439 12705 12710 12705 12710 119
20200103 1440 12730 12770 12730 12770 648
20200103 1442 12765 12770 12740 12740 3018
20200103 1445 12710 12710 12710 12710 27
20200103 1448 12680 12680 12680 12680 100
20200103 1449 12710 12710 12710 12710 19
20200103 1450 12710 12710 12710 12710 5
20200103 1451 12680 12680 12680 12680 100
20200103 1454 12675 12675 12675 12675 100
20200103 1457 12675 12675 12675 12675 100
20200103 1459 12680 12680 12680 12680 8
20200103 1500 12705 12705 12705 12705 100
20200103 1503 12705 12705 12705 12705 30
20200103 1506 12680 12680 12680 12680 38
20200103 1507 12680 12680 12680 12680 4
20200103 1509 12680 12680 12680 12680 58
20200103 1511 12680 12680 12680 12680 194
20200103 1513 12675 12675 12675 12675 416
20200103 1530 12750 12750 12750 12750 53
20200106 901 12730 12730 12730 12730 30
20200106 903 12700 12700 12700 12700 414
20200106 904 12700 12700 12700 12700 334
20200106 905 12685 12685 12685 12685 334
20200106 906 12690 12690 12685 12685 334
20200106 907 12675 12675 12670 12670 334
20200106 911 12695 12695 12665 12695 16
20200106 912 12695 12695 12695 12695 96
20200106 920 12695 12695 12665 12665 64
20200106 925 12695 12695 12670 12670 3
20200106 941 12670 12670 12665 12665 60
20200106 948 12665 12665 12640 12640 94
20200106 953 12675 12675 12675 12675 1
20200106 1004 12645 12645 12645 12645 5
20200106 1009 12655 12655 12655 12655 13
20200106 1011 12675 12675 12655 12675 63
20200106 1054 12675 12675 12675 12675 50
20200106 1055 12675 12675 12675 12675 60
20200106 1057 12675 12675 12675 12675 3
20200106 1101 12675 12675 12675 12675 45
20200106 1105 12675 12675 12675 12675 2
20200106 1109 12655 12655 12655 12655 150
20200106 1111 12675 12675 12655 12675 153
20200106 1120 12675 12675 12675 12675 1
20200106 1121 12675 12675 12675 12675 7
20200106 1131 12675 12675 12675 12675 4
20200106 1139 12655 12655 12655 12655 314
20200106 1140 12655 12655 12655 12655 4
20200106 1147 12655 12655 12655 12655 9
20200106 1211 12655 12655 12645 12655 84
20200106 1212 12650 12655 12650 12655 25
20200106 1221 12655 12655 12655 12655 39
20200106 1227 12655 12655 12655 12655 10
20200106 1231 12655 12655 12655 12655 25
20200106 1232 12655 12655 12655 12655 49
20200106 1234 12655 12655 12655 12655 26
20200106 1241 12660 12660 12655 12655 17
20200106 1311 12660 12660 12655 12660 31
20200106 1318 12660 12660 12660 12660 26
20200106 1321 12660 12660 12655 12660 40
20200106 1326 12660 12660 12660 12660 323
20200106 1327 12665 12665 12665 12665 20
20200106 1331 12675 12675 12675 12675 24
20200106 1341 12675 12675 12675 12675 21
20200106 1351 12675 12675 12675 12675 18
20200106 1355 12655 12655 12655 12655 7
20200106 1359 12675 12675 12675 12675 2
20200106 1405 12675 12675 12675 12675 1
20200106 1411 12675 12675 12655 12675 53
20200106 1421 12675 12675 12655 12675 42
20200106 1423 12675 12675 12675 12675 487
20200106 1431 12675 12675 12655 12675 34
20200106 1436 12675 12675 12675 12675 193
20200106 1441 12675 12675 12655 12675 30
20200106 1449 12675 12675 12675 12675 40
20200106 1458 12675 12675 12675 12675 29
20200106 1520 12675 12675 12675 12675 9
20200106 1530 12685 12685 12685 12685 5
20200107 901 12685 12685 12685 12685 1382
20200107 909 12685 12685 12685 12685 5
20200107 911 12675 12685 12675 12685 64
20200107 915 12685 12685 12675 12675 27
20200107 917 12680 12680 12675 12675 577
20200107 918 12675 12675 12675 12675 73
20200107 919 12675 12675 12670 12670 73
20200107 920 12670 12670 12670 12670 20
20200107 921 12665 12670 12660 12660 52
20200107 923 12660 12660 12660 12660 50
20200107 928 12685 12685 12685 12685 3
20200107 929 12660 12660 12660 12660 22
20200107 931 12665 12665 12665 12665 5
20200107 936 12680 12690 12680 12690 137
20200107 1002 12690 12690 12690 12690 8
20200107 1011 12670 12690 12670 12690 48
20200107 1017 12670 12670 12670 12670 131
20200107 1020 12670 12670 12670 12670 14
20200107 1021 12700 12700 12670 12700 17
20200107 1031 12670 12670 12670 12670 5
20200107 1041 12670 12670 12670 12670 5
20200107 1042 12670 12670 12670 12670 87
20200107 1101 12680 12680 12680 12680 3
20200107 1111 12680 12680 12670 12670 31
20200107 1121 12700 12700 12680 12700 22
20200107 1131 12685 12685 12685 12685 5
20200107 1157 12685 12685 12685 12685 20
20200107 1211 12685 12690 12680 12690 14
20200107 1216 12690 12690 12675 12675 61
20200107 1221 12675 12695 12675 12695 17
20200107 1228 12695 12695 12695 12695 1
20200107 1231 12680 12695 12675 12695 19
20200107 1240 12695 12695 12695 12695 1
20200107 1241 12695 12695 12695 12695 5
20200107 1242 12695 12695 12695 12695 1
20200107 1244 12680 12680 12675 12675 152
20200107 1246 12690 12690 12690 12690 2
20200107 1256 12690 12690 12690 12690 1
20200107 1311 12685 12690 12685 12690 32
20200107 1321 12685 12690 12685 12690 19
20200107 1327 12685 12685 12685 12685 1
20200107 1330 12685 12685 12685 12685 4
20200107 1331 12675 12685 12675 12685 13
20200107 1341 12685 12695 12685 12695 347
20200107 1356 12675 12675 12675 12675 136
20200107 1357 12675 12675 12675 12675 44
20200107 1402 12695 12695 12695 12695 21
20200107 1404 12695 12695 12695 12695 49
20200107 1406 12700 12700 12700 12700 84
20200107 1411 12695 12700 12675 12700 19
20200107 1412 12700 12700 12700 12700 150
20200107 1421 12680 12700 12680 12700 20
20200107 1431 12680 12700 12680 12700 16
20200107 1432 12700 12700 12700 12700 4
20200107 1436 12700 12700 12700 12700 10
20200107 1438 12680 12680 12680 12680 45
20200107 1441 12700 12700 12700 12700 9
20200107 1444 12700 12700 12700 12700 1031
20200107 1451 12700 12700 12700 12700 400
20200107 1502 12700 12700 12700 12700 100
20200107 1516 12700 12700 12700 12700 94
20200107 1520 12705 12705 12705 12705 103
20200107 1530 12705 12705 12705 12705 4
20200108 902 12665 12665 12665 12665 7
20200108 903 12665 12665 12665 12665 587
20200108 906 12600 12600 12600 12600 130
20200108 911 12575 12605 12575 12605 14
20200108 917 12605 12605 12605 12605 30
20200108 919 12605 12605 12605 12605 16
20200108 927 12600 12600 12600 12600 28
20200108 928 12575 12575 12545 12545 780
20200108 929 12545 12545 12545 12545 335
20200108 931 12545 12545 12545 12545 669
20200108 932 12545 12545 12545 12545 435
20200108 934 12545 12550 12545 12545 670
20200108 935 12545 12545 12545 12545 559
20200108 936 12545 12545 12545 12545 559
20200108 938 12520 12520 12520 12520 2000
20200108 939 12520 12520 12505 12505 7500
20200108 940 12505 12520 12500 12510 8177
20200108 941 12500 12500 11780 11780 61
20200108 943 12420 12420 12420 12420 138
20200108 944 12425 12425 12425 12425 6
20200108 945 12520 12520 12505 12505 26
20200108 953 12500 12500 12500 12500 11
20200108 955 12480 12480 12480 12480 20
20200108 1007 12470 12470 12470 12470 1
20200108 1011 12455 12470 12445 12445 16
20200108 1020 12500 12500 12500 12500 2
20200108 1021 12510 12520 12510 12520 6
20200108 1044 12510 12510 12510 12510 1
20200108 1054 12510 12510 12510 12510 1
20200108 1055 12510 12520 12510 12520 3
20200108 1100 12520 12520 12520 12520 1
20200108 1107 12520 12520 12520 12520 8
20200108 1111 12520 12520 12505 12520 47
20200108 1115 12520 12520 12520 12520 4
20200108 1119 12520 12520 12520 12520 4
20200108 1121 12520 12520 12520 12520 1
20200108 1122 12510 12510 12510 12510 1
20200108 1131 12510 12510 12510 12510 2
20200108 1137 12510 12510 12510 12510 3
20200108 1141 12520 12520 12520 12520 7583
20200108 1142 12575 12575 12575 12575 1
20200108 1211 12550 12565 12550 12565 30
20200108 1212 12565 12565 12565 12565 9
20200108 1230 12555 12555 12550 12550 11
20200108 1232 12550 12550 12550 12550 1
20200108 1256 12550 12550 12550 12550 10
20200108 1303 12550 12550 12550 12550 86
20200108 1307 12520 12520 12515 12515 7
20200108 1311 12515 12545 12515 12545 19
20200108 1321 12550 12550 12550 12550 11
20200108 1326 12550 12550 12550 12550 2
20200108 1330 12550 12550 12550 12550 1
20200108 1331 12550 12550 12550 12550 6
20200108 1341 12550 12550 12550 12550 2
20200108 1351 12550 12550 12550 12550 1
20200108 1356 12540 12540 12500 12500 300
20200108 1359 12540 12540 12540 12540 2
20200108 1400 12540 12540 12540 12540 1
20200108 1401 12540 12540 12540 12540 1
20200108 1402 12530 12530 12530 12530 2
20200108 1403 12535 12565 12535 12565 4070
20200108 1404 12570 12570 12570 12570 99
20200108 1405 12530 12530 12530 12530 13
20200108 1406 12530 12530 12530 12530 18
20200108 1407 12555 12555 12555 12555 1
20200108 1411 12530 12555 12530 12555 15
20200108 1417 12555 12555 12555 12555 1
20200108 1421 12555 12555 12525 12555 10
20200108 1422 12525 12525 12525 12525 99
20200108 1423 12520 12520 12510 12510 121
20200108 1433 12540 12540 12540 12540 6
20200108 1439 12510 12510 12495 12495 2110
20200108 1442 12525 12525 12525 12525 4
20200108 1510 12525 12525 12525 12525 3
20200108 1513 12505 12505 12500 12500 158
20200108 1514 12500 12500 12500 12500 8
20200108 1530 12575 12575 12575 12575 1513
20200109 901 12715 12715 12715 12715 25
20200109 904 12725 12735 12715 12715 1825
20200109 911 12715 12730 12695 12730 91
20200109 914 12730 12730 12730 12730 1
20200109 921 12730 12730 12730 12730 6
20200109 930 12705 12705 12705 12705 40
20200109 931 12720 12720 12720 12720 16
20200109 933 12720 12720 12720 12720 1
20200109 938 12720 12720 12720 12720 23
20200109 1000 12725 12725 12725 12725 22
20200109 1011 12720 12730 12720 12730 76
20200109 1021 12730 12730 12730 12730 16
20200109 1028 12720 12720 12720 12720 2
20200109 1054 12730 12735 12730 12735 2000
20200109 1057 12720 12720 12720 12720 13
20200109 1103 12720 12720 12720 12720 18
20200109 1110 12735 12735 12720 12720 30
20200109 1111 12720 12735 12720 12735 65
20200109 1121 12730 12730 12730 12730 14
20200109 1131 12730 12730 12730 12730 8
20200109 1134 12730 12730 12730 12730 200
20200109 1141 12735 12735 12735 12735 5
20200109 1201 12735 12735 12735 12735 4
20200109 1204 12735 12735 12735 12735 19
20200109 1211 12730 12740 12730 12740 43
20200109 1215 12740 12740 12740 12740 23
20200109 1218 12740 12740 12740 12740 50
20200109 1221 12745 12745 12735 12745 19
20200109 1228 12745 12745 12745 12745 3
20200109 1231 12730 12745 12730 12745 13
20200109 1241 12745 12745 12745 12745 9
20200109 1246 12745 12745 12745 12745 2
20200109 1251 12745 12745 12745 12745 4
20200109 1257 12745 12745 12745 12745 1
20200109 1309 12730 12730 12730 12730 1
20200109 1311 12730 12740 12730 12740 32
20200109 1321 12740 12740 12730 12740 17
20200109 1327 12740 12740 12740 12740 22
20200109 1331 12740 12740 12730 12740 15
20200109 1341 12740 12740 12730 12740 12
20200109 1351 12740 12740 12735 12740 10
20200109 1355 12745 12750 12745 12750 11
20200109 1359 12750 12750 12750 12750 5
20200109 1403 12745 12745 12745 12745 9
20200109 1411 12740 12750 12740 12750 30
20200109 1421 12750 12750 12740 12750 20
20200109 1431 12750 12750 12735 12750 18
20200109 1441 12750 12750 12735 12750 16
20200109 1452 12750 12750 12750 12750 3
20200109 1455 12750 12750 12750 12750 5
20200109 1500 12750 12750 12750 12750 115
20200109 1509 12750 12750 12750 12750 88
20200109 1530 12755 12755 12755 12755 10
20200110 901 12785 12785 12785 12785 2
20200110 903 12790 12790 12790 12790 504
20200110 911 12785 12795 12785 12795 61
20200110 912 12785 12785 12770 12770 7
20200110 916 12790 12790 12790 12790 2
20200110 921 12790 12790 12790 12790 7
20200110 929 12785 12785 12785 12785 1
20200110 931 12790 12790 12790 12790 6
20200110 941 12790 12790 12790 12790 3
20200110 943 12790 12790 12790 12790 50
20200110 945 12790 12790 12790 12790 1
20200110 1004 12790 12790 12790 12790 57
20200110 1011 12790 12795 12790 12795 57
20200110 1021 12795 12795 12795 12795 11
20200110 1031 12795 12795 12795 12795 6
20200110 1033 12790 12790 12790 12790 7
20200110 1041 12795 12795 12795 12795 3
20200110 1108 12795 12795 12795 12795 10
20200110 1111 12790 12795 12790 12795 52
20200110 1114 12790 12790 12790 12790 11
20200110 1121 12795 12795 12795 12795 14
20200110 1124 12795 12795 12795 12795 54
20200110 1131 12800 12800 12800 12800 16
20200110 1135 12800 12800 12800 12800 86
20200110 1141 12805 12805 12805 12805 3
20200110 1151 12805 12805 12805 12805 2
20200110 1206 12805 12805 12805 12805 6
20200110 1211 12795 12805 12795 12795 28
20200110 1221 12805 12805 12805 12805 15
20200110 1226 12805 12805 12805 12805 13
20200110 1231 12815 12815 12815 12815 9
20200110 1241 12815 12815 12815 12815 4
20200110 1243 12790 12790 12790 12790 50
20200110 1244 12790 12790 12790 12790 50
20200110 1245 12790 12790 12790 12790 49
20200110 1246 12790 12790 12790 12790 49
20200110 1247 12790 12790 12790 12790 49
20200110 1251 12815 12815 12815 12815 2
20200110 1303 12810 12810 12810 12810 2
20200110 1304 12810 12810 12810 12810 10
20200110 1309 12810 12810 12810 12810 23
20200110 1311 12790 12810 12790 12810 35
20200110 1317 12790 12790 12790 12790 366
20200110 1318 12785 12785 12785 12785 37
20200110 1321 12815 12815 12785 12815 19
20200110 1331 12815 12815 12810 12815 9
20200110 1341 12815 12815 12815 12815 6
20200110 1351 12815 12815 12815 12815 6
20200110 1411 12810 12815 12810 12815 26
20200110 1420 12815 12815 12815 12815 18
20200110 1421 12815 12815 12805 12815 20
20200110 1431 12815 12815 12795 12815 16
20200110 1440 12815 12815 12815 12815 2762
20200110 1441 12815 12815 12795 12815 10
20200110 1445 12795 12795 12790 12790 6
20200110 1530 12810 12810 12810 12810 56
20200113 901 12820 12820 12790 12790 439
20200113 902 12800 12800 12795 12795 80
20200113 911 12800 12820 12795 12820 131
20200113 916 12820 12820 12820 12820 4
20200113 917 12800 12800 12800 12800 11
20200113 922 12800 12800 12800 12800 25
20200113 925 12800 12800 12800 12800 14
20200113 928 12800 12800 12800 12800 1
20200113 950 12795 12800 12795 12800 55
20200113 1003 12795 12795 12775 12775 19222
20200113 1005 12775 12775 12770 12770 1000
20200113 1007 12800 12820 12800 12820 666
20200113 1011 12820 12820 12790 12790 101
20200113 1014 12800 12800 12800 12800 83
20200113 1021 12775 12775 12775 12775 3
20200113 1110 12775 12790 12775 12790 958
20200113 1111 12770 12790 12770 12790 105
20200113 1121 12770 12790 12770 12790 25
20200113 1211 12770 12790 12770 12790 75
20200113 1214 12765 12765 12765 12765 3
20200113 1221 12785 12785 12765 12785 17
20200113 1231 12785 12790 12785 12790 12
20200113 1241 12785 12785 12785 12785 2
20200113 1256 12765 12765 12765 12765 7
20200113 1259 12765 12765 12765 12765 8
20200113 1300 12790 12790 12790 12790 13
20200113 1302 12790 12790 12790 12790 1
20200113 1310 12790 12790 12790 12790 78
20200113 1311 12770 12790 12770 12790 61
20200113 1319 12790 12790 12790 12790 10
20200113 1321 12780 12790 12780 12790 31
20200113 1331 12780 12795 12780 12795 24
20200113 1341 12780 12795 12780 12795 18
20200113 1351 12795 12795 12780 12780 4
20200113 1352 12795 12795 12795 12795 191
20200113 1401 12780 12780 12780 12780 2
20200113 1411 12780 12795 12780 12795 47
20200113 1417 12790 12790 12790 12790 2534
20200113 1421 12780 12790 12780 12790 22
20200113 1431 12795 12795 12780 12795 37
20200113 1436 12795 12795 12795 12795 78
20200113 1441 12780 12795 12780 12795 29
20200113 1442 12795 12795 12795 12795 29
20200113 1508 12790 12790 12790 12790 400
20200114 901 12780 12780 12780 12780 35
20200114 903 12770 12770 12755 12755 252
20200114 911 12760 12780 12755 12780 78
20200114 921 12775 12775 12775 12775 13
20200114 925 12775 12775 12745 12745 5960
20200114 926 12745 12745 12745 12745 1283
20200114 927 12740 12740 12740 12740 5000
20200114 931 12745 12745 12745 12745 3
20200114 941 12745 12745 12745 12745 3
20200114 944 12745 12745 12745 12745 494
20200114 946 12740 12740 12740 12740 5
20200114 950 12745 12745 12745 12745 4000
20200114 951 12745 12745 12745 12745 3
20200114 1002 12740 12740 12740 12740 2
20200114 1009 12740 12740 12740 12740 93
20200114 1010 12740 12740 12740 12740 244
20200114 1011 12735 12740 12735 12740 68
20200114 1021 12740 12740 12740 12740 25
20200114 1022 12740 12740 12740 12740 59
20200114 1031 12740 12740 12740 12740 3
20200114 1036 12735 12735 12735 12735 24
20200114 1037 12735 12745 12735 12745 652
20200114 1038 12760 12760 12760 12760 78
20200114 1041 12770 12770 12770 12770 3
20200114 1044 12760 12760 12760 12760 4922
20200114 1045 12760 12760 12760 12760 78
20200114 1046 12760 12760 12760 12760 71339
20200114 1047 12760 12760 12760 12760 58583
20200114 1048 12760 12760 12760 12760 75544
20200114 1050 12760 12760 12760 12760 20000
20200114 1051 12760 12760 12760 12760 43432
20200114 1052 12760 12760 12760 12760 1128
20200114 1053 12760 12760 12760 12760 1128
20200114 1056 12770 12770 12770 12770 74
20200114 1104 12775 12775 12775 12775 5
20200114 1111 12760 12775 12760 12775 62
20200114 1121 12775 12775 12775 12775 25
20200114 1124 12775 12775 12775 12775 8
20200114 1130 12775 12775 12775 12775 1
20200114 1131 12775 12775 12775 12775 5
20200114 1136 12775 12775 12775 12775 37
20200114 1141 12780 12780 12780 12780 3
20200114 1150 12775 12775 12775 12775 200
20200114 1151 12775 12780 12775 12780 10
20200114 1204 12775 12775 12775 12775 100
20200114 1207 12775 12775 12775 12775 5
20200114 1208 12775 12775 12775 12775 1
20200114 1211 12760 12780 12760 12780 46
20200114 1221 12780 12780 12770 12780 27
20200114 1231 12780 12780 12770 12780 16
20200114 1241 12780 12780 12780 12780 6
20200114 1243 12780 12780 12780 12780 1
20200114 1251 12780 12780 12780 12780 3
20200114 1301 12780 12780 12780 12780 2
20200114 1303 12770 12770 12770 12770 25
20200114 1311 12770 12780 12770 12780 35
20200114 1321 12780 12780 12770 12780 20
20200114 1331 12780 12780 12770 12780 16
20200114 1341 12780 12780 12770 12780 12
20200114 1351 12780 12780 12770 12780 10
20200114 1401 12770 12780 12760 12780 202
20200114 1411 12760 12780 12760 12780 29
20200114 1421 12755 12775 12755 12775 26
20200114 1431 12770 12770 12770 12770 4
20200114 1436 12770 12770 12770 12770 16
20200114 1441 12770 12770 12755 12770 17
20200114 1445 12765 12770 12765 12770 7
20200114 1517 12770 12775 12770 12775 70
20200114 1518 12775 12780 12775 12780 14
20200114 1530 12785 12785 12785 12785 47
20200115 901 12745 12745 12720 12720 2968
20200115 905 12720 12720 12720 12720 150
20200115 908 12720 12720 12720 12720 46
20200115 911 12690 12710 12680 12680 17
20200115 913 12710 12710 12680 12680 210
20200115 921 12685 12715 12685 12715 6
20200115 928 12690 12690 12690 12690 91
20200115 931 12710 12710 12710 12710 2
20200115 942 12710 12710 12710 12710 1
20200115 950 12710 12710 12710 12710 1
20200115 951 12710 12710 12710 12710 1
20200115 959 12710 12710 12710 12710 1
20200115 1011 12700 12710 12685 12710 50
20200115 1021 12710 12710 12700 12710 9
20200115 1026 12700 12700 12700 12700 9
20200115 1031 12690 12700 12690 12700 2
20200115 1034 12700 12700 12685 12685 6
20200115 1035 12685 12685 12680 12680 790
20200115 1101 12710 12710 12710 12710 9
20200115 1107 12705 12705 12700 12700 3
20200115 1111 12690 12705 12690 12705 32
20200115 1113 12705 12705 12705 12705 12
20200115 1120 12705 12705 12705 12705 15
20200115 1121 12710 12710 12685 12710 13
20200115 1131 12685 12705 12685 12705 2
20200115 1132 12705 12705 12705 12705 4
20200115 1141 12700 12700 12685 12685 2
20200115 1152 12705 12705 12705 12705 5
20200115 1157 12710 12710 12710 12710 78
20200115 1206 12710 12710 12710 12710 4
20200115 1211 12700 12710 12700 12710 24
20200115 1212 12710 12710 12710 12710 100
20200115 1219 12710 12710 12710 12710 50
20200115 1221 12700 12710 12700 12710 15
20200115 1231 12700 12710 12700 12710 8
20200115 1232 12710 12710 12710 12710 2
20200115 1241 12700 12710 12700 12710 8
20200115 1251 12710 12710 12710 12710 2
20200115 1257 12700 12700 12700 12700 7
20200115 1259 12700 12700 12700 12700 103
20200115 1304 12695 12695 12695 12695 47
20200115 1311 12695 12710 12695 12710 32
20200115 1321 12695 12710 12695 12710 16
20200115 1331 12695 12710 12695 12710 11
20200115 1341 12710 12710 12710 12710 5
20200115 1351 12695 12710 12685 12710 87
20200115 1411 12695 12710 12695 12710 23
20200115 1418 12710 12710 12710 12710 1
20200115 1420 12710 12710 12710 12710 400
20200115 1421 12710 12710 12705 12710 418
20200115 1431 12705 12710 12705 12710 11
20200115 1441 12715 12715 12710 12715 12
20200115 1504 12710 12710 12710 12710 4
20200115 1506 12710 12710 12705 12705 100
20200115 1519 12715 12715 12705 12705 401
20200115 1530 12715 12715 12715 12715 33
20200116 901 12715 12715 12700 12700 40
20200116 902 12700 12700 12700 12700 1573
20200116 911 12700 12710 12700 12710 72
20200116 912 12710 12710 12710 12710 215
20200116 921 12715 12715 12715 12715 9
20200116 928 12715 12715 12715 12715 4
20200116 931 12715 12715 12715 12715 1
20200116 939 12715 12715 12715 12715 1
20200116 940 12715 12715 12715 12715 1
20200116 941 12715 12715 12715 12715 1
20200116 951 12715 12715 12715 12715 1
20200116 957 12715 12715 12715 12715 1
20200116 1001 12715 12715 12715 12715 1
20200116 1011 12710 12715 12705 12715 61
20200116 1021 12715 12715 12715 12715 13
20200116 1027 12715 12715 12715 12715 2
20200116 1031 12715 12715 12715 12715 5
20200116 1041 12715 12715 12715 12715 1
20200116 1051 12715 12715 12715 12715 1
20200116 1101 12715 12715 12715 12715 2
20200116 1111 12710 12715 12710 12715 41
20200116 1121 12715 12715 12715 12715 15
20200116 1131 12715 12715 12715 12715 11
20200116 1141 12715 12715 12715 12715 3
20200116 1151 12715 12715 12715 12715 1
20200116 1210 12715 12715 12715 12715 10
20200116 1211 12710 12715 12710 12715 32
20200116 1221 12710 12715 12710 12715 22
20200116 1231 12715 12715 12710 12715 14
20200116 1241 12715 12715 12710 12715 7
20200116 1251 12715 12715 12715 12715 1
20200116 1259 12715 12715 12715 12715 15
20200116 1311 12710 12715 12710 12715 28
20200116 1321 12710 12715 12710 12715 16
20200116 1331 12710 12715 12710 12715 12
20200116 1332 12710 12710 12695 12695 147
20200116 1333 12695 12695 12695 12695 5
20200116 1341 12715 12715 12695 12715 10
20200116 1351 12715 12715 12695 12715 9
20200116 1401 12695 12695 12695 12695 1
20200116 1411 12710 12715 12710 12715 25
20200116 1416 12715 12715 12715 12715 6
20200116 1419 12715 12715 12715 12715 7
20200116 1420 12715 12715 12715 12715 10
20200116 1421 12710 12715 12710 12715 16
20200116 1430 12715 12715 12715 12715 5
20200116 1431 12710 12715 12710 12715 14
20200116 1441 12710 12715 12710 12715 11
20200116 1448 12715 12715 12715 12715 24
20200116 1453 12715 12715 12715 12715 7
20200116 1459 12715 12715 12715 12715 13
20200116 1503 12715 12720 12715 12720 85
20200116 1511 12730 12730 12730 12730 31
20200116 1530 12730 12730 12730 12730 20
20200117 901 12730 12730 12730 12730 1
20200117 904 12715 12715 12715 12715 138
20200117 905 12715 12715 12715 12715 1382
20200117 906 12710 12710 12710 12710 1
20200117 909 12710 12710 12710 12710 150
20200117 910 12710 12710 12710 12710 76
20200117 911 12710 12720 12710 12720 91
20200117 915 12710 12710 12710 12710 240
20200117 916 12710 12710 12710 12710 74
20200117 918 12710 12710 12710 12710 161
20200117 920 12710 12710 12710 12710 45
20200117 921 12720 12720 12720 12720 5
20200117 922 12720 12720 12720 12720 1
20200117 946 12705 12705 12705 12705 142
20200117 950 12700 12700 12700 12700 91
20200117 956 12695 12695 12695 12695 5000
20200117 1011 12695 12700 12695 12700 60
20200117 1014 12700 12700 12700 12700 11
20200117 1021 12700 12700 12700 12700 17
20200117 1027 12700 12700 12700 12700 10
20200117 1031 12700 12700 12700 12700 3
20200117 1035 12700 12720 12700 12720 663
20200117 1036 12720 12730 12720 12730 117
20200117 1039 12745 12745 12745 12745 5
20200117 1046 12720 12720 12715 12715 5000
20200117 1047 12715 12715 12715 12715 5000
20200117 1048 12715 12715 12715 12715 25000
20200117 1049 12715 12715 12715 12715 18076
20200117 1111 12735 12735 12710 12735 39
20200117 1121 12740 12740 12740 12740 20
20200117 1131 12740 12740 12740 12740 4
20200117 1144 12740 12740 12740 12740 1
20200117 1200 12740 12740 12740 12740 65
20200117 1211 12725 12740 12725 12740 35
20200117 1215 12740 12740 12740 12740 1
20200117 1221 12740 12740 12710 12740 17
20200117 1229 12740 12740 12740 12740 5
20200117 1231 12740 12740 12740 12740 11
20200117 1241 12740 12740 12740 12740 9
20200117 1300 12740 12740 12740 12740 24
20200117 1305 12740 12740 12740 12740 14
20200117 1311 12725 12740 12725 12740 25
20200117 1318 12740 12740 12740 12740 4
20200117 1320 12720 12720 12710 12710 50
20200117 1321 12735 12735 12710 12735 20
20200117 1331 12735 12735 12710 12735 15
20200117 1333 12735 12750 12735 12750 400
20200117 1341 12750 12750 12750 12750 9
20200117 1351 12750 12750 12750 12750 5
20200117 1411 12740 12750 12740 12750 26
20200117 1416 12740 12740 12735 12735 100
20200117 1417 12735 12735 12735 12735 1
20200117 1421 12750 12750 12735 12750 19
20200117 1431 12735 12750 12735 12750 14
20200117 1441 12735 12750 12735 12750 13
20200117 1500 12750 12750 12750 12750 1
20200117 1507 12750 12750 12750 12750 100
20200117 1530 12750 12750 12750 12750 39
20200120 901 12840 12840 12840 12840 100
20200120 904 12835 12835 12835 12835 1112
20200120 909 12840 12840 12840 12840 17
20200120 911 12820 12840 12820 12840 159
20200120 921 12835 12835 12835 12835 9
20200120 929 12835 12835 12835 12835 1
20200120 930 12835 12835 12835 12835 1
20200120 943 12835 12835 12835 12835 5
20200120 944 12835 12835 12835 12835 5
20200120 951 12835 12835 12835 12835 10
20200120 1011 12830 12835 12820 12835 155
20200120 1020 12835 12835 12835 12835 1
20200120 1021 12835 12835 12825 12835 42
20200120 1029 12835 12835 12835 12835 6
20200120 1031 12835 12835 12825 12825 9
20200120 1041 12840 12840 12825 12825 9
20200120 1042 12825 12825 12825 12825 40
20200120 1047 12835 12835 12835 12835 100
20200120 1048 12840 12840 12840 12840 808
20200120 1051 12840 12840 12825 12825 8
20200120 1111 12830 12840 12825 12840 88
20200120 1121 12840 12840 12825 12840 49
20200120 1131 12840 12840 12825 12840 20
20200120 1141 12835 12835 12830 12830 9
20200120 1151 12835 12835 12830 12830 9
20200120 1155 12835 12835 12835 12835 80
20200120 1200 12835 12835 12835 12835 10
20200120 1201 12830 12830 12830 12830 5
20200120 1211 12830 12835 12830 12835 71
20200120 1221 12840 12840 12830 12840 45
20200120 1225 12830 12830 12830 12830 139
20200120 1231 12840 12840 12830 12840 43
20200120 1241 12840 12840 12830 12840 16
20200120 1251 12840 12840 12830 12830 9
20200120 1255 12830 12830 12825 12825 1000
20200120 1300 12840 12840 12840 12840 7
20200120 1301 12840 12840 12825 12825 9
20200120 1304 12825 12825 12825 12825 6
20200120 1306 12840 12840 12840 12840 1
20200120 1311 12825 12840 12825 12840 60
20200120 1321 12825 12840 12825 12840 44
20200120 1328 12840 12840 12840 12840 6
20200120 1330 12840 12840 12840 12840 11
20200120 1331 12825 12840 12825 12840 28
20200120 1332 12840 12840 12840 12840 14
20200120 1341 12830 12840 12830 12840 25
20200120 1351 12830 12840 12830 12840 11
20200120 1401 12835 12840 12835 12835 10
20200120 1411 12835 12840 12835 12840 52
20200120 1421 12830 12840 12830 12840 44
20200120 1423 12830 12830 12825 12825 216
20200120 1424 12825 12825 12825 12825 216
20200120 1426 12825 12825 12825 12825 216
20200120 1427 12825 12825 12825 12825 215
20200120 1428 12825 12825 12825 12825 215
20200120 1431 12825 12840 12825 12840 45
20200120 1432 12835 12835 12835 12835 1
20200120 1441 12825 12840 12825 12840 27
20200120 1448 12840 12840 12840 12840 10
20200120 1451 12835 12835 12835 12835 1
20200120 1530 12850 12850 12850 12850 413
20200121 901 12800 12800 12800 12800 413
20200121 902 12800 12825 12800 12825 226
20200121 911 12820 12825 12805 12825 115
20200121 921 12820 12820 12820 12820 5
20200121 922 12820 12820 12820 12820 5
20200121 924 12820 12820 12820 12820 3
20200121 936 12820 12825 12820 12825 43
20200121 937 12820 12820 12820 12820 11
20200121 1011 12820 12825 12820 12825 17
20200121 1021 12820 12825 12810 12810 905
20200121 1022 12810 12810 12800 12800 4000
20200121 1031 12820 12820 12820 12820 1
20200121 1035 12800 12800 12795 12795 4899
20200121 1049 12800 12800 12795 12795 1000
20200121 1054 12795 12795 12795 12795 240
20200121 1059 12795 12795 12795 12795 10
20200121 1108 12790 12790 12785 12785 100
20200121 1111 12785 12795 12785 12795 114
20200121 1121 12795 12795 12795 12795 5
20200121 1125 12795 12795 12795 12795 10
20200121 1127 12795 12795 12795 12795 1
20200121 1128 12795 12795 12795 12795 10
20200121 1130 12785 12785 12785 12785 200
20200121 1131 12795 12795 12795 12795 2
20200121 1134 12785 12785 12785 12785 100
20200121 1211 12790 12795 12790 12795 11
20200121 1217 12790 12790 12785 12785 400
20200121 1221 12795 12795 12795 12795 4
20200121 1229 12795 12795 12795 12795 3
20200121 1231 12795 12795 12795 12795 4
20200121 1302 12785 12785 12785 12785 7
20200121 1304 12795 12795 12795 12795 7
20200121 1311 12785 12795 12785 12795 11
20200121 1321 12795 12795 12795 12795 4
20200121 1331 12785 12795 12785 12795 16
20200121 1341 12795 12795 12795 12795 2
20200121 1344 12795 12795 12795 12795 2
20200121 1348 12795 12795 12795 12795 1
20200121 1352 12795 12795 12795 12795 8
20200121 1357 12785 12795 12785 12795 146
20200121 1359 12785 12785 12785 12785 1000
20200121 1400 12785 12785 12785 12785 100
20200121 1402 12785 12785 12785 12785 14
20200121 1403 12785 12785 12785 12785 10
20200121 1407 12795 12795 12795 12795 73
20200121 1411 12785 12795 12785 12795 8
20200121 1417 12795 12795 12795 12795 45
20200121 1421 12795 12795 12795 12795 3
20200121 1427 12795 12795 12795 12795 41
20200121 1431 12795 12795 12795 12795 3
20200121 1436 12790 12790 12790 12790 133
20200121 1437 12795 12795 12795 12795 22
20200121 1438 12790 12790 12785 12785 300
20200121 1441 12795 12795 12795 12795 3
20200121 1448 12785 12785 12785 12785 39
20200121 1453 12785 12785 12785 12785 126
20200121 1457 12780 12795 12780 12795 305
20200121 1501 12780 12780 12780 12780 100
20200121 1504 12795 12795 12795 12795 1
20200121 1505 12795 12795 12795 12795 1
20200121 1507 12795 12795 12795 12795 5
20200121 1508 12795 12795 12795 12795 1
20200121 1509 12795 12795 12795 12795 1
20200121 1511 12795 12795 12795 12795 1
20200121 1517 12795 12795 12795 12795 1
20200121 1530 12795 12795 12795 12795 391
20200122 902 12770 12770 12770 12770 78
20200122 906 12770 12770 12770 12770 1611
20200122 919 12785 12785 12785 12785 91
20200122 922 12770 12770 12760 12760 10
20200122 927 12770 12770 12770 12770 1
20200122 929 12785 12785 12785 12785 8
20200122 931 12785 12785 12785 12785 390
20200122 933 12765 12785 12765 12785 17
20200122 934 12780 12780 12780 12780 1
20200122 937 12780 12780 12780 12780 8
20200122 940 12780 12785 12765 12785 69
20200122 950 12785 12785 12785 12785 28
20200122 1000 12785 12785 12785 12785 1170
20200122 1006 12765 12765 12765 12765 2
20200122 1033 12765 12780 12765 12780 9
20200122 1038 12780 12780 12780 12780 11
20200122 1040 12770 12780 12770 12780 59
20200122 1042 12770 12770 12765 12765 165
20200122 1043 12765 12765 12765 12765 164
20200122 1044 12765 12765 12765 12765 164
20200122 1045 12770 12770 12765 12765 164
20200122 1046 12765 12765 12765 12765 164
20200122 1050 12780 12780 12780 12780 12
20200122 1106 12780 12780 12780 12780 8
20200122 1113 12780 12780 12780 12780 20
20200122 1133 12770 12780 12770 12780 11
20200122 1140 12770 12780 12770 12780 40
20200122 1143 12780 12780 12780 12780 25
20200122 1150 12765 12780 12765 12780 19
20200122 1152 12780 12780 12780 12780 3
20200122 1155 12765 12765 12765 12765 42
20200122 1200 12780 12780 12780 12780 4
20200122 1210 12780 12780 12780 12780 5
20200122 1226 12780 12780 12780 12780 8
20200122 1232 12780 12780 12780 12780 1
20200122 1233 12765 12780 12765 12780 9
20200122 1235 12780 12800 12780 12800 686
20200122 1240 12780 12810 12780 12810 36
20200122 1243 12810 12810 12810 12810 2
20200122 1250 12805 12810 12805 12810 17
20200122 1253 12810 12810 12810 12810 1
20200122 1300 12805 12810 12805 12810 14
20200122 1303 12805 12805 12805 12805 1
20200122 1306 12805 12805 12805 12805 7
20200122 1310 12785 12805 12785 12805 7
20200122 1319 12805 12805 12805 12805 3
20200122 1320 12805 12805 12805 12805 4
20200122 1333 12785 12805 12785 12805 8
20200122 1340 12785 12805 12785 12805 30
20200122 1343 12800 12800 12800 12800 2
20200122 1344 12800 12810 12800 12810 23
20200122 1350 12785 12810 12785 12810 16
20200122 1353 12805 12805 12805 12805 2
20200122 1356 12805 12810 12805 12810 23
20200122 1400 12785 12810 12785 12810 11
20200122 1410 12790 12805 12790 12805 5
20200122 1414 12810 12810 12810 12810 68
20200122 1418 12810 12810 12810 12810 7
20200122 1420 12790 12810 12790 12810 9
20200122 1430 12790 12810 12790 12810 6
20200122 1433 12795 12810 12795 12810 7
20200122 1438 12805 12805 12805 12805 3
20200122 1440 12790 12810 12790 12810 40
20200122 1443 12810 12810 12810 12810 4
20200122 1445 12790 12790 12790 12790 1
20200122 1450 12790 12810 12790 12810 32
20200122 1511 12810 12810 12810 12810 1
20200122 1530 12810 12810 12810 12810 75
20200123 901 12670 12670 12670 12670 75
20200123 904 12670 12670 12670 12670 636
20200123 905 12660 12660 12660 12660 4999
20200123 911 12660 12685 12660 12685 74
20200123 912 12680 12680 12680 12680 8
20200123 919 12680 12680 12680 12680 16
20200123 925 12685 12685 12685 12685 5
20200123 933 12660 12660 12655 12655 5000
20200123 934 12660 12660 12655 12655 252
20200123 936 12670 12670 12670 12670 1
20200123 949 12655 12655 12635 12635 5000
20200123 951 12635 12635 12635 12635 20000
20200123 952 12635 12635 12635 12635 25370
20200123 1009 12650 12650 12650 12650 15
20200123 1011 12645 12655 12640 12655 53
20200123 1018 12655 12655 12655 12655 3
20200123 1021 12660 12660 12660 12660 2
20200123 1030 12655 12655 12655 12655 16
20200123 1036 12660 12660 12660 12660 1
20200123 1037 12660 12660 12660 12660 5
20200123 1043 12660 12660 12660 12660 10
20200123 1047 12660 12660 12660 12660 2
20200123 1057 12660 12660 12660 12660 1
20200123 1111 12655 12660 12650 12660 26
20200123 1121 12665 12665 12665 12665 5
20200123 1127 12665 12665 12665 12665 5
20200123 1131 12665 12665 12665 12665 2
20200123 1135 12665 12665 12665 12665 3
20200123 1139 12660 12660 12660 12660 3
20200123 1140 12650 12650 12650 12650 75
20200123 1202 12665 12665 12665 12665 2
20200123 1211 12665 12665 12650 12665 35
20200123 1221 12665 12665 12655 12665 12
20200123 1231 12665 12665 12665 12665 9
20200123 1232 12665 12665 12665 12665 5
20200123 1241 12665 12665 12665 12665 2
20200123 1251 12665 12665 12665 12665 1
20200123 1256 12665 12665 12665 12665 1
20200123 1258 12665 12665 12665 12665 10
20200123 1306 12660 12660 12655 12655 7
20200123 1311 12665 12665 12655 12665 22
20200123 1316 12665 12665 12665 12665 8
20200123 1318 12665 12665 12665 12665 4
20200123 1320 12665 12665 12665 12665 8
20200123 1321 12665 12665 12655 12665 11
20200123 1324 12665 12665 12665 12665 5
20200123 1331 12670 12670 12665 12670 10
20200123 1334 12670 12670 12670 12670 1
20200123 1341 12680 12680 12670 12680 8
20200123 1342 12680 12680 12680 12680 8
20200123 1351 12680 12680 12665 12680 4
20200123 1401 12670 12670 12670 12670 1
20200123 1411 12680 12680 12665 12680 20
20200123 1421 12680 12680 12665 12680 14
20200123 1431 12680 12680 12665 12680 11
20200123 1441 12680 12680 12665 12680 7
20200123 1453 12680 12680 12680 12680 100
20200123 1458 12675 12675 12675 12675 100
20200123 1530 12680 12680 12680 12680 122
20200128 901 12330 12330 12330 12330 299
20200128 902 12330 12330 12330 12330 10
20200128 907 12360 12360 12360 12360 917
20200128 910 12360 12360 12320 12320 1617
20200128 911 12365 12365 12320 12345 35
20200128 913 12365 12365 12365 12365 9
20200128 917 12360 12360 12360 12360 209
20200128 921 12360 12360 12360 12360 11
20200128 922 12360 12360 12360 12360 10
20200128 934 12360 12360 12360 12360 1
20200128 937 12360 12360 12360 12360 250
20200128 938 12340 12360 12340 12360 51
20200128 948 12330 12330 12315 12315 211
20200128 950 12310 12360 12310 12360 1929
20200128 954 12360 12360 12360 12360 30
20200128 1007 12365 12365 12365 12365 5
20200128 1009 12365 12365 12365 12365 133
20200128 1011 12340 12365 12325 12365 30
20200128 1013 12325 12325 12325 12325 100
20200128 1016 12360 12360 12360 12360 82
20200128 1017 12360 12375 12360 12375 860
20200128 1033 12385 12385 12385 12385 1
20200128 1038 12385 12385 12385 12385 10
20200128 1042 12380 12380 12375 12375 2
20200128 1044 12370 12370 12365 12365 3
20200128 1056 12375 12380 12375 12380 100
20200128 1110 12365 12365 12350 12350 279
20200128 1111 12350 12375 12350 12375 18
20200128 1113 12375 12375 12350 12350 10
20200128 1117 12380 12380 12380 12380 9
20200128 1121 12380 12380 12380 12380 8
20200128 1128 12380 12380 12380 12380 32
20200128 1129 12380 12380 12380 12380 11
20200128 1131 12375 12375 12375 12375 8
20200128 1139 12355 12355 12355 12355 1
20200128 1148 12375 12375 12375 12375 1
20200128 1211 12355 12375 12350 12350 110
20200128 1221 12375 12375 12375 12375 5
20200128 1229 12375 12375 12375 12375 2
20200128 1230 12375 12375 12375 12375 30
20200128 1238 12355 12355 12350 12350 147
20200128 1246 12350 12370 12350 12370 80
20200128 1247 12370 12370 12350 12370 202
20200128 1248 12370 12375 12370 12375 91
20200128 1250 12370 12370 12370 12370 11
20200128 1253 12375 12375 12375 12375 1
20200128 1257 12380 12380 12380 12380 95
20200128 1258 12380 12380 12380 12380 22
20200128 1304 12380 12380 12380 12380 10
20200128 1307 12370 12380 12365 12380 79
20200128 1311 12380 12380 12380 12380 8
20200128 1316 12380 12380 12380 12380 80
20200128 1317 12365 12380 12365 12380 120
20200128 1319 12380 12380 12380 12380 16
20200128 1326 12365 12365 12365 12365 8
20200128 1401 12380 12380 12380 12380 1
20200128 1403 12380 12380 12380 12380 1
20200128 1404 12380 12405 12380 12405 3700
20200128 1407 12365 12380 12365 12380 11
20200128 1414 12390 12390 12365 12365 60
20200128 1420 12405 12405 12405 12405 12
20200128 1453 12380 12405 12365 12405 474
20200128 1459 12415 12415 12415 12415 1
20200128 1500 12405 12405 12405 12405 1
20200128 1501 12410 12410 12405 12405 443
20200128 1503 12405 12405 12405 12405 9
20200128 1507 12400 12405 12400 12405 33
20200128 1508 12370 12370 12370 12370 235
20200128 1509 12375 12375 12370 12370 234
20200128 1510 12370 12370 12370 12370 56
20200128 1516 12370 12370 12370 12370 3527
20200128 1518 12370 12370 12370 12370 984
20200128 1519 12365 12365 12365 12365 16
20200128 1530 12365 12365 12365 12365 104
20200129 901 12495 12495 12495 12495 71
20200129 902 12495 12495 12495 12495 195
20200129 903 12510 12510 12510 12510 102
20200129 907 12510 12510 12510 12510 1
20200129 911 12495 12510 12495 12510 116
20200129 916 12510 12510 12510 12510 1
20200129 921 12490 12510 12490 12510 19
20200129 931 12510 12510 12510 12510 5
20200129 941 12490 12510 12490 12510 195
20200129 943 12490 12490 12490 12490 39
20200129 954 12510 12510 12510 12510 15
20200129 956 12510 12510 12510 12510 1
20200129 959 12510 12510 12510 12510 5
20200129 1000 12510 12510 12510 12510 5
20200129 1011 12510 12510 12490 12510 123
20200129 1015 12510 12510 12510 12510 11
20200129 1021 12510 12510 12510 12510 5
20200129 1026 12510 12510 12510 12510 16
20200129 1030 12510 12510 12510 12510 30
20200129 1031 12510 12510 12510 12510 4
20200129 1041 12510 12510 12510 12510 3
20200129 1051 12505 12505 12505 12505 1
20200129 1100 12500 12500 12500 12500 11
20200129 1107 12500 12500 12500 12500 10
20200129 1111 12490 12500 12490 12500 38
20200129 1117 12500 12500 12500 12500 29
20200129 1121 12510 12510 12510 12510 26
20200129 1127 12510 12510 12510 12510 22
20200129 1130 12510 12510 12510 12510 2
20200129 1131 12510 12510 12510 12510 40
20200129 1158 12505 12505 12505 12505 2
20200129 1209 12505 12505 12505 12505 7
20200129 1211 12495 12500 12495 12500 21
20200129 1217 12500 12500 12500 12500 1
20200129 1218 12495 12495 12495 12495 5
20200129 1221 12490 12495 12490 12495 8
20200129 1224 12495 12495 12495 12495 1
20200129 1225 12495 12495 12495 12495 2
20200129 1226 12505 12520 12505 12520 18527
20200129 1228 12550 12550 12550 12550 467
20200129 1231 12530 12530 12530 12530 1
20200129 1241 12550 12550 12550 12550 6
20200129 1247 12545 12545 12545 12545 11
20200129 1251 12545 12545 12545 12545 3
20200129 1253 12545 12545 12545 12545 102
20200129 1255 12530 12545 12530 12545 43
20200129 1257 12545 12545 12545 12545 2
20200129 1305 12550 12550 12550 12550 89
20200129 1311 12545 12550 12545 12550 13
20200129 1315 12550 12550 12550 12550 53
20200129 1320 12550 12550 12550 12550 50
20200129 1321 12540 12550 12540 12550 11
20200129 1325 12550 12550 12550 12550 26
20200129 1331 12530 12550 12530 12550 7
20200129 1341 12530 12550 12530 12550 5
20200129 1347 12530 12530 12530 12530 3
20200129 1351 12530 12550 12530 12550 5
20200129 1355 12530 12550 12530 12550 86
20200129 1401 12550 12550 12550 12550 1
20200129 1405 12530 12550 12530 12550 61
20200129 1411 12530 12550 12530 12550 14
20200129 1413 12550 12550 12550 12550 5
20200129 1415 12535 12550 12530 12550 53
20200129 1421 12530 12550 12530 12550 11
20200129 1425 12550 12550 12550 12550 44
20200129 1431 12530 12550 12530 12550 7
20200129 1435 12545 12545 12545 12545 7
20200129 1438 12545 12545 12545 12545 19
20200129 1441 12545 12550 12545 12550 7
20200129 1445 12550 12550 12550 12550 30
20200129 1455 12535 12545 12530 12545 166
20200129 1501 12545 12545 12545 12545 145
20200129 1530 12545 12545 12545 12545 95
20200130 901 12575 12605 12575 12605 87
20200130 902 12600 12600 12590 12590 554
20200130 911 12580 12595 12575 12595 83
20200130 922 12580 12580 12580 12580 1
20200130 924 12575 12575 12575 12575 60
20200130 933 12575 12575 12575 12575 2
20200130 940 12570 12575 12570 12575 50
20200130 1011 12560 12575 12550 12575 95
20200130 1016 12570 12570 12570 12570 1
20200130 1021 12570 12570 12570 12570 1
20200130 1104 12570 12570 12570 12570 150
20200130 1109 12555 12555 12555 12555 1
20200130 1111 12555 12570 12555 12570 46
20200130 1121 12570 12570 12550 12570 19
20200130 1123 12550 12550 12545 12545 500
20200130 1131 12545 12545 12545 12545 12
20200130 1141 12545 12545 12545 12545 11
20200130 1204 12545 12545 12545 12545 2
20200130 1211 12555 12555 12545 12555 40
20200130 1221 12545 12555 12545 12555 23
20200130 1231 12545 12545 12535 12535 5
20200130 1235 12535 12535 12535 12535 21
20200130 1241 12530 12530 12530 12530 14
20200130 1251 12530 12530 12530 12530 17
20200130 1305 12545 12545 12545 12545 15
20200130 1310 12525 12525 12525 12525 100
20200130 1311 12525 12545 12525 12545 32
20200130 1313 12525 12525 12505 12505 5000
20200130 1314 12505 12505 12505 12505 180
20200130 1315 12500 12500 12500 12500 5000
20200130 1318 12500 12500 12500 12500 4
20200130 1319 12500 12500 12500 12500 2
20200130 1320 12500 12500 12495 12495 5001
20200130 1321 12495 12495 12490 12495 13
20200130 1330 12495 12495 12495 12495 10
20200130 1331 12490 12490 12475 12490 8
20200130 1341 12475 12475 12475 12475 4
20200130 1343 12475 12475 12475 12475 1
20200130 1345 12475 12475 12475 12475 5
20200130 1351 12475 12475 12475 12475 4
20200130 1353 12475 12475 12475 12475 5
20200130 1408 12475 12475 12465 12465 5122
20200130 1409 12465 12475 12465 12475 5000
20200130 1411 12450 12450 12445 12450 12
20200130 1412 12450 12450 12450 12450 7
20200130 1413 12450 12450 12450 12450 19792
20200130 1414 12450 12450 12450 12450 53456
20200130 1415 12450 12450 12450 12450 11441
20200130 1416 12450 12450 12450 12450 4820
20200130 1421 12450 12475 12450 12475 23
20200130 1423 12475 12475 12475 12475 100
20200130 1426 12450 12450 12450 12450 100
20200130 1428 12450 12450 12450 12450 344
20200130 1429 12450 12450 12450 12450 274
20200130 1431 12450 12475 12450 12475 20
20200130 1441 12450 12450 12450 12450 6
20200130 1442 12450 12450 12450 12450 4
20200130 1445 12450 12450 12450 12450 5
20200130 1446 12450 12450 12440 12440 58
20200130 1447 12450 12450 12450 12450 1
20200130 1452 12450 12450 12450 12450 7
20200130 1455 12450 12450 12450 12450 1
20200130 1456 12450 12450 12450 12450 1
20200130 1457 12440 12440 12440 12440 1
20200130 1458 12435 12435 12435 12435 1
20200130 1500 12435 12435 12420 12420 20000
20200130 1501 12420 12420 12420 12420 10000
20200130 1509 12430 12430 12425 12425 180
20200130 1513 12425 12460 12425 12460 104
20200130 1530 12470 12470 12470 12470 82
20200131 901 12460 12460 12460 12460 81
20200131 907 12460 12460 12460 12460 166
20200131 911 12470 12495 12460 12495 83
20200131 921 12490 12490 12490 12490 4
20200131 942 12490 12490 12490 12490 9
20200131 950 12520 12520 12520 12520 5
20200131 959 12535 12535 12535 12535 4
20200131 1002 12535 12535 12535 12535 20
20200131 1011 12530 12535 12525 12535 70
20200131 1020 12535 12535 12535 12535 212
20200131 1021 12535 12535 12535 12535 14
20200131 1029 12535 12535 12535 12535 2
20200131 1031 12535 12535 12535 12535 10
20200131 1036 12525 12525 12525 12525 41
20200131 1038 12525 12525 12525 12525 36
20200131 1040 12520 12520 12520 12520 170
20200131 1041 12520 12520 12520 12520 65
20200131 1044 12510 12510 12510 12510 129
20200131 1048 12530 12530 12530 12530 19
20200131 1056 12530 12530 12530 12530 1
20200131 1103 12530 12530 12530 12530 9
20200131 1111 12510 12525 12500 12525 51
20200131 1114 12525 12525 12525 12525 180
20200131 1121 12520 12520 12520 12520 17
20200131 1131 12525 12525 12525 12525 8
20200131 1141 12525 12525 12525 12525 6
20200131 1146 12505 12505 12500 12500 8636
20200131 1147 12500 12500 12495 12495 4798
20200131 1152 12495 12495 12495 12495 27
20200131 1211 12495 12515 12495 12515 28
20200131 1221 12515 12515 12515 12515 15
20200131 1231 12515 12515 12515 12515 9
20200131 1232 12495 12495 12490 12490 1000
20200131 1233 12510 12510 12510 12510 10
20200131 1236 12490 12490 12490 12490 15
20200131 1241 12510 12510 12510 12510 3
20200131 1251 12520 12520 12520 12520 7
20200131 1311 12495 12515 12490 12490 61
20200131 1312 12490 12490 12490 12490 264
20200131 1313 12490 12490 12490 12490 181
20200131 1319 12490 12490 12490 12490 5
20200131 1321 12515 12515 12490 12515 21
20200131 1331 12515 12515 12515 12515 9
20200131 1340 12515 12515 12515 12515 1
20200131 1341 12515 12515 12515 12515 8
20200131 1351 12515 12515 12515 12515 6
20200131 1352 12515 12525 12515 12525 29
20200131 1411 12495 12520 12495 12520 17
20200131 1414 12520 12520 12520 12520 3
20200131 1418 12520 12520 12520 12520 1
20200131 1419 12525 12525 12525 12525 5
20200131 1420 12520 12520 12520 12520 1
20200131 1421 12500 12525 12500 12525 23
20200131 1422 12520 12520 12520 12520 1
20200131 1431 12520 12520 12500 12520 10
20200131 1439 12520 12520 12520 12520 1
20200131 1441 12525 12525 12505 12525 20
20200131 1442 12525 12525 12525 12525 28
20200131 1457 12510 12510 12505 12505 37
20200131 1514 12500 12500 12500 12500 22
20200131 1517 12515 12520 12515 12520 23
20200131 1530 12520 12520 12520 12520 126
