날짜 시간 시가 고가 저가 종가 거래량
20190902 901 11510 11560 11510 11560 100
20190902 902 11575 11575 11575 11575 46
20190902 903 11540 11540 11485 11485 378
20190902 904 11490 11490 11485 11485 329
20190902 905 11475 11475 11475 11475 328
20190902 906 11535 11535 11475 11475 361
20190902 907 11480 11480 11475 11475 328
20190902 908 11520 11520 11520 11520 17
20190902 909 11480 11480 11480 11480 27
20190902 910 11480 11480 11480 11480 34
20190902 911 11470 11480 11470 11480 10
20190902 913 11480 11480 11480 11480 56
20190902 917 11475 11475 11475 11475 120
20190902 920 11510 11510 11510 11510 5
20190902 924 11470 11470 11470 11470 120
20190902 932 11470 11470 11470 11470 220
20190902 935 11500 11500 11500 11500 1
20190902 939 11500 11500 11500 11500 1
20190902 940 11465 11465 11465 11465 120
20190902 947 11450 11450 11450 11450 120
20190902 954 11500 11500 11500 11500 22
20190902 955 11450 11450 11450 11450 120
20190902 1001 11490 11515 11490 11515 706
20190902 1002 11515 11515 11515 11515 34
20190902 1003 11510 11515 11510 11515 18115
20190902 1008 11530 11545 11530 11545 100
20190902 1010 11520 11520 11510 11515 4318
20190902 1011 11515 11515 11510 11515 73
20190902 1014 11515 11515 11515 11515 67
20190902 1015 11515 11515 11515 11515 138
20190902 1018 11510 11510 11510 11510 120
20190902 1025 11510 11510 11510 11510 120
20190902 1033 11510 11510 11510 11510 120
20190902 1041 11510 11510 11510 11510 420
20190902 1048 11505 11505 11505 11505 120
20190902 1054 11510 11510 11510 11510 18
20190902 1056 11510 11510 11510 11510 120
20190902 1101 11505 11505 11505 11505 100
20190902 1102 11510 11510 11510 11510 1
20190902 1104 11505 11505 11505 11505 120
20190902 1106 11505 11505 11505 11505 100
20190902 1111 11505 11510 11505 11505 224
20190902 1112 11505 11505 11505 11505 84
20190902 1116 11510 11510 11510 11510 93
20190902 1117 11505 11505 11505 11505 106
20190902 1119 11505 11505 11505 11505 120
20190902 1122 11505 11505 11505 11505 100
20190902 1127 11505 11510 11505 11505 229
20190902 1129 11510 11510 11510 11510 21
20190902 1132 11510 11510 11510 11510 100
20190902 1134 11510 11510 11510 11510 120
20190902 1138 11510 11510 11510 11510 102
20190902 1142 11510 11510 11510 11510 2
20190902 1143 11505 11505 11505 11505 100
20190902 1148 11505 11505 11505 11505 100
20190902 1149 11505 11505 11505 11505 120
20190902 1151 11510 11510 11510 11510 14
20190902 1153 11505 11505 11505 11505 100
20190902 1157 11505 11505 11505 11505 120
20190902 1159 11505 11505 11505 11505 24
20190902 1204 11485 11485 11485 11485 100
20190902 1205 11485 11485 11485 11485 120
20190902 1209 11470 11470 11470 11470 100
20190902 1211 11475 11475 11475 11475 2
20190902 1212 11470 11470 11470 11470 120
20190902 1214 11500 11500 11500 11500 161
20190902 1215 11470 11470 11470 11470 178
20190902 1220 11470 11470 11470 11470 220
20190902 1225 11470 11470 11470 11470 100
20190902 1228 11470 11470 11470 11470 120
20190902 1230 11470 11470 11470 11470 100
20190902 1235 11470 11470 11470 11470 220
20190902 1239 11495 11510 11495 11510 200
20190902 1240 11510 11540 11510 11540 600
20190902 1241 11500 11500 11500 11500 100
20190902 1243 11500 11500 11500 11500 120
20190902 1246 11500 11500 11500 11500 100
20190902 1250 11505 11505 11505 11505 2
20190902 1251 11500 11500 11500 11500 100
20190902 1257 11500 11500 11500 11500 100
20190902 1258 11500 11500 11500 11500 120
20190902 1302 11500 11500 11500 11500 100
20190902 1304 11505 11505 11505 11505 2
20190902 1305 11505 11505 11505 11505 2
20190902 1306 11500 11505 11500 11505 122
20190902 1307 11505 11535 11500 11535 213
20190902 1308 11535 11535 11535 11535 1
20190902 1312 11525 11525 11525 11525 2
20190902 1313 11500 11500 11500 11500 120
20190902 1318 11500 11500 11500 11500 100
20190902 1321 11500 11520 11500 11520 122
20190902 1323 11500 11500 11500 11500 100
20190902 1328 11510 11510 11510 11510 100
20190902 1329 11500 11520 11500 11520 170
20190902 1333 11505 11505 11505 11505 44
20190902 1335 11505 11505 11505 11505 56
20190902 1336 11505 11505 11505 11505 120
20190902 1339 11500 11500 11500 11500 100
20190902 1341 11500 11500 11500 11500 1
20190902 1344 11500 11500 11500 11500 220
20190902 1349 11500 11500 11500 11500 100
20190902 1352 11500 11500 11500 11500 120
20190902 1354 11500 11500 11500 11500 100
20190902 1356 11500 11500 11500 11500 2
20190902 1358 11520 11520 11520 11520 2
20190902 1359 11500 11500 11500 11500 120
20190902 1400 11500 11500 11500 11500 100
20190902 1405 11500 11500 11500 11500 100
20190902 1407 11505 11505 11505 11505 120
20190902 1408 11520 11520 11520 11520 17
20190902 1410 11500 11500 11500 11500 100
20190902 1411 11500 11520 11500 11520 2
20190902 1414 11500 11500 11500 11500 120
20190902 1415 11500 11500 11500 11500 100
20190902 1421 11500 11520 11500 11520 101
20190902 1422 11500 11500 11500 11500 120
20190902 1426 11500 11500 11500 11500 100
20190902 1430 11500 11500 11500 11500 120
20190902 1431 11520 11520 11500 11500 121
20190902 1436 11500 11500 11500 11500 100
20190902 1437 11500 11500 11500 11500 120
20190902 1442 11500 11500 11500 11500 100
20190902 1445 11500 11500 11500 11500 120
20190902 1447 11500 11500 11500 11500 100
20190902 1452 11500 11500 11500 11500 100
20190902 1453 11500 11500 11500 11500 120
20190902 1457 11505 11505 11505 11505 100
20190902 1500 11500 11500 11500 11500 120
20190902 1501 11500 11500 11500 11500 98
20190902 1502 11500 11500 11500 11500 12
20190902 1503 11500 11500 11500 11500 100
20190902 1508 11500 11500 11500 11500 220
20190902 1513 11500 11500 11500 11500 100
20190902 1516 11500 11500 11500 11500 120
20190902 1519 11500 11500 11500 11500 100
20190902 1530 11500 11500 11500 11500 43
20190903 901 11560 11560 11560 11560 6
20190903 902 11595 11595 11595 11595 110
20190903 903 11615 11615 11615 11615 4
20190903 912 11570 11570 11570 11570 129
20190903 914 11570 11570 11570 11570 129
20190903 915 11570 11570 11570 11570 129
20190903 916 11570 11570 11570 11570 129
20190903 917 11565 11565 11565 11565 128
20190903 929 11565 11565 11565 11565 13
20190903 948 11590 11590 11590 11590 5
20190903 957 11565 11565 11565 11565 9
20190903 1012 11565 11565 11565 11565 4
20190903 1038 11570 11590 11570 11590 14
20190903 1043 11590 11595 11590 11595 141
20190903 1047 11590 11590 11590 11590 10
20190903 1048 11590 11605 11590 11605 6
20190903 1055 11605 11605 11605 11605 13
20190903 1058 11590 11605 11590 11605 5
20190903 1108 11605 11605 11605 11605 1
20190903 1121 11585 11600 11585 11600 8
20190903 1124 11600 11600 11600 11600 10
20190903 1131 11575 11595 11575 11595 4
20190903 1141 11570 11595 11570 11595 5
20190903 1151 11570 11595 11570 11595 4
20190903 1208 11595 11595 11595 11595 8
20190903 1211 11580 11595 11580 11595 7
20190903 1221 11580 11595 11580 11595 4
20190903 1231 11580 11595 11580 11595 4
20190903 1240 11590 11590 11590 11590 5
20190903 1241 11590 11590 11580 11580 4
20190903 1244 11590 11595 11590 11595 44
20190903 1251 11590 11590 11580 11580 4
20190903 1259 11590 11590 11590 11590 1
20190903 1301 11590 11590 11580 11580 10
20190903 1303 11580 11590 11580 11590 4
20190903 1305 11590 11590 11590 11590 4
20190903 1306 11590 11590 11590 11590 3
20190903 1307 11590 11590 11590 11590 3
20190903 1308 11590 11590 11590 11590 3
20190903 1310 11590 11595 11590 11595 112
20190903 1311 11595 11600 11595 11600 8
20190903 1312 11600 11600 11600 11600 2
20190903 1313 11595 11595 11595 11595 309
20190903 1321 11575 11575 11575 11575 2
20190903 1331 11570 11595 11570 11595 4
20190903 1341 11595 11595 11575 11595 4
20190903 1346 11575 11575 11570 11570 67
20190903 1351 11590 11590 11570 11570 4
20190903 1401 11590 11590 11570 11570 2
20190903 1406 11570 11570 11570 11570 8
20190903 1411 11570 11590 11570 11590 7
20190903 1421 11570 11590 11570 11590 7
20190903 1431 11570 11590 11570 11590 5
20190903 1441 11570 11595 11570 11595 4
20190903 1457 11570 11570 11570 11570 50
20190903 1518 11595 11595 11595 11595 2
20190903 1530 11575 11575 11575 11575 69
20190904 901 11530 11530 11530 11530 6
20190904 902 11530 11530 11530 11530 1807
20190904 911 11525 11550 11525 11550 16
20190904 931 11525 11525 11525 11525 775
20190904 934 11525 11525 11525 11525 775
20190904 937 11530 11530 11530 11530 22
20190904 940 11525 11525 11525 11525 5
20190904 943 11515 11515 11515 11515 775
20190904 946 11515 11515 11515 11515 775
20190904 947 11525 11525 11525 11525 5
20190904 949 11515 11515 11515 11515 773
20190904 952 11515 11515 11515 11515 775
20190904 955 11510 11510 11510 11510 5
20190904 958 11505 11505 11505 11505 775
20190904 1001 11505 11505 11505 11505 774
20190904 1004 11505 11505 11505 11505 775
20190904 1007 11505 11505 11505 11505 775
20190904 1010 11505 11505 11505 11505 775
20190904 1011 11505 11510 11505 11510 14
20190904 1013 11505 11505 11505 11505 776
20190904 1016 11505 11505 11505 11505 774
20190904 1018 11510 11510 11510 11510 514
20190904 1019 11510 11510 11505 11510 1029
20190904 1022 11510 11510 11510 11510 106
20190904 1025 11505 11505 11505 11505 774
20190904 1028 11505 11505 11505 11505 782
20190904 1031 11505 11505 11505 11505 775
20190904 1034 11505 11540 11505 11540 3018
20190904 1035 11580 11580 11580 11580 1
20190904 1037 11600 11600 11560 11560 785
20190904 1040 11565 11565 11565 11565 55
20190904 1043 11555 11555 11555 11555 775
20190904 1046 11555 11565 11555 11565 780
20190904 1049 11555 11555 11555 11555 775
20190904 1052 11555 11555 11555 11555 775
20190904 1055 11555 11555 11555 11555 774
20190904 1058 11555 11555 11555 11555 775
20190904 1101 11555 11555 11555 11555 775
20190904 1104 11555 11555 11555 11555 774
20190904 1105 11555 11555 11555 11555 10
20190904 1107 11555 11555 11555 11555 774
20190904 1110 11555 11555 11555 11555 775
20190904 1111 11555 11565 11555 11565 13
20190904 1113 11555 11555 11555 11555 775
20190904 1116 11555 11555 11555 11555 775
20190904 1119 11555 11555 11555 11555 774
20190904 1122 11555 11555 11555 11555 775
20190904 1125 11555 11555 11555 11555 137
20190904 1128 11545 11545 11545 11545 775
20190904 1131 11545 11545 11545 11545 775
20190904 1134 11545 11545 11545 11545 774
20190904 1137 11545 11545 11545 11545 676
20190904 1140 11535 11535 11535 11535 774
20190904 1143 11535 11535 11535 11535 775
20190904 1146 11535 11535 11535 11535 774
20190904 1149 11535 11535 11535 11535 677
20190904 1152 11530 11530 11530 11530 775
20190904 1155 11530 11530 11530 11530 775
20190904 1158 11530 11530 11530 11530 775
20190904 1201 11530 11530 11530 11530 675
20190904 1204 11525 11525 11525 11525 775
20190904 1207 11525 11525 11525 11525 775
20190904 1210 11515 11515 11515 11515 100
20190904 1211 11510 11515 11510 11515 12
20190904 1213 11515 11515 11510 11510 779
20190904 1216 11510 11510 11510 11510 775
20190904 1219 11505 11505 11505 11505 150
20190904 1221 11500 11500 11500 11500 1
20190904 1222 11500 11500 11500 11500 5
20190904 1225 11495 11495 11495 11495 5
20190904 1228 11490 11490 11490 11490 775
20190904 1232 11490 11490 11490 11490 775
20190904 1235 11475 11475 11475 11475 775
20190904 1238 11475 11475 11475 11475 775
20190904 1241 11475 11475 11475 11475 774
20190904 1244 11475 11475 11475 11475 775
20190904 1247 11435 11435 11435 11435 775
20190904 1250 11440 11440 11440 11440 230
20190904 1253 11435 11435 11435 11435 774
20190904 1254 11440 11440 11440 11440 200
20190904 1256 11435 11435 11435 11435 774
20190904 1259 11435 11435 11435 11435 775
20190904 1302 11435 11435 11435 11435 775
20190904 1305 11430 11430 11430 11430 774
20190904 1308 11430 11430 11430 11430 775
20190904 1311 11430 11440 11430 11440 791
20190904 1314 11430 11430 11430 11430 775
20190904 1317 11425 11425 11425 11425 775
20190904 1320 11430 11430 11430 11430 26
20190904 1321 11425 11425 11425 11425 2
20190904 1323 11425 11505 11425 11505 4129
20190904 1324 11505 11515 11505 11515 1000
20190904 1326 11465 11465 11465 11465 775
20190904 1329 11465 11465 11465 11465 775
20190904 1332 11470 11470 11470 11470 158
20190904 1335 11465 11465 11465 11465 774
20190904 1338 11465 11465 11465 11465 688
20190904 1340 11465 11515 11465 11515 1087
20190904 1341 11480 11480 11480 11480 775
20190904 1344 11505 11535 11505 11535 1074
20190904 1345 11535 11545 11535 11545 100
20190904 1347 11505 11505 11505 11505 775
20190904 1350 11505 11505 11505 11505 775
20190904 1353 11505 11505 11505 11505 676
20190904 1356 11500 11500 11500 11500 775
20190904 1357 11505 11505 11505 11505 99
20190904 1359 11500 11500 11500 11500 774
20190904 1402 11500 11500 11500 11500 775
20190904 1405 11500 11500 11500 11500 775
20190904 1408 11500 11500 11500 11500 775
20190904 1411 11500 11515 11500 11515 774
20190904 1414 11500 11500 11500 11500 775
20190904 1417 11500 11500 11500 11500 763
20190904 1420 11500 11540 11500 11500 875
20190904 1422 11515 11515 11515 11515 2
20190904 1423 11505 11505 11505 11505 342
20190904 1424 11505 11505 11505 11505 86
20190904 1425 11505 11505 11505 11505 55
20190904 1426 11505 11505 11500 11500 1066
20190904 1431 11500 11500 11495 11495 2136
20190904 1442 11515 11515 11515 11515 4
20190904 1449 11495 11495 11495 11495 406
20190904 1507 11540 11540 11540 11540 157
20190904 1515 11540 11600 11540 11600 700
20190904 1516 11600 11610 11600 11610 431
20190904 1518 11620 11625 11620 11625 9
20190905 901 11630 11630 11630 11630 6
20190905 907 11635 11640 11635 11640 6000
20190905 908 11630 11630 11630 11630 719
20190905 911 11615 11615 11615 11615 3
20190905 913 11640 11640 11640 11640 1
20190905 918 11640 11645 11640 11645 701
20190905 932 11665 11665 11665 11665 17
20190905 934 11665 11665 11665 11665 1
20190905 936 11640 11640 11640 11640 688
20190905 937 11645 11645 11645 11645 20
20190905 1004 11670 11670 11670 11670 1
20190905 1011 11645 11645 11645 11645 2
20190905 1012 11665 11665 11665 11665 2
20190905 1027 11665 11665 11665 11665 114
20190905 1029 11670 11695 11670 11695 200
20190905 1030 11695 11700 11695 11700 150
20190905 1031 11700 11700 11700 11700 46
20190905 1032 11720 11720 11720 11720 2
20190905 1033 11735 11735 11735 11735 3
20190905 1036 11735 11735 11735 11735 10000
20190905 1055 11730 11730 11730 11730 1
20190905 1107 11730 11730 11730 11730 20
20190905 1109 11710 11710 11710 11710 17
20190905 1110 11710 11710 11710 11710 5
20190905 1111 11705 11730 11705 11730 106
20190905 1146 11745 11745 11745 11745 1
20190905 1211 11720 11720 11720 11720 1
20190905 1237 11745 11745 11745 11745 1
20190905 1250 11735 11735 11735 11735 2
20190905 1252 11745 11750 11745 11750 29737
20190905 1253 11750 11750 11750 11750 10000
20190905 1254 11750 11750 11750 11750 1
20190905 1255 11750 11750 11750 11750 6749
20190905 1303 11745 11745 11745 11745 416
20190905 1311 11720 11720 11720 11720 1
20190905 1321 11720 11720 11720 11720 1
20190905 1328 11720 11720 11720 11720 1
20190905 1331 11715 11715 11715 11715 1
20190905 1335 11740 11740 11740 11740 10000
20190905 1339 11745 11745 11745 11745 10000
20190905 1341 11745 11745 11725 11725 10001
20190905 1350 11750 11750 11750 11750 20000
20190905 1352 11750 11750 11750 11750 84
20190905 1354 11750 11750 11750 11750 9916
20190905 1355 11750 11750 11750 11750 84
20190905 1357 11750 11750 11750 11750 9916
20190905 1358 11750 11750 11750 11750 84
20190905 1359 11750 11750 11750 11750 10017
20190905 1411 11740 11740 11740 11740 2
20190905 1419 11750 11750 11750 11750 101
20190905 1421 11725 11725 11725 11725 1
20190905 1431 11725 11725 11725 11725 1
20190905 1439 11745 11745 11720 11720 48
20190905 1446 11750 11750 11750 11750 30
20190905 1447 11745 11745 11720 11720 6
20190905 1459 11725 11725 11720 11720 198
20190905 1505 11720 11720 11720 11720 20
20190905 1511 11720 11720 11720 11720 1
20190905 1512 11715 11715 11710 11710 600
20190905 1513 11715 11715 11715 11715 1
20190905 1530 11720 11720 11720 11720 17
20190906 901 11755 11755 11755 11755 6
20190906 911 11725 11730 11725 11730 7
20190906 936 11730 11730 11730 11730 1
20190906 949 11750 11750 11750 11750 5
20190906 950 11750 11755 11750 11755 164
20190906 1011 11730 11755 11730 11755 2
20190906 1025 11750 11755 11750 11755 2
20190906 1030 11755 11755 11755 11755 50
20190906 1053 11745 11745 11745 11745 42
20190906 1107 11750 11750 11750 11750 1
20190906 1108 11745 11750 11745 11750 2
20190906 1111 11745 11750 11745 11750 2
20190906 1112 11750 11750 11750 11750 1
20190906 1114 11750 11750 11750 11750 10
20190906 1131 11750 11750 11750 11750 1
20190906 1143 11745 11745 11745 11745 3
20190906 1211 11735 11740 11735 11740 2
20190906 1222 11745 11745 11745 11745 4
20190906 1236 11745 11750 11745 11750 12
20190906 1311 11735 11750 11735 11750 2
20190906 1313 11750 11750 11750 11750 85
20190906 1327 11750 11755 11750 11755 90
20190906 1410 11755 11755 11755 11755 1
20190906 1411 11735 11755 11735 11755 2
20190906 1530 11755 11755 11755 11755 6
20190909 901 11790 11790 11790 11790 17
20190909 907 11780 11780 11780 11780 297
20190909 911 11790 11790 11765 11790 6
20190909 1007 11780 11780 11780 11780 1
20190909 1011 11775 11775 11765 11765 14
20190909 1013 11765 11765 11765 11765 1
20190909 1014 11760 11760 11760 11760 40
20190909 1017 11760 11760 11760 11760 14
20190909 1018 11760 11760 11760 11760 27
20190909 1021 11760 11760 11760 11760 13
20190909 1022 11760 11760 11760 11760 28
20190909 1025 11760 11760 11760 11760 13
20190909 1026 11760 11760 11760 11760 27
20190909 1028 11760 11760 11760 11760 14
20190909 1030 11760 11760 11760 11760 18
20190909 1031 11755 11755 11755 11755 12
20190909 1032 11755 11755 11755 11755 16
20190909 1034 11750 11750 11750 11750 13
20190909 1035 11750 11750 11750 11750 14
20190909 1036 11750 11750 11750 11750 27
20190909 1039 11750 11750 11750 11750 14
20190909 1040 11750 11750 11750 11750 13
20190909 1042 11750 11750 11750 11750 28
20190909 1044 11760 11775 11760 11775 63
20190909 1045 11750 11750 11750 11750 14
20190909 1047 11750 11750 11750 11750 14
20190909 1048 11750 11750 11750 11750 13
20190909 1049 11750 11750 11750 11750 27
20190909 1052 11750 11750 11750 11750 14
20190909 1053 11750 11750 11750 11750 14
20190909 1055 11750 11750 11750 11750 27
20190909 1057 11750 11750 11750 11750 11
20190909 1059 11745 11745 11745 11745 30
20190909 1101 11745 11745 11745 11745 27
20190909 1104 11745 11745 11745 11745 27
20190909 1106 11745 11745 11745 11745 27
20190909 1109 11745 11745 11745 11745 28
20190909 1111 11750 11750 11750 11750 4
20190909 1112 11745 11745 11745 11745 24
20190909 1114 11745 11745 11745 11745 27
20190909 1117 11745 11745 11745 11745 27
20190909 1120 11745 11745 11745 11745 27
20190909 1122 11745 11745 11745 11745 27
20190909 1125 11750 11750 11745 11745 28
20190909 1127 11745 11745 11745 11745 27
20190909 1130 11745 11745 11745 11745 27
20190909 1133 11745 11745 11745 11745 27
20190909 1135 11745 11745 11745 11745 27
20190909 1138 11745 11745 11745 11745 28
20190909 1140 11745 11745 11745 11745 27
20190909 1143 11745 11745 11745 11745 27
20190909 1146 11745 11760 11745 11760 54
20190909 1147 11770 11770 11770 11770 21
20190909 1148 11775 11775 11770 11770 3
20190909 1150 11750 11750 11750 11750 12
20190909 1151 11745 11745 11745 11745 13
20190909 1152 11745 11745 11745 11745 14
20190909 1154 11745 11745 11745 11745 27
20190909 1156 11745 11745 11745 11745 14
20190909 1157 11745 11745 11745 11745 27
20190909 1200 11745 11745 11745 11745 13
20190909 1201 11745 11745 11745 11745 28
20190909 1204 11745 11745 11745 11745 13
20190909 1205 11745 11745 11745 11745 27
20190909 1208 11745 11745 11745 11745 14
20190909 1209 11745 11745 11745 11745 27
20190909 1211 11755 11755 11755 11755 3
20190909 1212 11745 11745 11745 11745 11
20190909 1213 11745 11745 11745 11745 27
20190909 1216 11745 11745 11745 11745 14
20190909 1217 11745 11745 11745 11745 27
20190909 1220 11745 11745 11745 11745 13
20190909 1221 11745 11745 11745 11745 28
20190909 1224 11745 11745 11745 11745 13
20190909 1225 11745 11745 11745 11745 27
20190909 1228 11745 11745 11745 11745 14
20190909 1229 11745 11745 11745 11745 27
20190909 1231 11745 11745 11745 11745 14
20190909 1233 11745 11745 11745 11745 27
20190909 1235 11745 11745 11745 11745 14
20190909 1237 11745 11745 11745 11745 27
20190909 1239 11745 11745 11745 11745 13
20190909 1241 11745 11745 11745 11745 28
20190909 1243 11745 11745 11745 11745 13
20190909 1245 11745 11745 11745 11745 27
20190909 1247 11745 11745 11745 11745 14
20190909 1248 11745 11745 11745 11745 27
20190909 1250 11745 11745 11745 11745 43
20190909 1251 11745 11745 11745 11745 14
20190909 1252 11745 11745 11745 11745 27
20190909 1255 11745 11745 11745 11745 14
20190909 1256 11745 11745 11745 11745 27
20190909 1259 11745 11745 11745 11745 14
20190909 1300 11745 11745 11745 11745 27
20190909 1303 11745 11745 11745 11745 13
20190909 1304 11750 11760 11750 11760 25
20190909 1305 11755 11760 11755 11760 17
20190909 1306 11755 11765 11755 11765 17
20190909 1307 11760 11765 11760 11765 17
20190909 1309 11745 11745 11745 11745 13
20190909 1310 11755 11765 11755 11765 16
20190909 1311 11760 11760 11760 11760 3
20190909 1312 11745 11745 11745 11745 11
20190909 1313 11745 11745 11745 11745 13
20190909 1315 11745 11745 11745 11745 27
20190909 1317 11745 11745 11745 11745 14
20190909 1319 11745 11745 11745 11745 14
20190909 1320 11745 11745 11745 11745 27
20190909 1322 11750 11750 11750 11750 13
20190909 1324 11750 11750 11750 11750 28
20190909 1326 11750 11750 11750 11750 13
20190909 1328 11750 11750 11750 11750 27
20190909 1330 11750 11750 11750 11750 14
20190909 1332 11750 11750 11750 11750 27
20190909 1334 11750 11750 11750 11750 14
20190909 1336 11750 11750 11750 11750 27
20190909 1338 11750 11750 11750 11750 14
20190909 1339 11750 11750 11750 11750 27
20190909 1342 11750 11750 11750 11750 13
20190909 1343 11750 11750 11750 11750 28
20190909 1346 11750 11750 11750 11750 13
20190909 1347 11750 11750 11750 11750 27
20190909 1349 11760 11760 11760 11760 5
20190909 1350 11750 11750 11750 11750 9
20190909 1351 11755 11755 11750 11750 27
20190909 1352 11765 11765 11765 11765 12
20190909 1354 11750 11750 11750 11750 14
20190909 1355 11750 11750 11750 11750 27
20190909 1356 11750 11765 11750 11765 4
20190909 1358 11750 11750 11750 11750 14
20190909 1359 11750 11750 11750 11750 27
20190909 1402 11750 11750 11750 11750 14
20190909 1403 11750 11750 11750 11750 27
20190909 1406 11750 11750 11750 11750 13
20190909 1407 11750 11750 11750 11750 28
20190909 1408 11755 11755 11755 11755 30
20190909 1410 11755 11755 11755 11755 27
20190909 1412 11755 11755 11755 11755 27
20190909 1415 11755 11755 11755 11755 27
20190909 1417 11755 11755 11755 11755 27
20190909 1420 11755 11755 11755 11755 28
20190909 1423 11755 11755 11755 11755 27
20190909 1425 11755 11755 11755 11755 27
20190909 1428 11755 11755 11755 11755 10
20190909 1429 11750 11750 11750 11750 30
20190909 1442 11750 11750 11750 11750 17
20190909 1453 11750 11750 11750 11750 14
20190909 1518 11765 11775 11765 11775 400
20190909 1530 11760 11760 11760 11760 68
20190910 901 11790 11790 11790 11790 8
20190910 904 11790 11790 11790 11790 5
20190910 909 11790 11790 11790 11790 5
20190910 911 11785 11785 11785 11785 1
20190910 913 11785 11790 11785 11790 4
20190910 916 11790 11790 11790 11790 6
20190910 917 11790 11790 11790 11790 1
20190910 926 11765 11790 11765 11790 176
20190910 933 11765 11765 11755 11755 126
20190910 1011 11765 11775 11765 11775 4
20190910 1021 11765 11765 11765 11765 1
20190910 1059 11775 11775 11775 11775 5
20190910 1111 11765 11775 11765 11775 3
20190910 1211 11765 11775 11765 11775 3
20190910 1217 11775 11775 11775 11775 6
20190910 1304 11775 11775 11775 11775 9
20190910 1305 11775 11775 11775 11775 9
20190910 1306 11775 11775 11775 11775 8
20190910 1307 11775 11775 11775 11775 8
20190910 1308 11775 11775 11775 11775 8
20190910 1310 11775 11775 11775 11775 5
20190910 1311 11775 11775 11765 11775 10
20190910 1312 11775 11775 11775 11775 7
20190910 1313 11775 11775 11775 11775 2
20190910 1314 11775 11775 11775 11775 6
20190910 1315 11775 11775 11775 11775 5
20190910 1316 11775 11775 11775 11775 1
20190910 1324 11775 11775 11775 11775 4
20190910 1333 11775 11775 11775 11775 7
20190910 1402 11755 11755 11750 11750 90
20190910 1411 11750 11765 11750 11765 3
20190910 1517 11750 11750 11750 11750 30
20190910 1530 11750 11750 11750 11750 14
20190911 901 11790 11790 11790 11790 6
20190911 905 11790 11790 11790 11790 1
20190911 911 11760 11780 11760 11780 8
20190911 921 11780 11780 11780 11780 5
20190911 928 11780 11785 11780 11785 65
20190911 1011 11780 11785 11780 11785 6
20190911 1015 11785 11785 11785 11785 2
20190911 1019 11785 11785 11785 11785 238
20190911 1021 11785 11785 11785 11785 2
20190911 1031 11785 11785 11785 11785 1
20190911 1111 11760 11780 11760 11780 5
20190911 1121 11775 11775 11775 11775 1
20190911 1131 11780 11780 11780 11780 2
20190911 1143 11755 11755 11750 11750 329
20190911 1144 11750 11750 11745 11745 329
20190911 1145 11745 11745 11745 11745 329
20190911 1146 11745 11745 11745 11745 329
20190911 1147 11750 11750 11745 11745 328
20190911 1211 11750 11765 11750 11765 4
20190911 1215 11750 11750 11750 11750 4
20190911 1221 11765 11765 11765 11765 2
20190911 1223 11765 11765 11765 11765 10
20190911 1231 11765 11765 11765 11765 1
20190911 1241 11765 11765 11765 11765 1
20190911 1251 11765 11765 11765 11765 1
20190911 1311 11750 11765 11750 11765 4
20190911 1321 11760 11760 11760 11760 2
20190911 1331 11760 11760 11760 11760 1
20190911 1337 11760 11760 11760 11760 5
20190911 1341 11760 11760 11760 11760 1
20190911 1351 11760 11760 11760 11760 1
20190911 1411 11750 11760 11750 11760 2
20190911 1421 11765 11765 11765 11765 2
20190911 1431 11765 11765 11765 11765 2
20190911 1441 11765 11765 11765 11765 2
20190911 1443 11765 11765 11765 11765 1
20190911 1455 11765 11780 11765 11780 300
20190911 1458 11780 11780 11780 11780 67
20190911 1530 11785 11785 11785 11785 38
20190916 901 11910 11910 11910 11910 20
20190916 903 11910 11910 11910 11910 4
20190916 904 11905 11905 11905 11905 1
20190916 911 11860 11885 11860 11875 3
20190916 912 11885 11885 11885 11885 10
20190916 918 11885 11885 11885 11885 2
20190916 921 11885 11885 11885 11885 1
20190916 922 11880 11880 11860 11860 5
20190916 923 11860 11860 11860 11860 15
20190916 925 11885 11885 11885 11885 12
20190916 937 11880 11880 11880 11880 3
20190916 945 11880 11880 11880 11880 4
20190916 1011 11860 11880 11860 11880 17
20190916 1015 11875 11875 11875 11875 1
20190916 1017 11880 11880 11880 11880 5
20190916 1021 11880 11880 11880 11880 1
20190916 1057 11860 11860 11860 11860 45
20190916 1101 11880 11880 11880 11880 9
20190916 1106 11875 11875 11875 11875 10
20190916 1111 11860 11875 11860 11875 17
20190916 1121 11875 11875 11875 11875 1
20190916 1148 11860 11860 11860 11860 75
20190916 1211 11860 11880 11860 11880 17
20190916 1221 11880 11880 11880 11880 1
20190916 1231 11860 11860 11860 11860 1
20190916 1244 11860 11860 11860 11860 84
20190916 1302 11860 11860 11860 11860 2
20190916 1311 11860 11880 11860 11880 14
20190916 1321 11880 11880 11880 11880 4
20190916 1344 11880 11880 11880 11880 48
20190916 1405 11880 11880 11880 11880 5
20190916 1410 11860 11860 11860 11860 1088
20190916 1411 11860 11880 11860 11880 9
20190916 1421 11880 11880 11880 11880 4
20190916 1431 11875 11875 11875 11875 2
20190916 1441 11875 11875 11875 11875 2
20190916 1445 11875 11885 11875 11885 2000
20190916 1446 11885 11900 11885 11900 1000
20190916 1453 11900 11900 11900 11900 2
20190916 1530 11900 11900 11900 11900 6
20190917 901 11880 11880 11880 11880 6
20190917 902 11855 11855 11855 11855 297
20190917 911 11850 11865 11840 11865 12
20190917 932 11865 11865 11840 11840 24
20190917 949 11865 11865 11865 11865 1
20190917 1011 11840 11860 11840 11860 17
20190917 1023 11865 11865 11865 11865 13
20190917 1024 11865 11870 11865 11870 8
20190917 1025 11870 11875 11870 11875 304
20190917 1101 11875 11875 11875 11875 2
20190917 1111 11845 11865 11845 11865 13
20190917 1121 11865 11865 11865 11865 2
20190917 1124 11865 11865 11865 11865 2
20190917 1131 11865 11865 11865 11865 1
20190917 1151 11845 11845 11835 11835 167
20190917 1152 11835 11835 11830 11830 167
20190917 1153 11830 11830 11830 11830 167
20190917 1154 11830 11830 11825 11825 167
20190917 1156 11825 11825 11825 11825 167
20190917 1200 11825 11825 11825 11825 5
20190917 1211 11835 11835 11835 11835 5
20190917 1214 11835 11835 11835 11835 1
20190917 1224 11855 11855 11830 11830 5
20190917 1234 11855 11855 11855 11855 2
20190917 1243 11830 11830 11830 11830 17
20190917 1258 11855 11855 11855 11855 13
20190917 1311 11835 11835 11835 11835 3
20190917 1319 11835 11835 11835 11835 3
20190917 1321 11855 11855 11855 11855 2
20190917 1331 11850 11850 11850 11850 2
20190917 1341 11850 11850 11850 11850 1
20190917 1351 11850 11850 11850 11850 1
20190917 1404 11850 11850 11850 11850 1
20190917 1411 11825 11845 11825 11845 6
20190917 1414 11825 11825 11825 11825 437
20190917 1421 11825 11840 11825 11840 5
20190917 1431 11840 11840 11840 11840 2
20190917 1441 11840 11840 11840 11840 1
20190917 1456 11825 11825 11825 11825 105
20190917 1512 11825 11825 11825 11825 15
20190917 1513 11840 11840 11840 11840 116
20190917 1530 11830 11830 11830 11830 216
20190918 901 11865 11865 11865 11865 6
20190918 908 11850 11850 11850 11850 14
20190918 911 11840 11850 11840 11850 12
20190918 913 11840 11840 11840 11840 5
20190918 926 11840 11840 11840 11840 20
20190918 935 11840 11840 11840 11840 11
20190918 939 11850 11850 11850 11850 21
20190918 940 11850 11850 11850 11850 22
20190918 941 11860 11865 11860 11865 444
20190918 958 11860 11860 11860 11860 8
20190918 1011 11840 11860 11840 11860 7
20190918 1111 11840 11860 11840 11860 7
20190918 1130 11850 11850 11850 11850 2
20190918 1211 11850 11850 11850 11850 5
20190918 1254 11840 11840 11835 11835 29
20190918 1255 11835 11835 11830 11830 29
20190918 1257 11830 11830 11830 11830 29
20190918 1258 11830 11830 11830 11830 29
20190918 1259 11830 11830 11830 11830 28
20190918 1304 11830 11830 11830 11830 4
20190918 1311 11845 11845 11845 11845 2
20190918 1315 11845 11845 11845 11845 1
20190918 1317 11845 11850 11845 11850 60
20190918 1321 11850 11850 11850 11850 2
20190918 1358 11850 11850 11850 11850 2
20190918 1411 11850 11850 11850 11850 2
20190918 1421 11850 11850 11850 11850 2
20190918 1431 11850 11850 11850 11850 1
20190918 1516 11840 11860 11840 11860 422
20190919 901 11890 11890 11890 11890 6
20190919 902 11855 11855 11855 11855 10
20190919 911 11855 11880 11855 11880 11
20190919 944 11865 11915 11865 11915 1806
20190919 949 11915 11915 11915 11915 259
20190919 1011 11895 11895 11895 11895 5
20190919 1012 11920 11920 11920 11920 5
20190919 1017 11920 11920 11920 11920 1
20190919 1029 11895 11895 11880 11880 3296
20190919 1111 11880 11900 11880 11900 10
20190919 1120 11900 11900 11900 11900 10
20190919 1122 11900 11900 11900 11900 33
20190919 1133 11890 11890 11890 11890 34
20190919 1153 11890 11890 11890 11890 30
20190919 1211 11890 11895 11890 11895 7
20190919 1234 11890 11890 11885 11885 200
20190919 1241 11885 11885 11880 11880 82
20190919 1311 11880 11895 11880 11895 4
20190919 1321 11890 11890 11890 11890 1
20190919 1331 11890 11890 11890 11890 1
20190919 1340 11890 11890 11890 11890 50
20190919 1406 11875 11875 11875 11875 1
20190919 1407 11865 11865 11860 11860 16
20190919 1411 11865 11865 11865 11865 1
20190919 1418 11885 11885 11885 11885 1
20190919 1427 11885 11885 11885 11885 1
20190919 1432 11885 11885 11885 11885 1
20190919 1439 11860 11860 11860 11860 2
20190919 1441 11885 11885 11885 11885 1
20190919 1459 11885 11885 11885 11885 50
20190919 1515 11860 11860 11860 11860 27
20190919 1530 11895 11895 11895 11895 765
20190920 901 11975 11975 11975 11975 6
20190920 903 11975 11975 11975 11975 1
20190920 905 11935 11975 11935 11975 3
20190920 908 11940 11940 11940 11940 1
20190920 911 11945 11945 11940 11940 5
20190920 921 11940 11940 11940 11940 1
20190920 922 11940 11940 11940 11940 7
20190920 926 11940 11940 11940 11940 3
20190920 937 11945 11945 11945 11945 5
20190920 1011 11945 11965 11945 11965 10
20190920 1045 11965 11965 11965 11965 1
20190920 1100 11965 11965 11965 11965 10
20190920 1102 11965 11965 11965 11965 1
20190920 1103 11965 11975 11965 11975 875
20190920 1111 11970 11970 11950 11950 2
20190920 1133 11945 11945 11945 11945 1
20190920 1136 11975 11975 11975 11975 9
20190920 1211 11970 11970 11970 11970 2
20190920 1242 11970 11970 11970 11970 1
20190920 1253 11950 11950 11950 11950 70
20190920 1300 11945 11945 11945 11945 2
20190920 1303 11945 11945 11945 11945 3
20190920 1311 11950 11970 11950 11970 10
20190920 1321 11970 11970 11970 11970 2
20190920 1350 11950 11950 11945 11945 411
20190920 1351 11945 11945 11945 11945 822
20190920 1352 11945 11945 11945 11945 822
20190920 1353 11945 11945 11945 11945 822
20190920 1354 11945 11945 11940 11940 821
20190920 1355 11940 11940 11940 11940 410
20190920 1356 11960 11960 11960 11960 1
20190920 1411 11940 11955 11940 11955 5
20190920 1421 11940 11955 11940 11955 3
20190920 1431 11950 11950 11950 11950 2
20190920 1441 11945 11950 11945 11950 3
20190920 1443 11945 11945 11940 11940 20
20190920 1447 11940 11940 11940 11940 1
20190920 1451 11940 11940 11940 11940 69
20190920 1452 11940 11940 11940 11940 69
20190920 1453 11940 11940 11940 11940 69
20190920 1454 11940 11940 11940 11940 69
20190920 1455 11940 11940 11940 11940 684
20190920 1456 11940 11940 11940 11940 70
20190920 1530 11950 11950 11950 11950 198
20190923 901 11995 11995 11995 11995 17
20190923 903 12000 12010 12000 12010 101
20190923 910 12010 12010 12010 12010 25
20190923 911 11985 11985 11980 11985 4
20190923 912 12005 12005 12005 12005 9
20190923 913 11985 11985 11985 11985 400
20190923 915 11985 11985 11985 11985 91
20190923 916 11985 11985 11985 11985 30
20190923 920 11985 11985 11985 11985 10
20190923 921 11985 11985 11985 11985 10
20190923 924 11985 11985 11985 11985 10
20190923 925 11985 11985 11985 11985 7
20190923 927 11985 11985 11985 11985 7
20190923 930 11980 11980 11980 11980 91
20190923 931 11980 11980 11980 11980 4
20190923 937 11985 11985 11985 11985 470
20190923 938 11990 12025 11990 12025 769
20190923 939 12020 12020 12020 12020 2
20190923 1011 12015 12015 12000 12015 14
20190923 1021 12015 12015 12015 12015 1
20190923 1102 11990 11990 11980 11980 85
20190923 1103 11980 11980 11975 11975 425
20190923 1104 11975 11975 11975 11975 425
20190923 1105 11975 11975 11975 11975 339
20190923 1106 11975 11975 11975 11975 420
20190923 1108 11975 11975 11975 11975 1289
20190923 1111 12000 12000 11975 12000 14
20190923 1113 12000 12000 12000 12000 2
20190923 1116 12005 12005 12005 12005 10
20190923 1145 11995 11995 11995 11995 1
20190923 1211 11990 11990 11975 11990 14
20190923 1233 11980 11980 11980 11980 1
20190923 1300 11980 11980 11980 11980 1
20190923 1304 11980 11980 11980 11980 4
20190923 1305 11985 11990 11985 11990 12
20190923 1311 11970 11990 11970 11990 11
20190923 1321 11990 11990 11990 11990 1
20190923 1358 11975 11975 11970 11970 666
20190923 1400 11970 11970 11970 11970 666
20190923 1401 11970 11970 11970 11970 666
20190923 1402 11970 11970 11970 11970 665
20190923 1403 11970 11970 11970 11970 665
20190923 1411 11970 11990 11970 11990 6
20190923 1421 11970 11990 11970 11990 4
20190923 1431 11990 11990 11990 11990 1
20190923 1441 11990 11990 11990 11990 1
20190923 1514 11990 11995 11990 11995 13
20190923 1519 11995 12005 11995 12005 500
20190923 1530 12000 12000 12000 12000 19
20190924 901 11975 11975 11975 11975 36
20190924 903 11925 11940 11920 11940 1067
20190924 904 11930 11930 11920 11920 828
20190924 905 11920 11920 11920 11920 828
20190924 906 11920 11920 11915 11915 828
20190924 907 11915 11915 11915 11915 828
20190924 911 11940 11940 11915 11940 16
20190924 921 11915 11915 11915 11915 51
20190924 922 11915 11935 11915 11935 135
20190924 923 11915 11915 11915 11915 51
20190924 925 11915 11915 11915 11915 51
20190924 926 11915 11915 11910 11910 50
20190924 927 11935 11935 11935 11935 1
20190924 929 11935 11935 11935 11935 3
20190924 931 11910 11910 11910 11910 4
20190924 934 11915 11915 11915 11915 1
20190924 935 11910 11910 11910 11910 50
20190924 936 11915 11915 11915 11915 1
20190924 937 11915 11915 11915 11915 8
20190924 941 11915 11915 11915 11915 1105
20190924 1011 11910 11915 11910 11915 13
20190924 1021 11915 11915 11915 11915 1
20190924 1031 11910 11910 11910 11910 4
20190924 1035 11915 11915 11915 11915 5
20190924 1058 11915 11915 11910 11910 19
20190924 1100 11915 11915 11915 11915 4
20190924 1101 11910 11910 11910 11910 760
20190924 1111 11910 11915 11910 11915 13
20190924 1121 11915 11915 11915 11915 1
20190924 1126 11915 11915 11915 11915 64
20190924 1129 11915 11915 11915 11915 1
20190924 1131 11915 11915 11910 11915 23
20190924 1143 11910 11910 11910 11910 20
20190924 1158 11910 11910 11910 11910 30
20190924 1211 11910 11915 11910 11915 13
20190924 1214 11915 11915 11915 11915 1
20190924 1215 11910 11910 11910 11910 14
20190924 1219 11910 11910 11910 11910 90
20190924 1220 11910 11910 11910 11910 33
20190924 1221 11915 11915 11915 11915 2
20190924 1224 11915 11915 11915 11915 1
20190924 1226 11915 11915 11915 11915 1
20190924 1228 11915 11915 11915 11915 1
20190924 1231 11915 11915 11910 11910 3
20190924 1233 11915 11915 11915 11915 1
20190924 1241 11910 11910 11910 11910 1
20190924 1247 11910 11910 11910 11910 320
20190924 1305 11915 11915 11915 11915 82
20190924 1309 11920 11920 11920 11920 5
20190924 1311 11915 11920 11915 11920 10
20190924 1321 11920 11920 11920 11920 2
20190924 1331 11915 11920 11915 11920 2
20190924 1411 11915 11920 11915 11920 7
20190924 1418 11920 11920 11920 11920 5
20190924 1421 11920 11920 11920 11920 3
20190924 1431 11915 11920 11915 11920 2
20190924 1437 11920 11920 11920 11920 123
20190924 1440 11920 11920 11920 11920 12
20190924 1441 11920 11920 11920 11920 1
20190924 1509 11920 11920 11920 11920 10
20190924 1519 11920 11920 11920 11920 10
20190924 1530 11920 11920 11920 11920 13
20190925 901 11930 11930 11930 11930 6
20190925 905 11905 11905 11905 11905 670
20190925 911 11915 11930 11915 11915 13
20190925 921 11905 11905 11905 11905 11
20190925 931 11900 11900 11900 11900 1
20190925 941 11895 11895 11895 11895 32
20190925 1005 11895 11895 11895 11895 2
20190925 1006 11890 11890 11885 11885 170
20190925 1011 11885 11900 11885 11885 97
20190925 1013 11900 11900 11900 11900 141
20190925 1021 11890 11890 11890 11890 37
20190925 1031 11885 11885 11885 11885 36
20190925 1033 11885 11895 11885 11895 10
20190925 1041 11885 11885 11885 11885 27
20190925 1051 11885 11885 11885 11885 26
20190925 1101 11885 11885 11885 11885 17
20190925 1111 11885 11895 11885 11885 63
20190925 1116 11900 11900 11900 11900 90
20190925 1121 11885 11885 11885 11885 47
20190925 1131 11885 11885 11885 11885 43
20190925 1141 11885 11885 11885 11885 30
20190925 1151 11885 11885 11885 11885 28
20190925 1201 11885 11885 11885 11885 28
20190925 1211 11885 11900 11885 11885 65
20190925 1221 11885 11885 11885 11885 45
20190925 1230 11885 11885 11885 11885 6
20190925 1231 11885 11885 11885 11885 35
20190925 1241 11885 11885 11885 11885 31
20190925 1247 11885 11885 11885 11885 4
20190925 1249 11905 11905 11905 11905 1
20190925 1251 11885 11885 11885 11885 29
20190925 1254 11905 11905 11905 11905 1
20190925 1301 11885 11885 11885 11885 28
20190925 1305 11905 11905 11905 11905 4
20190925 1307 11905 11905 11905 11905 3
20190925 1308 11905 11905 11905 11905 11
20190925 1309 11905 11905 11905 11905 3
20190925 1310 11905 11905 11905 11905 3
20190925 1311 11885 11905 11885 11905 65
20190925 1313 11905 11905 11905 11905 17
20190925 1314 11905 11905 11905 11905 21
20190925 1315 11905 11905 11905 11905 20
20190925 1316 11905 11905 11905 11905 3
20190925 1317 11905 11905 11905 11905 3
20190925 1318 11905 11905 11905 11905 3
20190925 1320 11905 11905 11905 11905 1
20190925 1321 11905 11910 11905 11905 126
20190925 1322 11905 11905 11905 11905 15
20190925 1324 11885 11885 11885 11885 8
20190925 1330 11885 11885 11885 11885 6
20190925 1331 11885 11910 11885 11885 48
20190925 1332 11885 11885 11885 11885 11
20190925 1341 11885 11910 11885 11910 29
20190925 1351 11885 11910 11885 11910 17
20190925 1359 11885 11885 11885 11885 194
20190925 1400 11885 11885 11885 11885 194
20190925 1401 11885 11885 11885 11885 210
20190925 1402 11885 11885 11885 11885 194
20190925 1404 11885 11885 11885 11885 194
20190925 1409 11885 11885 11885 11885 100
20190925 1411 11885 11910 11885 11885 40
20190925 1421 11885 11910 11885 11885 89
20190925 1431 11885 11905 11885 11885 75
20190925 1436 11885 11885 11885 11885 61
20190925 1441 11885 11910 11885 11885 55
20190925 1451 11885 11885 11885 11885 21
20190925 1454 11910 11910 11910 11910 3
20190925 1530 11890 11890 11890 11890 130
20190926 901 11885 11885 11885 11885 46
20190926 902 11860 11860 11860 11860 112
20190926 911 11885 11885 11860 11885 20
20190926 914 11860 11860 11860 11860 49
20190926 941 11865 11865 11860 11860 204
20190926 942 11860 11860 11855 11855 295
20190926 943 11855 11855 11835 11835 1465
20190926 1011 11835 11855 11835 11855 12
20190926 1053 11835 11835 11835 11835 76
20190926 1111 11850 11855 11835 11855 11
20190926 1113 11835 11835 11835 11835 33
20190926 1114 11835 11835 11835 11835 32
20190926 1116 11835 11835 11835 11835 32
20190926 1117 11835 11835 11830 11830 32
20190926 1118 11830 11830 11830 11830 32
20190926 1119 11830 11830 11830 11830 6
20190926 1121 11830 11830 11830 11830 1
20190926 1154 11835 11835 11835 11835 20
20190926 1207 11835 11835 11835 11835 1
20190926 1211 11835 11855 11835 11855 8
20190926 1212 11835 11835 11835 11835 2
20190926 1221 11835 11835 11835 11835 2
20190926 1231 11835 11835 11835 11835 2
20190926 1248 11835 11835 11835 11835 23
20190926 1304 11855 11855 11855 11855 7
20190926 1311 11835 11855 11835 11855 6
20190926 1321 11835 11855 11835 11855 3
20190926 1326 11855 11855 11855 11855 2
20190926 1331 11835 11835 11835 11835 1
20190926 1341 11835 11835 11835 11835 1
20190926 1411 11835 11855 11835 11855 4
20190926 1421 11835 11855 11835 11855 3
20190926 1431 11835 11855 11835 11855 2
20190926 1441 11835 11855 11835 11855 2
20190926 1530 11840 11840 11840 11840 33
20190927 901 11900 11900 11900 11900 7
20190927 909 11900 11900 11900 11900 1
20190927 910 11900 11900 11900 11900 1
20190927 911 11865 11875 11865 11875 6
20190927 922 11890 11890 11890 11890 1
20190927 933 11890 11890 11890 11890 1
20190927 937 11890 11890 11890 11890 1
20190927 956 11890 11890 11890 11890 5
20190927 1007 11890 11890 11890 11890 1
20190927 1011 11865 11890 11865 11890 10
20190927 1014 11890 11890 11890 11890 10
20190927 1015 11890 11890 11890 11890 1
20190927 1021 11870 11870 11870 11870 1
20190927 1023 11890 11890 11890 11890 1
20190927 1027 11885 11885 11885 11885 1
20190927 1031 11890 11890 11870 11870 2
20190927 1035 11885 11885 11885 11885 1
20190927 1043 11890 11890 11890 11890 1
20190927 1047 11890 11890 11890 11890 1
20190927 1051 11890 11890 11890 11890 1
20190927 1054 11890 11890 11890 11890 1
20190927 1058 11890 11890 11890 11890 1
20190927 1106 11890 11890 11890 11890 1
20190927 1110 11890 11890 11890 11890 1
20190927 1111 11870 11890 11870 11890 8
20190927 1113 11885 11890 11885 11890 13
20190927 1114 11890 11890 11890 11890 1
20190927 1118 11890 11890 11890 11890 1
20190927 1121 11870 11890 11870 11890 2
20190927 1126 11885 11885 11885 11885 1
20190927 1127 11885 11885 11885 11885 1
20190927 1128 11885 11885 11885 11885 5
20190927 1130 11885 11885 11885 11885 1
20190927 1131 11870 11870 11870 11870 1
20190927 1134 11880 11880 11880 11880 1
20190927 1138 11885 11885 11885 11885 1
20190927 1142 11885 11885 11885 11885 1
20190927 1149 11885 11885 11885 11885 1
20190927 1153 11885 11885 11885 11885 1
20190927 1157 11885 11885 11885 11885 1
20190927 1201 11885 11885 11885 11885 1
20190927 1205 11885 11885 11885 11885 1
20190927 1211 11870 11885 11870 11885 6
20190927 1213 11880 11880 11880 11880 1
20190927 1217 11885 11885 11885 11885 1
20190927 1221 11885 11885 11870 11885 3
20190927 1225 11885 11885 11885 11885 1
20190927 1231 11870 11890 11870 11890 2
20190927 1233 11890 11890 11890 11890 1
20190927 1236 11890 11890 11890 11890 1
20190927 1237 11890 11890 11890 11890 1
20190927 1240 11885 11885 11885 11885 1
20190927 1244 11885 11885 11885 11885 1
20190927 1248 11885 11885 11885 11885 1
20190927 1254 11885 11885 11885 11885 4
20190927 1256 11885 11885 11885 11885 1
20190927 1300 11880 11885 11880 11885 2
20190927 1304 11885 11885 11870 11870 4
20190927 1306 11870 11870 11870 11870 18
20190927 1307 11870 11870 11870 11870 14
20190927 1308 11870 11875 11870 11870 19
20190927 1309 11870 11870 11870 11870 22
20190927 1310 11870 11870 11870 11870 16
20190927 1311 11870 11875 11870 11875 23
20190927 1312 11870 11870 11870 11870 32
20190927 1313 11870 11870 11870 11870 18
20190927 1314 11870 11870 11870 11870 18
20190927 1315 11870 11870 11870 11870 17
20190927 1316 11875 11875 11870 11870 18
20190927 1317 11870 11870 11870 11870 18
20190927 1318 11870 11875 11870 11875 22
20190927 1319 11870 11870 11870 11870 14
20190927 1320 11870 11875 11870 11870 18
20190927 1321 11870 11870 11870 11870 7
20190927 1322 11865 11865 11865 11865 18
20190927 1323 11865 11865 11865 11865 19
20190927 1324 11865 11870 11865 11865 33
20190927 1325 11865 11865 11865 11865 17
20190927 1326 11865 11865 11865 11865 18
20190927 1327 11865 11865 11865 11865 18
20190927 1328 11870 11870 11865 11865 18
20190927 1329 11865 11865 11865 11865 32
20190927 1330 11865 11865 11865 11865 31
20190927 1331 11870 11870 11865 11870 16
20190927 1332 11865 11865 11865 11865 18
20190927 1333 11865 11865 11865 11865 18
20190927 1334 11865 11865 11865 11865 18
20190927 1335 11865 11865 11865 11865 17
20190927 1336 11865 11865 11865 11865 31
20190927 1337 11865 11865 11865 11865 18
20190927 1338 11865 11865 11865 11865 18
20190927 1339 11865 11870 11865 11870 19
20190927 1340 11865 11865 11865 11865 18
20190927 1341 11865 11870 11865 11865 17
20190927 1342 11865 11865 11865 11865 32
20190927 1343 11870 11870 11865 11865 15
20190927 1344 11865 11865 11865 11865 18
20190927 1345 11865 11865 11865 11865 18
20190927 1346 11865 11865 11865 11865 17
20190927 1347 11865 11870 11865 11870 19
20190927 1348 11865 11865 11865 11865 31
20190927 1349 11865 11865 11865 11865 18
20190927 1350 11865 11865 11865 11865 17
20190927 1351 11865 11870 11865 11865 19
20190927 1352 11865 11865 11865 11865 18
20190927 1353 11865 11865 11865 11865 17
20190927 1354 11865 11865 11865 11865 32
20190927 1355 11865 11865 11865 11865 13
20190927 1356 11865 11865 11865 11865 18
20190927 1357 11865 11865 11865 11865 18
20190927 1358 11865 11865 11865 11865 18
20190927 1359 11865 11870 11865 11870 19
20190927 1400 11865 11865 11865 11865 30
20190927 1401 11865 11865 11865 11865 18
20190927 1402 11865 11865 11865 11865 18
20190927 1403 11870 11870 11870 11870 1
20190927 1404 11865 11865 11865 11865 18
20190927 1405 11865 11865 11865 11865 18
20190927 1406 11865 11865 11865 11865 30
20190927 1407 11870 11870 11865 11865 29
20190927 1408 11865 11865 11865 11865 18
20190927 1409 11865 11865 11865 11865 18
20190927 1410 11865 11865 11865 11865 19
20190927 1411 11865 11870 11865 11870 20
20190927 1412 11865 11865 11865 11865 14
20190927 1413 11865 11865 11865 11865 18
20190927 1414 11865 11865 11865 11865 18
20190927 1415 11870 11870 11865 11865 19
20190927 1416 11865 11865 11865 11865 17
20190927 1417 11865 11865 11865 11865 18
20190927 1418 11865 11865 11865 11865 45
20190927 1419 11865 11865 11865 11865 14
20190927 1420 11865 11865 11865 11865 18
20190927 1421 11865 11870 11865 11870 21
20190927 1423 11870 11870 11865 11865 23
20190927 1424 11865 11865 11865 11865 32
20190927 1425 11865 11865 11865 11865 17
20190927 1426 11865 11880 11865 11880 31
20190927 1427 11865 11865 11865 11865 18
20190927 1428 11865 11865 11865 11865 18
20190927 1429 11865 11865 11865 11865 18
20190927 1430 11865 11880 11865 11865 33
20190927 1431 11880 11880 11880 11880 1
20190927 1434 11880 11880 11880 11880 1
20190927 1438 11880 11880 11880 11880 1
20190927 1441 11865 11880 11865 11880 4
20190927 1446 11880 11880 11880 11880 1
20190927 1450 11880 11880 11880 11880 1
20190927 1454 11880 11880 11880 11880 1
20190927 1458 11880 11880 11880 11880 1
20190927 1506 11880 11880 11880 11880 1
20190927 1510 11880 11880 11880 11880 1
20190927 1511 11880 11890 11880 11890 400
20190927 1518 11890 11890 11890 11890 1
20190927 1530 11880 11880 11880 11880 133
20190930 901 11975 11975 11950 11975 193
20190930 903 11975 11975 11975 11975 27
20190930 911 11945 11970 11935 11970 25
20190930 916 11970 11970 11970 11970 9
20190930 936 11965 11965 11965 11965 1
20190930 1011 11940 11960 11940 11960 4
20190930 1016 11940 11960 11940 11960 11
20190930 1021 11940 11940 11940 11940 1
20190930 1031 11940 11955 11940 11955 9
20190930 1111 11935 11935 11935 11935 3
20190930 1121 11935 11935 11935 11935 1
20190930 1122 11955 11960 11955 11960 10
20190930 1131 11935 11955 11935 11955 9
20190930 1153 11955 11960 11955 11960 10
20190930 1211 11935 11935 11935 11935 2
20190930 1221 11935 11935 11935 11935 2
20190930 1223 11960 11960 11960 11960 1
20190930 1231 11935 11955 11935 11955 7
20190930 1237 11960 11960 11955 11955 9
20190930 1243 11960 11960 11960 11960 42
20190930 1303 11960 11960 11960 11960 16
20190930 1306 11955 11955 11955 11955 8
20190930 1311 11935 11935 11935 11935 2
20190930 1312 11955 11955 11955 11955 4
20190930 1313 11955 11955 11955 11955 3
20190930 1314 11955 11955 11955 11955 3
20190930 1315 11955 11955 11955 11955 3
20190930 1316 11955 11955 11955 11955 3
20190930 1321 11935 11935 11935 11935 2
20190930 1329 11940 11940 11940 11940 10
20190930 1331 11940 11955 11940 11955 9
20190930 1341 11955 11955 11955 11955 2
20190930 1343 11955 11955 11955 11955 1
20190930 1411 11940 11940 11940 11940 2
20190930 1421 11940 11940 11940 11940 1
20190930 1431 11940 11955 11940 11955 5
20190930 1441 11940 11950 11940 11950 4
20190930 1444 11940 11940 11935 11935 18
20190930 1504 11950 11950 11950 11950 9
20190930 1508 11955 11955 11955 11955 13
20190930 1509 11950 11950 11950 11950 3
20190930 1514 11955 11955 11955 11955 2
20190930 1515 11955 11955 11955 11955 16
20190930 1517 11955 11955 11955 11955 5
20190930 1530 11940 11940 11940 11940 833
