날짜 시간 시가 고가 저가 종가 거래량
20181203 911 13230 13230 13230 13230 20
20181203 919 13230 13230 13230 13230 158
20181203 927 13255 13255 13255 13255 151
20181203 958 13416 13416 13416 13416 1
20181203 1023 13445 13445 13445 13445 1
20181203 1032 13450 13450 13450 13450 1
20181203 1035 13455 13455 13455 13455 4
20181203 1106 13455 13460 13455 13460 31
20181203 1116 13475 13475 13475 13475 28
20181203 1119 13475 13475 13475 13475 2
20181203 1135 13475 13475 13475 13475 35
20181203 1140 13479 13479 13479 13479 6
20181203 1210 13538 13538 13538 13538 5
20181203 1238 13514 13514 13514 13514 20
20181203 1259 13475 13475 13475 13475 382
20181203 1333 13465 13465 13450 13450 5
20181203 1503 13484 13484 13484 13484 9
20181203 1513 13484 13484 13484 13484 5
20181203 1530 13504 13504 13504 13504 18
20181204 906 13421 13421 13401 13401 11
20181204 949 13352 13352 13352 13352 297
20181204 1003 13352 13352 13352 13352 2
20181204 1058 13333 13333 13333 13333 1
20181204 1121 13318 13318 13318 13318 220
20181204 1210 13318 13318 13318 13318 1
20181204 1211 13318 13323 13318 13323 37
20181204 1221 13348 13348 13348 13348 1
20181204 1314 13313 13313 13313 13313 1
20181204 1339 13289 13289 13289 13289 1
20181204 1420 13250 13250 13250 13250 1
20181204 1428 13230 13230 13230 13230 1
20181204 1459 13221 13221 13221 13221 17
20181204 1506 13230 13230 13230 13230 1
20181204 1513 13265 13265 13265 13265 8
20181204 1530 13304 13304 13304 13304 20
20181205 908 13059 13059 13059 13059 2
20181205 953 13059 13059 13040 13045 151
20181205 1006 13074 13074 13074 13074 202
20181205 1031 13089 13089 13089 13089 354
20181205 1039 13113 13113 13113 13113 1
20181205 1048 13113 13113 13113 13113 251
20181205 1056 13142 13142 13142 13142 152
20181205 1104 13177 13177 13177 13177 101
20181205 1106 13191 13191 13191 13191 51
20181205 1110 13181 13181 13181 13181 189
20181205 1142 13172 13172 13172 13172 505
20181205 1147 13181 13181 13181 13181 54
20181205 1156 13211 13211 13211 13211 151
20181205 1213 13221 13221 13221 13221 1
20181205 1220 13216 13216 13216 13216 1
20181205 1245 13181 13181 13181 13181 404
20181205 1246 13181 13181 13181 13181 254
20181205 1248 13186 13186 13186 13186 98
20181205 1322 13181 13181 13181 13181 201
20181205 1339 13167 13167 13167 13167 354
20181205 1340 13167 13167 13167 13167 152
20181205 1406 13147 13147 13147 13147 100
20181205 1421 13113 13113 13113 13113 556
20181205 1449 13137 13137 13137 13137 7
20181205 1453 13133 13133 13133 13133 498
20181205 1513 13133 13133 13133 13133 51
20181205 1518 13123 13123 13123 13123 201
20181205 1519 13128 13128 13128 13128 102
20181206 930 13191 13191 13191 13191 1
20181206 942 13172 13172 13172 13172 2
20181206 1201 13040 13040 13040 13040 1
20181206 1220 13010 13010 13010 13010 5
20181206 1510 13010 13010 13010 13010 75
20181206 1518 12996 12996 12991 12991 20
20181207 901 13040 13040 13040 13040 2
20181207 902 13045 13045 13045 13045 2
20181207 903 13050 13050 13050 13050 3
20181207 922 13050 13050 13050 13050 2
20181207 958 12962 12962 12962 12962 200
20181207 1052 12922 12922 12922 12922 7
20181207 1208 12830 12830 12830 12830 1
20181207 1209 12825 12825 12825 12825 75
20181207 1217 12810 12810 12810 12810 195
20181207 1236 12864 12864 12864 12864 5
20181207 1530 12903 12903 12903 12903 7
20181210 901 12791 12791 12791 12791 5
20181210 902 12737 12737 12737 12737 2
20181210 903 12727 12727 12727 12727 3
20181210 906 12776 12776 12776 12776 7
20181210 920 12776 12776 12776 12776 5
20181210 1004 12678 12678 12678 12678 100
20181210 1120 12678 12678 12678 12678 32
20181210 1128 12678 12678 12678 12678 100
20181210 1137 12659 12659 12654 12654 12
20181210 1212 12639 12639 12639 12639 1
20181210 1218 12615 12615 12615 12615 20
20181210 1322 12615 12615 12615 12615 1
20181210 1342 12615 12615 12615 12615 21
20181210 1417 12605 12605 12605 12605 86
20181210 1530 12698 12698 12698 12698 1
20181211 948 12673 12673 12673 12673 8
20181211 1143 12712 12712 12712 12712 5
20181211 1145 12717 12717 12717 12717 150
20181211 1209 12708 12708 12708 12708 200
20181211 1224 12722 12722 12722 12722 1
20181211 1405 12722 12722 12722 12722 4
20181211 1406 12722 12722 12722 12722 115
20181211 1419 12732 12732 12732 12732 7
20181212 924 12825 12825 12825 12825 100
20181212 947 12864 12864 12864 12864 5
20181212 1048 12830 12830 12830 12830 1
20181212 1052 12820 12820 12820 12820 1
20181212 1254 12820 12820 12820 12820 2
20181212 1340 12820 12820 12820 12820 10
20181212 1352 12820 12820 12820 12820 88
20181213 901 12854 12854 12854 12854 2
20181213 902 12844 12844 12844 12844 2
20181213 903 12815 12815 12815 12815 3
20181213 925 12903 12903 12903 12903 100
20181213 952 12903 12903 12903 12903 1
20181213 1154 12952 12952 12952 12952 5
20181213 1207 12962 12962 12962 12962 2
20181213 1220 13020 13020 13020 13020 5
20181213 1229 13020 13020 13020 13020 24
20181213 1234 12981 12981 12981 12981 10
20181213 1247 12996 12996 12996 12996 20
20181213 1249 12991 12991 12991 12991 1
20181214 906 13089 13089 13089 13089 3
20181214 919 13074 13074 13069 13069 20
20181214 920 13064 13064 13064 13064 10
20181214 923 13054 13054 13054 13054 8
20181214 945 13030 13030 13020 13020 4
20181214 946 13020 13020 13020 13020 1
20181214 951 13001 13001 13001 13001 1
20181214 1005 12991 12991 12991 12991 300
20181214 1153 12815 12815 12815 12815 49
20181214 1359 12874 12874 12874 12874 11
20181214 1406 12869 12869 12869 12869 1
20181217 905 12991 12991 12991 12991 100
20181217 913 13035 13035 13035 13035 4
20181217 920 13035 13035 13035 13035 2
20181217 927 13059 13059 13059 13059 2
20181217 932 13064 13064 13064 13064 50
20181217 939 13020 13020 13020 13020 50
20181217 945 13001 13001 13001 13001 100
20181217 948 12991 12991 12991 12991 51
20181217 957 12981 12981 12981 12981 150
20181217 1011 13015 13015 13015 13015 100
20181217 1018 13001 13001 13001 13001 200
20181217 1033 12996 12996 12996 12996 200
20181217 1049 13001 13001 13001 13001 250
20181217 1103 12986 12986 12986 12986 200
20181217 1117 12981 12981 12981 12981 200
20181217 1132 12976 12976 12976 12976 200
20181217 1141 12976 12976 12976 12976 10
20181217 1143 12976 12976 12976 12976 140
20181217 1202 12986 12986 12986 12986 300
20181217 1215 12976 12976 12976 12976 150
20181217 1224 12966 12966 12966 12966 150
20181217 1237 12952 12952 12952 12952 200
20181217 1302 12957 12957 12957 12957 350
20181217 1317 12947 12947 12947 12947 200
20181217 1333 12942 12942 12942 12942 250
20181217 1347 12937 12937 12937 12937 200
20181217 1359 12922 12922 12922 12922 150
20181217 1408 12922 12922 12922 12922 150
20181217 1422 12918 12918 12918 12918 200
20181217 1439 12922 12922 12922 12922 200
20181217 1453 12927 12927 12927 12927 250
20181217 1510 12918 12918 12918 12918 200
20181217 1518 12932 12932 12932 12932 100
20181217 1519 12937 12937 12937 12937 50
20181218 906 12786 12786 12786 12786 7
20181218 1137 12751 12751 12751 12751 1
20181218 1221 12703 12703 12703 12703 1
20181218 1230 12698 12698 12698 12698 1
20181218 1317 12664 12664 12664 12664 2
20181218 1408 12615 12615 12615 12615 1
20181218 1530 12673 12673 12673 12673 12
20181219 901 12629 12629 12629 12629 2
20181219 902 12634 12634 12634 12634 2
20181219 903 12620 12620 12620 12620 3
20181219 942 12747 12747 12747 12747 56
20181219 958 12761 12761 12761 12761 5
20181219 1011 12776 12781 12776 12781 1000
20181219 1040 12800 12800 12800 12800 500
20181219 1050 12849 12849 12849 12849 1
20181219 1057 12849 12849 12849 12849 500
20181219 1219 12859 12859 12859 12859 2
20181219 1346 12859 12859 12859 12859 10
20181220 911 12747 12747 12747 12747 100
20181220 934 12703 12703 12703 12703 50
20181220 1055 12761 12761 12761 12761 1
20181220 1121 12717 12717 12717 12717 10
20181220 1133 12712 12712 12712 12712 10
20181220 1157 12732 12732 12732 12732 1
20181220 1317 12654 12654 12654 12654 1
20181220 1319 12659 12659 12659 12659 1
20181220 1328 12639 12639 12639 12639 1
20181220 1334 12624 12624 12624 12624 201
20181220 1340 12615 12615 12615 12615 201
20181220 1345 12595 12595 12595 12595 1
20181220 1352 12605 12605 12605 12605 10
20181220 1530 12732 12732 12732 12732 5003
20181221 924 12835 12835 12835 12835 100
20181221 1041 12898 12898 12893 12893 2
20181221 1042 12888 12888 12883 12883 2
20181221 1043 12879 12879 12879 12879 1
20181221 1044 12874 12874 12874 12874 1
20181221 1054 12854 12854 12854 12854 9
20181221 1059 12849 12849 12849 12849 2
20181221 1119 12864 12864 12864 12864 2
20181221 1122 12859 12859 12854 12854 4
20181221 1231 12874 12874 12874 12874 1
20181221 1431 12864 12864 12864 12864 20
20181221 1432 12864 12864 12864 12864 1000
20181221 1439 12874 12874 12874 12874 70
20181224 906 12864 12864 12864 12864 100
20181224 923 12869 12869 12869 12869 1
20181224 927 12864 12864 12864 12864 1
20181224 928 12859 12859 12859 12859 1
20181224 940 12820 12820 12820 12820 1
20181224 1134 12844 12844 12844 12844 100
20181224 1140 12874 12874 12874 12874 2
20181224 1223 12879 12879 12879 12879 1
20181224 1249 12835 12835 12835 12835 196
20181226 901 12654 12654 12654 12654 1
20181226 909 12708 12708 12708 12708 13
20181226 943 12727 12727 12727 12727 10
20181226 1101 12688 12688 12688 12688 2
20181226 1227 12698 12698 12698 12698 1
20181226 1309 12688 12688 12688 12688 15
20181226 1324 12654 12654 12654 12654 15
20181226 1336 12654 12654 12654 12654 7
20181226 1401 12605 12605 12605 12605 3
20181226 1403 12595 12595 12595 12595 1
20181226 1456 12688 12688 12688 12688 26
20181226 1520 12732 12732 12732 12732 1
20181227 905 12962 12962 12962 12962 100
20181227 947 12947 12947 12947 12947 92
20181227 1005 12922 12922 12922 12922 323
20181227 1059 12932 12932 12932 12932 830
20181227 1209 12918 12918 12918 12918 1
20181227 1212 12903 12903 12903 12903 51
20181227 1214 12893 12893 12893 12893 8
20181227 1459 12844 12844 12835 12835 12600
20181227 1530 12835 12835 12835 12835 16
20181228 903 12883 12883 12883 12883 100
20181228 916 12888 12888 12888 12888 100
20181228 935 12888 12888 12888 12888 10
20181228 1032 12888 12888 12888 12888 176
20181228 1042 12849 12849 12849 12849 76
20181228 1115 12849 12849 12849 12849 15
20181228 1217 12874 12874 12874 12874 2
20181228 1252 12854 12854 12854 12854 17
20181228 1308 12864 12864 12864 12864 20
20181228 1344 12859 12859 12859 12859 10
20181228 1431 12874 12874 12874 12874 12
20181228 1433 12903 12903 12903 12903 1
20181228 1520 12898 12898 12898 12898 1
20181228 1530 12908 12908 12908 12908 1000
