날짜 시간 시가 고가 저가 종가 거래량
20190401 901 9420 9420 9420 9420 10
20190401 907 9495 9495 9495 9495 4
20190401 908 9505 9505 9505 9505 1
20190401 917 9480 9480 9480 9480 1
20190401 925 9490 9490 9490 9490 1
20190401 934 9480 9480 9480 9480 1
20190401 942 9475 9475 9475 9475 1
20190401 950 9475 9475 9475 9475 1
20190401 959 9470 9470 9470 9470 1
20190401 1007 9465 9465 9465 9465 1
20190401 1016 9470 9470 9470 9470 1
20190401 1024 9455 9455 9455 9455 1
20190401 1032 9455 9455 9455 9455 1
20190401 1041 9455 9455 9455 9455 1
20190401 1049 9455 9455 9455 9455 1
20190401 1057 9455 9455 9455 9455 1
20190401 1106 9445 9445 9445 9445 1
20190401 1114 9440 9440 9440 9440 1
20190401 1123 9445 9445 9445 9445 1
20190401 1131 9445 9445 9445 9445 1
20190401 1139 9450 9450 9450 9450 1
20190401 1148 9450 9450 9450 9450 1
20190401 1156 9465 9465 9465 9465 1
20190401 1205 9475 9475 9475 9475 1
20190401 1213 9470 9470 9470 9470 1
20190401 1221 9465 9465 9465 9465 1
20190401 1230 9470 9470 9470 9470 1
20190401 1238 9465 9465 9465 9465 1
20190401 1246 9470 9470 9470 9470 1
20190401 1255 9470 9470 9470 9470 1
20190401 1303 9470 9470 9470 9470 1
20190401 1312 9470 9470 9470 9470 1
20190401 1320 9465 9465 9465 9465 1
20190401 1328 9465 9465 9465 9465 1
20190401 1337 9465 9465 9465 9465 1
20190401 1345 9465 9465 9465 9465 1
20190401 1354 9470 9470 9470 9470 1
20190401 1402 9470 9470 9470 9470 1
20190401 1410 9470 9470 9470 9470 1
20190401 1419 9470 9470 9470 9470 1
20190401 1427 9475 9475 9475 9475 1
20190401 1436 9475 9475 9475 9475 1
20190401 1444 9470 9470 9470 9470 1
20190401 1452 9475 9475 9475 9475 1
20190401 1501 9470 9470 9470 9470 1
20190401 1509 9460 9460 9460 9460 1
20190401 1517 9470 9470 9470 9470 1
20190402 905 9569 9569 9569 9569 1
20190402 927 9510 9510 9510 9510 2
20190402 1038 9510 9510 9510 9510 1
20190402 1211 9510 9510 9510 9510 1
20190402 1316 9495 9495 9495 9495 145
20190402 1320 9500 9500 9500 9500 72
20190402 1321 9500 9500 9500 9500 252
20190402 1325 9500 9500 9500 9500 36
20190402 1326 9500 9500 9500 9500 36
20190402 1327 9500 9500 9500 9500 72
20190402 1328 9500 9500 9500 9500 108
20190402 1329 9500 9500 9500 9500 36
20190402 1330 9500 9500 9500 9500 72
20190402 1331 9500 9500 9500 9500 36
20190402 1332 9500 9500 9500 9500 254
20190402 1337 9505 9505 9505 9505 72
20190402 1338 9505 9505 9505 9505 72
20190402 1339 9505 9505 9505 9505 72
20190402 1340 9505 9505 9505 9505 72
20190402 1341 9505 9505 9505 9505 216
20190402 1344 9510 9510 9510 9510 1
20190402 1345 9510 9510 9510 9510 36
20190402 1347 9514 9514 9514 9514 72
20190402 1348 9510 9510 9510 9510 253
20190402 1352 9514 9514 9514 9514 289
20190402 1356 9510 9510 9510 9510 180
20190402 1359 9514 9514 9514 9514 216
20190402 1403 9514 9514 9514 9514 217
20190402 1406 9514 9514 9514 9514 36
20190402 1407 9519 9519 9519 9519 216
20190402 1411 9519 9519 9519 9519 217
20190402 1414 9514 9514 9514 9514 180
20190402 1418 9519 9519 9519 9519 216
20190402 1422 9524 9524 9519 9519 253
20190402 1426 9524 9524 9524 9524 36
20190402 1427 9519 9519 9519 9519 216
20190402 1430 9519 9519 9514 9514 217
20190402 1434 9514 9514 9514 9514 36
20190402 1435 9519 9519 9519 9519 252
20190402 1439 9519 9519 9514 9514 217
20190402 1442 9514 9514 9514 9514 180
20190402 1446 9519 9519 9514 9514 216
20190402 1449 9519 9519 9519 9519 36
20190402 1450 9519 9519 9519 9519 36
20190402 1451 9519 9519 9519 9519 72
20190402 1452 9519 9519 9519 9519 72
20190402 1453 9519 9519 9514 9514 181
20190402 1456 9514 9514 9514 9514 180
20190402 1459 9510 9510 9510 9510 181
20190402 1503 9510 9510 9510 9510 216
20190402 1507 9510 9510 9510 9510 252
20190402 1509 9505 9505 9505 9505 145
20190402 1513 9514 9514 9514 9514 180
20190402 1516 9505 9505 9500 9500 180
20190402 1517 9500 9500 9500 9500 1
20190402 1518 9500 9500 9500 9500 109
20190402 1530 9510 9510 9510 9510 5
20190403 905 9529 9529 9529 9529 1
20190403 1006 9554 9554 9554 9554 1
20190403 1024 9574 9574 9574 9574 1
20190403 1038 9574 9574 9574 9574 1
20190403 1108 9574 9574 9574 9574 1
20190403 1111 9579 9579 9579 9579 1
20190403 1211 9584 9584 9584 9584 1
20190403 1227 9584 9584 9584 9584 1
20190403 1229 9589 9589 9589 9589 5
20190403 1344 9644 9644 9644 9644 1
20190403 1352 9649 9649 9649 9649 3
20190403 1357 9644 9644 9644 9644 2
20190403 1403 9644 9644 9639 9639 6
20190403 1405 9639 9639 9634 9634 200
20190403 1408 9649 9649 9639 9639 204
20190403 1424 9654 9654 9654 9654 3
20190403 1425 9654 9654 9654 9654 198
20190403 1426 9654 9654 9654 9654 198
20190403 1428 9654 9654 9649 9649 1984
20190403 1429 9659 9659 9659 9659 2
20190403 1430 9659 9659 9649 9649 61
20190403 1432 9654 9654 9654 9654 60
20190403 1433 9654 9654 9654 9654 240
20190403 1434 9654 9654 9654 9654 180
20190403 1435 9659 9659 9654 9654 63
20190403 1437 9664 9664 9664 9664 60
20190403 1438 9669 9669 9669 9669 180
20190403 1439 9674 9674 9674 9674 179
20190403 1440 9674 9674 9669 9669 183
20190403 1441 9669 9669 9669 9669 120
20190403 1442 9669 9669 9669 9669 119
20190403 1443 9669 9669 9669 9669 120
20190403 1444 9669 9669 9669 9669 120
20190403 1445 9669 9669 9669 9669 60
20190403 1446 9674 9674 9674 9674 62
20190403 1447 9674 9674 9674 9674 240
20190403 1448 9674 9674 9674 9674 119
20190403 1449 9674 9674 9674 9674 60
20190403 1450 9674 9674 9674 9674 120
20190403 1451 9679 9679 9674 9674 123
20190403 1452 9674 9674 9674 9674 120
20190403 1453 9674 9674 9674 9674 60
20190403 1454 9674 9674 9674 9674 180
20190403 1455 9674 9674 9669 9669 119
20190403 1456 9669 9669 9669 9669 60
20190403 1457 9669 9669 9669 9669 120
20190403 1500 9679 9679 9674 9674 240
20190403 1501 9684 9684 9674 9684 179
20190403 1502 9679 9679 9674 9674 62
20190403 1503 9689 9689 9689 9689 60
20190403 1504 9689 9689 9689 9689 120
20190403 1505 9694 9694 9689 9689 240
20190403 1506 9689 9689 9689 9689 120
20190403 1507 9689 9689 9689 9689 60
20190403 1508 9689 9689 9689 9689 179
20190403 1509 9689 9689 9689 9689 120
20190403 1510 9689 9689 9689 9689 60
20190403 1511 9689 9689 9689 9689 120
20190403 1512 9689 9699 9689 9699 123
20190403 1513 9699 9699 9689 9689 119
20190403 1515 9689 9689 9689 9689 120
20190403 1517 9699 9699 9699 9699 1
20190403 1518 9704 9704 9704 9704 9
20190403 1530 9704 9704 9704 9704 5
20190404 906 9734 9734 9734 9734 1
20190404 1039 9739 9739 9739 9739 1
20190404 1155 9774 9774 9774 9774 1
20190404 1156 9739 9739 9739 9739 2
20190404 1157 9764 9764 9764 9764 10
20190404 1204 9729 9729 9729 9729 1
20190404 1212 9749 9749 9749 9749 1
20190404 1306 9704 9704 9704 9704 12
20190404 1333 9664 9664 9664 9664 1
20190404 1339 9644 9644 9644 9644 196
20190404 1342 9649 9649 9649 9649 196
20190404 1345 9654 9654 9654 9654 1
20190404 1347 9659 9659 9659 9659 195
20190404 1349 9644 9644 9644 9644 196
20190404 1350 9644 9644 9644 9644 196
20190404 1352 9644 9644 9644 9644 196
20190404 1356 9624 9649 9624 9649 392
20190404 1403 9649 9649 9649 9649 196
20190404 1404 9649 9649 9649 9649 196
20190404 1410 9654 9654 9654 9654 196
20190404 1411 9664 9664 9664 9664 196
20190404 1414 9674 9674 9674 9674 195
20190404 1416 9674 9674 9674 9674 196
20190404 1419 9669 9669 9669 9669 196
20190404 1420 9669 9669 9669 9669 1
20190404 1421 9669 9669 9669 9669 196
20190404 1424 9669 9669 9669 9669 196
20190404 1427 9669 9669 9669 9669 195
20190404 1429 9669 9669 9669 9669 196
20190404 1431 9669 9669 9664 9664 197
20190404 1434 9679 9679 9679 9679 196
20190404 1436 9684 9684 9684 9684 195
20190404 1437 9679 9679 9679 9679 196
20190404 1439 9679 9679 9679 9679 195
20190404 1442 9674 9674 9674 9674 196
20190404 1443 9674 9674 9674 9674 197
20190404 1447 9684 9684 9684 9684 196
20190404 1448 9684 9684 9684 9684 196
20190404 1451 9679 9679 9679 9679 196
20190404 1452 9679 9679 9679 9679 196
20190404 1454 9684 9684 9684 9684 195
20190404 1456 9684 9684 9684 9684 196
20190404 1458 9684 9684 9684 9684 196
20190404 1505 9689 9689 9689 9689 392
20190404 1506 9689 9689 9689 9689 195
20190404 1509 9689 9689 9689 9689 196
20190404 1512 9684 9684 9684 9684 196
20190404 1513 9684 9684 9684 9684 195
20190404 1516 9679 9679 9679 9679 196
20190404 1517 9689 9689 9689 9689 1
20190405 907 9734 9734 9734 9734 1
20190405 927 9664 9664 9664 9664 10
20190405 942 9679 9684 9679 9684 49
20190405 943 9679 9679 9679 9679 58
20190405 944 9684 9684 9684 9684 24
20190405 945 9679 9679 9679 9679 56
20190405 946 9684 9684 9674 9674 48
20190405 947 9684 9684 9679 9679 49
20190405 948 9669 9669 9669 9669 8
20190405 949 9664 9664 9659 9659 122
20190405 950 9659 9659 9659 9659 8
20190405 951 9664 9664 9664 9664 24
20190405 952 9664 9664 9659 9664 57
20190405 953 9659 9669 9659 9664 74
20190405 954 9664 9664 9664 9664 8
20190405 955 9664 9669 9664 9664 124
20190405 956 9669 9669 9664 9664 49
20190405 957 9669 9669 9669 9669 8
20190405 958 9669 9669 9669 9669 24
20190405 959 9674 9679 9674 9674 104
20190405 1000 9674 9674 9674 9674 24
20190405 1001 9684 9684 9684 9684 8
20190405 1002 9694 9694 9694 9694 73
20190405 1003 9694 9694 9694 9694 82
20190405 1004 9694 9694 9694 9694 24
20190405 1005 9694 9694 9694 9694 8
20190405 1006 9694 9694 9689 9694 139
20190405 1007 9694 9694 9694 9694 8
20190405 1008 9689 9689 9689 9689 8
20190405 1009 9689 9689 9689 9689 73
20190405 1010 9689 9689 9684 9689 82
20190405 1011 9689 9689 9689 9689 24
20190405 1012 9694 9694 9694 9694 32
20190405 1013 9694 9694 9689 9694 98
20190405 1014 9694 9694 9694 9694 8
20190405 1015 9694 9694 9694 9694 24
20190405 1016 9694 9694 9689 9689 97
20190405 1017 9694 9694 9694 9694 8
20190405 1018 9694 9694 9689 9689 24
20190405 1019 9684 9689 9679 9679 106
20190405 1020 9684 9684 9679 9679 73
20190405 1021 9684 9684 9684 9684 8
20190405 1022 9684 9689 9684 9689 49
20190405 1023 9684 9694 9684 9689 82
20190405 1024 9694 9694 9684 9684 49
20190405 1025 9689 9689 9689 9689 8
20190405 1026 9689 9694 9689 9694 89
20190405 1027 9694 9694 9689 9689 32
20190405 1028 9694 9694 9694 9694 8
20190405 1029 9694 9694 9689 9689 121
20190405 1030 9694 9694 9684 9684 33
20190405 1031 9689 9689 9689 9689 24
20190405 1032 9689 9689 9689 9689 8
20190405 1033 9689 9694 9689 9689 122
20190405 1034 9684 9684 9679 9684 57
20190405 1035 9689 9689 9689 9689 24
20190405 1036 9684 9689 9679 9679 98
20190405 1037 9684 9684 9684 9684 8
20190405 1038 9689 9689 9689 9689 25
20190405 1039 9689 9689 9689 9689 58
20190405 1040 9679 9689 9679 9679 123
20190405 1041 9684 9684 9684 9684 8
20190405 1042 9679 9679 9679 9679 24
20190405 1043 9679 9679 9674 9674 155
20190405 1044 9674 9684 9674 9684 24
20190405 1045 9694 9694 9694 9694 8
20190405 1046 9694 9694 9689 9694 122
20190405 1048 9689 9689 9689 9689 8
20190405 1049 9689 9689 9684 9689 98
20190405 1050 9684 9684 9679 9679 57
20190405 1051 9684 9684 9679 9679 24
20190405 1052 9674 9684 9674 9684 32
20190405 1053 9684 9689 9684 9689 123
20190405 1054 9679 9679 9679 9679 8
20190405 1055 9684 9684 9684 9684 24
20190405 1056 9684 9684 9679 9679 82
20190405 1057 9679 9679 9674 9679 89
20190405 1058 9679 9679 9679 9679 8
20190405 1059 9674 9679 9674 9679 56
20190405 1100 9679 9679 9674 9674 98
20190405 1101 9674 9674 9669 9669 33
20190405 1102 9674 9674 9674 9674 24
20190405 1103 9669 9674 9669 9669 83
20190405 1104 9669 9669 9669 9669 24
20190405 1105 9669 9669 9669 9669 8
20190405 1106 9659 9664 9659 9664 98
20190405 1107 9659 9659 9659 9659 72
20190405 1108 9664 9664 9654 9654 33
20190405 1109 9659 9659 9659 9659 48
20190405 1110 9659 9659 9659 9659 56
20190405 1111 9659 9659 9654 9654 73
20190405 1112 9654 9654 9654 9654 8
20190405 1113 9654 9654 9649 9654 99
20190405 1114 9649 9649 9644 9644 81
20190405 1115 9649 9649 9639 9639 49
20190405 1116 9644 9644 9639 9644 106
20190405 1117 9639 9639 9639 9639 41
20190405 1118 9639 9639 9639 9639 8
20190405 1119 9634 9644 9634 9644 28
20190405 1120 9639 9639 9639 9639 96
20190405 1121 9639 9639 9639 9639 8
20190405 1122 9639 9639 9639 9639 24
20190405 1123 9644 9644 9639 9639 129
20190405 1124 9644 9644 9644 9644 25
20190405 1125 9644 9644 9644 9644 8
20190405 1126 9639 9639 9639 9639 72
20190405 1127 9639 9639 9639 9639 72
20190405 1128 9644 9644 9634 9634 24
20190405 1129 9634 9634 9634 9634 8
20190405 1130 9634 9634 9629 9629 106
20190405 1131 9639 9639 9639 9639 24
20190405 1132 9644 9644 9644 9644 8
20190405 1133 9644 9644 9644 9644 73
20190405 1134 9644 9644 9634 9634 105
20190405 1135 9639 9639 9639 9639 25
20190405 1136 9644 9644 9644 9644 33
20190405 1137 9644 9644 9639 9644 64
20190405 1138 9644 9644 9644 9644 8
20190405 1139 9644 9644 9644 9644 8
20190405 1140 9644 9644 9644 9644 146
20190405 1141 9644 9644 9644 9644 8
20190405 1142 9649 9649 9649 9649 24
20190405 1143 9654 9654 9654 9654 58
20190405 1144 9649 9654 9649 9654 72
20190405 1145 9654 9654 9654 9654 8
20190405 1146 9654 9654 9654 9654 48
20190405 1147 9649 9654 9649 9649 120
20190405 1148 9649 9649 9649 9649 25
20190405 1149 9649 9649 9649 9649 8
20190405 1150 9644 9644 9644 9644 104
20190405 1151 9644 9644 9644 9644 24
20190405 1152 9639 9639 9639 9639 56
20190405 1153 9644 9644 9644 9644 73
20190405 1154 9644 9644 9644 9644 33
20190405 1155 9639 9644 9639 9644 49
20190405 1156 9639 9644 9639 9644 33
20190405 1157 9639 9644 9639 9644 89
20190405 1158 9644 9644 9639 9639 32
20190405 1159 9639 9639 9634 9634 32
20190405 1200 9639 9639 9634 9639 121
20190405 1201 9639 9639 9639 9639 8
20190405 1202 9639 9639 9639 9639 24
20190405 1203 9639 9639 9634 9639 106
20190405 1204 9639 9639 9639 9639 49
20190405 1205 9644 9644 9644 9644 8
20190405 1206 9639 9639 9639 9639 72
20190405 1207 9634 9639 9634 9639 73
20190405 1208 9639 9639 9634 9639 48
20190405 1209 9639 9639 9639 9639 8
20190405 1210 9644 9644 9639 9644 81
20190405 1211 9644 9644 9644 9644 25
20190405 1212 9644 9644 9639 9639 33
20190405 1213 9644 9644 9644 9644 50
20190405 1214 9644 9649 9644 9649 32
20190405 1215 9644 9649 9644 9649 72
20190405 1216 9649 9649 9649 9649 32
20190405 1217 9649 9649 9644 9649 89
20190405 1218 9649 9649 9644 9644 33
20190405 1219 9649 9649 9649 9649 24
20190405 1220 9649 9649 9644 9644 104
20190405 1221 9644 9649 9644 9649 32
20190405 1222 9649 9649 9649 9649 24
20190405 1223 9639 9644 9639 9644 57
20190405 1224 9644 9649 9639 9649 122
20190405 1225 9644 9644 9644 9644 8
20190405 1226 9649 9649 9644 9644 24
20190405 1227 9644 9649 9644 9644 98
20190405 1228 9644 9649 9644 9649 24
20190405 1229 9649 9649 9649 9649 8
20190405 1230 9649 9649 9649 9649 57
20190405 1231 9649 9649 9644 9649 96
20190405 1232 9649 9649 9649 9649 8
20190405 1233 9649 9649 9644 9644 72
20190405 1234 9649 9649 9644 9644 81
20190405 1235 9649 9649 9644 9644 25
20190405 1236 9644 9644 9644 9644 8
20190405 1237 9644 9644 9639 9639 162
20190405 1238 9644 9644 9644 9644 8
20190405 1239 9644 9644 9644 9644 24
20190405 1240 9644 9644 9639 9639 81
20190405 1241 9644 9649 9644 9649 32
20190405 1242 9644 9649 9644 9649 24
20190405 1243 9649 9649 9649 9649 32
20190405 1244 9644 9649 9644 9649 122
20190405 1245 9649 9649 9649 9649 8
20190405 1246 9649 9649 9644 9644 24
20190405 1247 9644 9649 9644 9644 144
20190405 1248 9649 9654 9649 9654 25
20190405 1249 9659 9659 9659 9659 8
20190405 1250 9659 9659 9659 9659 32
20190405 1251 9659 9659 9659 9659 97
20190405 1252 9659 9659 9659 9659 8
20190405 1253 9659 9659 9659 9659 72
20190405 1254 9654 9659 9654 9659 82
20190405 1255 9659 9659 9654 9654 24
20190405 1256 9654 9654 9654 9654 8
20190405 1257 9659 9659 9654 9659 114
20190405 1258 9659 9659 9659 9659 56
20190405 1259 9659 9659 9654 9659 49
20190405 1300 9659 9659 9659 9659 32
20190405 1301 9654 9659 9654 9654 104
20190405 1302 9659 9659 9659 9659 24
20190405 1303 9669 9669 9664 9664 33
20190405 1304 9659 9664 9659 9664 75
20190405 1305 9659 9664 9659 9664 33
20190405 1306 9664 9664 9659 9659 24
20190405 1307 9659 9664 9659 9664 49
20190405 1308 9664 9664 9659 9664 96
20190405 1309 9664 9664 9664 9664 8
20190405 1310 9664 9669 9664 9664 73
20190405 1311 9664 9664 9664 9664 56
20190405 1312 9664 9664 9654 9654 56
20190405 1313 9664 9664 9664 9664 48
20190405 1314 9664 9664 9659 9664 81
20190405 1315 9664 9664 9664 9664 24
20190405 1316 9659 9659 9659 9659 8
20190405 1317 9659 9664 9659 9659 90
20190405 1318 9664 9664 9659 9659 58
20190405 1319 9659 9659 9659 9659 24
20190405 1320 9659 9659 9654 9659 81
20190405 1321 9659 9659 9659 9659 56
20190405 1322 9659 9659 9654 9659 48
20190405 1323 9664 9664 9664 9664 32
20190405 1324 9659 9664 9659 9664 74
20190405 1325 9659 9664 9659 9664 32
20190405 1326 9664 9664 9664 9664 24
20190405 1327 9659 9664 9659 9664 48
20190405 1328 9664 9669 9659 9669 98
20190405 1329 9669 9669 9669 9669 8
20190405 1330 9669 9669 9669 9669 48
20190405 1331 9664 9669 9664 9664 81
20190405 1332 9669 9669 9669 9669 8
20190405 1333 9669 9669 9669 9669 24
20190405 1334 9669 9669 9664 9669 106
20190405 1335 9669 9669 9669 9669 25
20190405 1336 9664 9664 9664 9664 8
20190405 1337 9664 9669 9664 9664 112
20190405 1338 9664 9664 9659 9659 80
20190405 1339 9664 9664 9664 9664 24
20190405 1340 9659 9659 9659 9659 57
20190405 1341 9659 9659 9654 9659 122
20190405 1342 9654 9654 9654 9654 8
20190405 1343 9654 9654 9649 9649 32
20190405 1344 9654 9654 9649 9649 74
20190405 1345 9654 9654 9649 9654 58
20190405 1346 9654 9654 9654 9654 25
20190405 1347 9654 9654 9649 9649 72
20190405 1348 9654 9659 9654 9659 48
20190405 1349 9659 9659 9659 9659 8
20190405 1350 9659 9659 9654 9654 97
20190405 1351 9659 9659 9654 9659 82
20190405 1352 9654 9654 9654 9654 8
20190405 1353 9649 9654 9649 9649 48
20190405 1354 9654 9654 9649 9649 81
20190405 1355 9654 9654 9654 9654 48
20190405 1356 9649 9649 9649 9649 8
20190405 1357 9649 9654 9649 9654 64
20190405 1358 9654 9659 9654 9659 33
20190405 1359 9664 9669 9664 9669 25
20190405 1400 9669 9669 9669 9669 32
20190405 1401 9669 9669 9664 9669 144
20190405 1402 9669 9669 9669 9669 8
20190405 1403 9674 9674 9674 9674 8
20190405 1404 9674 9674 9669 9669 74
20190405 1405 9674 9674 9669 9669 57
20190405 1406 9674 9674 9674 9674 24
20190405 1407 9674 9674 9669 9669 48
20190405 1408 9674 9674 9669 9669 96
20190405 1409 9674 9674 9674 9674 8
20190405 1410 9674 9679 9669 9674 73
20190405 1411 9674 9674 9674 9674 32
20190405 1412 9674 9674 9674 9674 33
20190405 1413 9674 9674 9669 9674 48
20190405 1414 9674 9674 9669 9674 57
20190405 1415 9674 9674 9669 9674 96
20190405 1416 9674 9674 9674 9674 8
20190405 1417 9669 9674 9669 9674 64
20190405 1418 9674 9674 9674 9674 57
20190405 1419 9674 9674 9669 9669 49
20190405 1420 9674 9679 9674 9679 32
20190405 1421 9674 9679 9674 9679 49
20190405 1422 9674 9679 9674 9679 56
20190405 1423 9679 9679 9679 9679 8
20190405 1424 9679 9679 9674 9674 98
20190405 1425 9674 9679 9674 9679 57
20190405 1426 9679 9679 9679 9679 24
20190405 1427 9679 9679 9679 9679 25
20190405 1428 9679 9684 9674 9684 97
20190405 1429 9684 9684 9684 9684 8
20190405 1430 9684 9684 9684 9684 48
20190405 1431 9679 9689 9679 9684 81
20190405 1432 9699 9699 9699 9699 48
20190405 1433 9699 9699 9699 9699 8
20190405 1434 9699 9699 9694 9694 82
20190405 1435 9699 9704 9699 9699 49
20190405 1436 9699 9699 9699 9699 8
20190405 1437 9699 9699 9699 9699 48
20190405 1438 9694 9699 9694 9699 97
20190405 1439 9699 9699 9699 9699 24
20190405 1440 9699 9699 9694 9694 32
20190405 1441 9694 9699 9694 9694 98
20190405 1442 9699 9699 9699 9699 32
20190405 1443 9704 9704 9704 9704 8
20190405 1444 9704 9709 9704 9709 49
20190405 1445 9709 9709 9704 9704 80
20190405 1446 9704 9704 9704 9704 25
20190405 1447 9699 9704 9699 9704 56
20190405 1448 9699 9704 9699 9699 64
20190405 1449 9704 9704 9694 9694 56
20190405 1450 9694 9694 9689 9694 48
20190405 1451 9694 9694 9689 9689 57
20190405 1452 9694 9694 9694 9694 49
20190405 1453 9689 9694 9689 9694 33
20190405 1454 9699 9699 9694 9694 57
20190405 1455 9699 9699 9694 9699 96
20190405 1456 9694 9694 9684 9689 176
20190405 1457 9679 9689 9679 9689 73
20190405 1458 9684 9684 9684 9684 24
20190405 1459 9694 9694 9694 9694 48
20190405 1500 9694 9694 9694 9694 8
20190405 1501 9694 9694 9694 9694 72
20190405 1502 9699 9699 9699 9699 32
20190405 1503 9704 9704 9704 9704 8
20190405 1504 9709 9709 9709 9709 49
20190405 1505 9704 9704 9699 9704 131
20190405 1506 9704 9704 9704 9704 24
20190405 1507 9699 9704 9699 9704 56
20190405 1508 9699 9699 9694 9694 64
20190405 1509 9694 9694 9694 9694 32
20190405 1510 9694 9694 9694 9694 25
20190405 1511 9689 9689 9684 9689 105
20190405 1512 9684 9684 9684 9684 73
20190405 1513 9679 9679 9674 9674 32
20190405 1514 9679 9679 9679 9679 32
20190405 1515 9674 9674 9664 9664 107
20190405 1516 9664 9664 9664 9664 41
20190405 1517 9664 9664 9664 9664 1
20190405 1530 9684 9684 9684 9684 5
20190408 901 9729 9729 9729 9729 1
20190408 906 9689 9689 9689 9689 1
20190408 913 9689 9694 9689 9694 72
20190408 914 9689 9689 9689 9689 36
20190408 916 9704 9704 9704 9704 144
20190408 918 9699 9704 9699 9704 48
20190408 919 9694 9694 9694 9694 12
20190408 920 9689 9689 9689 9689 156
20190408 922 9679 9679 9679 9679 48
20190408 923 9674 9674 9674 9674 12
20190408 924 9679 9679 9679 9679 12
20190408 925 9674 9679 9674 9679 48
20190408 926 9669 9674 9669 9674 84
20190408 928 9679 9679 9674 9674 84
20190408 929 9664 9669 9664 9669 120
20190408 930 9664 9664 9664 9664 12
20190408 931 9654 9659 9654 9659 84
20190408 932 9644 9644 9639 9639 48
20190408 933 9639 9639 9639 9639 12
20190408 935 9644 9644 9644 9644 84
20190408 936 9639 9644 9639 9644 48
20190408 937 9644 9644 9644 9644 12
20190408 938 9634 9649 9634 9649 120
20190408 939 9639 9644 9639 9644 48
20190408 940 9644 9644 9644 9644 36
20190408 941 9639 9639 9639 9639 12
20190408 942 9639 9644 9639 9644 84
20190408 943 9644 9644 9644 9644 120
20190408 944 9644 9644 9644 9644 12
20190408 945 9654 9654 9649 9649 84
20190408 946 9644 9644 9644 9644 12
20190408 947 9649 9649 9649 9649 36
20190408 948 9644 9644 9644 9644 12
20190408 949 9644 9644 9644 9644 12
20190408 950 9639 9639 9634 9639 156
20190408 951 9639 9639 9639 9639 48
20190408 952 9629 9629 9629 9629 12
20190408 953 9624 9624 9624 9624 36
20190408 954 9629 9629 9629 9629 48
20190408 955 9624 9624 9624 9624 12
20190408 956 9634 9634 9634 9634 120
20190408 957 9629 9634 9629 9634 84
20190408 958 9634 9634 9629 9629 48
20190408 959 9639 9639 9639 9639 12
20190408 1000 9634 9634 9634 9634 36
20190408 1001 9634 9634 9629 9629 48
20190408 1002 9634 9634 9634 9634 12
20190408 1003 9634 9634 9634 9634 12
20190408 1004 9629 9629 9624 9624 120
20190408 1005 9634 9634 9634 9634 120
20190408 1007 9624 9624 9624 9624 12
20190408 1008 9629 9629 9629 9629 12
20190408 1009 9639 9639 9639 9639 48
20190408 1010 9639 9639 9639 9639 12
20190408 1011 9639 9639 9639 9639 156
20190408 1012 9644 9644 9644 9644 108
20190408 1013 9644 9644 9644 9644 12
20190408 1014 9649 9649 9649 9649 12
20190408 1015 9649 9649 9649 9649 84
20190408 1016 9644 9644 9644 9644 48
20190408 1017 9644 9644 9644 9644 12
20190408 1018 9639 9639 9639 9639 84
20190408 1020 9644 9644 9639 9644 120
20190408 1021 9629 9629 9629 9629 12
20190408 1022 9634 9634 9634 9634 84
20190408 1023 9634 9634 9634 9634 48
20190408 1024 9639 9639 9639 9639 12
20190408 1026 9639 9644 9639 9644 84
20190408 1027 9639 9639 9639 9639 120
20190408 1028 9639 9639 9639 9639 12
20190408 1029 9644 9644 9634 9634 84
20190408 1030 9639 9639 9639 9639 12
20190408 1031 9634 9639 9634 9639 48
20190408 1033 9639 9639 9639 9639 12
20190408 1034 9639 9639 9634 9639 192
20190408 1035 9644 9644 9644 9644 12
20190408 1036 9634 9634 9634 9634 12
20190408 1037 9629 9634 9629 9634 84
20190408 1038 9634 9634 9634 9634 36
20190408 1039 9639 9644 9639 9644 13
20190408 1040 9644 9644 9644 9644 12
20190408 1041 9639 9644 9639 9644 120
20190408 1042 9639 9644 9639 9644 84
20190408 1043 9654 9654 9654 9654 12
20190408 1044 9644 9649 9644 9649 84
20190408 1045 9649 9649 9649 9649 36
20190408 1046 9649 9649 9649 9649 12
20190408 1047 9649 9649 9649 9649 12
20190408 1048 9649 9654 9649 9654 84
20190408 1049 9654 9654 9644 9654 120
20190408 1050 9654 9654 9654 9654 12
20190408 1051 9644 9644 9644 9644 72
20190408 1052 9649 9659 9649 9659 48
20190408 1053 9659 9659 9659 9659 12
20190408 1054 9659 9659 9659 9659 12
20190408 1055 9659 9659 9659 9659 12
20190408 1056 9664 9664 9654 9659 120
20190408 1057 9659 9664 9659 9664 84
20190408 1058 9659 9659 9659 9659 72
20190408 1059 9664 9664 9664 9664 12
20190408 1100 9664 9664 9664 9664 48
20190408 1101 9659 9659 9659 9659 12
20190408 1102 9649 9654 9649 9654 84
20190408 1103 9649 9649 9649 9649 48
20190408 1104 9654 9654 9654 9654 72
20190408 1105 9654 9654 9654 9654 12
20190408 1106 9654 9654 9654 9654 84
20190408 1107 9654 9654 9654 9654 48
20190408 1108 9649 9649 9649 9649 12
20190408 1109 9649 9649 9649 9649 12
20190408 1110 9644 9649 9644 9649 84
20190408 1111 9649 9649 9649 9649 108
20190408 1112 9649 9649 9649 9649 12
20190408 1113 9649 9649 9644 9644 84
20190408 1114 9649 9649 9649 9649 48
20190408 1115 9644 9644 9644 9644 12
20190408 1116 9649 9649 9649 9649 12
20190408 1117 9644 9644 9644 9644 72
20190408 1118 9644 9644 9644 9644 48
20190408 1119 9649 9649 9649 9649 84
20190408 1120 9649 9649 9649 9649 12
20190408 1121 9644 9644 9644 9644 120
20190408 1122 9644 9644 9644 9644 12
20190408 1124 9644 9644 9639 9639 84
20190408 1125 9644 9644 9644 9644 48
20190408 1126 9639 9639 9629 9629 84
20190408 1127 9629 9629 9629 9629 12
20190408 1128 9629 9629 9629 9629 12
20190408 1129 9619 9624 9619 9624 120
20190408 1131 9619 9619 9619 9619 12
20190408 1132 9614 9629 9614 9629 120
20190408 1133 9629 9629 9629 9629 12
20190408 1134 9629 9634 9629 9634 84
20190408 1135 9634 9639 9634 9639 84
20190408 1136 9634 9634 9634 9634 36
20190408 1137 9634 9634 9634 9634 12
20190408 1138 9634 9634 9634 9634 12
20190408 1139 9629 9629 9629 9629 84
20190408 1140 9629 9634 9629 9634 48
20190408 1141 9634 9634 9634 9634 84
20190408 1142 9629 9634 9629 9634 84
20190408 1143 9639 9639 9639 9639 36
20190408 1144 9639 9639 9639 9639 12
20190408 1145 9644 9644 9644 9644 12
20190408 1146 9639 9639 9639 9639 12
20190408 1147 9644 9644 9644 9644 48
20190408 1148 9644 9644 9644 9644 84
20190408 1149 9639 9639 9639 9639 108
20190408 1150 9644 9644 9639 9644 84
20190408 1151 9644 9644 9644 9644 12
20190408 1152 9644 9644 9644 9644 12
20190408 1153 9644 9644 9639 9639 84
20190408 1154 9644 9644 9639 9639 48
20190408 1155 9644 9644 9644 9644 12
20190408 1156 9649 9649 9649 9649 72
20190408 1157 9649 9649 9644 9644 84
20190408 1158 9649 9649 9649 9649 48
20190408 1159 9644 9644 9644 9644 12
20190408 1200 9644 9644 9644 9644 12
20190408 1201 9639 9644 9639 9644 120
20190408 1203 9644 9644 9639 9639 84
20190408 1204 9644 9644 9639 9639 48
20190408 1205 9644 9644 9644 9644 48
20190408 1206 9644 9644 9644 9644 12
20190408 1207 9639 9639 9639 9639 12
20190408 1208 9639 9639 9639 9639 12
20190408 1209 9634 9634 9629 9629 144
20190408 1210 9634 9634 9634 9634 12
20190408 1211 9634 9634 9634 9634 84
20190408 1212 9634 9634 9629 9634 121
20190408 1213 9639 9639 9639 9639 12
20190408 1214 9639 9639 9639 9639 12
20190408 1215 9634 9634 9634 9634 72
20190408 1216 9644 9644 9644 9644 48
20190408 1217 9644 9644 9644 9644 12
20190408 1218 9639 9639 9639 9639 84
20190408 1219 9639 9639 9639 9639 12
20190408 1220 9639 9639 9639 9639 48
20190408 1221 9649 9649 9649 9649 12
20190408 1223 9649 9649 9644 9644 192
20190408 1224 9644 9644 9644 9644 12
20190408 1225 9644 9644 9644 9644 84
20190408 1226 9644 9644 9644 9644 12
20190408 1227 9639 9644 9639 9644 120
20190408 1229 9639 9639 9639 9639 12
20190408 1230 9634 9634 9629 9634 120
20190408 1231 9634 9634 9634 9634 12
20190408 1232 9634 9634 9634 9634 12
20190408 1233 9629 9629 9624 9624 84
20190408 1234 9619 9619 9619 9619 108
20190408 1235 9619 9619 9619 9619 12
20190408 1236 9624 9624 9624 9624 12
20190408 1237 9629 9629 9629 9629 12
20190408 1238 9629 9629 9629 9629 48
20190408 1239 9634 9634 9634 9634 12
20190408 1240 9639 9639 9639 9639 84
20190408 1241 9639 9639 9639 9639 36
20190408 1242 9634 9634 9634 9634 12
20190408 1243 9639 9639 9639 9639 12
20190408 1244 9639 9639 9639 9639 12
20190408 1245 9639 9639 9639 9639 48
20190408 1246 9639 9639 9639 9639 12
20190408 1247 9634 9634 9634 9634 216
20190408 1248 9644 9644 9639 9639 156
20190408 1249 9639 9639 9639 9639 48
20190408 1250 9639 9639 9639 9639 12
20190408 1251 9644 9644 9644 9644 12
20190408 1252 9644 9644 9644 9644 48
20190408 1253 9644 9644 9644 9644 12
20190408 1255 9639 9639 9639 9639 156
20190408 1256 9639 9639 9639 9639 48
20190408 1257 9644 9644 9644 9644 12
20190408 1258 9644 9644 9644 9644 12
20190408 1259 9639 9644 9639 9644 156
20190408 1300 9644 9644 9644 9644 36
20190408 1301 9639 9639 9634 9634 13
20190408 1302 9639 9639 9639 9639 84
20190408 1303 9639 9639 9639 9639 48
20190408 1304 9639 9639 9639 9639 12
20190408 1305 9639 9639 9639 9639 12
20190408 1306 9644 9644 9644 9644 12
20190408 1307 9644 9644 9639 9639 180
20190408 1308 9644 9644 9644 9644 12
20190408 1309 9639 9639 9639 9639 12
20190408 1310 9639 9639 9639 9639 120
20190408 1311 9634 9639 9634 9639 84
20190408 1312 9639 9639 9639 9639 12
20190408 1314 9639 9639 9639 9639 48
20190408 1315 9639 9639 9634 9634 84
20190408 1316 9639 9639 9639 9639 12
20190408 1317 9644 9644 9639 9639 156
20190408 1318 9639 9639 9639 9639 48
20190408 1319 9639 9639 9639 9639 12
20190408 1321 9639 9639 9634 9639 121
20190408 1322 9634 9634 9629 9629 23
20190408 1323 9634 9634 9634 9634 12
20190408 1324 9634 9634 9634 9634 12
20190408 1325 9634 9634 9634 9634 120
20190408 1326 9629 9629 9629 9629 72
20190408 1327 9629 9629 9629 9629 12
20190408 1328 9634 9634 9629 9629 84
20190408 1329 9634 9634 9634 9634 48
20190408 1330 9629 9629 9629 9629 12
20190408 1331 9629 9629 9629 9629 12
20190408 1332 9624 9629 9624 9629 192
20190408 1334 9629 9629 9629 9629 12
20190408 1335 9629 9629 9629 9629 12
20190408 1336 9629 9629 9624 9624 120
20190408 1337 9624 9624 9624 9624 12
20190408 1338 9629 9629 9629 9629 12
20190408 1339 9634 9634 9634 9634 108
20190408 1340 9644 9644 9639 9639 48
20190408 1341 9639 9639 9639 9639 12
20190408 1342 9639 9639 9639 9639 12
20190408 1343 9634 9634 9634 9634 84
20190408 1344 9629 9634 9629 9634 84
20190408 1345 9634 9634 9634 9634 1
20190408 1346 9629 9629 9629 9629 12
20190408 1347 9629 9629 9624 9624 192
20190408 1348 9629 9629 9629 9629 12
20190408 1349 9629 9629 9629 9629 12
20190408 1350 9629 9629 9624 9624 48
20190408 1351 9629 9629 9629 9629 48
20190408 1353 9629 9629 9629 9629 12
20190408 1354 9629 9629 9629 9629 156
20190408 1355 9634 9634 9624 9624 84
20190408 1356 9634 9634 9634 9634 12
20190408 1357 9634 9634 9634 9634 12
20190408 1358 9634 9634 9634 9634 36
20190408 1359 9634 9634 9634 9634 12
20190408 1400 9639 9639 9639 9639 12
20190408 1401 9639 9639 9639 9639 48
20190408 1402 9639 9639 9634 9639 228
20190408 1403 9634 9634 9634 9634 12
20190408 1404 9644 9644 9644 9644 12
20190408 1405 9644 9644 9639 9639 108
20190408 1406 9644 9644 9644 9644 12
20190408 1407 9639 9639 9639 9639 12
20190408 1408 9634 9634 9634 9634 12
20190408 1409 9629 9634 9629 9634 156
20190408 1410 9629 9629 9629 9629 12
20190408 1411 9614 9614 9614 9614 36
20190408 1412 9619 9619 9609 9619 106
20190408 1413 9609 9619 9609 9619 48
20190408 1414 9624 9624 9604 9604 34
20190408 1415 9614 9614 9614 9614 12
20190408 1416 9614 9614 9609 9614 156
20190408 1417 9614 9614 9614 9614 12
20190408 1419 9614 9614 9604 9604 48
20190408 1420 9599 9604 9599 9599 106
20190408 1421 9609 9609 9609 9609 12
20190408 1422 9604 9604 9604 9604 12
20190408 1423 9604 9604 9594 9594 120
20190408 1424 9599 9599 9599 9599 72
20190408 1425 9594 9594 9594 9594 12
20190408 1426 9599 9599 9599 9599 48
20190408 1427 9599 9599 9594 9594 84
20190408 1428 9594 9594 9594 9594 48
20190408 1429 9599 9599 9599 9599 12
20190408 1430 9599 9599 9599 9599 12
20190408 1431 9594 9604 9594 9604 144
20190408 1432 9604 9604 9604 9604 12
20190408 1433 9609 9609 9609 9609 12
20190408 1434 9614 9614 9609 9614 120
20190408 1435 9609 9609 9609 9609 12
20190408 1436 9609 9609 9609 9609 12
20190408 1438 9604 9604 9599 9599 120
20190408 1439 9604 9604 9604 9604 84
20190408 1440 9604 9604 9604 9604 12
20190408 1441 9609 9609 9609 9609 12
20190408 1442 9609 9614 9609 9614 120
20190408 1443 9614 9614 9614 9614 12
20190408 1445 9619 9619 9619 9619 48
20190408 1446 9619 9619 9614 9614 192
20190408 1447 9609 9609 9609 9609 12
20190408 1448 9614 9614 9614 9614 12
20190408 1449 9609 9614 9609 9614 84
20190408 1451 9609 9609 9604 9604 48
20190408 1452 9609 9609 9609 9609 12
20190408 1453 9609 9614 9609 9614 120
20190408 1454 9609 9614 9609 9614 84
20190408 1455 9614 9614 9614 9614 12
20190408 1456 9609 9609 9604 9604 72
20190408 1457 9609 9609 9604 9604 48
20190408 1458 9614 9614 9614 9614 12
20190408 1459 9619 9619 9619 9619 12
20190408 1500 9614 9614 9614 9614 84
20190408 1501 9614 9614 9614 9614 120
20190408 1502 9614 9614 9614 9614 12
20190408 1504 9614 9614 9614 9614 120
20190408 1505 9619 9619 9619 9619 12
20190408 1506 9619 9619 9619 9619 12
20190408 1507 9614 9614 9614 9614 48
20190408 1508 9619 9619 9619 9619 84
20190408 1509 9614 9614 9614 9614 72
20190408 1510 9614 9614 9614 9614 12
20190408 1511 9614 9614 9614 9614 84
20190408 1513 9609 9609 9609 9609 36
20190408 1515 9619 9619 9614 9614 72
20190408 1516 9614 9614 9614 9614 120
20190408 1517 9614 9614 9614 9614 1
20190409 908 9639 9639 9639 9639 1
20190409 913 9654 9654 9649 9649 72
20190409 914 9649 9649 9644 9644 54
20190409 915 9654 9654 9654 9654 18
20190409 917 9649 9654 9649 9654 126
20190409 919 9654 9654 9654 9654 18
20190409 920 9664 9664 9664 9664 36
20190409 921 9664 9664 9664 9664 54
20190409 923 9694 9694 9694 9694 18
20190409 924 9684 9684 9684 9684 126
20190409 925 9679 9679 9679 9679 36
20190409 926 9684 9684 9684 9684 18
20190409 927 9684 9684 9684 9684 36
20190409 928 9684 9694 9684 9694 90
20190409 930 9694 9694 9694 9694 18
20190409 931 9694 9694 9694 9694 36
20190409 932 9684 9684 9684 9684 90
20190409 934 9684 9684 9684 9684 18
20190409 935 9684 9689 9684 9689 90
20190409 936 9684 9684 9684 9684 72
20190409 937 9679 9684 9679 9684 54
20190409 938 9689 9689 9689 9689 36
20190409 939 9694 9699 9694 9699 54
20190409 940 9694 9694 9694 9694 36
20190409 941 9699 9699 9699 9699 18
20190409 942 9694 9694 9694 9694 36
20190409 943 9699 9699 9694 9694 126
20190409 944 9694 9694 9694 9694 18
20190409 946 9689 9689 9684 9689 126
20190409 948 9689 9689 9689 9689 18
20190409 949 9684 9689 9684 9689 72
20190409 950 9684 9699 9684 9699 90
20190409 952 9684 9694 9684 9694 54
20190409 953 9699 9699 9699 9699 36
20190409 954 9699 9699 9694 9694 126
20190409 955 9679 9679 9664 9679 162
20190409 957 9684 9694 9684 9689 126
20190409 959 9689 9689 9689 9689 18
20190409 1000 9689 9689 9689 9689 36
20190409 1001 9694 9694 9689 9694 90
20190409 1003 9689 9689 9689 9689 18
20190409 1004 9684 9684 9684 9684 54
20190409 1005 9684 9684 9684 9684 36
20190409 1006 9699 9699 9699 9699 18
20190409 1007 9699 9699 9699 9699 36
20190409 1008 9689 9689 9684 9689 162
20190409 1010 9689 9689 9689 9689 18
20190409 1011 9689 9689 9689 9689 36
20190409 1012 9689 9689 9684 9684 90
20190409 1013 9679 9679 9674 9674 72
20190409 1014 9674 9674 9674 9674 18
20190409 1015 9684 9684 9679 9679 90
20190409 1016 9684 9684 9684 9684 36
20190409 1017 9674 9684 9674 9684 54
20190409 1018 9684 9684 9684 9684 36
20190409 1019 9669 9674 9669 9669 126
20190409 1020 9669 9669 9664 9664 72
20190409 1021 9669 9669 9669 9669 18
20190409 1022 9674 9674 9674 9674 36
20190409 1023 9669 9674 9664 9674 90
20190409 1024 9674 9674 9674 9674 18
20190409 1026 9674 9674 9674 9674 54
20190409 1027 9679 9679 9679 9679 36
20190409 1028 9684 9684 9684 9684 18
20190409 1029 9689 9689 9689 9689 36
20190409 1030 9699 9699 9694 9699 126
20190409 1032 9699 9699 9699 9699 18
20190409 1033 9699 9699 9699 9699 36
20190409 1034 9699 9699 9699 9699 90
20190409 1035 9694 9694 9694 9694 54
20190409 1037 9694 9694 9694 9694 90
20190409 1038 9699 9699 9699 9699 36
20190409 1039 9699 9699 9699 9699 18
20190409 1040 9689 9694 9689 9694 37
20190409 1041 9694 9694 9689 9689 90
20190409 1042 9684 9684 9679 9679 72
20190409 1043 9684 9684 9684 9684 18
20190409 1044 9674 9679 9674 9679 90
20190409 1045 9674 9674 9674 9674 108
20190409 1046 9679 9679 9679 9679 18
20190409 1048 9684 9684 9679 9684 90
20190409 1049 9684 9684 9674 9674 72
20190409 1050 9674 9674 9674 9674 18
20190409 1051 9679 9679 9669 9669 72
20190409 1052 9669 9679 9669 9679 90
20190409 1054 9679 9679 9679 9679 18
20190409 1055 9674 9679 9674 9679 54
20190409 1056 9679 9679 9674 9674 108
20190409 1057 9684 9684 9684 9684 18
20190409 1059 9679 9684 9674 9674 90
20190409 1100 9679 9679 9669 9669 72
20190409 1101 9684 9684 9679 9679 28
20190409 1102 9684 9684 9684 9684 36
20190409 1103 9689 9689 9679 9684 90
20190409 1104 9684 9684 9684 9684 18
20190409 1106 9684 9684 9684 9684 54
20190409 1107 9679 9684 9679 9684 72
20190409 1108 9684 9684 9684 9684 18
20190409 1109 9684 9684 9684 9684 36
20190409 1110 9679 9679 9679 9679 54
20190409 1111 9689 9689 9679 9679 72
20190409 1112 9689 9689 9689 9689 18
20190409 1113 9694 9694 9694 9694 36
20190409 1114 9694 9694 9694 9694 90
20190409 1115 9689 9694 9689 9694 54
20190409 1117 9694 9694 9694 9694 54
20190409 1118 9684 9689 9679 9679 108
20190409 1119 9679 9679 9679 9679 18
20190409 1120 9684 9684 9684 9684 36
20190409 1121 9674 9679 9674 9679 126
20190409 1122 9674 9674 9674 9674 36
20190409 1123 9679 9679 9679 9679 18
20190409 1124 9684 9684 9679 9679 54
20190409 1125 9679 9679 9679 9679 72
20190409 1126 9674 9679 9674 9679 54
20190409 1128 9679 9684 9679 9679 90
20190409 1129 9684 9684 9684 9684 36
20190409 1130 9684 9684 9684 9684 18
20190409 1131 9679 9679 9679 9679 36
20190409 1132 9684 9689 9684 9689 90
20190409 1134 9694 9694 9694 9694 18
20190409 1135 9694 9694 9689 9689 54
20190409 1136 9694 9694 9689 9689 144
20190409 1137 9694 9694 9694 9694 18
20190409 1139 9694 9699 9694 9694 90
20190409 1140 9694 9694 9694 9694 36
20190409 1141 9699 9699 9699 9699 18
20190409 1142 9699 9699 9699 9699 36
20190409 1143 9699 9699 9699 9699 90
20190409 1144 9694 9694 9694 9694 54
20190409 1146 9694 9694 9694 9694 54
20190409 1147 9694 9694 9689 9694 108
20190409 1148 9689 9689 9689 9689 18
20190409 1150 9694 9694 9694 9694 90
20190409 1151 9689 9694 9689 9694 72
20190409 1152 9694 9694 9694 9694 18
20190409 1153 9694 9694 9694 9694 36
20190409 1154 9699 9699 9694 9694 90
20190409 1155 9699 9699 9699 9699 18
20190409 1157 9699 9699 9699 9699 54
20190409 1158 9699 9699 9699 9699 72
20190409 1159 9699 9699 9699 9699 18
20190409 1201 9699 9699 9699 9699 68
20190409 1202 9709 9709 9709 9709 36
20190409 1203 9709 9709 9709 9709 126
20190409 1204 9709 9709 9704 9704 54
20190409 1205 9704 9704 9704 9704 108
20190409 1206 9704 9704 9704 9704 18
20190409 1208 9699 9704 9699 9704 76
20190409 1209 9704 9704 9699 9704 108
20190409 1210 9699 9699 9699 9699 18
20190409 1212 9699 9699 9694 9694 126
20190409 1213 9699 9699 9699 9699 37
20190409 1214 9694 9694 9694 9694 18
20190409 1215 9694 9699 9694 9699 54
20190409 1216 9694 9694 9689 9694 108
20190409 1217 9694 9694 9694 9694 18
20190409 1219 9689 9694 9689 9689 126
20190409 1220 9694 9694 9694 9694 36
20190409 1221 9689 9689 9689 9689 18
20190409 1222 9689 9689 9689 9689 36
20190409 1223 9689 9694 9689 9689 90
20190409 1224 9694 9694 9689 9689 54
20190409 1226 9689 9689 9689 9689 18
20190409 1227 9689 9689 9689 9689 108
20190409 1228 9694 9694 9694 9694 18
20190409 1230 9694 9694 9689 9689 126
20190409 1231 9694 9694 9694 9694 36
20190409 1232 9694 9694 9694 9694 18
20190409 1233 9694 9694 9694 9694 36
20190409 1234 9694 9694 9689 9689 90
20190409 1235 9694 9694 9694 9694 54
20190409 1237 9694 9694 9694 9694 54
20190409 1238 9689 9694 9689 9694 108
20190409 1239 9694 9694 9694 9694 18
20190409 1241 9694 9694 9689 9689 126
20190409 1242 9694 9694 9694 9694 36
20190409 1243 9694 9694 9694 9694 18
20190409 1244 9694 9694 9694 9694 54
20190409 1245 9689 9689 9689 9689 72
20190409 1246 9699 9699 9699 9699 54
20190409 1248 9699 9699 9699 9699 54
20190409 1249 9699 9699 9694 9699 108
20190409 1250 9699 9699 9699 9699 18
20190409 1252 9694 9699 9694 9694 90
20190409 1253 9704 9704 9704 9704 36
20190409 1254 9709 9709 9709 9709 18
20190409 1255 9719 9719 9719 9719 36
20190409 1256 9714 9714 9714 9714 108
20190409 1257 9719 9719 9719 9719 36
20190409 1259 9724 9724 9724 9724 36
20190409 1300 9719 9729 9719 9729 72
20190409 1303 9729 9729 9724 9724 72
20190409 1304 9724 9724 9719 9719 72
20190409 1306 9719 9719 9719 9719 36
20190409 1307 9719 9719 9714 9714 108
20190409 1308 9719 9719 9719 9719 36
20190409 1310 9709 9714 9709 9709 234
20190409 1311 9714 9714 9714 9714 36
20190409 1312 9709 9709 9709 9709 18
20190409 1314 9709 9709 9709 9709 54
20190409 1315 9714 9714 9709 9709 90
20190409 1317 9709 9709 9709 9709 54
20190409 1318 9714 9714 9714 9714 36
20190409 1321 9719 9719 9714 9714 108
20190409 1322 9714 9714 9714 9714 36
20190409 1324 9709 9709 9709 9709 90
20190409 1325 9714 9714 9714 9714 72
20190409 1326 9714 9714 9714 9714 36
20190409 1328 9714 9714 9714 9714 72
20190409 1329 9714 9714 9714 9714 36
20190409 1332 9714 9714 9714 9714 72
20190409 1333 9714 9714 9714 9714 36
20190409 1335 9714 9714 9714 9714 36
20190409 1336 9714 9714 9714 9714 36
20190409 1337 9714 9714 9714 9714 36
20190409 1339 9714 9714 9714 9714 68
20190409 1340 9729 9729 9729 9729 216
20190409 1343 9734 9734 9729 9729 72
20190409 1344 9729 9729 9729 9729 36
20190409 1345 9729 9729 9729 9729 1
20190409 1346 9729 9729 9729 9729 36
20190409 1347 9724 9724 9724 9724 72
20190409 1348 9729 9729 9729 9729 36
20190409 1350 9724 9724 9724 9724 72
20190409 1351 9724 9729 9724 9729 72
20190409 1354 9729 9729 9724 9724 72
20190409 1355 9729 9729 9719 9719 108
20190409 1357 9724 9724 9724 9724 36
20190409 1358 9724 9729 9724 9729 360
20190409 1359 9734 9734 9734 9734 36
20190409 1401 9734 9734 9734 9734 36
20190409 1402 9734 9739 9734 9739 72
20190409 1405 9749 9749 9739 9739 72
20190409 1406 9749 9749 9749 9749 36
20190409 1408 9734 9739 9734 9739 72
20190409 1409 9734 9734 9729 9729 72
20190409 1410 9734 9734 9734 9734 36
20190409 1411 9724 9724 9724 9724 36
20190409 1412 9729 9729 9724 9724 72
20190409 1413 9724 9729 9724 9729 72
20190409 1416 9734 9734 9724 9724 108
20190409 1417 9734 9734 9734 9734 36
20190409 1419 9724 9729 9724 9729 72
20190409 1420 9724 9724 9719 9719 72
20190409 1421 9724 9724 9724 9724 36
20190409 1423 9719 9724 9719 9724 108
20190409 1424 9729 9729 9729 9729 36
20190409 1427 9729 9729 9729 9729 36
20190409 1428 9719 9729 9719 9729 108
20190409 1430 9719 9724 9719 9724 72
20190409 1432 9734 9734 9734 9734 36
20190409 1434 9744 9744 9744 9744 36
20190409 1435 9739 9744 9739 9744 108
20190409 1437 9734 9734 9734 9734 10
20190409 1438 9749 9749 9749 9749 72
20190409 1439 9754 9754 9754 9754 36
20190409 1441 9749 9749 9749 9749 36
20190409 1442 9739 9739 9739 9739 72
20190409 1443 9739 9739 9734 9734 62
20190409 1445 9744 9744 9744 9744 36
20190409 1446 9739 9744 9739 9744 72
20190409 1448 9744 9744 9744 9744 36
20190409 1449 9744 9744 9744 9744 36
20190409 1450 9749 9749 9749 9749 36
20190409 1452 9749 9749 9749 9749 36
20190409 1453 9744 9744 9744 9744 72
20190409 1454 9744 9744 9744 9744 36
20190409 1455 9744 9744 9744 9744 36
20190409 1456 9749 9749 9744 9744 72
20190409 1457 9749 9749 9749 9749 36
20190409 1458 9739 9739 9739 9739 36
20190409 1459 9749 9749 9749 9749 36
20190409 1500 9744 9744 9744 9744 36
20190409 1501 9744 9744 9744 9744 36
20190409 1503 9744 9749 9739 9739 108
20190409 1505 9744 9744 9744 9744 36
20190409 1506 9734 9734 9734 9734 108
20190409 1507 9739 9739 9729 9729 108
20190409 1508 9734 9734 9734 9734 36
20190409 1510 9719 9719 9719 9719 72
20190409 1511 9719 9719 9719 9719 36
20190409 1512 9729 9729 9729 9729 36
20190409 1514 9729 9729 9729 9729 36
20190409 1515 9729 9729 9719 9719 148
20190409 1516 9724 9724 9724 9724 36
20190409 1517 9714 9714 9714 9714 1117
20190410 906 9644 9644 9644 9644 1
20190410 1039 9684 9684 9684 9684 1
20190410 1050 9674 9674 9674 9674 5
20190410 1212 9729 9729 9729 9729 1
20190410 1345 9724 9724 9724 9724 1
20190410 1517 9764 9764 9764 9764 1
20190410 1530 9759 9759 9759 9759 5
20190411 906 9794 9794 9794 9794 1
20190411 939 9764 9764 9764 9764 1
20190411 1039 9804 9804 9804 9804 1
20190411 1212 9784 9784 9784 9784 1
20190411 1345 9769 9769 9769 9769 1
20190411 1517 9774 9774 9774 9774 1
20190411 1530 9789 9789 9789 9789 5
20190412 908 9749 9749 9749 9749 1
20190412 1040 9764 9764 9764 9764 1
20190412 1151 9779 9779 9779 9779 1
20190412 1213 9779 9779 9779 9779 1
20190412 1345 9744 9744 9744 9744 1
20190412 1517 9764 9764 9764 9764 1
20190412 1530 9769 9769 9769 9769 5
20190415 907 9834 9834 9834 9834 1
20190415 910 9804 9804 9804 9804 500
20190415 1009 9769 9769 9769 9769 320
20190415 1040 9819 9819 9819 9819 1
20190415 1049 9819 9819 9819 9819 11
20190415 1212 9829 9829 9829 9829 1
20190415 1345 9809 9809 9809 9809 1
20190415 1501 9774 9774 9774 9774 1
20190415 1517 9804 9804 9804 9804 1
20190416 904 9814 9814 9814 9814 1
20190416 1037 9789 9789 9789 9789 1
20190416 1210 9814 9814 9814 9814 1
20190416 1344 9814 9814 9814 9814 1
20190416 1417 9814 9814 9814 9814 1998
20190416 1501 9839 9839 9839 9839 3
20190416 1517 9849 9849 9849 9849 1
20190417 907 9909 9909 9909 9909 1
20190417 913 9919 9919 9919 9919 11
20190417 1040 9869 9869 9869 9869 1
20190417 1212 9864 9864 9864 9864 1
20190417 1345 9879 9879 9879 9879 1
20190417 1501 9869 9869 9869 9869 1
20190417 1517 9864 9864 9864 9864 1
20190417 1530 9869 9869 9869 9869 5
20190418 904 9909 9909 9909 9909 1
20190418 1037 9819 9819 9819 9819 1
20190418 1211 9784 9784 9784 9784 1
20190418 1250 9729 9729 9729 9729 10
20190418 1344 9724 9724 9724 9724 1
20190418 1357 9714 9714 9714 9714 51
20190418 1403 9679 9679 9679 9679 1
20190418 1517 9699 9699 9699 9699 1
20190418 1530 9694 9694 9694 9694 5
20190419 906 9764 9764 9764 9764 1
20190419 927 9734 9734 9734 9734 12
20190419 928 9764 9764 9764 9764 8
20190419 1039 9764 9764 9764 9764 1
20190419 1140 9749 9749 9749 9749 10
20190419 1212 9739 9739 9739 9739 1
20190419 1345 9754 9754 9754 9754 1
20190419 1518 9724 9724 9724 9724 1
20190419 1530 9724 9724 9724 9724 5
20190422 905 9719 9719 9719 9719 1
20190422 958 9739 9739 9739 9739 1
20190422 1011 9719 9719 9719 9719 1
20190422 1016 9719 9719 9719 9719 1
20190422 1022 9714 9714 9714 9714 1
20190422 1029 9704 9704 9704 9704 1
20190422 1035 9684 9684 9684 9684 1
20190422 1038 9709 9709 9709 9709 1
20190422 1041 9689 9689 9689 9689 1
20190422 1048 9694 9694 9694 9694 1
20190422 1054 9699 9699 9699 9699 1
20190422 1105 9689 9689 9689 9689 1
20190422 1108 9694 9694 9694 9694 1
20190422 1115 9699 9699 9699 9699 1
20190422 1120 9694 9694 9694 9694 1
20190422 1126 9684 9684 9684 9684 1
20190422 1132 9689 9689 9689 9689 1
20190422 1138 9684 9684 9684 9684 1
20190422 1146 9684 9684 9684 9684 1
20190422 1157 9679 9679 9679 9679 2
20190422 1209 9664 9664 9664 9664 1
20190422 1211 9669 9699 9669 9699 2
20190422 1216 9669 9669 9669 9669 1
20190422 1224 9669 9669 9669 9669 1
20190422 1231 9649 9649 9649 9649 1
20190422 1236 9644 9644 9644 9644 1
20190422 1241 9644 9644 9644 9644 1
20190422 1249 9634 9634 9634 9634 1
20190422 1256 9634 9634 9634 9634 1
20190422 1304 9629 9629 9629 9629 1
20190422 1306 9629 9629 9629 9629 1
20190422 1312 9629 9629 9629 9629 1
20190422 1326 9624 9624 9624 9624 2
20190422 1334 9629 9629 9629 9629 1
20190422 1338 9644 9644 9644 9644 1
20190422 1344 9649 9649 9649 9649 1
20190422 1350 9649 9649 9649 9649 1
20190422 1357 9649 9649 9649 9649 1
20190422 1404 9654 9654 9654 9654 1
20190422 1409 9654 9654 9654 9654 1
20190422 1423 9649 9649 9649 9649 3
20190422 1429 9649 9649 9649 9649 2
20190422 1435 9654 9654 9654 9654 1
20190422 1443 9644 9644 9644 9644 2
20190422 1450 9649 9649 9649 9649 1
20190422 1453 9654 9654 9654 9654 2
20190422 1502 9664 9664 9664 9664 1
20190422 1505 9684 9684 9684 9684 2
20190422 1513 9684 9684 9684 9684 1
20190422 1517 9714 9714 9714 9714 1
20190422 1518 9684 9684 9684 9684 2
20190423 908 9724 9724 9724 9724 1
20190423 1040 9684 9684 9684 9684 1
20190423 1213 9684 9684 9684 9684 1
20190423 1312 9684 9684 9674 9674 2
20190423 1313 9679 9679 9679 9679 1
20190423 1314 9679 9679 9679 9679 3
20190423 1315 9679 9679 9679 9679 2
20190423 1317 9679 9679 9679 9679 1
20190423 1318 9679 9679 9679 9679 1
20190423 1319 9679 9679 9679 9679 4
20190423 1320 9684 9684 9679 9679 3
20190423 1323 9679 9679 9679 9679 1
20190423 1324 9679 9679 9679 9679 4
20190423 1325 9679 9679 9679 9679 2
20190423 1327 9679 9679 9679 9679 1
20190423 1328 9679 9679 9679 9679 3
20190423 1329 9679 9679 9679 9679 2
20190423 1330 9679 9679 9679 9679 2
20190423 1331 9684 9684 9684 9684 2
20190423 1334 9654 9654 9654 9654 1
20190423 1345 9659 9689 9659 9689 2
20190423 1356 9664 9664 9664 9664 1
20190423 1409 9659 9659 9659 9659 1
20190423 1418 9654 9654 9654 9654 1
20190423 1432 9649 9649 9649 9649 1
20190423 1444 9669 9669 9669 9669 1
20190423 1501 9674 9674 9674 9674 1
20190423 1507 9669 9669 9669 9669 1
20190423 1517 9694 9694 9694 9694 1
20190423 1519 9664 9664 9664 9664 1
20190423 1530 9694 9694 9694 9694 5
20190424 905 9664 9664 9664 9664 1
20190424 908 9654 9654 9654 9654 1
20190424 911 9644 9644 9644 9644 1
20190424 914 9654 9654 9654 9654 1
20190424 917 9649 9649 9649 9649 1
20190424 920 9639 9639 9639 9639 1
20190424 923 9639 9639 9639 9639 1
20190424 926 9629 9629 9629 9629 1
20190424 928 9614 9614 9614 9614 1
20190424 931 9619 9619 9619 9619 1
20190424 934 9619 9619 9619 9619 1
20190424 937 9619 9619 9619 9619 1
20190424 940 9624 9624 9624 9624 1
20190424 943 9619 9619 9619 9619 1
20190424 946 9604 9604 9604 9604 1
20190424 949 9624 9624 9624 9624 1
20190424 951 9619 9619 9619 9619 1
20190424 954 9619 9619 9619 9619 1
20190424 957 9629 9629 9629 9629 1
20190424 1000 9629 9629 9629 9629 1
20190424 1003 9614 9614 9614 9614 1
20190424 1006 9614 9614 9614 9614 1
20190424 1009 9614 9614 9614 9614 1
20190424 1012 9614 9614 9614 9614 1
20190424 1015 9614 9614 9614 9614 1
20190424 1017 9599 9599 9599 9599 1
20190424 1020 9599 9599 9599 9599 1
20190424 1023 9599 9599 9599 9599 1
20190424 1026 9604 9604 9604 9604 1
20190424 1029 9604 9604 9604 9604 1
20190424 1032 9599 9599 9599 9599 1
20190424 1035 9599 9599 9599 9599 1
20190424 1038 9599 9599 9599 9599 1
20190424 1039 9599 9599 9599 9599 2
20190424 1041 9574 9574 9574 9574 1
20190424 1043 9569 9569 9569 9569 1
20190424 1046 9559 9559 9559 9559 1
20190424 1049 9549 9549 9549 9549 1
20190424 1052 9539 9539 9539 9539 1
20190424 1055 9539 9539 9539 9539 1
20190424 1058 9529 9529 9529 9529 1
20190424 1101 9534 9534 9534 9534 1
20190424 1104 9529 9529 9529 9529 1
20190424 1106 9524 9524 9524 9524 1
20190424 1109 9514 9514 9514 9514 1
20190424 1112 9505 9505 9505 9505 1
20190424 1115 9514 9514 9514 9514 1
20190424 1118 9505 9505 9505 9505 1
20190424 1121 9505 9505 9505 9505 1
20190424 1127 9490 9490 9490 9490 1
20190424 1130 9490 9490 9490 9490 1
20190424 1132 9480 9480 9480 9480 2
20190424 1135 9475 9475 9475 9475 1
20190424 1138 9475 9475 9475 9475 1
20190424 1141 9480 9480 9480 9480 1
20190424 1144 9470 9470 9470 9470 1
20190424 1147 9460 9460 9460 9460 1
20190424 1150 9445 9445 9445 9445 1
20190424 1153 9450 9450 9450 9450 1
20190424 1156 9455 9455 9455 9455 1
20190424 1158 9455 9455 9455 9455 1
20190424 1201 9445 9445 9445 9445 1
20190424 1204 9460 9460 9460 9460 1
20190424 1207 9455 9455 9455 9455 1
20190424 1210 9455 9455 9455 9455 1
20190424 1213 9455 9455 9455 9455 1
20190424 1216 9455 9455 9455 9455 1
20190424 1219 9455 9455 9455 9455 1
20190424 1221 9450 9450 9450 9450 1
20190424 1224 9465 9465 9465 9465 1
20190424 1227 9460 9460 9460 9460 1
20190424 1231 9445 9445 9445 9445 1
20190424 1233 9435 9435 9435 9435 1
20190424 1236 9435 9435 9435 9435 1
20190424 1239 9435 9435 9435 9435 1
20190424 1242 9435 9435 9435 9435 1
20190424 1245 9435 9435 9435 9435 1
20190424 1247 9435 9435 9435 9435 1
20190424 1250 9435 9435 9435 9435 1
20190424 1253 9440 9440 9440 9440 1
20190424 1256 9430 9430 9430 9430 1
20190424 1259 9425 9425 9425 9425 1
20190424 1302 9430 9430 9430 9430 1
20190424 1305 9430 9430 9430 9430 1
20190424 1308 9430 9430 9430 9430 1
20190424 1311 9435 9435 9435 9435 1
20190424 1313 9425 9425 9425 9425 1
20190424 1316 9435 9435 9435 9435 1
20190424 1319 9435 9435 9435 9435 1
20190424 1322 9430 9430 9430 9430 1
20190424 1325 9430 9430 9430 9430 1
20190424 1328 9430 9430 9430 9430 1
20190424 1331 9435 9435 9435 9435 1
20190424 1334 9435 9435 9435 9435 1
20190424 1336 9430 9430 9430 9430 1
20190424 1339 9420 9420 9420 9420 1
20190424 1342 9430 9430 9430 9430 1
20190424 1345 9430 9430 9430 9430 1
20190424 1348 9435 9435 9435 9435 1
20190424 1351 9435 9435 9435 9435 1
20190424 1354 9445 9445 9445 9445 1
20190424 1357 9445 9445 9445 9445 1
20190424 1400 9440 9440 9440 9440 1
20190424 1402 9440 9440 9440 9440 1
20190424 1405 9430 9430 9430 9430 1
20190424 1408 9435 9435 9435 9435 1
20190424 1411 9445 9445 9445 9445 1
20190424 1414 9455 9455 9455 9455 1
20190424 1417 9465 9465 9465 9465 1
20190424 1420 9470 9470 9470 9470 1
20190424 1423 9470 9470 9470 9470 1
20190424 1426 9460 9460 9460 9460 1
20190424 1428 9455 9455 9455 9455 1
20190424 1431 9455 9455 9455 9455 1
20190424 1434 9455 9455 9455 9455 1
20190424 1437 9450 9450 9450 9450 1
20190424 1440 9455 9455 9455 9455 1
20190424 1443 9450 9450 9450 9450 1
20190424 1446 9450 9450 9450 9450 1
20190424 1449 9460 9460 9460 9460 1
20190424 1452 9450 9450 9450 9450 1
20190424 1454 9450 9450 9450 9450 1
20190424 1457 9455 9455 9455 9455 1
20190424 1500 9460 9460 9460 9460 1
20190424 1503 9470 9470 9470 9470 1
20190424 1506 9490 9490 9490 9490 1
20190424 1509 9485 9485 9485 9485 1
20190424 1512 9480 9480 9480 9480 1
20190424 1515 9475 9475 9475 9475 1
20190424 1517 9480 9480 9480 9480 1
20190424 1530 9519 9519 9519 9519 10
20190425 905 9524 9524 9524 9524 1
20190425 938 9609 9609 9609 9609 1
20190425 1039 9584 9584 9584 9584 1
20190425 1212 9639 9639 9639 9639 1
20190425 1345 9604 9604 9604 9604 1
20190425 1518 9614 9614 9614 9614 1
20190425 1530 9609 9609 9609 9609 5
20190426 905 9470 9470 9470 9470 1
20190426 1038 9514 9514 9514 9514 1
20190426 1211 9539 9539 9539 9539 1
20190426 1248 9505 9505 9505 9505 1
20190426 1311 9524 9524 9524 9524 1020
20190426 1312 9510 9524 9510 9524 490
20190426 1313 9524 9524 9524 9524 170
20190426 1314 9524 9524 9524 9524 1000
20190426 1315 9524 9524 9510 9524 491
20190426 1316 9524 9524 9524 9524 979
20190426 1317 9524 9524 9524 9524 830
20190426 1319 9524 9524 9524 9524 1170
20190426 1320 9524 9524 9500 9524 490
20190426 1321 9524 9524 9519 9519 830
20190426 1322 9514 9514 9490 9514 830
20190426 1323 9514 9514 9514 9514 170
20190426 1324 9510 9510 9505 9505 1170
20190426 1325 9505 9505 9505 9505 320
20190426 1326 9505 9505 9505 9505 490
20190426 1327 9505 9505 9505 9505 1170
20190426 1328 9490 9505 9490 9505 170
20190426 1329 9505 9505 9505 9505 1170
20190426 1330 9505 9505 9505 9505 320
20190426 1331 9490 9505 9490 9505 830
20190426 1333 9505 9505 9505 9505 1000
20190426 1334 9505 9505 9505 9505 1170
20190426 1335 9505 9505 9505 9505 320
20190426 1336 9490 9490 9490 9490 1
20190426 1338 9495 9495 9495 9495 1
20190426 1340 9505 9505 9505 9505 2189
20190426 1341 9505 9510 9505 9510 830
20190426 1342 9510 9549 9510 9510 1659
20190426 1343 9510 9510 9510 9510 170
20190426 1344 9510 9514 9510 9514 811
20190426 1345 9514 9514 9514 9514 810
20190426 1346 9514 9514 9514 9514 320
20190426 1347 9514 9514 9514 9514 851
20190426 1348 9514 9514 9514 9514 829
20190426 1351 9519 9519 9490 9514 1980
20190426 1352 9514 9514 9510 9510 1170
20190426 1353 9510 9510 9510 9510 170
20190426 1354 9490 9510 9490 9510 1170
20190426 1355 9510 9510 9510 9510 490
20190426 1356 9510 9510 9510 9510 320
20190426 1357 9510 9510 9510 9510 1170
20190426 1358 9510 9510 9510 9510 170
20190426 1359 9490 9510 9490 9510 830
20190426 1400 9510 9510 9510 9510 1000
20190426 1401 9490 9510 9490 9510 660
20190426 1402 9510 9510 9510 9510 1340
20190426 1403 9510 9510 9510 9510 340
20190426 1404 9510 9510 9510 9510 1000
20190426 1405 9505 9505 9505 9505 830
20190426 1408 9505 9505 9490 9505 2680
20190426 1409 9500 9500 9500 9500 320
20190426 1410 9500 9500 9500 9500 1680
20190426 1411 9500 9500 9500 9500 660
20190426 1412 9500 9500 9500 9500 1340
20190426 1413 9500 9500 9500 9500 340
20190426 1414 9490 9500 9490 9495 1170
20190426 1415 9495 9495 9495 9495 1000
20190426 1416 9495 9495 9495 9495 320
20190426 1418 9500 9500 9500 9500 1
20190426 1421 9505 9510 9505 9510 1001
20190426 1422 9510 9519 9510 9519 490
20190426 1423 9519 9519 9519 9519 2378
20190426 1424 9524 9524 9524 9524 3210
20190426 1425 9529 9529 9529 9529 490
20190426 1426 9529 9534 9529 9534 1000
20190426 1427 9534 9534 9534 9534 1660
20190426 1429 9544 9544 9539 9539 491
20190426 1430 9549 9549 9549 9549 1169
20190426 1431 9549 9549 9539 9539 907
20190426 1432 9539 9539 9539 9539 2243
20190426 1433 9539 9539 9534 9534 340
20190426 1434 9534 9534 9510 9510 491
20190426 1436 9514 9514 9514 9514 1
20190426 1439 9544 9544 9539 9539 3209
20190426 1440 9539 9539 9539 9539 1320
20190426 1441 9539 9539 9539 9539 1150
20190426 1442 9539 9539 9519 9534 491
20190426 1443 9534 9534 9534 9534 1868
20190426 1444 9534 9534 9524 9534 1170
20190426 1445 9534 9534 9534 9534 150
20190426 1446 9534 9534 9529 9529 1660
20190426 1447 9529 9529 9529 9529 1170
20190426 1448 9529 9529 9529 9529 510
20190426 1449 9529 9529 9505 9505 831
20190426 1450 9529 9529 9529 9529 339
20190426 1451 9529 9529 9529 9529 1000
20190426 1452 9529 9529 9510 9529 1490
20190426 1453 9524 9524 9514 9514 1020
20190426 1455 9514 9514 9514 9514 1150
20190426 1456 9514 9514 9514 9514 1020
20190426 1458 9514 9514 9514 9514 2170
20190426 1459 9490 9514 9490 9514 1170
20190426 1500 9490 9514 9490 9514 1000
20190426 1501 9514 9514 9514 9514 170
20190426 1503 9514 9514 9514 9514 2170
20190426 1504 9514 9514 9514 9514 1000
20190426 1505 9490 9514 9490 9514 1170
20190426 1506 9514 9514 9514 9514 490
20190426 1507 9514 9514 9490 9514 1000
20190426 1508 9514 9514 9514 9514 850
20190426 1509 9514 9514 9510 9510 1000
20190426 1511 9510 9510 9510 9510 1490
20190426 1513 9510 9510 9510 9510 1
20190426 1514 9514 9514 9514 9514 850
20190426 1515 9514 9514 9514 9514 999
20190426 1516 9514 9519 9514 9514 1490
20190426 1518 9514 9514 9514 9514 1
20190426 1519 9510 9510 9510 9510 340
20190426 1530 9510 9510 9510 9510 5
20190429 906 9540 9540 9540 9540 1
20190429 1039 9530 9530 9530 9530 1
20190429 1211 9570 9570 9570 9570 1
20190429 1344 9620 9620 9620 9620 1
20190429 1517 9635 9635 9635 9635 1
20190429 1530 9650 9650 9650 9650 5
20190430 906 9660 9660 9660 9660 1
20190430 931 9640 9640 9640 9640 3
20190430 1039 9545 9545 9545 9545 1
20190430 1057 9505 9505 9505 9505 5
20190430 1114 9520 9520 9520 9520 8
20190430 1117 9530 9530 9530 9530 9
20190430 1120 9545 9545 9545 9545 8
20190430 1123 9555 9555 9555 9555 9
20190430 1126 9540 9540 9540 9540 8
20190430 1128 9545 9545 9545 9545 3
20190430 1129 9540 9540 9540 9540 12
20190430 1131 9550 9550 9550 9550 9
20190430 1135 9560 9560 9560 9560 32
20190430 1136 9560 9560 9560 9560 14
20190430 1137 9560 9560 9560 9560 18
20190430 1138 9565 9565 9560 9560 36
20190430 1139 9560 9560 9560 9560 22
20190430 1140 9560 9560 9560 9560 14
20190430 1141 9565 9565 9565 9565 28
20190430 1142 9565 9565 9565 9565 14
20190430 1143 9570 9570 9565 9565 36
20190430 1144 9565 9565 9565 9565 17
20190430 1145 9565 9565 9565 9565 18
20190430 1146 9570 9570 9570 9570 28
20190430 1147 9570 9570 9565 9570 36
20190430 1148 9570 9570 9570 9570 18
20190430 1149 9570 9570 9570 9570 36
20190430 1150 9565 9565 9565 9565 18
20190430 1151 9565 9565 9565 9565 14
20190430 1152 9565 9565 9560 9560 28
20190430 1153 9560 9560 9560 9560 18
20190430 1154 9555 9560 9555 9560 31
20190430 1155 9560 9560 9560 9560 14
20190430 1156 9560 9560 9555 9560 44
20190430 1157 9555 9555 9555 9555 14
20190430 1158 9555 9555 9555 9555 14
20190430 1159 9560 9560 9550 9550 17
20190430 1201 9550 9550 9550 9550 8
20190430 1202 9555 9555 9555 9555 7
20190430 1204 9545 9545 9545 9545 3
20190430 1209 9535 9535 9535 9535 3
20190430 1212 9535 9535 9535 9535 1
20190430 1214 9540 9540 9540 9540 3
20190430 1219 9540 9540 9540 9540 3
20190430 1224 9540 9540 9540 9540 3
20190430 1229 9535 9535 9535 9535 4
20190430 1232 9535 9535 9535 9535 1
20190430 1234 9540 9540 9540 9540 3
20190430 1239 9555 9555 9555 9555 4
20190430 1245 9565 9565 9565 9565 3
20190430 1246 9565 9565 9565 9565 2
20190430 1249 9580 9580 9580 9580 4
20190430 1254 9585 9585 9585 9585 3
20190430 1259 9590 9590 9590 9590 4
20190430 1300 9590 9590 9585 9585 3
20190430 1303 9605 9605 9605 9605 3
20190430 1308 9610 9610 9610 9610 4
20190430 1309 9605 9605 9605 9605 1
20190430 1313 9595 9595 9595 9595 3
20190430 1315 9595 9595 9595 9595 1
20190430 1318 9600 9600 9600 9600 4
20190430 1323 9615 9615 9615 9615 3
20190430 1328 9610 9610 9610 9610 4
20190430 1329 9610 9610 9610 9610 1
20190430 1333 9625 9625 9625 9625 3
20190430 1336 9625 9625 9625 9625 1
20190430 1338 9625 9625 9625 9625 4
20190430 1343 9640 9640 9640 9640 3
20190430 1344 9640 9640 9640 9640 1
20190430 1345 9645 9645 9645 9645 1
20190430 1348 9635 9635 9635 9635 4
20190430 1351 9635 9635 9635 9635 1
20190430 1353 9630 9630 9630 9630 3
20190430 1358 9620 9620 9620 9620 7
20190430 1403 9635 9635 9635 9635 3
20190430 1406 9635 9635 9635 9635 1
20190430 1408 9640 9640 9640 9640 4
20190430 1413 9635 9635 9635 9635 3
20190430 1414 9625 9625 9625 9625 1
20190430 1418 9645 9645 9645 9645 4
20190430 1423 9655 9655 9655 9655 3
20190430 1427 9655 9655 9655 9655 1
20190430 1428 9655 9655 9655 9655 4
20190430 1433 9650 9650 9650 9650 3
20190430 1434 9645 9645 9645 9645 1
20190430 1438 9655 9655 9655 9655 4
20190430 1441 9640 9640 9640 9640 3
20190430 1443 9655 9655 9655 9655 3
20190430 1448 9650 9650 9650 9650 4
20190430 1453 9640 9640 9640 9640 3
20190430 1458 9635 9635 9635 9635 4
20190430 1503 9635 9635 9630 9630 4
20190430 1504 9625 9625 9625 9625 1
20190430 1506 9620 9620 9620 9620 1
20190430 1508 9625 9625 9625 9625 4
20190430 1513 9615 9615 9615 9615 3
20190430 1518 9625 9625 9620 9620 7
20190430 1530 9625 9625 9625 9625 10
