날짜 시간 시가 고가 저가 종가 거래량
20191202 905 9565 9565 9565 9565 1
20191202 910 9580 9585 9580 9585 17
20191202 916 9595 9595 9595 9595 1
20191202 921 9600 9600 9600 9600 1
20191202 926 9605 9605 9605 9605 1
20191202 932 9615 9615 9615 9615 1
20191202 937 9610 9610 9610 9610 1
20191202 942 9600 9600 9600 9600 1
20191202 948 9595 9595 9595 9595 1
20191202 953 9595 9595 9595 9595 1
20191202 958 9605 9605 9605 9605 1
20191202 1003 9600 9600 9600 9600 1
20191202 1009 9580 9580 9580 9580 1
20191202 1014 9575 9575 9575 9575 1
20191202 1019 9565 9565 9565 9565 1
20191202 1025 9560 9560 9560 9560 1
20191202 1030 9575 9575 9575 9575 1
20191202 1035 9570 9570 9570 9570 1
20191202 1041 9565 9565 9565 9565 1
20191202 1046 9565 9565 9565 9565 1
20191202 1051 9570 9570 9570 9570 1
20191202 1053 9575 9575 9575 9575 1
20191202 1057 9575 9575 9575 9575 1
20191202 1102 9580 9580 9580 9580 1
20191202 1107 9580 9580 9580 9580 1
20191202 1113 9585 9585 9585 9585 1
20191202 1118 9585 9585 9585 9585 1
20191202 1123 9585 9585 9585 9585 1
20191202 1129 9585 9585 9585 9585 1
20191202 1134 9585 9585 9585 9585 1
20191202 1139 9595 9595 9595 9595 1
20191202 1145 9595 9595 9595 9595 1
20191202 1150 9595 9595 9595 9595 1
20191202 1155 9590 9590 9590 9590 1
20191202 1201 9600 9600 9600 9600 1
20191202 1206 9605 9605 9605 9605 1
20191202 1211 9605 9605 9605 9605 1
20191202 1217 9600 9600 9600 9600 1
20191202 1222 9605 9605 9605 9605 1
20191202 1227 9605 9605 9605 9605 1
20191202 1232 9605 9605 9605 9605 1
20191202 1238 9600 9600 9600 9600 1
20191202 1243 9600 9600 9600 9600 1
20191202 1248 9585 9585 9585 9585 1
20191202 1254 9595 9595 9595 9595 1
20191202 1259 9595 9595 9595 9595 1
20191202 1304 9600 9600 9600 9600 1
20191202 1310 9605 9605 9605 9605 1
20191202 1315 9605 9605 9605 9605 1
20191202 1320 9600 9600 9600 9600 1
20191202 1326 9610 9610 9610 9610 1
20191202 1331 9595 9595 9595 9595 1
20191202 1336 9595 9595 9595 9595 1
20191202 1342 9605 9605 9605 9605 1
20191202 1347 9600 9600 9600 9600 1
20191202 1352 9595 9595 9595 9595 1
20191202 1358 9600 9600 9600 9600 1
20191202 1403 9580 9580 9580 9580 1
20191202 1408 9580 9580 9580 9580 1
20191202 1414 9580 9580 9580 9580 1
20191202 1419 9580 9580 9580 9580 1
20191202 1424 9575 9575 9575 9575 1
20191202 1430 9580 9580 9580 9580 1
20191202 1435 9580 9580 9580 9580 1
20191202 1440 9575 9575 9575 9575 1
20191202 1446 9570 9570 9570 9570 1
20191202 1451 9565 9565 9565 9565 1
20191202 1456 9570 9570 9570 9570 1
20191202 1502 9565 9565 9565 9565 1
20191202 1507 9565 9565 9565 9565 1
20191202 1512 9560 9560 9560 9560 1
20191202 1517 9570 9570 9570 9570 1
20191202 1530 9595 9595 9595 9595 5
20191203 906 9460 9460 9460 9460 1
20191203 1039 9475 9475 9475 9475 1
20191203 1211 9535 9535 9535 9535 1
20191203 1242 9550 9550 9550 9550 30
20191203 1344 9560 9560 9560 9560 1
20191203 1517 9575 9575 9575 9575 1
20191203 1530 9560 9560 9560 9560 5
20191204 905 9455 9455 9455 9455 1
20191204 956 9415 9415 9415 9415 1
20191204 1010 9400 9400 9400 9400 1
20191204 1019 9385 9385 9385 9385 10
20191204 1038 9400 9400 9400 9400 1
20191204 1203 9355 9355 9355 9355 1
20191204 1205 9350 9350 9350 9350 1
20191204 1211 9345 9345 9345 9345 1
20191204 1344 9370 9370 9370 9370 1
20191204 1504 9370 9370 9370 9370 1
20191204 1517 9385 9385 9385 9385 1
20191204 1530 9385 9385 9385 9385 5
20191205 905 9500 9500 9500 9500 1
20191205 1000 9450 9450 9450 9450 1
20191205 1034 9440 9440 9440 9440 1
20191205 1038 9430 9430 9430 9430 1
20191205 1211 9385 9385 9385 9385 1
20191205 1344 9390 9390 9390 9390 1
20191205 1517 9405 9405 9405 9405 1
20191205 1530 9410 9410 9410 9410 5
20191206 906 9475 9475 9475 9475 1
20191206 928 9470 9470 9470 9470 1
20191206 954 9495 9495 9495 9495 1
20191206 1010 9515 9515 9515 9515 1
20191206 1039 9515 9515 9515 9515 1
20191206 1212 9515 9515 9515 9515 1
20191206 1325 9515 9515 9515 9515 38
20191206 1337 9520 9520 9520 9520 44
20191206 1339 9520 9520 9520 9520 6
20191206 1344 9520 9555 9520 9555 24
20191206 1345 9525 9525 9525 9525 5
20191206 1346 9520 9520 9520 9520 1
20191206 1354 9515 9515 9515 9515 29
20191206 1356 9515 9515 9515 9515 6
20191206 1358 9505 9505 9505 9505 12
20191206 1400 9505 9505 9505 9505 6
20191206 1509 9545 9545 9545 9545 567
20191206 1510 9545 9545 9545 9545 7267
20191206 1511 9545 9545 9545 9545 11634
20191206 1512 9545 9545 9545 9545 16891
20191206 1513 9545 9545 9540 9540 21825
20191206 1514 9540 9545 9540 9545 16817
20191206 1515 9545 9560 9545 9550 26266
20191206 1516 9550 9550 9545 9545 20200
20191206 1517 9550 9555 9545 9550 19326
20191206 1518 9550 9555 9550 9555 11991
20191206 1519 9555 9565 9555 9565 21467
20191206 1520 9565 9565 9565 9565 2750
20191206 1530 9550 9550 9550 9550 5
20191209 905 9625 9625 9625 9625 1
20191209 1038 9625 9625 9625 9625 1
20191209 1211 9620 9620 9620 9620 1
20191209 1319 9585 9585 9585 9585 10
20191209 1344 9600 9600 9600 9600 1
20191209 1517 9615 9615 9615 9615 1
20191209 1530 9610 9610 9610 9610 5
20191210 906 9575 9575 9575 9575 1
20191210 1039 9635 9635 9635 9635 1
20191210 1212 9635 9635 9635 9635 1
20191210 1321 9645 9645 9645 9645 1
20191210 1345 9670 9670 9670 9670 1
20191210 1359 9640 9640 9640 9640 12
20191210 1409 9650 9650 9650 9650 20
20191210 1413 9640 9640 9640 9640 10
20191210 1415 9640 9640 9640 9640 4
20191210 1417 9635 9635 9635 9635 6
20191210 1422 9640 9640 9640 9640 10
20191210 1431 9635 9635 9635 9635 22
20191210 1517 9670 9670 9670 9670 1
20191210 1530 9695 9695 9695 9695 5
20191211 907 9685 9685 9685 9685 1
20191211 925 9705 9705 9705 9705 50
20191211 941 9680 9680 9680 9680 1
20191211 1040 9705 9705 9705 9705 1
20191211 1212 9740 9740 9740 9740 1
20191211 1345 9745 9745 9745 9745 1
20191211 1517 9745 9745 9745 9745 1
20191211 1530 9740 9740 9740 9740 5
20191212 905 9835 9835 9835 9835 1
20191212 957 9830 9830 9830 9830 1
20191212 1038 9840 9840 9840 9840 1
20191212 1112 9845 9845 9845 9845 1
20191212 1120 9875 9875 9875 9875 3
20191212 1211 9880 9880 9880 9880 1
20191212 1308 9850 9850 9850 9850 1
20191212 1344 9880 9880 9880 9880 1
20191212 1411 9880 9880 9880 9880 2
20191212 1420 9880 9880 9880 9880 20
20191212 1517 9910 9910 9910 9910 1
20191213 907 10045 10045 10045 10045 1
20191213 912 10025 10025 10025 10025 1
20191213 917 10045 10045 10045 10045 1
20191213 921 10055 10055 10055 10055 1
20191213 922 10065 10065 10065 10065 4
20191213 926 10050 10050 10050 10050 1
20191213 931 10030 10030 10030 10030 1
20191213 935 10040 10040 10040 10040 1
20191213 940 10050 10050 10050 10050 1
20191213 945 10050 10050 10050 10050 1
20191213 949 10055 10055 10055 10055 1
20191213 954 10065 10065 10065 10065 1
20191213 959 10060 10060 10060 10060 1
20191213 1002 10070 10070 10070 10070 2
20191213 1003 10065 10065 10065 10065 1
20191213 1008 10060 10060 10060 10060 1
20191213 1013 10060 10060 10060 10060 1
20191213 1017 10065 10065 10065 10065 1
20191213 1022 10065 10065 10065 10065 1
20191213 1025 10060 10090 10060 10090 2
20191213 1027 10065 10065 10065 10065 1
20191213 1030 10065 10065 10065 10065 1
20191213 1031 10060 10060 10060 10060 1
20191213 1036 10055 10055 10055 10055 1
20191213 1041 10040 10040 10040 10040 1
20191213 1046 10040 10040 10040 10040 1
20191213 1050 10050 10050 10050 10050 1
20191213 1055 10040 10040 10040 10040 1
20191213 1100 10045 10045 10045 10045 1
20191213 1104 10045 10045 10045 10045 1
20191213 1109 10055 10055 10055 10055 1
20191213 1114 10055 10055 10055 10055 1
20191213 1118 10065 10065 10065 10065 1
20191213 1123 10060 10060 10060 10060 1
20191213 1128 10060 10060 10060 10060 1
20191213 1132 10055 10055 10055 10055 1
20191213 1137 10060 10060 10060 10060 1
20191213 1142 10060 10060 10060 10060 1
20191213 1146 10060 10060 10060 10060 1
20191213 1151 10060 10060 10060 10060 1
20191213 1156 10060 10060 10060 10060 1
20191213 1201 10055 10055 10055 10055 1
20191213 1205 10080 10080 10080 10080 1
20191213 1209 10080 10090 10080 10090 2
20191213 1210 10080 10080 10080 10080 1
20191213 1213 10080 10080 10080 10080 1
20191213 1215 10080 10080 10080 10080 1
20191213 1219 10080 10080 10080 10080 1
20191213 1224 10080 10080 10080 10080 1
20191213 1229 10080 10080 10080 10080 1
20191213 1233 10080 10080 10080 10080 1
20191213 1238 10080 10080 10080 10080 1
20191213 1243 10080 10080 10080 10080 1
20191213 1247 10080 10080 10080 10080 1
20191213 1252 10080 10080 10080 10080 1
20191213 1257 10080 10080 10080 10080 1
20191213 1301 10080 10080 10080 10080 1
20191213 1306 10080 10080 10080 10080 1
20191213 1311 10080 10080 10080 10080 1
20191213 1316 10080 10080 10080 10080 1
20191213 1320 10080 10080 10080 10080 1
20191213 1325 10080 10080 10080 10080 1
20191213 1330 10085 10085 10085 10085 1
20191213 1334 10080 10080 10080 10080 1
20191213 1339 10080 10080 10080 10080 1
20191213 1344 10080 10080 10080 10080 1
20191213 1348 10080 10080 10080 10080 1
20191213 1353 10080 10080 10080 10080 1
20191213 1358 10080 10080 10080 10080 1
20191213 1402 10080 10080 10080 10080 1
20191213 1407 10080 10080 10080 10080 1
20191213 1412 10085 10085 10085 10085 1
20191213 1416 10085 10110 10085 10110 4
20191213 1421 10085 10085 10085 10085 1
20191213 1426 10085 10085 10085 10085 1
20191213 1430 10085 10085 10085 10085 1
20191213 1435 10090 10090 10090 10090 1
20191213 1440 10090 10090 10090 10090 1
20191213 1445 10090 10090 10090 10090 1
20191213 1449 10095 10095 10095 10095 1
20191213 1454 10090 10090 10090 10090 1
20191213 1459 10090 10090 10090 10090 1
20191213 1503 10085 10085 10085 10085 1
20191213 1508 10080 10080 10080 10080 1
20191213 1513 10080 10080 10080 10080 1
20191213 1517 10080 10080 10080 10080 1
20191213 1530 10105 10105 10105 10105 5
20191216 907 10110 10110 10110 10110 1
20191216 919 10120 10120 10120 10120 9
20191216 1040 10155 10155 10155 10155 1
20191216 1212 10140 10140 10140 10140 1
20191216 1236 10120 10150 10120 10150 2
20191216 1317 10140 10140 10140 10140 5
20191216 1345 10150 10150 10150 10150 1
20191216 1517 10150 10150 10150 10150 1
20191216 1530 10150 10150 10150 10150 5
20191217 901 10210 10210 10210 10210 3
20191217 902 10240 10240 10240 10240 1
20191217 908 10235 10235 10235 10235 50
20191217 929 10180 10180 10180 10180 50
20191217 1036 10265 10265 10265 10265 1
20191217 1154 10295 10295 10295 10295 19
20191217 1210 10325 10325 10325 10325 1
20191217 1304 10325 10345 10325 10345 2
20191217 1316 10325 10325 10325 10325 9
20191217 1322 10320 10320 10320 10320 2
20191217 1329 10300 10300 10300 10300 3
20191217 1331 10300 10300 10300 10300 2
20191217 1332 10300 10300 10300 10300 2
20191217 1333 10300 10300 10300 10300 2
20191217 1335 10300 10310 10300 10310 14
20191217 1341 10330 10330 10330 10330 1
20191217 1342 10300 10300 10300 10300 2
20191217 1344 10330 10330 10305 10305 3
20191217 1345 10290 10290 10290 10290 2
20191217 1346 10300 10300 10300 10300 2
20191217 1348 10305 10305 10305 10305 2
20191217 1349 10300 10300 10300 10300 2
20191217 1350 10300 10300 10300 10300 2
20191217 1351 10300 10300 10300 10300 2
20191217 1353 10305 10305 10305 10305 2
20191217 1354 10305 10305 10305 10305 3
20191217 1355 10300 10300 10300 10300 2
20191217 1356 10315 10315 10315 10315 1
20191217 1357 10305 10305 10305 10305 2
20191217 1358 10305 10305 10305 10305 2
20191217 1359 10310 10310 10310 10310 3
20191217 1401 10315 10315 10315 10315 2
20191217 1402 10310 10310 10310 10310 11
20191217 1517 10330 10330 10330 10330 1
20191217 1519 10325 10325 10325 10325 100
20191217 1530 10340 10340 10340 10340 5
20191218 905 10315 10315 10315 10315 1
20191218 932 10315 10315 10315 10315 10
20191218 946 10290 10290 10290 10290 1
20191218 953 10260 10260 10260 10260 1
20191218 955 10250 10250 10250 10250 1
20191218 1020 10260 10260 10260 10260 7
20191218 1038 10290 10290 10290 10290 1
20191218 1146 10285 10285 10285 10285 50
20191218 1147 10285 10285 10285 10285 143
20191218 1148 10290 10290 10290 10290 215
20191218 1149 10290 10290 10285 10285 683
20191218 1150 10285 10285 10285 10285 359
20191218 1151 10285 10285 10285 10285 144
20191218 1152 10285 10285 10285 10285 324
20191218 1153 10285 10285 10275 10275 609
20191218 1154 10275 10275 10275 10275 323
20191218 1155 10275 10275 10275 10275 358
20191218 1156 10275 10275 10275 10275 180
20191218 1157 10275 10275 10275 10275 539
20191218 1158 10275 10275 10275 10275 144
20191218 1159 10275 10275 10275 10275 539
20191218 1201 10275 10275 10275 10275 539
20191218 1202 10275 10275 10275 10275 144
20191218 1203 10275 10275 10275 10275 179
20191218 1204 10275 10280 10275 10280 395
20191218 1205 10275 10275 10265 10265 514
20191218 1206 10270 10270 10270 10270 502
20191218 1207 10270 10270 10270 10270 90
20191218 1208 10275 10275 10275 10275 240
20191218 1209 10275 10275 10275 10275 240
20191218 1210 10275 10275 10275 10275 311
20191218 1211 10275 10285 10275 10275 241
20191218 1212 10280 10280 10280 10280 97
20191218 1213 10275 10275 10275 10275 456
20191218 1214 10275 10275 10275 10275 455
20191218 1215 10275 10275 10275 10275 239
20191218 1216 10280 10280 10280 10280 358
20191218 1218 10280 10280 10280 10280 240
20191218 1219 10280 10280 10280 10280 455
20191218 1220 10280 10280 10280 10280 96
20191218 1221 10285 10285 10280 10280 455
20191218 1222 10280 10280 10280 10280 241
20191218 1223 10280 10280 10280 10280 311
20191218 1224 10285 10285 10285 10285 336
20191218 1225 10290 10290 10285 10285 358
20191218 1226 10280 10285 10280 10285 193
20191218 1227 10280 10285 10280 10285 240
20191218 1228 10285 10285 10285 10285 240
20191218 1229 10285 10285 10285 10285 455
20191218 1230 10285 10285 10285 10285 96
20191218 1231 10285 10285 10275 10275 650
20191218 1232 10280 10280 10275 10275 455
20191218 1234 10280 10280 10280 10280 455
20191218 1235 10285 10285 10280 10280 239
20191218 1236 10280 10280 10280 10280 359
20191218 1237 10275 10275 10275 10275 289
20191218 1238 10275 10275 10275 10275 455
20191218 1239 10275 10275 10275 10275 144
20191218 1240 10275 10275 10275 10275 455
20191218 1241 10275 10275 10275 10275 97
20191218 1242 10275 10275 10275 10275 240
20191218 1243 10275 10280 10275 10280 454
20191218 1244 10275 10275 10275 10275 282
20191218 1245 10280 10280 10280 10280 359
20191218 1246 10280 10280 10280 10280 144
20191218 1247 10280 10280 10280 10280 310
20191218 1248 10280 10280 10280 10280 240
20191218 1249 10280 10280 10275 10275 744
20191218 1250 10275 10275 10275 10275 241
20191218 1251 10275 10275 10275 10275 311
20191218 1252 10275 10275 10275 10275 240
20191218 1253 10275 10275 10275 10275 454
20191218 1254 10275 10275 10275 10275 96
20191218 1255 10275 10275 10275 10275 241
20191218 1258 10280 10280 10280 10280 599
20191218 1259 10280 10280 10280 10280 144
20191218 1300 10280 10280 10280 10280 359
20191218 1301 10280 10280 10280 10280 192
20191218 1302 10280 10280 10280 10280 359
20191218 1303 10280 10280 10270 10270 1150
20191218 1304 10275 10275 10275 10275 97
20191218 1305 10275 10275 10275 10275 144
20191218 1306 10275 10275 10270 10270 240
20191218 1307 10270 10270 10270 10270 359
20191218 1308 10270 10270 10270 10270 96
20191218 1309 10270 10270 10270 10270 456
20191218 1310 10275 10275 10275 10275 96
20191218 1311 10280 10280 10275 10275 551
20191218 1312 10275 10275 10275 10275 240
20191218 1313 10270 10270 10265 10270 622
20191218 1314 10265 10265 10265 10265 240
20191218 1315 10270 10270 10270 10270 455
20191218 1316 10270 10270 10270 10270 144
20191218 1317 10265 10270 10265 10265 646
20191218 1319 10265 10265 10265 10265 240
20191218 1320 10265 10265 10265 10265 455
20191218 1321 10265 10265 10265 10265 96
20191218 1322 10265 10265 10265 10265 455
20191218 1323 10270 10270 10270 10270 240
20191218 1324 10270 10270 10270 10270 359
20191218 1325 10270 10270 10270 10270 96
20191218 1326 10270 10270 10270 10270 455
20191218 1327 10270 10270 10270 10270 240
20191218 1328 10270 10270 10270 10270 312
20191218 1329 10270 10270 10265 10265 433
20191218 1330 10265 10265 10265 10265 144
20191218 1331 10265 10265 10260 10260 710
20191218 1332 10260 10260 10260 10260 96
20191218 1333 10260 10260 10260 10260 336
20191218 1334 10260 10260 10260 10260 240
20191218 1335 10260 10260 10260 10260 215
20191218 1337 10265 10265 10265 10265 600
20191218 1338 10265 10265 10265 10265 96
20191218 1339 10265 10265 10260 10260 647
20191218 1340 10260 10260 10260 10260 240
20191218 1341 10260 10260 10260 10260 239
20191218 1342 10260 10260 10260 10260 312
20191218 1343 10260 10260 10260 10260 144
20191218 1344 10260 10265 10260 10260 456
20191218 1345 10260 10260 10260 10260 96
20191218 1346 10265 10265 10260 10260 455
20191218 1347 10260 10260 10260 10260 241
20191218 1348 10260 10260 10260 10260 96
20191218 1349 10260 10260 10260 10260 454
20191218 1350 10265 10265 10265 10265 215
20191218 1351 10265 10265 10265 10265 143
20191218 1352 10270 10270 10265 10265 455
20191218 1353 10265 10265 10260 10260 433
20191218 1354 10260 10260 10260 10260 144
20191218 1355 10260 10260 10260 10260 670
20191218 1356 10255 10255 10255 10255 385
20191218 1357 10255 10255 10255 10255 359
20191218 1358 10255 10255 10255 10255 240
20191218 1359 10250 10250 10250 10250 97
20191218 1400 10250 10250 10250 10250 240
20191218 1401 10255 10255 10250 10250 455
20191218 1402 10250 10250 10250 10250 96
20191218 1403 10255 10255 10250 10250 455
20191218 1404 10250 10250 10250 10250 274
20191218 1405 10245 10245 10245 10245 336
20191218 1406 10245 10245 10240 10240 312
20191218 1407 10240 10240 10240 10240 240
20191218 1408 10245 10245 10240 10240 551
20191218 1409 10240 10240 10240 10240 96
20191218 1410 10240 10240 10240 10240 359
20191218 1411 10240 10240 10240 10240 240
20191218 1412 10240 10240 10240 10240 311
20191218 1413 10240 10240 10240 10240 240
20191218 1414 10240 10240 10240 10240 455
20191218 1415 10235 10235 10235 10235 552
20191218 1418 10250 10250 10250 10250 384
20191218 1419 10250 10255 10250 10255 240
20191218 1420 10250 10250 10250 10250 97
20191218 1421 10260 10260 10255 10255 454
20191218 1422 10255 10260 10255 10260 240
20191218 1423 10255 10255 10255 10255 311
20191218 1424 10265 10265 10260 10260 240
20191218 1425 10260 10260 10260 10260 456
20191218 1426 10260 10260 10260 10260 96
20191218 1427 10265 10265 10260 10260 359
20191218 1428 10265 10265 10260 10265 669
20191218 1429 10260 10270 10260 10270 336
20191218 1431 10270 10270 10270 10270 144
20191218 1432 10275 10275 10275 10275 359
20191218 1433 10270 10275 10270 10275 407
20191218 1434 10285 10285 10275 10275 456
20191218 1435 10280 10280 10280 10280 144
20191218 1436 10280 10285 10280 10285 359
20191218 1438 10280 10280 10280 10280 455
20191218 1439 10285 10285 10280 10280 239
20191218 1440 10280 10280 10280 10280 215
20191218 1441 10280 10285 10280 10285 240
20191218 1442 10285 10285 10285 10285 144
20191218 1443 10280 10280 10280 10280 408
20191218 1444 10280 10280 10280 10280 240
20191218 1445 10275 10280 10275 10275 936
20191218 1446 10275 10280 10275 10280 240
20191218 1447 10275 10275 10270 10270 311
20191218 1448 10275 10275 10275 10275 144
20191218 1449 10275 10275 10270 10270 453
20191218 1450 10265 10270 10265 10270 673
20191218 1451 10270 10270 10265 10265 240
20191218 1452 10270 10270 10270 10270 240
20191218 1453 10265 10270 10265 10270 241
20191218 1454 10265 10265 10265 10265 96
20191218 1455 10265 10265 10260 10260 455
20191218 1456 10270 10270 10270 10270 144
20191218 1457 10270 10270 10270 10270 96
20191218 1458 10270 10270 10270 10270 359
20191218 1459 10265 10270 10265 10270 432
20191218 1500 10265 10270 10265 10270 837
20191218 1501 10275 10275 10275 10275 144
20191218 1502 10270 10270 10265 10265 240
20191218 1503 10260 10265 10260 10260 337
20191218 1504 10260 10260 10260 10260 96
20191218 1505 10260 10260 10260 10260 144
20191218 1506 10260 10260 10260 10260 144
20191218 1507 10260 10265 10260 10265 645
20191218 1508 10265 10265 10265 10265 144
20191218 1509 10265 10270 10265 10265 454
20191218 1510 10265 10265 10265 10265 144
20191218 1511 10265 10265 10265 10265 482
20191218 1512 10270 10270 10265 10265 551
20191218 1513 10265 10265 10265 10265 240
20191218 1514 10260 10260 10260 10260 96
20191218 1515 10260 10265 10255 10255 455
20191218 1516 10260 10260 10260 10260 144
20191218 1517 10255 10255 10255 10255 194
20191218 1518 10255 10255 10255 10255 574
20191218 1530 10260 10260 10260 10260 5
20191219 904 10355 10355 10355 10355 1
20191219 944 10340 10340 10340 10340 6
20191219 1038 10360 10360 10360 10360 1
20191219 1211 10320 10320 10320 10320 1
20191219 1344 10290 10290 10290 10290 1
20191219 1517 10260 10260 10260 10260 1
20191219 1530 10275 10275 10275 10275 5
20191220 903 10345 10345 10345 10345 1
20191220 1025 10290 10290 10290 10290 100
20191220 1037 10290 10290 10290 10290 1
20191220 1210 10325 10325 10325 10325 1
20191220 1321 10310 10310 10310 10310 3
20191220 1344 10325 10325 10325 10325 1
20191220 1446 10305 10305 10305 10305 1
20191220 1517 10335 10335 10335 10335 1
20191220 1530 10345 10345 10345 10345 5
20191223 906 10355 10355 10355 10355 99
20191223 942 10255 10255 10255 10255 2
20191223 1035 10280 10280 10280 10280 100
20191223 1038 10290 10290 10290 10290 1
20191223 1138 10275 10275 10275 10275 106
20191223 1211 10270 10270 10270 10270 1
20191223 1344 10280 10280 10280 10280 1
20191223 1517 10300 10300 10300 10300 1
20191223 1530 10275 10275 10275 10275 200
20191224 905 10295 10295 10295 10295 1
20191224 1038 10260 10260 10260 10260 1
20191224 1211 10245 10245 10245 10245 1
20191224 1250 10240 10240 10240 10240 1
20191224 1344 10235 10235 10235 10235 1
20191224 1348 10235 10235 10230 10230 1454
20191224 1349 10220 10220 10220 10220 1
20191224 1350 10220 10220 10220 10220 1454
20191224 1352 10220 10220 10220 10220 1839
20191224 1355 10220 10220 10220 10220 1514
20191224 1356 10220 10220 10220 10220 3039
20191224 1357 10220 10220 10220 10220 192
20191224 1358 10225 10225 10220 10220 1455
20191224 1359 10220 10220 10220 10220 1454
20191224 1400 10220 10220 10220 10220 384
20191224 1401 10220 10220 10220 10220 1262
20191224 1402 10220 10220 10220 10220 192
20191224 1404 10230 10230 10230 10230 1523
20191224 1406 10230 10230 10230 10230 3224
20191224 1408 10230 10230 10230 10230 1646
20191224 1409 10230 10230 10230 10230 1453
20191224 1410 10230 10230 10230 10230 192
20191224 1411 10230 10230 10230 10230 192
20191224 1414 10240 10245 10240 10245 3979
20191224 1415 10240 10240 10240 10240 576
20191224 1417 10240 10240 10240 10240 1646
20191224 1418 10240 10240 10240 10240 1646
20191224 1419 10240 10240 10240 10240 192
20191224 1420 10240 10240 10240 10240 1454
20191224 1422 10240 10240 10240 10240 1455
20191224 1423 10240 10240 10240 10240 1646
20191224 1426 10250 10250 10250 10250 3100
20191224 1427 10245 10245 10245 10245 192
20191224 1428 10245 10245 10245 10245 1455
20191224 1429 10245 10245 10245 10245 192
20191224 1430 10245 10245 10245 10245 1454
20191224 1431 10245 10245 10245 10245 192
20191224 1432 10245 10245 10245 10245 1454
20191224 1433 10245 10245 10245 10245 1646
20191224 1434 10245 10245 10245 10245 192
20191224 1435 10245 10245 10245 10245 1453
20191224 1436 10245 10245 10245 10245 1455
20191224 1437 10245 10245 10245 10245 192
20191224 1438 10245 10245 10240 10240 2970
20191224 1440 10240 10240 10240 10240 1646
20191224 1442 10240 10240 10240 10240 1646
20191224 1443 10240 10240 10240 10240 1454
20191224 1444 10240 10240 10240 10240 384
20191224 1445 10240 10240 10240 10240 1455
20191224 1446 10240 10240 10240 10240 1454
20191224 1447 10240 10240 10240 10240 192
20191224 1448 10240 10240 10240 10240 1453
20191224 1449 10235 10235 10235 10235 192
20191224 1450 10235 10235 10235 10235 1454
20191224 1451 10235 10235 10235 10235 192
20191224 1452 10235 10235 10235 10235 1455
20191224 1453 10235 10235 10235 10235 1454
20191224 1454 10235 10235 10235 10235 192
20191224 1455 10235 10235 10235 10235 1454
20191224 1457 10235 10235 10235 10235 1646
20191224 1459 10235 10235 10235 10235 1838
20191224 1500 10235 10235 10235 10235 1263
20191224 1502 10240 10240 10240 10240 1837
20191224 1503 10240 10240 10240 10240 1454
20191224 1504 10240 10240 10240 10240 192
20191224 1505 10240 10240 10240 10240 1454
20191224 1506 10240 10240 10240 10240 192
20191224 1507 10240 10240 10240 10240 1455
20191224 1508 10240 10240 10235 10240 1454
20191224 1509 10235 10235 10235 10235 191
20191224 1510 10235 10235 10235 10235 192
20191224 1511 10235 10235 10235 10235 1262
20191224 1517 10235 10235 10235 10235 1
20191224 1530 10225 10225 10225 10225 5
20191226 908 10225 10225 10225 10225 1
20191226 931 10245 10245 10245 10245 10
20191226 1040 10260 10260 10260 10260 1
20191226 1101 10240 10240 10240 10240 10
20191226 1102 10245 10245 10245 10245 35
20191226 1213 10255 10255 10255 10255 1
20191226 1314 10245 10245 10245 10245 100
20191226 1345 10240 10240 10240 10240 1
20191226 1350 10235 10235 10235 10235 10
20191226 1400 10230 10230 10200 10200 110
20191226 1517 10240 10240 10240 10240 1
20191226 1530 10265 10265 10265 10265 5
20191227 901 10465 10465 10465 10465 3
20191227 906 10365 10365 10365 10365 1
20191227 908 10365 10365 10365 10365 156
20191227 911 10400 10400 10400 10400 1
20191227 915 10390 10390 10390 10390 1
20191227 918 10425 10425 10425 10425 1
20191227 920 10405 10405 10405 10405 1
20191227 924 10400 10400 10400 10400 1
20191227 929 10400 10400 10400 10400 1
20191227 933 10385 10385 10385 10385 1
20191227 937 10390 10390 10390 10390 1
20191227 942 10415 10415 10415 10415 1
20191227 946 10435 10435 10435 10435 1
20191227 947 10435 10435 10435 10435 10
20191227 951 10435 10435 10435 10435 1
20191227 955 10435 10435 10435 10435 1
20191227 959 10435 10435 10435 10435 1
20191227 1004 10445 10445 10445 10445 1
20191227 1008 10445 10445 10445 10445 1
20191227 1013 10450 10450 10450 10450 1
20191227 1017 10445 10445 10445 10445 1
20191227 1022 10455 10455 10455 10455 1
20191227 1026 10465 10465 10465 10465 1
20191227 1030 10480 10480 10480 10480 1
20191227 1035 10495 10495 10495 10495 1
20191227 1039 10510 10510 10510 10510 1
20191227 1044 10505 10505 10505 10505 1
20191227 1048 10510 10510 10510 10510 1
20191227 1052 10505 10505 10505 10505 1
20191227 1057 10495 10495 10495 10495 1
20191227 1101 10485 10485 10485 10485 1
20191227 1106 10495 10495 10495 10495 1
20191227 1110 10490 10490 10490 10490 1
20191227 1115 10495 10495 10495 10495 1
20191227 1119 10485 10485 10485 10485 1
20191227 1121 10500 10500 10500 10500 50
20191227 1123 10490 10490 10490 10490 1
20191227 1128 10490 10490 10490 10490 1
20191227 1132 10490 10490 10490 10490 1
20191227 1137 10485 10485 10485 10485 1
20191227 1141 10480 10480 10480 10480 1
20191227 1145 10475 10475 10475 10475 1
20191227 1150 10485 10485 10485 10485 1
20191227 1154 10490 10490 10490 10490 1
20191227 1159 10500 10500 10500 10500 1
20191227 1203 10505 10505 10505 10505 1
20191227 1208 10505 10505 10505 10505 1
20191227 1212 10510 10510 10510 10510 1
20191227 1216 10525 10525 10525 10525 1
20191227 1221 10520 10520 10520 10520 1
20191227 1225 10520 10520 10520 10520 1
20191227 1230 10525 10525 10525 10525 1
20191227 1233 10530 10530 10530 10530 1
20191227 1234 10530 10530 10530 10530 1
20191227 1238 10535 10535 10535 10535 1
20191227 1243 10535 10535 10535 10535 1
20191227 1247 10545 10545 10545 10545 1
20191227 1252 10545 10545 10545 10545 1
20191227 1256 10550 10550 10550 10550 1
20191227 1257 10560 10560 10560 10560 50
20191227 1300 10555 10555 10555 10555 1
20191227 1305 10560 10560 10560 10560 1
20191227 1309 10540 10540 10540 10540 1
20191227 1311 10535 10535 10535 10535 50
20191227 1314 10540 10540 10540 10540 1
20191227 1318 10550 10550 10550 10550 1
20191227 1323 10555 10555 10555 10555 1
20191227 1327 10550 10550 10550 10550 1
20191227 1328 10550 10550 10550 10550 1
20191227 1331 10550 10550 10550 10550 1
20191227 1336 10545 10545 10545 10545 1
20191227 1340 10540 10540 10540 10540 1
20191227 1345 10530 10530 10530 10530 1
20191227 1349 10535 10535 10535 10535 1
20191227 1353 10535 10535 10535 10535 1
20191227 1358 10520 10520 10520 10520 1
20191227 1402 10525 10525 10525 10525 1
20191227 1407 10525 10525 10525 10525 1
20191227 1411 10520 10520 10520 10520 1
20191227 1416 10515 10515 10515 10515 1
20191227 1420 10510 10510 10510 10510 1
20191227 1424 10505 10505 10505 10505 1
20191227 1429 10505 10505 10505 10505 1
20191227 1433 10505 10505 10505 10505 1
20191227 1438 10495 10495 10495 10495 1
20191227 1440 10490 10520 10490 10520 2
20191227 1442 10490 10490 10490 10490 1
20191227 1446 10485 10485 10485 10485 1
20191227 1451 10495 10495 10495 10495 1
20191227 1455 10485 10485 10485 10485 1
20191227 1500 10500 10500 10500 10500 1
20191227 1504 10505 10505 10505 10505 1
20191227 1509 10500 10500 10500 10500 1
20191227 1513 10490 10490 10490 10490 1
20191227 1517 10485 10485 10485 10485 1
20191227 1530 10540 10540 10540 10540 5
20191230 901 10445 10445 10445 10445 2
20191230 911 10520 10520 10520 10520 1
20191230 951 10520 10520 10520 10520 100
20191230 1029 10505 10505 10505 10505 2
20191230 1043 10515 10515 10515 10515 1
20191230 1214 10510 10510 10510 10510 1
20191230 1338 10490 10490 10490 10490 2
20191230 1346 10495 10495 10495 10495 1
20191230 1438 10495 10495 10495 10495 1
20191230 1440 10485 10485 10480 10480 2
20191230 1443 10470 10470 10470 10470 1
20191230 1517 10470 10470 10465 10465 2
20191230 1530 10470 10470 10470 10470 10
