날짜 시간 시가 고가 저가 종가 거래량
20200401 901 610000 610000 610000 610000 97
20200401 903 615000 615000 612000 612000 2
20200401 904 613000 614000 613000 614000 7
20200401 905 616000 616000 614000 614000 26
20200401 909 617000 617000 614000 614000 2
20200401 910 617000 617000 617000 617000 15
20200401 911 615000 615000 615000 615000 1
20200401 912 619000 619000 619000 619000 1
20200401 913 615000 615000 615000 615000 1
20200401 915 617000 617000 617000 617000 4
20200401 916 618000 618000 615000 618000 27
20200401 917 617000 617000 617000 617000 3
20200401 918 618000 623000 618000 622000 24
20200401 920 621000 622000 621000 622000 3
20200401 921 622000 622000 621000 621000 11
20200401 922 623000 623000 621000 621000 3
20200401 924 623000 625000 623000 625000 9
20200401 925 621000 621000 621000 621000 2
20200401 927 622000 622000 621000 621000 6
20200401 928 623000 628000 623000 628000 11
20200401 930 627000 627000 627000 627000 8
20200401 934 627000 629000 627000 629000 7
20200401 935 629000 630000 629000 630000 4
20200401 937 630000 630000 630000 630000 1
20200401 939 630000 630000 630000 630000 2
20200401 940 630000 630000 630000 630000 1
20200401 942 631000 633000 631000 633000 4
20200401 946 633000 633000 633000 633000 2
20200401 947 633000 633000 629000 630000 44
20200401 948 629000 629000 629000 629000 86
20200401 949 630000 630000 630000 630000 1
20200401 953 630000 630000 630000 630000 5
20200401 956 633000 633000 633000 633000 1
20200401 1002 629000 629000 629000 629000 45
20200401 1003 631000 631000 631000 631000 2
20200401 1004 629000 629000 629000 629000 1
20200401 1005 631000 632000 631000 632000 19
20200401 1006 633000 634000 633000 634000 13
20200401 1007 633000 633000 633000 633000 1
20200401 1008 633000 633000 633000 633000 2
20200401 1009 634000 634000 634000 634000 1
20200401 1010 634000 634000 634000 634000 4
20200401 1011 635000 635000 635000 635000 1
20200401 1012 635000 635000 635000 635000 4
20200401 1014 635000 636000 633000 636000 22
20200401 1017 634000 634000 633000 633000 42
20200401 1021 633000 633000 632000 632000 2
20200401 1022 633000 633000 633000 633000 10
20200401 1023 635000 635000 635000 635000 22
20200401 1024 633000 633000 630000 630000 20
20200401 1026 635000 635000 635000 635000 2
20200401 1029 633000 633000 633000 633000 7
20200401 1033 631000 632000 631000 632000 11
20200401 1034 632000 632000 632000 632000 4
20200401 1036 633000 633000 633000 633000 1
20200401 1038 632000 632000 632000 632000 1
20200401 1039 635000 635000 635000 635000 1
20200401 1042 635000 635000 632000 632000 5
20200401 1043 632000 633000 632000 633000 2
20200401 1044 633000 635000 633000 634000 24
20200401 1046 635000 635000 635000 635000 1
20200401 1048 634000 634000 634000 634000 15
20200401 1049 634000 634000 634000 634000 1
20200401 1052 633000 633000 633000 633000 1
20200401 1053 634000 636000 634000 636000 29
20200401 1054 634000 636000 634000 634000 7
20200401 1055 636000 636000 636000 636000 3
20200401 1056 634000 634000 634000 634000 2
20200401 1057 635000 635000 635000 635000 3
20200401 1059 635000 635000 635000 635000 5
20200401 1102 634000 634000 634000 634000 1
20200401 1104 633000 633000 633000 633000 5
20200401 1106 634000 634000 634000 634000 5
20200401 1112 634000 634000 634000 634000 1
20200401 1115 636000 636000 636000 636000 1
20200401 1119 636000 636000 636000 636000 2
20200401 1120 636000 636000 636000 636000 1
20200401 1123 633000 633000 633000 633000 1
20200401 1129 636000 636000 636000 636000 1
20200401 1132 634000 634000 634000 634000 18
20200401 1133 634000 634000 634000 634000 4
20200401 1134 633000 634000 633000 634000 2
20200401 1136 633000 633000 633000 633000 1
20200401 1137 633000 633000 633000 633000 3
20200401 1140 632000 632000 632000 632000 1
20200401 1142 634000 634000 634000 634000 1
20200401 1144 632000 632000 632000 632000 9
20200401 1145 632000 632000 632000 632000 1
20200401 1146 634000 634000 634000 634000 1
20200401 1147 632000 634000 632000 634000 5
20200401 1154 634000 634000 634000 634000 1
20200401 1155 634000 634000 632000 632000 2
20200401 1158 632000 632000 632000 632000 1
20200401 1200 634000 634000 634000 634000 1
20200401 1201 632000 632000 632000 632000 3
20200401 1203 632000 632000 632000 632000 2
20200401 1205 631000 631000 631000 631000 1
20200401 1206 630000 630000 630000 630000 1
20200401 1210 630000 630000 630000 630000 2
20200401 1212 630000 630000 630000 630000 1
20200401 1213 631000 632000 631000 631000 5
20200401 1214 631000 631000 630000 630000 5
20200401 1215 630000 630000 630000 630000 2
20200401 1217 631000 632000 631000 632000 7
20200401 1219 633000 633000 631000 631000 6
20200401 1220 633000 633000 633000 633000 11
20200401 1224 634000 635000 632000 632000 11
20200401 1225 632000 632000 632000 632000 1
20200401 1232 635000 636000 635000 636000 10
20200401 1234 636000 636000 636000 636000 3
20200401 1235 636000 636000 636000 636000 5
20200401 1239 636000 636000 636000 636000 1
20200401 1241 636000 636000 636000 636000 1
20200401 1242 636000 636000 635000 635000 20
20200401 1247 635000 635000 635000 635000 30
20200401 1249 636000 636000 636000 636000 2
20200401 1250 636000 636000 636000 636000 1
20200401 1251 635000 635000 635000 635000 1
20200401 1255 635000 635000 635000 635000 20
20200401 1256 634000 634000 634000 634000 4
20200401 1257 633000 633000 633000 633000 1
20200401 1259 633000 633000 633000 633000 17
20200401 1302 632000 632000 631000 631000 2
20200401 1304 630000 630000 630000 630000 1
20200401 1305 630000 630000 630000 630000 2
20200401 1306 631000 631000 631000 631000 1
20200401 1307 631000 631000 630000 630000 2
20200401 1311 630000 630000 630000 630000 10
20200401 1312 631000 631000 631000 631000 3
20200401 1313 631000 631000 631000 631000 10
20200401 1314 632000 632000 632000 632000 1
20200401 1315 630000 630000 630000 630000 1
20200401 1316 630000 630000 629000 629000 12
20200401 1317 629000 630000 629000 630000 15
20200401 1319 630000 630000 630000 630000 28
20200401 1325 629000 629000 629000 629000 1
20200401 1326 629000 629000 629000 629000 1
20200401 1327 630000 630000 630000 630000 6
20200401 1328 630000 630000 630000 630000 8
20200401 1330 632000 632000 632000 632000 2
20200401 1331 629000 629000 629000 629000 1
20200401 1332 632000 632000 632000 632000 1
20200401 1333 631000 631000 631000 631000 14
20200401 1335 631000 631000 631000 631000 2
20200401 1336 631000 631000 629000 629000 3
20200401 1338 633000 633000 633000 633000 1
20200401 1339 633000 633000 633000 633000 1
20200401 1340 630000 630000 630000 630000 1
20200401 1346 631000 631000 631000 631000 2
20200401 1347 630000 630000 630000 630000 1
20200401 1350 632000 632000 632000 632000 1
20200401 1351 630000 630000 630000 630000 1
20200401 1354 629000 629000 629000 629000 32
20200401 1355 628000 628000 628000 628000 1
20200401 1356 628000 628000 628000 628000 4
20200401 1401 625000 625000 625000 625000 1
20200401 1402 629000 629000 629000 629000 8
20200401 1404 629000 629000 629000 629000 3
20200401 1406 629000 630000 629000 630000 6
20200401 1407 630000 630000 630000 630000 1
20200401 1408 629000 629000 628000 628000 2
20200401 1409 629000 630000 629000 630000 2
20200401 1410 629000 629000 629000 629000 2
20200401 1414 629000 629000 629000 629000 2
20200401 1416 629000 629000 629000 629000 1
20200401 1417 629000 629000 629000 629000 1
20200401 1422 628000 628000 628000 628000 2
20200401 1423 629000 629000 629000 629000 7
20200401 1424 628000 628000 627000 627000 20
20200401 1425 628000 628000 628000 628000 4
20200401 1426 628000 628000 625000 625000 340
20200401 1427 627000 629000 627000 629000 22
20200401 1428 629000 630000 629000 630000 2
20200401 1429 630000 630000 626000 626000 104
20200401 1430 627000 627000 625000 625000 116
20200401 1431 626000 626000 625000 626000 6
20200401 1432 626000 626000 626000 626000 1
20200401 1433 626000 626000 625000 625000 2
20200401 1434 626000 626000 626000 626000 3
20200401 1435 626000 626000 626000 626000 1
20200401 1436 626000 627000 626000 627000 5
20200401 1437 627000 627000 625000 625000 3
20200401 1438 626000 626000 626000 626000 2
20200401 1439 626000 626000 624000 624000 8
20200401 1440 625000 626000 625000 625000 4
20200401 1441 626000 626000 625000 626000 4
20200401 1442 626000 627000 626000 627000 4
20200401 1443 627000 627000 626000 627000 4
20200401 1444 626000 626000 623000 623000 51
20200401 1445 625000 625000 622000 622000 4
20200401 1447 623000 625000 623000 625000 23
20200401 1448 624000 625000 623000 623000 5
20200401 1449 625000 625000 624000 624000 3
20200401 1450 624000 624000 622000 624000 9
20200401 1451 624000 625000 624000 625000 3
20200401 1452 625000 625000 625000 625000 1
20200401 1453 625000 625000 620000 620000 30
20200401 1454 620000 621000 620000 621000 9
20200401 1455 620000 620000 620000 620000 2
20200401 1456 620000 621000 620000 621000 4
20200401 1457 620000 621000 620000 620000 4
20200401 1458 621000 621000 620000 621000 37
20200401 1459 620000 621000 620000 620000 8
20200401 1500 621000 621000 620000 621000 9
20200401 1501 620000 621000 620000 620000 8
20200401 1502 621000 621000 620000 620000 6
20200401 1503 619000 619000 618000 618000 3
20200401 1504 621000 621000 621000 621000 2
20200401 1505 621000 621000 619000 619000 14
20200401 1506 619000 619000 619000 619000 4
20200401 1507 619000 619000 619000 619000 1
20200401 1508 619000 619000 619000 619000 10
20200401 1509 620000 620000 619000 619000 6
20200401 1510 621000 622000 620000 622000 9
20200401 1511 622000 623000 618000 618000 27
20200401 1512 622000 622000 620000 622000 14
20200401 1513 622000 622000 618000 618000 6
20200401 1514 621000 621000 619000 621000 4
20200401 1515 624000 624000 618000 624000 10
20200401 1516 618000 624000 618000 618000 17
20200401 1517 621000 623000 618000 622000 8
20200401 1518 622000 624000 622000 623000 49
20200401 1519 623000 624000 622000 622000 16
20200401 1520 624000 629000 621000 627000 21
20200401 1530 621000 621000 621000 621000 246
20200402 901 613000 614000 613000 613000 44
20200402 902 614000 614000 614000 614000 2
20200402 903 615000 619000 615000 615000 7
20200402 905 621000 621000 621000 621000 22
20200402 906 617000 617000 617000 617000 1
20200402 908 617000 617000 615000 615000 8
20200402 909 616000 616000 613000 613000 6
20200402 910 612000 612000 610000 610000 18
20200402 911 607000 607000 604000 604000 4
20200402 912 612000 612000 604000 604000 8
20200402 913 605000 620000 605000 620000 11
20200402 915 607000 607000 607000 607000 1
20200402 916 607000 607000 604000 604000 31
20200402 917 604000 608000 604000 608000 3
20200402 918 608000 610000 605000 610000 10
20200402 920 606000 606000 606000 606000 2
20200402 921 608000 612000 608000 612000 4
20200402 924 612000 612000 612000 612000 17
20200402 925 614000 614000 609000 609000 2
20200402 926 611000 611000 610000 610000 2
20200402 929 611000 614000 611000 614000 2
20200402 931 609000 609000 609000 609000 1
20200402 932 609000 609000 609000 609000 12
20200402 933 613000 613000 613000 613000 1
20200402 936 609000 613000 609000 613000 3
20200402 937 609000 609000 609000 609000 1
20200402 940 613000 613000 609000 609000 15
20200402 941 610000 612000 609000 612000 5
20200402 943 609000 609000 609000 609000 1
20200402 945 609000 609000 608000 608000 30
20200402 946 607000 607000 607000 607000 2
20200402 947 607000 607000 604000 604000 26
20200402 948 604000 604000 604000 604000 3
20200402 949 604000 604000 604000 604000 1
20200402 950 604000 604000 604000 604000 1
20200402 951 604000 604000 604000 604000 1
20200402 952 605000 606000 605000 606000 17
20200402 956 608000 608000 607000 607000 3
20200402 1003 608000 608000 606000 606000 14
20200402 1004 605000 605000 605000 605000 11
20200402 1005 605000 605000 605000 605000 5
20200402 1006 607000 607000 607000 607000 1
20200402 1008 607000 607000 606000 606000 4
20200402 1009 606000 606000 606000 606000 2
20200402 1011 605000 605000 605000 605000 23
20200402 1012 604000 604000 603000 603000 31
20200402 1013 603000 603000 603000 603000 3
20200402 1016 604000 604000 604000 604000 1
20200402 1017 604000 604000 603000 603000 13
20200402 1018 603000 603000 603000 603000 2
20200402 1020 603000 603000 601000 601000 49
20200402 1022 601000 601000 601000 601000 1
20200402 1024 602000 602000 602000 602000 3
20200402 1026 604000 604000 604000 604000 8
20200402 1027 605000 605000 605000 605000 6
20200402 1028 604000 604000 603000 603000 2
20200402 1030 602000 602000 602000 602000 2
20200402 1032 603000 603000 603000 603000 1
20200402 1035 602000 602000 602000 602000 2
20200402 1036 603000 607000 603000 607000 11
20200402 1038 608000 608000 608000 608000 5
20200402 1039 609000 609000 609000 609000 2
20200402 1040 610000 610000 610000 610000 1
20200402 1042 607000 607000 604000 604000 7
20200402 1043 604000 604000 604000 604000 1
20200402 1044 607000 607000 607000 607000 2
20200402 1045 607000 607000 604000 604000 6
20200402 1048 608000 608000 608000 608000 1
20200402 1054 608000 608000 607000 607000 7
20200402 1058 609000 609000 609000 609000 3
20200402 1101 607000 607000 607000 607000 1
20200402 1104 607000 607000 607000 607000 2
20200402 1105 607000 609000 607000 609000 18
20200402 1107 609000 611000 609000 611000 27
20200402 1109 610000 610000 610000 610000 1
20200402 1110 611000 611000 611000 611000 1
20200402 1113 610000 610000 610000 610000 1
20200402 1115 610000 610000 610000 610000 3
20200402 1116 611000 611000 611000 611000 20
20200402 1117 612000 612000 612000 612000 3
20200402 1121 612000 614000 612000 614000 11
20200402 1122 613000 613000 613000 613000 2
20200402 1123 613000 613000 613000 613000 1
20200402 1126 613000 613000 613000 613000 10
20200402 1129 610000 610000 610000 610000 10
20200402 1130 610000 612000 610000 612000 2
20200402 1136 611000 611000 609000 609000 3
20200402 1137 609000 609000 609000 609000 10
20200402 1139 609000 609000 609000 609000 4
20200402 1144 611000 611000 611000 611000 6
20200402 1153 613000 613000 613000 613000 2
20200402 1155 614000 614000 614000 614000 13
20200402 1156 615000 615000 615000 615000 2
20200402 1201 615000 615000 615000 615000 1
20200402 1203 614000 616000 614000 616000 56
20200402 1209 616000 616000 616000 616000 2
20200402 1211 615000 615000 615000 615000 1
20200402 1212 616000 616000 616000 616000 1
20200402 1213 616000 616000 616000 616000 1
20200402 1214 614000 614000 614000 614000 3
20200402 1215 614000 614000 614000 614000 1
20200402 1216 616000 617000 616000 617000 7
20200402 1219 615000 615000 615000 615000 1
20200402 1220 616000 616000 616000 616000 1
20200402 1221 616000 617000 616000 617000 3
20200402 1222 617000 617000 617000 617000 2
20200402 1224 617000 618000 617000 618000 6
20200402 1225 618000 619000 618000 619000 34
20200402 1226 617000 617000 617000 617000 20
20200402 1231 617000 617000 617000 617000 4
20200402 1233 618000 618000 618000 618000 4
20200402 1239 617000 619000 617000 619000 4
20200402 1240 619000 619000 619000 619000 1
20200402 1241 619000 623000 619000 623000 64
20200402 1243 623000 623000 623000 623000 3
20200402 1246 624000 624000 624000 624000 4
20200402 1247 624000 624000 624000 624000 1
20200402 1250 624000 624000 624000 624000 14
20200402 1252 623000 623000 622000 622000 5
20200402 1254 621000 621000 620000 620000 7
20200402 1255 620000 621000 620000 621000 14
20200402 1256 621000 621000 621000 621000 1
20200402 1259 623000 623000 622000 622000 3
20200402 1302 622000 622000 620000 620000 11
20200402 1305 622000 622000 622000 622000 1
20200402 1307 621000 622000 621000 622000 2
20200402 1309 621000 621000 621000 621000 1
20200402 1310 620000 620000 618000 620000 10
20200402 1311 617000 617000 617000 617000 1
20200402 1313 619000 619000 619000 619000 1
20200402 1315 619000 619000 619000 619000 1
20200402 1319 617000 617000 617000 617000 1
20200402 1320 616000 616000 616000 616000 14
20200402 1321 616000 617000 616000 617000 7
20200402 1322 617000 619000 617000 619000 2
20200402 1323 619000 620000 619000 620000 5
20200402 1324 621000 621000 621000 621000 7
20200402 1326 621000 621000 621000 621000 1
20200402 1328 618000 618000 618000 618000 1
20200402 1331 621000 621000 621000 621000 2
20200402 1332 621000 621000 621000 621000 1
20200402 1333 618000 618000 617000 617000 2
20200402 1335 618000 618000 618000 618000 1
20200402 1336 619000 619000 619000 619000 3
20200402 1337 619000 619000 619000 619000 2
20200402 1338 621000 621000 619000 619000 2
20200402 1343 620000 621000 620000 621000 2
20200402 1347 621000 626000 621000 626000 32
20200402 1348 626000 626000 625000 626000 8
20200402 1349 626000 626000 626000 626000 2
20200402 1350 627000 627000 627000 627000 3
20200402 1351 627000 627000 627000 627000 1
20200402 1352 627000 627000 627000 627000 1
20200402 1353 627000 627000 627000 627000 1
20200402 1356 625000 625000 624000 624000 2
20200402 1357 626000 626000 623000 623000 2
20200402 1358 623000 623000 619000 619000 14
20200402 1359 619000 619000 619000 619000 1
20200402 1401 618000 618000 618000 618000 7
20200402 1402 618000 618000 618000 618000 1
20200402 1403 617000 617000 617000 617000 1
20200402 1405 616000 616000 616000 616000 1
20200402 1406 616000 616000 616000 616000 1
20200402 1407 615000 615000 615000 615000 14
20200402 1410 618000 618000 616000 616000 2
20200402 1415 615000 615000 615000 615000 1
20200402 1418 617000 617000 617000 617000 9
20200402 1419 615000 616000 615000 616000 3
20200402 1421 616000 616000 616000 616000 4
20200402 1422 616000 619000 616000 619000 10
20200402 1423 618000 618000 618000 618000 1
20200402 1426 620000 620000 620000 620000 1
20200402 1427 618000 618000 618000 618000 1
20200402 1428 621000 621000 621000 621000 1
20200402 1429 618000 618000 618000 618000 3
20200402 1430 618000 618000 618000 618000 1
20200402 1431 617000 618000 617000 618000 5
20200402 1432 622000 624000 622000 624000 10
20200402 1433 625000 625000 625000 625000 2
20200402 1435 625000 625000 625000 625000 1
20200402 1436 625000 625000 625000 625000 3
20200402 1437 625000 625000 625000 625000 9
20200402 1440 626000 626000 626000 626000 3
20200402 1442 626000 626000 626000 626000 8
20200402 1444 625000 625000 625000 625000 1
20200402 1447 625000 625000 625000 625000 3
20200402 1449 625000 625000 625000 625000 1
20200402 1450 625000 625000 625000 625000 1
20200402 1451 625000 625000 625000 625000 1
20200402 1452 625000 626000 625000 625000 8
20200402 1453 625000 626000 625000 625000 3
20200402 1454 625000 625000 625000 625000 2
20200402 1455 626000 626000 626000 626000 1
20200402 1456 625000 625000 625000 625000 1
20200402 1458 626000 626000 624000 624000 3
20200402 1459 626000 626000 626000 626000 1
20200402 1500 626000 626000 625000 626000 17
20200402 1501 627000 628000 627000 628000 17
20200402 1502 629000 629000 629000 629000 1
20200402 1503 627000 629000 627000 629000 12
20200402 1504 630000 630000 630000 630000 1
20200402 1505 630000 630000 630000 630000 1
20200402 1506 630000 630000 630000 630000 2
20200402 1509 630000 630000 627000 627000 2
20200402 1511 627000 629000 627000 629000 2
20200402 1512 628000 628000 628000 628000 5
20200402 1513 628000 628000 628000 628000 1
20200402 1514 628000 628000 628000 628000 2
20200402 1515 628000 628000 627000 627000 4
20200402 1516 627000 628000 627000 627000 3
20200402 1517 625000 627000 625000 627000 4
20200402 1518 625000 628000 625000 628000 2
20200402 1519 628000 629000 626000 629000 4
20200402 1520 626000 629000 625000 625000 5
20200402 1530 620000 620000 620000 620000 149
20200403 901 616000 625000 616000 625000 12
20200403 902 626000 626000 626000 626000 1
20200403 903 626000 626000 626000 626000 3
20200403 904 626000 626000 626000 626000 2
20200403 905 626000 629000 622000 629000 22
20200403 906 628000 628000 628000 628000 2
20200403 909 627000 627000 627000 627000 1
20200403 910 623000 623000 623000 623000 2
20200403 912 626000 626000 626000 626000 2
20200403 914 626000 626000 625000 625000 4
20200403 916 623000 623000 623000 623000 2
20200403 917 623000 628000 623000 628000 6
20200403 918 623000 624000 623000 624000 2
20200403 921 624000 624000 624000 624000 3
20200403 923 625000 625000 625000 625000 1
20200403 924 625000 625000 625000 625000 1
20200403 931 625000 625000 625000 625000 1
20200403 933 623000 623000 621000 621000 4
20200403 934 621000 621000 621000 621000 3
20200403 936 622000 622000 622000 622000 1
20200403 937 622000 623000 622000 622000 3
20200403 942 622000 622000 622000 622000 4
20200403 944 621000 621000 621000 621000 14
20200403 945 620000 620000 619000 619000 51
20200403 946 617000 617000 614000 614000 14
20200403 947 614000 614000 614000 614000 3
20200403 949 615000 615000 615000 615000 1
20200403 950 617000 617000 617000 617000 5
20200403 951 617000 617000 617000 617000 8
20200403 952 620000 620000 617000 617000 3
20200403 954 616000 616000 615000 615000 3
20200403 1002 616000 616000 616000 616000 4
20200403 1004 616000 616000 616000 616000 5
20200403 1005 615000 615000 613000 613000 128
20200403 1006 613000 613000 612000 612000 11
20200403 1008 614000 614000 614000 614000 1
20200403 1010 613000 613000 613000 613000 10
20200403 1011 613000 614000 613000 613000 9
20200403 1012 613000 613000 613000 613000 2
20200403 1013 613000 613000 613000 613000 16
20200403 1014 614000 614000 613000 613000 12
20200403 1016 613000 613000 613000 613000 3
20200403 1017 613000 613000 612000 612000 5
20200403 1020 613000 613000 611000 611000 22
20200403 1021 614000 614000 614000 614000 2
20200403 1025 614000 614000 614000 614000 9
20200403 1026 613000 615000 613000 615000 6
20200403 1028 616000 616000 616000 616000 6
20200403 1029 617000 617000 617000 617000 1
20200403 1032 618000 622000 618000 622000 61
20200403 1034 619000 619000 619000 619000 1
20200403 1035 619000 622000 619000 622000 12
20200403 1037 621000 621000 621000 621000 3
20200403 1040 622000 622000 622000 622000 4
20200403 1041 624000 625000 624000 625000 10
20200403 1042 623000 623000 623000 623000 1
20200403 1044 622000 622000 621000 621000 13
20200403 1045 620000 620000 620000 620000 2
20200403 1047 619000 619000 619000 619000 4
20200403 1049 619000 619000 619000 619000 13
20200403 1050 619000 619000 618000 618000 5
20200403 1051 619000 619000 619000 619000 13
20200403 1054 619000 619000 619000 619000 1
20200403 1055 619000 619000 619000 619000 1
20200403 1056 619000 619000 617000 617000 4
20200403 1058 618000 618000 618000 618000 5
20200403 1059 618000 618000 618000 618000 1
20200403 1102 619000 619000 619000 619000 1
20200403 1104 617000 617000 617000 617000 1
20200403 1107 617000 617000 617000 617000 2
20200403 1108 617000 617000 616000 616000 13
20200403 1111 615000 615000 615000 615000 1
20200403 1112 616000 616000 616000 616000 4
20200403 1113 616000 616000 616000 616000 1
20200403 1116 619000 619000 619000 619000 1
20200403 1117 619000 619000 619000 619000 6
20200403 1119 617000 617000 617000 617000 1
20200403 1122 617000 617000 617000 617000 1
20200403 1124 617000 617000 617000 617000 2
20200403 1126 619000 619000 619000 619000 1
20200403 1127 618000 618000 618000 618000 1
20200403 1128 619000 619000 619000 619000 3
20200403 1132 620000 620000 620000 620000 7
20200403 1136 620000 620000 620000 620000 1
20200403 1137 620000 620000 620000 620000 1
20200403 1138 620000 620000 620000 620000 1
20200403 1139 620000 620000 620000 620000 5
20200403 1144 619000 620000 619000 620000 2
20200403 1149 620000 620000 619000 619000 9
20200403 1151 619000 619000 617000 617000 5
20200403 1152 618000 618000 618000 618000 1
20200403 1153 617000 617000 617000 617000 1
20200403 1155 617000 617000 617000 617000 1
20200403 1156 616000 616000 616000 616000 2
20200403 1157 617000 617000 617000 617000 3
20200403 1159 618000 618000 618000 618000 1
20200403 1202 617000 617000 617000 617000 1
20200403 1205 617000 617000 617000 617000 2
20200403 1207 617000 617000 617000 617000 2
20200403 1208 617000 620000 617000 620000 2
20200403 1213 617000 617000 617000 617000 3
20200403 1214 617000 617000 617000 617000 3
20200403 1216 617000 617000 617000 617000 1
20200403 1217 617000 617000 617000 617000 1
20200403 1218 616000 616000 616000 616000 5
20200403 1220 616000 616000 616000 616000 10
20200403 1221 616000 616000 616000 616000 1
20200403 1226 616000 616000 616000 616000 1
20200403 1227 616000 616000 616000 616000 1
20200403 1230 616000 616000 616000 616000 4
20200403 1232 616000 616000 616000 616000 4
20200403 1233 616000 616000 616000 616000 1
20200403 1234 616000 616000 616000 616000 1
20200403 1236 616000 616000 616000 616000 1
20200403 1237 615000 615000 615000 615000 15
20200403 1239 615000 615000 615000 615000 19
20200403 1243 614000 614000 614000 614000 3
20200403 1244 614000 614000 614000 614000 2
20200403 1245 614000 614000 614000 614000 2
20200403 1246 614000 614000 614000 614000 2
20200403 1253 614000 614000 614000 614000 1
20200403 1259 615000 615000 615000 615000 12
20200403 1301 616000 616000 615000 615000 3
20200403 1307 616000 617000 616000 617000 6
20200403 1308 617000 617000 617000 617000 1
20200403 1312 616000 616000 616000 616000 1
20200403 1313 617000 617000 616000 616000 6
20200403 1314 616000 616000 616000 616000 1
20200403 1317 616000 616000 616000 616000 2
20200403 1319 616000 616000 616000 616000 2
20200403 1320 616000 616000 616000 616000 2
20200403 1321 616000 616000 616000 616000 6
20200403 1322 615000 615000 615000 615000 15
20200403 1324 614000 614000 614000 614000 4
20200403 1326 615000 615000 615000 615000 5
20200403 1328 615000 615000 615000 615000 2
20200403 1331 616000 616000 615000 615000 30
20200403 1336 614000 614000 613000 613000 31
20200403 1342 613000 613000 613000 613000 1
20200403 1343 613000 613000 612000 612000 2
20200403 1344 612000 612000 612000 612000 44
20200403 1345 612000 612000 612000 612000 1
20200403 1346 612000 612000 612000 612000 2
20200403 1348 613000 613000 613000 613000 10
20200403 1353 613000 613000 613000 613000 1
20200403 1354 613000 613000 613000 613000 1
20200403 1356 613000 613000 613000 613000 1
20200403 1357 613000 613000 613000 613000 2
20200403 1358 614000 614000 614000 614000 2
20200403 1401 613000 613000 613000 613000 1
20200403 1403 614000 615000 613000 613000 110
20200403 1404 616000 616000 616000 616000 2
20200403 1406 613000 613000 613000 613000 2
20200403 1407 613000 613000 613000 613000 1
20200403 1408 613000 613000 613000 613000 2
20200403 1409 615000 615000 615000 615000 2
20200403 1410 613000 613000 613000 613000 1
20200403 1411 615000 616000 613000 616000 4
20200403 1412 613000 613000 613000 613000 3
20200403 1413 613000 613000 613000 613000 1
20200403 1414 613000 613000 613000 613000 11
20200403 1415 615000 615000 614000 615000 3
20200403 1416 615000 616000 615000 616000 2
20200403 1417 616000 616000 616000 616000 2
20200403 1420 615000 615000 615000 615000 1
20200403 1421 614000 614000 614000 614000 1
20200403 1422 616000 616000 614000 614000 5
20200403 1423 616000 616000 616000 616000 1
20200403 1424 616000 616000 616000 616000 3
20200403 1427 615000 615000 615000 615000 1
20200403 1429 614000 614000 614000 614000 2
20200403 1433 616000 616000 616000 616000 39
20200403 1434 617000 620000 617000 620000 17
20200403 1435 621000 621000 621000 621000 1
20200403 1436 617000 617000 617000 617000 2
20200403 1438 621000 621000 618000 618000 2
20200403 1439 621000 621000 617000 617000 8
20200403 1442 617000 617000 617000 617000 18
20200403 1444 617000 617000 617000 617000 1
20200403 1445 616000 616000 616000 616000 1
20200403 1446 616000 616000 614000 614000 16
20200403 1447 613000 614000 613000 614000 2
20200403 1448 615000 615000 615000 615000 2
20200403 1449 615000 616000 615000 616000 5
20200403 1450 616000 616000 616000 616000 11
20200403 1454 616000 616000 615000 615000 5
20200403 1455 615000 616000 615000 616000 9
20200403 1456 616000 616000 616000 616000 17
20200403 1459 617000 617000 617000 617000 2
20200403 1500 617000 618000 617000 618000 41
20200403 1501 618000 620000 618000 618000 56
20200403 1502 621000 621000 621000 621000 1
20200403 1503 621000 622000 621000 622000 16
20200403 1505 617000 619000 617000 619000 2
20200403 1506 617000 617000 617000 617000 1
20200403 1507 619000 619000 619000 619000 1
20200403 1508 619000 619000 619000 619000 1
20200403 1509 617000 618000 617000 618000 2
20200403 1510 617000 618000 617000 618000 2
20200403 1512 618000 618000 618000 618000 7
20200403 1513 618000 618000 617000 617000 15
20200403 1514 618000 618000 618000 618000 23
20200403 1515 618000 620000 618000 620000 9
20200403 1516 620000 625000 620000 625000 8
20200403 1517 625000 625000 622000 625000 29
20200403 1518 624000 624000 620000 620000 14
20200403 1519 624000 624000 623000 624000 18
20200403 1520 624000 624000 623000 624000 22
20200403 1530 630000 630000 630000 630000 148
20200406 901 637000 637000 637000 637000 3
20200406 902 635000 635000 635000 635000 1
20200406 904 632000 632000 630000 631000 8
20200406 905 631000 635000 630000 635000 43
20200406 908 635000 635000 635000 635000 3
20200406 909 636000 636000 636000 636000 1
20200406 910 636000 636000 636000 636000 1
20200406 911 636000 636000 636000 636000 3
20200406 912 633000 633000 633000 633000 2
20200406 914 636000 636000 636000 636000 1
20200406 916 636000 637000 636000 637000 9
20200406 917 637000 638000 637000 638000 8
20200406 918 638000 639000 638000 639000 14
20200406 919 640000 640000 640000 640000 3
20200406 921 640000 640000 640000 640000 58
20200406 922 640000 643000 640000 643000 7
20200406 924 642000 645000 642000 645000 24
20200406 925 645000 645000 645000 645000 15
20200406 926 645000 647000 645000 646000 14
20200406 927 646000 646000 646000 646000 3
20200406 928 647000 647000 645000 645000 18
20200406 929 644000 644000 641000 641000 2
20200406 930 641000 641000 640000 640000 8
20200406 931 641000 641000 640000 641000 12
20200406 932 644000 645000 644000 645000 4
20200406 933 645000 648000 645000 648000 99
20200406 934 647000 648000 647000 647000 8
20200406 935 646000 646000 644000 644000 2
20200406 936 644000 644000 642000 644000 16
20200406 937 642000 642000 642000 642000 4
20200406 939 646000 646000 645000 645000 7
20200406 940 646000 646000 645000 645000 14
20200406 941 646000 646000 646000 646000 4
20200406 942 647000 647000 646000 646000 4
20200406 945 646000 657000 646000 654000 147
20200406 946 653000 653000 651000 651000 5
20200406 947 651000 651000 651000 651000 1
20200406 950 651000 653000 651000 653000 13
20200406 951 653000 653000 651000 651000 6
20200406 952 651000 651000 651000 651000 1
20200406 953 653000 653000 653000 653000 2
20200406 956 651000 651000 651000 651000 6
20200406 959 652000 652000 652000 652000 2
20200406 1000 652000 653000 652000 653000 23
20200406 1001 651000 651000 650000 650000 10
20200406 1003 650000 650000 650000 650000 29
20200406 1004 650000 652000 650000 652000 5
20200406 1005 651000 652000 650000 650000 7
20200406 1006 650000 650000 650000 650000 12
20200406 1008 649000 649000 649000 649000 1
20200406 1009 650000 650000 650000 650000 39
20200406 1012 650000 650000 650000 650000 1
20200406 1017 650000 650000 650000 650000 5
20200406 1018 651000 651000 650000 650000 14
20200406 1020 650000 653000 650000 653000 3
20200406 1021 653000 653000 653000 653000 1
20200406 1022 653000 653000 653000 653000 10
20200406 1025 653000 653000 652000 652000 2
20200406 1026 650000 650000 650000 650000 18
20200406 1027 650000 650000 650000 650000 1
20200406 1029 650000 650000 650000 650000 4
20200406 1031 649000 649000 649000 649000 17
20200406 1032 648000 648000 644000 644000 33
20200406 1034 645000 645000 645000 645000 14
20200406 1035 644000 644000 644000 644000 2
20200406 1036 644000 644000 644000 644000 1
20200406 1037 644000 644000 644000 644000 1
20200406 1039 644000 644000 644000 644000 1
20200406 1040 644000 644000 644000 644000 5
20200406 1041 649000 649000 649000 649000 50
20200406 1045 644000 645000 644000 645000 5
20200406 1046 651000 651000 650000 650000 2
20200406 1048 649000 649000 649000 649000 5
20200406 1050 649000 649000 649000 649000 1
20200406 1051 646000 646000 646000 646000 3
20200406 1052 649000 649000 649000 649000 1
20200406 1056 647000 647000 646000 646000 9
20200406 1057 645000 646000 645000 646000 4
20200406 1058 646000 646000 645000 645000 10
20200406 1059 647000 647000 647000 647000 1
20200406 1100 647000 647000 647000 647000 4
20200406 1101 647000 647000 647000 647000 2
20200406 1108 647000 648000 647000 648000 2
20200406 1112 648000 648000 648000 648000 3
20200406 1115 648000 648000 647000 647000 5
20200406 1119 646000 646000 646000 646000 1
20200406 1121 646000 646000 646000 646000 1
20200406 1122 647000 647000 647000 647000 1
20200406 1123 646000 646000 646000 646000 2
20200406 1124 646000 647000 646000 647000 4
20200406 1127 647000 647000 647000 647000 2
20200406 1129 645000 645000 645000 645000 1
20200406 1131 645000 645000 644000 644000 24
20200406 1132 646000 646000 646000 646000 1
20200406 1133 643000 643000 643000 643000 3
20200406 1137 643000 643000 642000 642000 6
20200406 1144 642000 642000 642000 642000 3
20200406 1146 642000 642000 642000 642000 2
20200406 1147 643000 643000 643000 643000 1
20200406 1149 643000 643000 643000 643000 2
20200406 1152 643000 643000 643000 643000 6
20200406 1154 643000 643000 643000 643000 3
20200406 1158 645000 645000 645000 645000 5
20200406 1159 645000 645000 645000 645000 8
20200406 1200 647000 647000 647000 647000 1
20200406 1203 647000 647000 647000 647000 2
20200406 1209 646000 646000 646000 646000 10
20200406 1213 645000 645000 645000 645000 10
20200406 1216 644000 644000 644000 644000 4
20200406 1218 643000 643000 643000 643000 9
20200406 1219 643000 643000 643000 643000 16
20200406 1222 643000 644000 643000 644000 9
20200406 1223 644000 644000 644000 644000 2
20200406 1228 645000 645000 645000 645000 2
20200406 1232 645000 645000 645000 645000 31
20200406 1236 645000 645000 645000 645000 3
20200406 1247 645000 645000 645000 645000 3
20200406 1249 646000 647000 646000 647000 29
20200406 1250 647000 648000 647000 648000 4
20200406 1253 649000 649000 649000 649000 4
20200406 1255 648000 648000 648000 648000 10
20200406 1258 649000 649000 649000 649000 5
20200406 1300 649000 649000 649000 649000 19
20200406 1301 649000 649000 649000 649000 6
20200406 1304 649000 649000 649000 649000 1
20200406 1305 650000 650000 650000 650000 1
20200406 1307 650000 650000 650000 650000 3
20200406 1310 649000 649000 649000 649000 9
20200406 1312 649000 649000 649000 649000 13
20200406 1313 650000 650000 650000 650000 4
20200406 1314 652000 652000 652000 652000 11
20200406 1322 652000 652000 652000 652000 1
20200406 1325 651000 651000 651000 651000 1
20200406 1326 652000 652000 652000 652000 2
20200406 1330 650000 650000 650000 650000 1
20200406 1332 650000 650000 650000 650000 10
20200406 1333 650000 650000 650000 650000 5
20200406 1334 650000 650000 650000 650000 5
20200406 1335 650000 650000 649000 649000 6
20200406 1337 651000 651000 651000 651000 1
20200406 1339 651000 651000 651000 651000 1
20200406 1340 650000 650000 650000 650000 5
20200406 1343 649000 649000 649000 649000 2
20200406 1344 649000 649000 649000 649000 2
20200406 1345 649000 649000 647000 647000 46
20200406 1348 646000 646000 646000 646000 1
20200406 1349 645000 649000 645000 649000 3
20200406 1352 646000 646000 646000 646000 8
20200406 1358 646000 646000 646000 646000 6
20200406 1359 646000 646000 646000 646000 3
20200406 1400 645000 645000 645000 645000 1
20200406 1401 645000 645000 645000 645000 1
20200406 1405 645000 645000 645000 645000 1
20200406 1406 645000 646000 645000 646000 16
20200406 1407 648000 648000 648000 648000 1
20200406 1409 648000 648000 646000 646000 2
20200406 1412 645000 647000 644000 647000 16
20200406 1415 646000 646000 646000 646000 3
20200406 1416 644000 645000 644000 645000 3
20200406 1418 645000 645000 645000 645000 9
20200406 1419 647000 647000 647000 647000 1
20200406 1420 644000 644000 644000 644000 3
20200406 1421 646000 646000 646000 646000 11
20200406 1424 646000 646000 646000 646000 1
20200406 1425 646000 646000 646000 646000 9
20200406 1426 647000 647000 647000 647000 1
20200406 1430 647000 647000 647000 647000 8
20200406 1431 648000 648000 648000 648000 4
20200406 1436 647000 647000 647000 647000 3
20200406 1437 646000 646000 646000 646000 5
20200406 1438 646000 646000 646000 646000 10
20200406 1439 647000 647000 647000 647000 9
20200406 1441 648000 649000 648000 649000 9
20200406 1443 649000 649000 649000 649000 1
20200406 1444 649000 649000 649000 649000 1
20200406 1445 649000 649000 649000 649000 9
20200406 1446 649000 649000 649000 649000 5
20200406 1447 649000 649000 649000 649000 5
20200406 1448 650000 650000 649000 649000 3
20200406 1449 649000 650000 649000 650000 11
20200406 1450 650000 650000 650000 650000 1
20200406 1451 648000 648000 648000 648000 9
20200406 1452 648000 648000 648000 648000 6
20200406 1454 649000 649000 649000 649000 5
20200406 1455 649000 649000 649000 649000 4
20200406 1456 650000 651000 650000 651000 25
20200406 1457 652000 652000 652000 652000 3
20200406 1458 652000 652000 652000 652000 20
20200406 1459 652000 652000 652000 652000 1
20200406 1500 649000 649000 649000 649000 50
20200406 1502 649000 650000 649000 650000 2
20200406 1503 652000 652000 652000 652000 2
20200406 1504 650000 650000 650000 650000 3
20200406 1506 650000 650000 650000 650000 7
20200406 1507 651000 651000 651000 651000 5
20200406 1508 651000 652000 650000 652000 25
20200406 1509 652000 652000 652000 652000 1
20200406 1511 650000 652000 650000 651000 14
20200406 1512 651000 651000 651000 651000 2
20200406 1513 651000 652000 651000 652000 2
20200406 1514 651000 652000 651000 652000 11
20200406 1515 649000 649000 649000 649000 4
20200406 1516 650000 651000 650000 650000 7
20200406 1517 650000 650000 650000 650000 20
20200406 1518 650000 650000 650000 650000 3
20200406 1519 649000 650000 648000 649000 6
20200406 1520 650000 650000 650000 650000 7
20200406 1530 652000 652000 652000 652000 139
20200407 901 670000 672000 662000 663000 21
20200407 903 663000 673000 663000 664000 22
20200407 904 665000 668000 665000 668000 12
20200407 905 668000 668000 668000 668000 10
20200407 906 671000 672000 671000 672000 14
20200407 907 669000 669000 669000 669000 1
20200407 908 671000 673000 671000 673000 19
20200407 909 674000 675000 674000 675000 12
20200407 910 673000 676000 673000 676000 8
20200407 911 676000 677000 676000 677000 7
20200407 912 678000 682000 678000 682000 41
20200407 913 682000 682000 682000 682000 3
20200407 914 683000 685000 683000 685000 7
20200407 915 685000 685000 685000 685000 3
20200407 916 685000 685000 684000 685000 5
20200407 918 685000 685000 682000 682000 48
20200407 919 681000 682000 681000 682000 4
20200407 920 682000 682000 680000 680000 3
20200407 921 680000 680000 679000 679000 4
20200407 922 680000 682000 680000 682000 2
20200407 923 679000 682000 679000 679000 12
20200407 924 680000 680000 679000 680000 7
20200407 925 680000 680000 680000 680000 11
20200407 926 680000 680000 680000 680000 6
20200407 927 680000 680000 680000 680000 2
20200407 928 680000 680000 680000 680000 18
20200407 930 679000 679000 677000 677000 24
20200407 931 674000 674000 674000 674000 2
20200407 932 677000 677000 677000 677000 10
20200407 937 676000 676000 674000 674000 22
20200407 938 673000 673000 673000 673000 2
20200407 940 673000 673000 672000 672000 2
20200407 941 672000 672000 672000 672000 22
20200407 942 672000 672000 671000 671000 7
20200407 943 670000 670000 670000 670000 10
20200407 944 670000 670000 670000 670000 2
20200407 945 670000 670000 670000 670000 4
20200407 946 672000 674000 672000 674000 25
20200407 947 672000 672000 672000 672000 1
20200407 948 673000 673000 673000 673000 1
20200407 950 675000 675000 675000 675000 2
20200407 951 676000 676000 676000 676000 7
20200407 953 673000 673000 673000 673000 3
20200407 955 673000 673000 673000 673000 1
20200407 956 675000 675000 675000 675000 1
20200407 957 676000 676000 676000 676000 11
20200407 958 677000 677000 677000 677000 1
20200407 959 679000 679000 679000 679000 14
20200407 1000 678000 678000 678000 678000 10
20200407 1002 678000 679000 678000 678000 30
20200407 1003 678000 679000 678000 679000 9
20200407 1004 679000 679000 679000 679000 21
20200407 1005 678000 678000 678000 678000 10
20200407 1006 676000 676000 676000 676000 8
20200407 1007 677000 677000 677000 677000 1
20200407 1008 679000 679000 679000 679000 5
20200407 1009 677000 677000 676000 676000 27
20200407 1010 677000 677000 677000 677000 1
20200407 1011 675000 675000 675000 675000 1
20200407 1012 676000 676000 676000 676000 1
20200407 1016 678000 680000 678000 680000 29
20200407 1021 680000 681000 680000 681000 14
20200407 1024 682000 682000 682000 682000 25
20200407 1025 682000 682000 682000 682000 1
20200407 1026 682000 683000 682000 683000 2
20200407 1027 683000 683000 683000 683000 1
20200407 1028 683000 684000 683000 684000 25
20200407 1029 685000 685000 685000 685000 15
20200407 1030 685000 686000 685000 686000 11
20200407 1031 686000 686000 685000 685000 4
20200407 1032 686000 686000 686000 686000 1
20200407 1033 685000 685000 685000 685000 14
20200407 1034 685000 685000 685000 685000 1
20200407 1035 684000 684000 684000 684000 6
20200407 1036 684000 684000 684000 684000 6
20200407 1037 684000 685000 684000 685000 14
20200407 1039 684000 684000 682000 682000 67
20200407 1041 682000 682000 682000 682000 1
20200407 1042 681000 681000 681000 681000 3
20200407 1044 681000 681000 681000 681000 1
20200407 1046 682000 682000 681000 681000 3
20200407 1048 681000 681000 681000 681000 4
20200407 1049 681000 681000 681000 681000 3
20200407 1050 680000 681000 680000 681000 2
20200407 1053 681000 681000 681000 681000 1
20200407 1057 680000 680000 679000 679000 11
20200407 1059 679000 679000 679000 679000 1
20200407 1100 678000 678000 678000 678000 1
20200407 1101 678000 678000 678000 678000 12
20200407 1102 678000 678000 678000 678000 1
20200407 1108 678000 678000 678000 678000 6
20200407 1109 678000 678000 677000 677000 9
20200407 1110 676000 676000 676000 676000 10
20200407 1111 677000 677000 676000 676000 2
20200407 1113 676000 676000 676000 676000 1
20200407 1114 676000 676000 676000 676000 1
20200407 1116 676000 676000 676000 676000 5
20200407 1118 675000 675000 673000 673000 16
20200407 1121 673000 674000 673000 674000 2
20200407 1122 674000 674000 674000 674000 1
20200407 1123 676000 676000 676000 676000 3
20200407 1125 677000 677000 677000 677000 1
20200407 1126 676000 676000 676000 676000 7
20200407 1128 676000 676000 676000 676000 1
20200407 1129 673000 673000 673000 673000 1
20200407 1130 673000 673000 673000 673000 1
20200407 1132 675000 675000 675000 675000 1
20200407 1138 675000 676000 675000 676000 23
20200407 1139 677000 677000 677000 677000 3
20200407 1141 678000 678000 678000 678000 2
20200407 1148 679000 679000 679000 679000 1
20200407 1149 679000 679000 679000 679000 10
20200407 1151 679000 679000 679000 679000 1
20200407 1152 679000 679000 679000 679000 1
20200407 1153 679000 679000 678000 678000 8
20200407 1156 679000 679000 679000 679000 1
20200407 1157 679000 679000 679000 679000 10
20200407 1158 680000 680000 680000 680000 7
20200407 1159 682000 682000 682000 682000 4
20200407 1200 683000 685000 683000 684000 23
20200407 1201 684000 684000 684000 684000 9
20200407 1202 684000 684000 684000 684000 1
20200407 1204 685000 685000 685000 685000 18
20200407 1205 685000 685000 685000 685000 70
20200407 1208 686000 687000 686000 687000 34
20200407 1209 688000 688000 688000 688000 9
20200407 1210 688000 689000 688000 689000 10
20200407 1211 689000 689000 689000 689000 4
20200407 1213 688000 688000 688000 688000 12
20200407 1214 688000 688000 688000 688000 1
20200407 1215 687000 687000 687000 687000 11
20200407 1216 687000 687000 687000 687000 3
20200407 1217 688000 688000 688000 688000 4
20200407 1218 688000 688000 688000 688000 1
20200407 1222 688000 688000 688000 688000 4
20200407 1224 688000 688000 688000 688000 12
20200407 1225 688000 688000 687000 687000 33
20200407 1228 685000 685000 685000 685000 34
20200407 1230 684000 684000 684000 684000 2
20200407 1232 684000 684000 684000 684000 11
20200407 1233 682000 682000 681000 682000 3
20200407 1234 682000 682000 682000 682000 1
20200407 1236 682000 682000 682000 682000 3
20200407 1237 682000 682000 682000 682000 2
20200407 1238 681000 681000 681000 681000 1
20200407 1239 681000 681000 681000 681000 10
20200407 1244 681000 681000 681000 681000 1
20200407 1246 681000 681000 681000 681000 9
20200407 1249 681000 681000 681000 681000 2
20200407 1250 681000 681000 681000 681000 1
20200407 1251 681000 681000 681000 681000 2
20200407 1252 680000 680000 680000 680000 1
20200407 1253 680000 680000 679000 679000 24
20200407 1254 679000 679000 679000 679000 2
20200407 1255 679000 679000 679000 679000 1
20200407 1256 680000 680000 679000 679000 3
20200407 1258 679000 679000 679000 679000 4
20200407 1259 679000 679000 679000 679000 1
20200407 1301 680000 681000 680000 681000 26
20200407 1302 683000 683000 682000 682000 5
20200407 1304 682000 682000 682000 682000 8
20200407 1305 682000 682000 682000 682000 1
20200407 1308 681000 682000 681000 682000 7
20200407 1309 683000 683000 683000 683000 1
20200407 1311 683000 683000 683000 683000 2
20200407 1314 683000 683000 683000 683000 2
20200407 1316 683000 683000 683000 683000 2
20200407 1319 683000 683000 683000 683000 7
20200407 1322 685000 685000 685000 685000 3
20200407 1323 685000 686000 685000 686000 14
20200407 1324 686000 686000 686000 686000 1
20200407 1325 686000 686000 686000 686000 17
20200407 1326 686000 686000 686000 686000 1
20200407 1328 685000 685000 682000 682000 10
20200407 1332 682000 682000 682000 682000 1
20200407 1333 683000 683000 683000 683000 1
20200407 1334 683000 683000 683000 683000 1
20200407 1335 682000 682000 682000 682000 1
20200407 1336 683000 683000 683000 683000 2
20200407 1339 683000 683000 682000 682000 3
20200407 1340 683000 683000 683000 683000 1
20200407 1342 683000 683000 683000 683000 3
20200407 1344 683000 683000 682000 682000 3
20200407 1345 682000 683000 682000 683000 15
20200407 1346 682000 682000 682000 682000 1
20200407 1348 683000 683000 683000 683000 1
20200407 1350 683000 683000 683000 683000 12
20200407 1351 684000 686000 684000 686000 26
20200407 1352 687000 687000 687000 687000 1
20200407 1354 687000 687000 686000 686000 11
20200407 1355 687000 687000 687000 687000 1
20200407 1357 687000 687000 687000 687000 1
20200407 1358 687000 687000 687000 687000 1
20200407 1359 686000 687000 686000 687000 15
20200407 1400 687000 689000 687000 689000 177
20200407 1401 690000 690000 689000 689000 3
20200407 1402 690000 690000 690000 690000 2
20200407 1403 690000 690000 690000 690000 7
20200407 1404 690000 690000 690000 690000 2
20200407 1405 690000 690000 690000 690000 1
20200407 1406 690000 690000 690000 690000 1
20200407 1407 690000 690000 690000 690000 5
20200407 1408 691000 693000 691000 693000 15
20200407 1409 693000 693000 693000 693000 3
20200407 1410 693000 694000 693000 694000 16
20200407 1411 695000 695000 694000 694000 13
20200407 1412 691000 693000 691000 693000 17
20200407 1413 692000 692000 692000 692000 14
20200407 1414 692000 692000 690000 690000 9
20200407 1415 690000 690000 690000 690000 3
20200407 1416 691000 691000 691000 691000 4
20200407 1421 692000 692000 692000 692000 2
20200407 1423 692000 692000 691000 691000 2
20200407 1425 692000 692000 692000 692000 1
20200407 1426 691000 692000 691000 691000 32
20200407 1427 691000 691000 691000 691000 1
20200407 1428 691000 691000 691000 691000 1
20200407 1429 689000 689000 689000 689000 2
20200407 1430 690000 690000 689000 689000 6
20200407 1431 690000 691000 689000 690000 9
20200407 1432 689000 689000 689000 689000 1
20200407 1433 691000 691000 691000 691000 5
20200407 1435 691000 691000 691000 691000 6
20200407 1436 692000 692000 692000 692000 2
20200407 1437 693000 693000 693000 693000 1
20200407 1438 693000 695000 693000 695000 18
20200407 1439 695000 696000 695000 696000 17
20200407 1440 697000 697000 696000 696000 7
20200407 1441 697000 697000 697000 697000 13
20200407 1442 697000 697000 696000 696000 15
20200407 1443 696000 696000 696000 696000 15
20200407 1444 693000 693000 693000 693000 1
20200407 1446 694000 694000 694000 694000 1
20200407 1447 694000 694000 694000 694000 8
20200407 1448 694000 694000 694000 694000 1
20200407 1449 696000 696000 694000 695000 5
20200407 1450 696000 696000 695000 695000 9
20200407 1451 698000 698000 695000 695000 3
20200407 1452 698000 698000 698000 698000 10
20200407 1453 695000 695000 695000 695000 9
20200407 1454 695000 697000 695000 697000 7
20200407 1455 695000 695000 695000 695000 1
20200407 1456 697000 697000 696000 696000 2
20200407 1457 696000 696000 696000 696000 4
20200407 1458 696000 696000 696000 696000 4
20200407 1459 694000 694000 694000 694000 2
20200407 1500 694000 694000 693000 694000 10
20200407 1501 694000 695000 693000 695000 8
20200407 1502 695000 695000 695000 695000 5
20200407 1503 693000 693000 691000 691000 24
20200407 1505 692000 692000 692000 692000 2
20200407 1506 692000 692000 692000 692000 1
20200407 1507 693000 693000 693000 693000 1
20200407 1508 695000 696000 695000 696000 28
20200407 1509 696000 696000 696000 696000 1
20200407 1510 696000 696000 696000 696000 8
20200407 1511 696000 696000 693000 693000 8
20200407 1512 696000 696000 696000 696000 3
20200407 1513 694000 696000 694000 695000 8
20200407 1514 695000 697000 695000 697000 7
20200407 1515 694000 697000 694000 697000 11
20200407 1516 697000 698000 696000 698000 17
20200407 1517 695000 698000 695000 698000 14
20200407 1518 698000 698000 695000 698000 10
20200407 1519 698000 699000 695000 696000 14
20200407 1520 699000 699000 695000 699000 19
20200407 1530 700000 700000 700000 700000 199
