날짜 시간 시가 고가 저가 종가 거래량
20200901 908 14475 14475 14475 14475 3
20200901 918 14350 14350 14350 14350 3
20200901 944 14455 14455 14455 14455 6
20200901 948 14450 14450 14450 14450 1
20200901 953 14450 14450 14450 14450 11
20200901 1017 14450 14450 14450 14450 6
20200901 1020 14450 14460 14450 14460 156
20200901 1028 14370 14370 14370 14370 93
20200901 1031 14450 14450 14450 14450 2
20200901 1037 14450 14450 14450 14450 5
20200901 1053 14435 14435 14435 14435 48
20200901 1057 14435 14435 14435 14435 20
20200901 1107 14400 14400 14400 14400 18
20200901 1108 14400 14400 14400 14400 2
20200901 1110 14400 14400 14400 14400 1
20200901 1112 14400 14400 14400 14400 8
20200901 1113 14400 14400 14400 14400 3
20200901 1115 14400 14400 14400 14400 10
20200901 1116 14435 14435 14435 14435 13
20200901 1127 14435 14435 14435 14435 6
20200901 1130 14435 14435 14435 14435 7
20200901 1133 14435 14435 14435 14435 8
20200901 1135 14430 14430 14430 14430 8
20200901 1137 14430 14430 14430 14430 6
20200901 1143 14435 14435 14435 14435 9
20200901 1144 14435 14435 14435 14435 2
20200901 1150 14435 14435 14435 14435 6
20200901 1152 14435 14435 14435 14435 4
20200901 1153 14435 14435 14435 14435 6
20200901 1154 14440 14440 14440 14440 2
20200901 1155 14440 14440 14440 14440 15
20200901 1200 14440 14440 14440 14440 7
20200901 1204 14440 14440 14440 14440 21
20200901 1206 14440 14440 14440 14440 50
20200901 1210 14440 14440 14440 14440 20
20200901 1211 14440 14440 14440 14440 4
20200901 1212 14440 14440 14440 14440 35
20200901 1213 14440 14440 14440 14440 19
20200901 1215 14440 14440 14440 14440 7
20200901 1216 14440 14440 14440 14440 41
20200901 1217 14440 14440 14440 14440 122
20200901 1218 14440 14440 14440 14440 7
20200901 1219 14440 14440 14440 14440 30
20200901 1220 14440 14440 14440 14440 8
20200901 1221 14440 14440 14440 14440 18
20200901 1223 14440 14440 14440 14440 4
20200901 1224 14440 14440 14440 14440 47
20200901 1225 14440 14440 14440 14440 10
20200901 1227 14440 14440 14440 14440 13
20200901 1228 14440 14440 14440 14440 20
20200901 1229 14440 14440 14440 14440 68
20200901 1230 14405 14440 14405 14440 21
20200901 1231 14440 14440 14440 14440 26
20200901 1232 14440 14440 14440 14440 100
20200901 1233 14440 14440 14435 14440 109
20200901 1234 14440 14440 14440 14440 6
20200901 1235 14440 14440 14440 14440 69
20200901 1236 14440 14440 14440 14440 16
20200901 1237 14440 14440 14440 14440 8
20200901 1238 14440 14440 14440 14440 92
20200901 1239 14440 14440 14440 14440 14
20200901 1240 14440 14440 14440 14440 147
20200901 1243 14440 14440 14440 14440 8
20200901 1244 14440 14440 14440 14440 6
20200901 1245 14440 14440 14440 14440 20
20200901 1246 14440 14440 14440 14440 48
20200901 1247 14440 14440 14440 14440 28
20200901 1248 14440 14440 14440 14440 49
20200901 1249 14440 14440 14440 14440 45
20200901 1250 14440 14440 14440 14440 52
20200901 1251 14440 14440 14440 14440 10
20200901 1252 14440 14440 14440 14440 13
20200901 1253 14440 14440 14440 14440 76
20200901 1254 14440 14440 14440 14440 20
20200901 1255 14440 14440 14440 14440 65
20200901 1256 14440 14440 14440 14440 67
20200901 1257 14440 14440 14440 14440 7
20200901 1258 14440 14440 14440 14440 64
20200901 1259 14440 14440 14440 14440 37
20200901 1301 14440 14440 14440 14440 1
20200901 1302 14440 14440 14440 14440 6
20200901 1303 14440 14440 14440 14440 4
20200901 1304 14440 14440 14440 14440 25
20200901 1305 14440 14440 14440 14440 25
20200901 1306 14440 14440 14440 14440 24
20200901 1307 14440 14440 14440 14440 8
20200901 1308 14440 14440 14440 14440 49
20200901 1309 14440 14440 14440 14440 4
20200901 1310 14440 14440 14440 14440 26
20200901 1311 14440 14440 14440 14440 82
20200901 1312 14440 14440 14440 14440 61
20200901 1313 14440 14440 14440 14440 55
20200901 1314 14440 14440 14440 14440 34
20200901 1315 14440 14440 14440 14440 69
20200901 1316 14440 14440 14440 14440 6
20200901 1317 14440 14440 14440 14440 26
20200901 1318 14440 14440 14440 14440 74
20200901 1319 14440 14440 14440 14440 89
20200901 1320 14440 14440 14440 14440 8
20200901 1321 14440 14440 14440 14440 10
20200901 1322 14440 14440 14440 14440 30
20200901 1323 14440 14440 14440 14440 43
20200901 1324 14440 14440 14440 14440 8
20200901 1325 14440 14440 14440 14440 12
20200901 1326 14440 14440 14440 14440 40
20200901 1327 14440 14440 14440 14440 56
20200901 1328 14440 14440 14440 14440 14
20200901 1330 14440 14440 14440 14440 22
20200901 1331 14440 14440 14440 14440 85
20200901 1332 14440 14440 14440 14440 2
20200901 1333 14440 14440 14440 14440 8
20200901 1335 14440 14440 14440 14440 24
20200901 1336 14435 14440 14435 14440 41
20200901 1337 14440 14440 14440 14440 14
20200901 1338 14440 14440 14435 14435 110
20200901 1339 14440 14440 14375 14375 41
20200901 1340 14440 14440 14440 14440 22
20200901 1341 14440 14440 14440 14440 12
20200901 1343 14440 14440 14440 14440 6
20200901 1345 14440 14440 14440 14440 20
20200901 1346 14440 14440 14440 14440 116
20200901 1347 14440 14440 14440 14440 25
20200901 1348 14440 14440 14440 14440 36
20200901 1349 14440 14440 14440 14440 30
20200901 1351 14440 14440 14440 14440 36
20200901 1352 14440 14440 14440 14440 4
20200901 1353 14440 14440 14440 14440 2
20200901 1354 14440 14440 14440 14440 20
20200901 1355 14440 14440 14440 14440 136
20200901 1356 14440 14440 14440 14440 10
20200901 1357 14440 14440 14440 14440 10
20200901 1359 14440 14440 14440 14440 35
20200901 1400 14440 14440 14440 14440 2
20200901 1401 14440 14440 14440 14440 35
20200901 1402 14440 14440 14440 14440 2
20200901 1403 14440 14445 14440 14445 164
20200901 1404 14445 14445 14445 14445 4
20200901 1405 14445 14445 14445 14445 4
20200901 1406 14445 14445 14445 14445 62
20200901 1407 14445 14445 14445 14445 39
20200901 1408 14445 14445 14445 14445 65
20200901 1409 14445 14445 14445 14445 28
20200901 1412 14445 14445 14445 14445 37
20200901 1413 14445 14445 14445 14445 20
20200901 1414 14445 14445 14445 14445 41
20200901 1419 14445 14445 14445 14445 6
20200901 1420 14445 14445 14445 14445 28
20200901 1421 14445 14445 14445 14445 6
20200901 1423 14445 14445 14445 14445 69
20200901 1424 14445 14445 14445 14445 2
20200901 1426 14445 14445 14445 14445 20
20200901 1427 14445 14445 14445 14445 10
20200901 1428 14445 14445 14445 14445 41
20200901 1429 14445 14445 14445 14445 23
20200901 1430 14445 14445 14445 14445 14
20200901 1432 14445 14445 14445 14445 6
20200901 1433 14445 14445 14445 14445 47
20200901 1435 14445 14445 14445 14445 24
20200901 1436 14445 14445 14445 14445 49
20200901 1438 14445 14445 14445 14445 9
20200901 1439 14445 14445 14445 14445 145
20200901 1440 14445 14445 14445 14445 37
20200901 1441 14445 14445 14445 14445 6
20200901 1443 14445 14445 14445 14445 4
20200901 1444 14445 14445 14445 14445 100
20200901 1445 14445 14445 14445 14445 12
20200901 1446 14445 14445 14445 14445 6
20200901 1448 14445 14445 14445 14445 2
20200901 1451 14445 14445 14445 14445 6
20200901 1452 14445 14445 14445 14445 4
20200901 1454 14445 14445 14445 14445 11
20200901 1455 14445 14445 14445 14445 6
20200901 1456 14445 14445 14445 14445 82
20200901 1457 14445 14445 14445 14445 4
20200901 1458 14445 14445 14445 14445 10
20200901 1459 14445 14445 14445 14445 16
20200901 1500 14445 14445 14445 14445 4
20200901 1501 14445 14445 14440 14445 34
20200901 1503 14440 14440 14440 14440 1
20200901 1505 14440 14445 14440 14445 138
20200901 1506 14445 14445 14445 14445 71
20200901 1507 14445 14445 14445 14445 20
20200901 1508 14435 14445 14435 14445 7
20200901 1509 14445 14445 14445 14445 15
20200901 1511 14440 14440 14380 14440 70
20200901 1512 14440 14440 14440 14440 6
20200901 1513 14440 14440 14440 14440 20
20200901 1514 14440 14440 14440 14440 10
20200901 1516 14435 14435 14435 14435 7
20200901 1518 14435 14435 14435 14435 4
20200901 1519 14435 14445 14435 14445 28
20200901 1520 14445 14445 14445 14445 41
20200901 1530 14445 14445 14445 14445 41
