날짜 시간 시가 고가 저가 종가 거래량
20200901 901 11200 11220 11200 11200 2196
20200901 902 11200 11200 11200 11200 1000
20200901 903 11220 11220 11200 11220 1513
20200901 904 11220 11220 11220 11220 257
20200901 905 11220 11220 11200 11200 146
20200901 906 11200 11210 11200 11205 40
20200901 907 11205 11220 11195 11200 2609
20200901 908 11210 11220 11205 11220 12
20200901 909 11220 11220 11220 11220 821
20200901 910 11220 11220 11220 11220 425
20200901 911 11220 11220 11210 11220 1302
20200901 912 11220 11220 11220 11220 53
20200901 913 11215 11215 11200 11200 4145
20200901 914 11200 11200 11200 11200 15
20200901 915 11200 11200 11200 11200 10
20200901 916 11200 11215 11200 11215 20
20200901 917 11210 11215 11210 11215 126
20200901 918 11210 11215 11200 11210 898
20200901 919 11210 11215 11210 11210 49
20200901 920 11205 11205 11200 11200 845
20200901 921 11200 11200 11195 11195 227
20200901 922 11190 11205 11175 11185 1723
20200901 923 11175 11190 11175 11180 91
20200901 924 11190 11190 11180 11180 1069
20200901 925 11180 11190 11180 11180 200
20200901 926 11185 11185 11185 11185 600
20200901 927 11185 11205 11180 11205 804
20200901 928 11205 11210 11205 11210 135
20200901 929 11195 11210 11190 11210 121
20200901 930 11205 11205 11205 11205 125
20200901 931 11205 11205 11200 11200 110
20200901 932 11200 11200 11195 11195 124
20200901 933 11195 11195 11195 11195 1016
20200901 934 11195 11195 11195 11195 1
20200901 936 11200 11200 11200 11200 130
20200901 937 11200 11205 11200 11205 581
20200901 938 11205 11215 11205 11215 766
20200901 939 11215 11220 11215 11220 1558
20200901 940 11220 11220 11220 11220 455
20200901 941 11215 11215 11215 11215 8
20200901 942 11215 11220 11215 11220 234
20200901 943 11220 11220 11220 11220 79
20200901 944 11215 11215 11210 11215 74
20200901 945 11215 11215 11215 11215 176
20200901 946 11215 11220 11215 11220 828
20200901 947 11220 11220 11215 11215 1141
20200901 948 11220 11240 11220 11240 658
20200901 949 11240 11240 11240 11240 9
20200901 950 11240 11245 11240 11245 94
20200901 951 11235 11235 11215 11215 64
20200901 952 11215 11215 11205 11210 1801
20200901 953 11210 11240 11210 11240 526
20200901 954 11240 11240 11230 11230 42
20200901 955 11230 11230 11230 11230 327
20200901 956 11230 11230 11230 11230 20
20200901 957 11215 11215 11210 11215 4025
20200901 958 11215 11215 11215 11215 371
20200901 959 11215 11215 11215 11215 23
20200901 1000 11220 11220 11220 11220 81
20200901 1001 11220 11220 11215 11215 738
20200901 1002 11220 11220 11220 11220 357
20200901 1003 11215 11220 11215 11220 89
20200901 1004 11215 11215 11215 11215 3
20200901 1005 11215 11220 11215 11220 191
20200901 1006 11220 11220 11220 11220 31
20200901 1007 11220 11230 11220 11230 4194
20200901 1010 11225 11230 11225 11230 79
20200901 1011 11230 11240 11230 11235 1966
20200901 1012 11235 11235 11215 11235 66
20200901 1013 11225 11230 11210 11230 1092
20200901 1014 11210 11210 11210 11210 566
20200901 1015 11210 11210 11210 11210 4
20200901 1016 11205 11210 11205 11210 835
20200901 1017 11210 11220 11205 11220 440
20200901 1018 11220 11235 11220 11235 453
20200901 1019 11215 11225 11210 11210 14
20200901 1020 11215 11230 11215 11215 118
20200901 1021 11220 11220 11215 11215 53
20200901 1022 11215 11215 11215 11215 21
20200901 1023 11215 11225 11210 11225 573
20200901 1024 11220 11220 11220 11220 10
20200901 1025 11210 11210 11200 11200 3365
20200901 1026 11210 11225 11210 11220 2124
20200901 1027 11220 11220 11220 11220 279
20200901 1028 11215 11215 11215 11215 40
20200901 1029 11210 11210 11205 11205 877
20200901 1030 11210 11210 11210 11210 1133
20200901 1031 11210 11210 11210 11210 10
20200901 1032 11205 11215 11205 11215 361
20200901 1033 11215 11240 11210 11240 8591
20200901 1034 11240 11240 11210 11210 1482
20200901 1035 11220 11235 11210 11210 67
20200901 1036 11235 11240 11235 11240 1971
20200901 1037 11240 11245 11225 11225 89
20200901 1038 11220 11220 11220 11220 4558
20200901 1039 11225 11230 11195 11205 6085
20200901 1040 11230 11235 11230 11235 2348
20200901 1041 11235 11240 11235 11240 2378
20200901 1042 11245 11245 11245 11245 683
20200901 1043 11245 11250 11245 11250 648
20200901 1044 11250 11280 11250 11280 2735
20200901 1045 11265 11280 11260 11280 5598
20200901 1046 11280 11285 11275 11275 6366
20200901 1047 11280 11280 11280 11280 131
20200901 1048 11280 11280 11280 11280 527
20200901 1049 11280 11280 11280 11280 34
20200901 1050 11275 11280 11270 11270 636
20200901 1051 11280 11280 11280 11280 222
20200901 1052 11280 11280 11275 11275 580
20200901 1053 11270 11275 11265 11275 1912
20200901 1054 11260 11260 11260 11260 1
20200901 1055 11260 11260 11245 11245 1854
20200901 1056 11245 11245 11245 11245 10
20200901 1057 11255 11265 11255 11265 196
20200901 1058 11265 11265 11245 11245 402
20200901 1059 11255 11255 11230 11230 368
20200901 1100 11230 11260 11230 11235 4275
20200901 1101 11235 11250 11230 11230 1022
20200901 1102 11235 11245 11235 11245 1536
20200901 1103 11245 11265 11245 11265 935
20200901 1104 11265 11265 11265 11265 9373
20200901 1105 11270 11280 11270 11280 8092
20200901 1106 11280 11285 11280 11285 239
20200901 1107 11285 11285 11280 11280 2079
20200901 1108 11280 11285 11280 11280 2567
20200901 1109 11280 11280 11255 11265 469
20200901 1110 11275 11285 11275 11280 396
20200901 1111 11275 11275 11255 11255 37
20200901 1112 11265 11265 11250 11250 2772
20200901 1113 11245 11260 11240 11260 50
20200901 1114 11265 11275 11260 11275 1291
20200901 1115 11265 11275 11265 11270 2356
20200901 1116 11275 11275 11270 11270 53
20200901 1117 11270 11270 11265 11270 2293
20200901 1118 11265 11265 11250 11250 2149
20200901 1119 11245 11245 11235 11245 2236
20200901 1120 11245 11255 11245 11250 121
20200901 1121 11245 11255 11245 11245 1048
20200901 1122 11245 11250 11245 11245 281
20200901 1123 11235 11240 11235 11240 1630
20200901 1124 11235 11240 11230 11230 2995
20200901 1125 11230 11240 11225 11240 4367
20200901 1126 11220 11230 11215 11230 55
20200901 1127 11230 11235 11230 11230 166
20200901 1128 11225 11235 11225 11235 138
20200901 1129 11230 11230 11230 11230 4314
20200901 1130 11235 11235 11235 11235 81
20200901 1131 11235 11235 11230 11230 935
20200901 1132 11225 11225 11220 11220 106
20200901 1133 11215 11220 11210 11210 96
20200901 1134 11215 11215 11205 11210 1307
20200901 1135 11215 11215 11215 11215 1
20200901 1136 11215 11225 11215 11225 233
20200901 1137 11215 11225 11215 11225 1215
20200901 1138 11225 11230 11215 11230 22
20200901 1139 11225 11230 11225 11230 1282
20200901 1140 11235 11235 11230 11230 1295
20200901 1141 11235 11235 11235 11235 42
20200901 1142 11235 11235 11235 11235 269
20200901 1143 11235 11240 11230 11240 974
20200901 1144 11240 11240 11240 11240 1280
20200901 1145 11225 11225 11215 11215 1166
20200901 1146 11235 11250 11235 11250 1014
20200901 1147 11245 11255 11230 11250 964
20200901 1148 11245 11245 11245 11245 46
20200901 1149 11250 11250 11245 11245 620
20200901 1150 11245 11250 11245 11250 85
20200901 1151 11250 11250 11240 11240 825
20200901 1152 11240 11240 11240 11240 545
20200901 1153 11250 11250 11250 11250 3
20200901 1154 11250 11250 11240 11240 578
20200901 1155 11240 11240 11240 11240 20
20200901 1156 11250 11250 11250 11250 14
20200901 1157 11250 11250 11240 11250 270
20200901 1159 11240 11240 11235 11235 191
20200901 1200 11240 11250 11240 11250 541
20200901 1201 11250 11250 11250 11250 350
20200901 1202 11250 11250 11250 11250 1
20200901 1203 11245 11245 11245 11245 100
20200901 1204 11250 11250 11245 11245 132
20200901 1205 11240 11245 11240 11245 378
20200901 1206 11250 11255 11250 11255 5223
20200901 1207 11260 11260 11255 11255 134
20200901 1209 11250 11255 11250 11255 4
20200901 1210 11255 11260 11250 11260 2365
20200901 1211 11260 11260 11260 11260 92
20200901 1212 11265 11265 11260 11265 7139
20200901 1213 11265 11265 11265 11265 7404
20200901 1214 11270 11270 11265 11265 2383
20200901 1215 11260 11260 11260 11260 1681
20200901 1216 11255 11255 11255 11255 230
20200901 1217 11255 11260 11255 11255 529
20200901 1220 11260 11260 11250 11250 160
20200901 1222 11260 11260 11250 11250 111
20200901 1223 11250 11260 11250 11260 215
20200901 1224 11260 11260 11250 11250 554
20200901 1225 11250 11255 11250 11250 1330
20200901 1227 11245 11260 11245 11260 118
20200901 1229 11245 11245 11245 11245 108
20200901 1230 11245 11250 11245 11250 79
20200901 1231 11250 11250 11250 11250 45
20200901 1232 11250 11250 11250 11250 15
20200901 1234 11255 11255 11245 11245 129
20200901 1236 11255 11255 11255 11255 800
20200901 1237 11255 11255 11255 11255 187
20200901 1238 11255 11255 11255 11255 50
20200901 1239 11250 11250 11245 11250 32
20200901 1240 11250 11255 11250 11255 82
20200901 1241 11255 11255 11255 11255 10
20200901 1242 11250 11250 11245 11245 500
20200901 1243 11245 11245 11245 11245 1
20200901 1244 11245 11255 11245 11255 119
20200901 1245 11255 11255 11255 11255 7
20200901 1246 11245 11245 11245 11245 3211
20200901 1247 11245 11245 11245 11245 686
20200901 1248 11240 11240 11240 11240 31
20200901 1250 11245 11245 11245 11245 80
20200901 1251 11245 11250 11245 11250 1201
20200901 1254 11245 11250 11245 11250 356
20200901 1255 11250 11250 11250 11250 31
20200901 1256 11250 11250 11250 11250 133
20200901 1257 11250 11250 11250 11250 778
20200901 1258 11255 11255 11255 11255 115
20200901 1300 11255 11255 11255 11255 90
20200901 1301 11260 11260 11255 11255 363
20200901 1303 11260 11260 11255 11255 33
20200901 1304 11260 11260 11260 11260 110
20200901 1305 11255 11255 11255 11255 8
20200901 1307 11255 11255 11255 11255 79
20200901 1308 11255 11260 11255 11260 2326
20200901 1310 11260 11260 11260 11260 80
20200901 1312 11255 11255 11255 11255 13
20200901 1314 11260 11260 11260 11260 79
20200901 1315 11260 11260 11250 11255 761
20200901 1316 11250 11250 11250 11250 100
20200901 1317 11250 11255 11250 11250 281
20200901 1318 11255 11255 11250 11250 301
20200901 1320 11250 11255 11250 11255 94
20200901 1321 11255 11255 11255 11255 2
20200901 1322 11255 11255 11245 11245 421
20200901 1323 11255 11255 11255 11255 300
20200901 1324 11255 11255 11255 11255 728
20200901 1325 11255 11255 11255 11255 12
20200901 1326 11250 11250 11250 11250 500
20200901 1327 11255 11255 11245 11245 672
20200901 1328 11250 11250 11250 11250 1
20200901 1330 11250 11250 11245 11245 1081
20200901 1331 11245 11245 11245 11245 26
20200901 1332 11245 11245 11245 11245 9
20200901 1333 11245 11250 11245 11250 201
20200901 1334 11250 11250 11250 11250 80
20200901 1336 11250 11250 11250 11250 150
20200901 1337 11250 11250 11245 11245 579
20200901 1338 11240 11240 11240 11240 1630
20200901 1339 11240 11240 11240 11240 163
20200901 1340 11240 11245 11240 11245 564
20200901 1341 11235 11235 11230 11230 1811
20200901 1342 11240 11240 11240 11240 100
20200901 1343 11240 11240 11235 11235 13
20200901 1344 11240 11240 11240 11240 149
20200901 1345 11235 11240 11235 11240 204
20200901 1346 11235 11235 11235 11235 11
20200901 1347 11235 11240 11235 11240 291
20200901 1348 11240 11240 11235 11235 646
20200901 1349 11230 11240 11230 11240 344
20200901 1350 11230 11240 11230 11240 344
20200901 1351 11240 11240 11230 11240 912
20200901 1352 11240 11240 11230 11230 754
20200901 1353 11230 11230 11230 11230 12
20200901 1354 11230 11240 11230 11230 113
20200901 1355 11230 11230 11230 11230 11
20200901 1356 11230 11230 11230 11230 11
20200901 1357 11235 11240 11230 11230 126
20200901 1358 11240 11240 11230 11230 282
20200901 1400 11240 11240 11240 11240 81
20200901 1401 11230 11230 11230 11230 1
20200901 1402 11240 11240 11240 11240 99
20200901 1403 11240 11240 11240 11240 44
20200901 1404 11240 11240 11230 11230 84
20200901 1405 11240 11240 11240 11240 188
20200901 1406 11240 11240 11240 11240 5
20200901 1407 11240 11240 11230 11240 1637
20200901 1408 11240 11245 11240 11245 731
20200901 1409 11245 11245 11245 11245 300
20200901 1410 11240 11240 11240 11240 79
20200901 1411 11240 11240 11240 11240 82
20200901 1412 11240 11240 11240 11240 110
20200901 1414 11240 11245 11225 11225 3433
20200901 1416 11230 11235 11230 11235 525
20200901 1417 11240 11245 11240 11245 1128
20200901 1418 11245 11245 11245 11245 1
20200901 1420 11235 11245 11230 11245 184
20200901 1421 11235 11235 11235 11235 4
20200901 1422 11235 11245 11235 11245 1304
20200901 1423 11235 11235 11235 11235 4
20200901 1424 11240 11245 11235 11235 236
20200901 1425 11235 11235 11235 11235 1297
20200901 1426 11235 11235 11235 11235 454
20200901 1427 11240 11245 11240 11240 888
20200901 1428 11245 11245 11240 11240 2615
20200901 1429 11245 11250 11245 11245 984
20200901 1430 11245 11250 11245 11250 503
20200901 1431 11245 11250 11245 11250 531
20200901 1432 11245 11245 11245 11245 4
20200901 1433 11245 11250 11245 11250 2754
20200901 1434 11250 11255 11250 11250 1287
20200901 1435 11250 11255 11250 11255 5382
20200901 1436 11255 11255 11255 11255 61
20200901 1437 11250 11255 11250 11255 1781
20200901 1438 11250 11250 11250 11250 700
20200901 1439 11250 11250 11250 11250 906
20200901 1440 11250 11250 11245 11250 1923
20200901 1441 11245 11245 11240 11240 1857
20200901 1442 11235 11235 11235 11235 1003
20200901 1443 11240 11240 11235 11235 453
20200901 1444 11240 11240 11225 11225 4043
20200901 1445 11225 11230 11225 11225 4879
20200901 1447 11220 11225 11220 11220 607
20200901 1448 11225 11225 11220 11225 417
20200901 1449 11225 11225 11225 11225 1678
20200901 1450 11225 11225 11225 11225 90
20200901 1451 11225 11225 11200 11200 6973
20200901 1452 11195 11200 11195 11200 427
20200901 1453 11200 11200 11190 11190 5081
20200901 1454 11200 11200 11200 11200 185
20200901 1455 11200 11200 11200 11200 926
20200901 1456 11200 11200 11200 11200 902
20200901 1457 11200 11200 11200 11200 3239
20200901 1458 11200 11200 11200 11200 1188
20200901 1459 11205 11205 11200 11200 1388
20200901 1501 11205 11205 11205 11205 1420
20200901 1502 11205 11205 11200 11200 2055
20200901 1503 11200 11200 11195 11195 450
20200901 1504 11205 11205 11205 11205 79
20200901 1505 11205 11205 11205 11205 21
20200901 1506 11205 11205 11200 11200 742
20200901 1507 11200 11205 11200 11200 95
20200901 1508 11200 11200 11200 11200 597
20200901 1509 11200 11200 11190 11190 8708
20200901 1510 11190 11190 11190 11190 6490
20200901 1511 11190 11195 11185 11190 1647
20200901 1512 11190 11190 11190 11190 82
20200901 1513 11190 11190 11190 11190 39
20200901 1515 11185 11195 11185 11190 1007
20200901 1516 11185 11185 11180 11185 3924
20200901 1517 11185 11185 11185 11185 40
20200901 1519 11185 11190 11180 11190 895
20200901 1520 11195 11195 11195 11195 11
20200901 1530 11205 11205 11205 11205 2396
