날짜 시간 시가 고가 저가 종가 거래량
20190902 901 11700 11700 11700 11700 61
20190902 903 11705 11705 11675 11675 50120
20190902 916 11715 11715 11715 11715 20
20190902 934 11685 11685 11685 11685 10
20190902 936 11685 11685 11685 11685 10
20190902 945 11715 11715 11715 11715 15
20190902 946 11705 11705 11705 11705 34
20190902 947 11705 11705 11705 11705 3
20190902 948 11705 11705 11705 11705 1
20190902 949 11705 11705 11705 11705 26
20190902 1001 11690 11690 11690 11690 383
20190902 1002 11685 11685 11685 11685 8176
20190902 1004 11680 11680 11680 11680 16020
20190902 1005 11680 11680 11680 11680 23000
20190902 1006 11685 11685 11675 11675 2005
20190902 1007 11675 11675 11675 11675 257
20190902 1012 11660 11665 11660 11665 850
20190902 1014 11665 11665 11665 11665 100
20190902 1016 11665 11665 11665 11665 5
20190902 1025 11665 11665 11665 11665 5
20190902 1027 11665 11665 11665 11665 5
20190902 1030 11660 11660 11660 11660 20
20190902 1038 11665 11665 11665 11665 47
20190902 1039 11665 11665 11665 11665 10000
20190902 1040 11665 11665 11665 11665 30000
20190902 1041 11665 11665 11665 11665 25930
20190902 1044 11665 11665 11665 11665 25653
20190902 1057 11675 11675 11675 11675 10
20190902 1104 11675 11675 11675 11675 159
20190902 1109 11665 11665 11665 11665 1
20190902 1118 11665 11665 11665 11665 4286
20190902 1120 11660 11660 11660 11660 1
20190902 1136 11660 11660 11660 11660 86
20190902 1138 11660 11660 11660 11660 85
20190902 1139 11660 11660 11660 11660 6
20190902 1143 11660 11660 11660 11660 47
20190902 1201 11680 11680 11680 11680 428
20190902 1204 11680 11680 11680 11680 60
20190902 1208 11670 11670 11670 11670 2
20190902 1214 11680 11680 11680 11680 30
20190902 1216 11680 11680 11680 11680 2
20190902 1217 11680 11680 11680 11680 2
20190902 1220 11675 11675 11675 11675 3
20190902 1221 11675 11675 11675 11675 24
20190902 1222 11680 11680 11680 11680 1
20190902 1243 11680 11680 11680 11680 87
20190902 1244 11680 11680 11680 11680 200
20190902 1245 11680 11680 11680 11680 2
20190902 1247 11680 11680 11680 11680 12
20190902 1248 11680 11680 11680 11680 3
20190902 1253 11680 11680 11680 11680 85
20190902 1255 11675 11675 11675 11675 4
20190902 1307 11675 11675 11675 11675 5
20190902 1308 11675 11675 11675 11675 10
20190902 1313 11675 11675 11675 11675 10
20190902 1315 11675 11675 11675 11675 20
20190902 1319 11680 11680 11680 11680 2
20190902 1322 11680 11680 11680 11680 3
20190902 1324 11675 11675 11675 11675 5
20190902 1326 11675 11675 11675 11675 20
20190902 1328 11675 11675 11675 11675 20
20190902 1334 11675 11675 11675 11675 1352
20190902 1338 11675 11675 11675 11675 90
20190902 1409 11670 11670 11670 11670 116
20190902 1412 11670 11675 11670 11675 96
20190902 1419 11670 11670 11670 11670 1500
20190902 1420 11670 11670 11670 11670 299
20190902 1423 11670 11670 11670 11670 43
20190902 1444 11670 11670 11670 11670 5
20190902 1455 11665 11665 11665 11665 29
20190902 1456 11660 11660 11660 11660 10
20190902 1457 11660 11660 11660 11660 5
20190902 1458 11660 11660 11660 11660 8
20190902 1459 11660 11660 11660 11660 55
20190902 1500 11660 11660 11660 11660 2
20190902 1501 11660 11660 11660 11660 20
20190902 1508 11655 11655 11655 11655 50
20190902 1515 11660 11660 11660 11660 9
20190902 1530 11665 11665 11665 11665 5
20190903 901 11680 11680 11680 11680 8
20190903 902 11680 11680 11680 11680 2
20190903 914 11675 11675 11675 11675 59
20190903 919 11675 11675 11675 11675 17
20190903 936 11675 11675 11675 11675 7
20190903 956 11665 11665 11665 11665 1
20190903 1043 11665 11665 11665 11665 150
20190903 1048 11670 11670 11670 11670 7
20190903 1049 11665 11665 11665 11665 73
20190903 1055 11670 11670 11670 11670 3
20190903 1117 11670 11670 11670 11670 2
20190903 1118 11670 11670 11670 11670 2
20190903 1127 11670 11670 11670 11670 10
20190903 1143 11665 11665 11665 11665 3
20190903 1147 11665 11665 11665 11665 10
20190903 1149 11665 11665 11665 11665 20
20190903 1153 11660 11660 11655 11655 92
20190903 1201 11650 11650 11650 11650 51
20190903 1203 11650 11650 11650 11650 11
20190903 1204 11650 11650 11650 11650 21
20190903 1209 11645 11645 11645 11645 3
20190903 1233 11665 11665 11665 11665 1
20190903 1247 11665 11665 11665 11665 50
20190903 1253 11665 11665 11665 11665 2
20190903 1254 11665 11665 11665 11665 100
20190903 1321 11665 11665 11665 11665 9
20190903 1325 11665 11665 11665 11665 1
20190903 1337 11650 11650 11650 11650 1
20190903 1352 11665 11670 11665 11670 140
20190903 1357 11655 11655 11645 11645 86
20190903 1405 11670 11670 11670 11670 5
20190903 1412 11670 11670 11670 11670 256
20190903 1413 11670 11670 11670 11670 2
20190903 1452 11675 11675 11675 11675 133
20190903 1503 11690 11690 11690 11690 170
20190903 1509 11670 11670 11670 11670 4
20190903 1530 11665 11665 11665 11665 5460
20190904 901 11840 11840 11840 11840 152
20190904 910 11840 11840 11830 11830 300
20190904 917 11830 11830 11830 11830 106
20190904 918 11830 11830 11830 11830 15
20190904 919 11830 11830 11830 11830 30
20190904 921 11845 11845 11845 11845 20
20190904 930 11830 11830 11830 11830 100
20190904 932 11825 11825 11825 11825 279
20190904 947 11835 11835 11835 11835 1
20190904 949 11840 11840 11840 11840 124
20190904 1000 11820 11820 11820 11820 423
20190904 1010 11820 11820 11820 11820 200
20190904 1011 11840 11840 11840 11840 15
20190904 1020 11840 11840 11840 11840 45
20190904 1022 11840 11840 11840 11840 90
20190904 1033 11835 11835 11835 11835 42
20190904 1051 11815 11815 11815 11815 244
20190904 1054 11830 11830 11830 11830 1
20190904 1057 11800 11800 11800 11800 5
20190904 1139 11815 11815 11815 11815 400
20190904 1148 11815 11815 11815 11815 12
20190904 1149 11815 11815 11815 11815 8
20190904 1220 11815 11815 11815 11815 1000
20190904 1233 11820 11820 11820 11820 30
20190904 1240 11820 11820 11820 11820 20
20190904 1251 11820 11820 11820 11820 100
20190904 1255 11815 11815 11815 11815 53
20190904 1257 11815 11815 11815 11815 10
20190904 1258 11810 11810 11810 11810 11
20190904 1304 11795 11795 11795 11795 50
20190904 1315 11800 11800 11795 11795 508
20190904 1407 11810 11810 11810 11810 1
20190904 1410 11810 11810 11810 11810 9
20190904 1448 11810 11810 11810 11810 9
20190904 1458 11800 11800 11800 11800 10
20190904 1500 11795 11795 11795 11795 17
20190904 1503 11790 11790 11790 11790 94
20190904 1508 11785 11785 11785 11785 4
20190904 1512 11785 11785 11780 11780 259
20190904 1515 11780 11780 11780 11780 97
20190904 1516 11765 11765 11765 11765 123
20190904 1530 11765 11765 11765 11765 31
20190905 901 11850 11850 11850 11850 160
20190905 903 11850 11850 11850 11850 4
20190905 907 11855 11870 11855 11870 100
20190905 918 11825 11825 11825 11825 200
20190905 919 11845 11845 11845 11845 200
20190905 938 11840 11840 11840 11840 109
20190905 952 11840 11840 11840 11840 1
20190905 1001 11840 11840 11835 11835 243
20190905 1017 11840 11840 11840 11840 1
20190905 1028 11825 11825 11825 11825 100
20190905 1030 11820 11820 11820 11820 21
20190905 1032 11815 11815 11805 11805 4
20190905 1045 11805 11805 11805 11805 2
20190905 1054 11805 11805 11805 11805 100
20190905 1059 11800 11800 11795 11795 19
20190905 1103 11810 11810 11810 11810 300
20190905 1108 11795 11795 11795 11795 27
20190905 1109 11800 11800 11800 11800 5
20190905 1111 11790 11790 11785 11785 160
20190905 1112 11795 11795 11795 11795 3
20190905 1118 11795 11795 11795 11795 105
20190905 1125 11810 11810 11810 11810 21
20190905 1137 11805 11805 11805 11805 150
20190905 1148 11805 11805 11805 11805 847
20190905 1149 11790 11790 11790 11790 300
20190905 1208 11805 11805 11805 11805 50
20190905 1211 11810 11810 11810 11810 101
20190905 1237 11810 11810 11810 11810 100
20190905 1254 11815 11815 11815 11815 1
20190905 1311 11815 11815 11815 11815 8
20190905 1323 11810 11810 11800 11800 500
20190905 1327 11805 11805 11805 11805 297
20190905 1334 11805 11805 11805 11805 100
20190905 1356 11800 11800 11800 11800 3
20190905 1405 11805 11805 11805 11805 30
20190905 1412 11805 11805 11805 11805 3
20190905 1427 11800 11800 11800 11800 42
20190905 1503 11805 11805 11805 11805 9
20190905 1530 11805 11805 11805 11805 41
20190906 901 11600 11615 11600 11615 7838
20190906 905 11615 11615 11615 11615 5
20190906 906 11610 11610 11600 11600 100
20190906 907 11600 11600 11600 11600 26
20190906 915 11615 11615 11615 11615 16
20190906 916 11610 11615 11610 11615 80
20190906 920 11615 11615 11615 11615 4
20190906 921 11610 11610 11610 11610 65
20190906 922 11615 11615 11615 11615 2
20190906 925 11610 11610 11610 11610 7
20190906 929 11610 11610 11610 11610 43
20190906 936 11610 11610 11610 11610 37
20190906 952 11610 11610 11595 11595 70
20190906 954 11595 11595 11590 11590 518
20190906 1001 11600 11600 11600 11600 178
20190906 1003 11600 11600 11600 11600 170
20190906 1004 11600 11600 11600 11600 1
20190906 1012 11600 11600 11600 11600 1
20190906 1017 11600 11600 11600 11600 30
20190906 1018 11595 11595 11595 11595 1641
20190906 1019 11595 11595 11595 11595 162
20190906 1022 11595 11595 11595 11595 302
20190906 1032 11605 11605 11605 11605 4
20190906 1041 11600 11600 11600 11600 12
20190906 1057 11595 11595 11595 11595 99
20190906 1100 11590 11590 11590 11590 22
20190906 1101 11585 11585 11585 11585 10
20190906 1108 11585 11585 11585 11585 155
20190906 1112 11585 11585 11585 11585 20
20190906 1116 11600 11600 11600 11600 5
20190906 1117 11595 11595 11595 11595 10
20190906 1123 11590 11590 11590 11590 10
20190906 1138 11590 11590 11590 11590 10
20190906 1139 11595 11595 11590 11590 193
20190906 1140 11590 11590 11590 11590 50
20190906 1145 11590 11590 11590 11590 17
20190906 1203 11580 11580 11580 11580 415
20190906 1205 11575 11575 11575 11575 24
20190906 1206 11570 11570 11570 11570 1000
20190906 1215 11580 11580 11580 11580 5
20190906 1304 11575 11575 11570 11570 140
20190906 1308 11580 11580 11580 11580 43
20190906 1313 11580 11580 11580 11580 10
20190906 1318 11580 11580 11580 11580 209
20190906 1410 11605 11605 11605 11605 16
20190906 1414 11615 11615 11615 11615 5
20190906 1415 11615 11615 11615 11615 25
20190906 1422 11610 11610 11610 11610 50
20190906 1434 11600 11600 11600 11600 50
20190906 1443 11610 11610 11610 11610 9
20190906 1454 11610 11610 11610 11610 11
20190906 1500 11610 11610 11610 11610 1
20190906 1510 11600 11600 11600 11600 146
20190906 1511 11595 11595 11590 11590 62
20190906 1519 11590 11590 11590 11590 3
20190906 1530 11590 11590 11590 11590 28
20190909 901 11520 11520 11520 11520 33
20190909 903 11510 11510 11510 11510 86
20190909 906 11510 11510 11510 11510 10
20190909 908 11510 11510 11510 11510 20
20190909 921 11515 11515 11515 11515 84
20190909 925 11540 11540 11540 11540 2
20190909 928 11535 11535 11535 11535 1
20190909 932 11520 11520 11520 11520 500
20190909 935 11520 11520 11520 11520 2
20190909 954 11540 11540 11540 11540 71
20190909 958 11535 11535 11535 11535 50
20190909 1000 11535 11535 11535 11535 45
20190909 1017 11540 11540 11540 11540 523
20190909 1018 11550 11550 11550 11550 1
20190909 1020 11550 11550 11550 11550 259
20190909 1031 11550 11550 11550 11550 86
20190909 1038 11550 11550 11550 11550 8
20190909 1044 11550 11550 11550 11550 110
20190909 1049 11550 11550 11550 11550 110
20190909 1108 11550 11550 11550 11550 1
20190909 1109 11550 11550 11550 11550 207
20190909 1126 11550 11550 11550 11550 1
20190909 1130 11550 11550 11550 11550 10
20190909 1131 11545 11545 11545 11545 106
20190909 1132 11540 11540 11540 11540 22
20190909 1142 11540 11540 11540 11540 1
20190909 1146 11530 11530 11530 11530 61
20190909 1149 11525 11525 11525 11525 13
20190909 1204 11550 11550 11550 11550 10
20190909 1227 11555 11555 11555 11555 2
20190909 1231 11535 11535 11535 11535 37
20190909 1244 11535 11535 11535 11535 93
20190909 1246 11550 11550 11550 11550 43
20190909 1250 11535 11535 11535 11535 21
20190909 1316 11555 11555 11555 11555 43
20190909 1326 11550 11550 11550 11550 2
20190909 1341 11545 11545 11545 11545 15
20190909 1358 11550 11550 11550 11550 3
20190909 1408 11540 11540 11540 11540 35
20190909 1440 11540 11540 11540 11540 8
20190909 1442 11560 11560 11560 11560 5
20190909 1444 11540 11540 11540 11540 1
20190909 1503 11540 11540 11535 11535 94
20190909 1505 11545 11550 11545 11550 15
20190909 1509 11540 11540 11540 11540 104
20190909 1516 11545 11545 11545 11545 30
20190909 1517 11540 11540 11540 11540 1
20190909 1530 11540 11540 11540 11540 2
20190910 901 11450 11450 11450 11450 6
20190910 908 11450 11450 11450 11450 60
20190910 912 11445 11445 11445 11445 4
20190910 913 11440 11440 11435 11435 728
20190910 914 11440 11440 11440 11440 9
20190910 919 11440 11440 11440 11440 18
20190910 920 11440 11440 11440 11440 10
20190910 924 11440 11440 11440 11440 2
20190910 928 11450 11450 11450 11450 4
20190910 933 11445 11445 11445 11445 1
20190910 942 11440 11440 11440 11440 10
20190910 945 11435 11435 11435 11435 34
20190910 947 11430 11430 11425 11425 682
20190910 949 11420 11420 11420 11420 111
20190910 953 11420 11420 11420 11420 150
20190910 1001 11420 11420 11410 11410 1413
20190910 1003 11405 11405 11405 11405 7
20190910 1007 11405 11405 11405 11405 10
20190910 1009 11400 11400 11390 11390 568
20190910 1022 11390 11390 11390 11390 49
20190910 1023 11390 11390 11390 11390 10
20190910 1024 11390 11390 11385 11385 99
20190910 1027 11380 11380 11375 11375 3
20190910 1030 11370 11370 11370 11370 9
20190910 1031 11370 11370 11370 11370 78
20190910 1051 11380 11380 11380 11380 50
20190910 1059 11390 11390 11390 11390 1
20190910 1100 11385 11385 11385 11385 5
20190910 1113 11385 11385 11385 11385 6
20190910 1115 11380 11380 11380 11380 492
20190910 1129 11380 11380 11380 11380 3
20190910 1130 11380 11380 11380 11380 104
20190910 1139 11385 11385 11385 11385 21
20190910 1146 11380 11380 11380 11380 10
20190910 1157 11390 11390 11390 11390 6
20190910 1203 11395 11395 11395 11395 13
20190910 1221 11395 11395 11395 11395 8
20190910 1242 11390 11390 11390 11390 51
20190910 1243 11390 11390 11390 11390 10
20190910 1244 11385 11385 11385 11385 39
20190910 1255 11385 11385 11385 11385 10
20190910 1259 11385 11385 11385 11385 1
20190910 1313 11395 11395 11395 11395 2
20190910 1326 11395 11395 11395 11395 43
20190910 1341 11395 11395 11395 11395 10
20190910 1342 11395 11395 11395 11395 10
20190910 1350 11390 11390 11390 11390 4
20190910 1402 11395 11395 11395 11395 20
20190910 1406 11390 11390 11390 11390 30
20190910 1412 11390 11390 11390 11390 10
20190910 1420 11390 11390 11390 11390 10
20190910 1426 11395 11395 11395 11395 45
20190910 1432 11395 11395 11395 11395 182
20190910 1438 11400 11400 11400 11400 5
20190910 1442 11390 11390 11390 11390 2
20190910 1451 11385 11385 11385 11385 109
20190910 1452 11380 11380 11380 11380 43
20190910 1457 11380 11380 11380 11380 117
20190910 1507 11385 11385 11385 11385 5
20190910 1508 11390 11390 11390 11390 7
20190910 1530 11385 11385 11385 11385 2700
20190911 901 11380 11380 11380 11380 105
20190911 906 11380 11380 11380 11380 20
20190911 912 11365 11365 11360 11360 117
20190911 913 11365 11365 11360 11360 100
20190911 926 11360 11360 11360 11360 5
20190911 937 11365 11365 11360 11360 2038
20190911 940 11365 11365 11365 11365 100
20190911 950 11380 11380 11380 11380 88
20190911 952 11380 11380 11380 11380 1
20190911 1001 11370 11370 11370 11370 100
20190911 1002 11380 11380 11380 11380 802
20190911 1006 11410 11410 11410 11410 43
20190911 1019 11410 11410 11410 11410 1
20190911 1030 11390 11390 11390 11390 1
20190911 1037 11420 11420 11420 11420 4
20190911 1040 11415 11415 11415 11415 40
20190911 1107 11415 11415 11415 11415 33
20190911 1116 11410 11410 11410 11410 1
20190911 1121 11410 11410 11410 11410 10
20190911 1135 11410 11410 11410 11410 7
20190911 1152 11410 11410 11410 11410 1
20190911 1201 11410 11410 11410 11410 8
20190911 1207 11405 11405 11405 11405 100
20190911 1217 11405 11405 11405 11405 150
20190911 1249 11410 11410 11410 11410 50
20190911 1254 11410 11410 11410 11410 88
20190911 1259 11410 11410 11410 11410 1
20190911 1306 11405 11405 11405 11405 18
20190911 1307 11400 11400 11400 11400 40
20190911 1309 11395 11395 11395 11395 6
20190911 1313 11390 11390 11390 11390 321
20190911 1315 11395 11395 11395 11395 100
20190911 1322 11400 11400 11400 11400 7
20190911 1331 11400 11400 11400 11400 1
20190911 1334 11390 11390 11390 11390 146
20190911 1428 11390 11390 11390 11390 200
20190911 1450 11420 11420 11420 11420 10
20190911 1518 11420 11420 11420 11420 10
20190911 1519 11420 11420 11420 11420 10
20190911 1520 11420 11420 11420 11420 20
20190911 1530 11395 11395 11395 11395 130
20190916 901 11515 11515 11515 11515 92
20190916 902 11505 11515 11505 11515 1609
20190916 903 11515 11515 11515 11515 203
20190916 905 11510 11510 11510 11510 100
20190916 917 11530 11530 11530 11530 60
20190916 919 11530 11530 11530 11530 700
20190916 926 11545 11545 11545 11545 8
20190916 927 11555 11560 11555 11560 20000
20190916 928 11560 11560 11560 11560 100
20190916 930 11560 11560 11560 11560 10010
20190916 938 11540 11540 11540 11540 20
20190916 941 11530 11530 11530 11530 12
20190916 944 11525 11525 11525 11525 1
20190916 947 11530 11530 11530 11530 28
20190916 951 11525 11525 11525 11525 150
20190916 953 11515 11515 11515 11515 10
20190916 958 11510 11510 11510 11510 2
20190916 1007 11530 11530 11530 11530 146
20190916 1021 11525 11525 11515 11515 129
20190916 1029 11535 11535 11530 11530 81
20190916 1033 11530 11530 11530 11530 260
20190916 1056 11520 11520 11520 11520 300
20190916 1100 11510 11510 11510 11510 434
20190916 1101 11520 11525 11520 11525 3
20190916 1109 11520 11520 11520 11520 2
20190916 1113 11515 11515 11515 11515 43
20190916 1118 11515 11515 11515 11515 1
20190916 1127 11515 11515 11515 11515 1
20190916 1135 11505 11505 11505 11505 3
20190916 1144 11500 11500 11500 11500 12
20190916 1147 11495 11495 11495 11495 1
20190916 1211 11495 11495 11495 11495 1
20190916 1212 11495 11495 11495 11495 1
20190916 1234 11485 11485 11485 11485 1
20190916 1310 11495 11495 11495 11495 10
20190916 1316 11495 11495 11495 11495 53
20190916 1328 11510 11510 11510 11510 3
20190916 1329 11510 11510 11510 11510 14
20190916 1330 11500 11500 11500 11500 30
20190916 1336 11500 11500 11500 11500 5
20190916 1340 11500 11500 11500 11500 20
20190916 1341 11500 11500 11500 11500 10
20190916 1344 11500 11500 11500 11500 20
20190916 1420 11500 11500 11500 11500 2
20190916 1427 11490 11490 11485 11485 160
20190916 1431 11485 11485 11485 11485 1
20190916 1434 11485 11485 11485 11485 19
20190916 1453 11500 11500 11500 11500 52
20190916 1507 11500 11500 11500 11500 1
20190916 1510 11480 11480 11480 11480 19
20190916 1513 11485 11485 11485 11485 2
20190916 1519 11500 11500 11500 11500 251
20190916 1530 11505 11505 11505 11505 10
20190917 901 11455 11455 11455 11455 14
20190917 918 11455 11455 11455 11455 31
20190917 929 11455 11455 11455 11455 50
20190917 931 11450 11450 11440 11440 50
20190917 957 11450 11450 11450 11450 42
20190917 1015 11455 11455 11455 11455 7
20190917 1028 11445 11445 11445 11445 1
20190917 1101 11460 11460 11460 11460 1
20190917 1134 11460 11460 11460 11460 4
20190917 1205 11460 11460 11460 11460 30
20190917 1211 11455 11455 11450 11450 65
20190917 1213 11450 11450 11450 11450 5
20190917 1250 11455 11455 11455 11455 43
20190917 1258 11450 11450 11450 11450 435
20190917 1259 11455 11455 11455 11455 28
20190917 1302 11455 11455 11455 11455 1
20190917 1304 11455 11455 11455 11455 1
20190917 1305 11455 11455 11455 11455 1
20190917 1334 11455 11455 11455 11455 1
20190917 1345 11450 11450 11450 11450 100
20190917 1346 11445 11445 11445 11445 21
20190917 1352 11440 11440 11435 11435 72
20190917 1441 11455 11455 11455 11455 500
20190917 1458 11450 11450 11450 11450 50
20190917 1503 11440 11440 11440 11440 10
20190917 1504 11440 11440 11440 11440 20
20190917 1505 11435 11435 11430 11430 122
20190917 1512 11425 11425 11420 11420 17
20190917 1530 11425 11425 11425 11425 30
20190918 901 11475 11475 11475 11475 1
20190918 907 11475 11475 11475 11475 435
20190918 1002 11475 11475 11475 11475 5
20190918 1011 11480 11480 11480 11480 100
20190918 1022 11480 11480 11480 11480 15
20190918 1038 11480 11480 11480 11480 41
20190918 1043 11485 11485 11485 11485 100
20190918 1100 11490 11490 11490 11490 100
20190918 1106 11490 11490 11490 11490 327
20190918 1109 11475 11475 11475 11475 42
20190918 1140 11470 11470 11470 11470 1
20190918 1201 11470 11470 11470 11470 8
20190918 1231 11485 11485 11485 11485 26
20190918 1406 11480 11480 11480 11480 1
20190918 1419 11485 11485 11485 11485 1
20190918 1420 11480 11480 11475 11475 88
20190918 1438 11485 11485 11485 11485 17
20190918 1512 11480 11480 11475 11475 1079
20190919 901 11400 11400 11400 11400 15
20190919 913 11400 11400 11400 11400 1
20190919 925 11395 11395 11395 11395 20
20190919 937 11395 11395 11395 11395 10
20190919 939 11390 11390 11390 11390 5
20190919 940 11385 11385 11385 11385 53
20190919 948 11385 11385 11385 11385 10
20190919 951 11385 11385 11385 11385 1
20190919 1003 11385 11385 11385 11385 102
20190919 1042 11400 11400 11400 11400 2
20190919 1056 11410 11410 11410 11410 26
20190919 1123 11405 11405 11405 11405 1
20190919 1136 11400 11400 11400 11400 100
20190919 1150 11400 11400 11395 11395 25
20190919 1257 11425 11425 11425 11425 1
20190919 1310 11420 11420 11420 11420 2
20190919 1312 11420 11420 11420 11420 2
20190919 1332 11420 11420 11420 11420 5
20190919 1350 11420 11420 11420 11420 20
20190919 1353 11420 11420 11420 11420 130
20190919 1357 11420 11420 11420 11420 2
20190919 1358 11420 11420 11420 11420 18
20190919 1447 11425 11425 11425 11425 1
20190919 1530 11435 11435 11435 11435 1
20190920 901 11445 11445 11445 11445 2
20190920 939 11450 11450 11450 11450 2
20190920 943 11450 11450 11450 11450 8
20190920 1010 11470 11470 11470 11470 5
20190920 1045 11460 11460 11460 11460 50
20190920 1131 11470 11470 11470 11470 20
20190920 1138 11470 11470 11470 11470 458
20190920 1139 11475 11475 11475 11475 4
20190920 1207 11485 11485 11485 11485 2
20190920 1213 11485 11485 11485 11485 18
20190920 1300 11485 11485 11485 11485 10
20190920 1335 11485 11485 11485 11485 1849
20190920 1409 11490 11490 11490 11490 1
20190920 1418 11490 11490 11490 11490 18
20190920 1428 11490 11490 11490 11490 10
20190920 1447 11495 11495 11495 11495 5
20190920 1501 11505 11505 11505 11505 4
20190920 1530 11495 11495 11495 11495 5
20190923 901 11575 11575 11575 11575 26
20190923 905 11570 11570 11570 11570 40
20190923 906 11560 11560 11560 11560 1111
20190923 912 11575 11575 11575 11575 1000
20190923 917 11570 11570 11570 11570 90
20190923 958 11570 11570 11570 11570 10
20190923 1008 11565 11565 11560 11560 898
20190923 1011 11560 11560 11560 11560 147
20190923 1013 11560 11560 11560 11560 200
20190923 1029 11565 11565 11565 11565 100
20190923 1030 11575 11575 11575 11575 144
20190923 1042 11580 11580 11580 11580 70
20190923 1052 11580 11580 11580 11580 211
20190923 1059 11585 11585 11585 11585 103
20190923 1102 11600 11600 11600 11600 122
20190923 1114 11610 11615 11610 11615 25
20190923 1132 11600 11600 11600 11600 5
20190923 1139 11600 11600 11600 11600 2000
20190923 1146 11590 11590 11590 11590 828
20190923 1233 11580 11580 11580 11580 10
20190923 1234 11580 11580 11580 11580 12
20190923 1237 11580 11580 11580 11580 1
20190923 1311 11590 11590 11590 11590 1
20190923 1313 11590 11590 11590 11590 2
20190923 1318 11580 11580 11580 11580 30
20190923 1339 11580 11580 11580 11580 23
20190923 1357 11585 11585 11585 11585 69
20190923 1358 11580 11580 11580 11580 1
20190923 1411 11570 11570 11570 11570 20
20190923 1424 11570 11570 11570 11570 13
20190923 1425 11570 11570 11570 11570 14
20190923 1505 11570 11570 11570 11570 23
20190923 1512 11570 11570 11570 11570 67
20190923 1530 11580 11580 11580 11580 102
20190924 901 11625 11625 11625 11625 2
20190924 903 11620 11620 11620 11620 5
20190924 906 11625 11625 11625 11625 93
20190924 912 11630 11635 11630 11635 100
20190924 915 11635 11635 11635 11635 290
20190924 916 11635 11635 11635 11635 53
20190924 923 11635 11635 11635 11635 200
20190924 931 11625 11625 11625 11625 100
20190924 942 11620 11620 11620 11620 6
20190924 945 11620 11620 11620 11620 37
20190924 952 11620 11620 11620 11620 3
20190924 955 11620 11620 11620 11620 97
20190924 1001 11625 11625 11625 11625 500
20190924 1019 11625 11625 11625 11625 10
20190924 1044 11620 11620 11620 11620 50
20190924 1102 11630 11630 11630 11630 49583
20190924 1108 11640 11640 11640 11640 4
20190924 1116 11640 11640 11640 11640 4
20190924 1144 11645 11645 11645 11645 4
20190924 1147 11645 11645 11645 11645 2
20190924 1149 11645 11645 11645 11645 780
20190924 1156 11655 11655 11650 11650 2
20190924 1202 11650 11650 11650 11650 1224
20190924 1206 11645 11645 11640 11640 284
20190924 1215 11645 11645 11640 11640 14000
20190924 1216 11640 11640 11630 11630 30000
20190924 1217 11630 11630 11615 11615 3800
20190924 1239 11615 11615 11615 11615 200
20190924 1330 11645 11645 11645 11645 100
20190924 1338 11645 11645 11645 11645 7
20190924 1339 11645 11645 11645 11645 3
20190924 1342 11645 11645 11645 11645 1
20190924 1402 11615 11640 11615 11640 101
20190924 1404 11635 11635 11635 11635 100
20190924 1406 11635 11635 11635 11635 73
20190924 1414 11635 11635 11630 11630 129
20190924 1421 11630 11630 11630 11630 43
20190924 1423 11630 11630 11630 11630 42
20190924 1431 11630 11630 11630 11630 1
20190924 1432 11630 11630 11630 11630 104
20190924 1505 11640 11640 11640 11640 10
20190924 1510 11635 11635 11635 11635 2
20190924 1530 11655 11655 11655 11655 407
20190925 905 11700 11700 11700 11700 52
20190925 909 11715 11715 11715 11715 4
20190925 915 11715 11715 11715 11715 1
20190925 916 11715 11715 11715 11715 50
20190925 929 11720 11720 11720 11720 100
20190925 931 11725 11725 11725 11725 50
20190925 934 11725 11725 11725 11725 200
20190925 935 11725 11725 11725 11725 10000
20190925 936 11725 11725 11725 11725 100
20190925 938 11725 11725 11725 11725 10100
20190925 942 11730 11730 11730 11730 300
20190925 945 11730 11730 11730 11730 66
20190925 947 11730 11730 11730 11730 100
20190925 948 11730 11730 11730 11730 170
20190925 953 11730 11730 11730 11730 1
20190925 959 11730 11730 11730 11730 20
20190925 1004 11720 11720 11720 11720 10000
20190925 1007 11725 11725 11725 11725 8
20190925 1011 11715 11715 11715 11715 1
20190925 1013 11715 11715 11715 11715 1000
20190925 1014 11715 11715 11710 11710 100
20190925 1016 11720 11720 11720 11720 5
20190925 1029 11715 11715 11715 11715 10
20190925 1034 11715 11715 11715 11715 11
20190925 1042 11710 11710 11710 11710 9
20190925 1044 11705 11705 11705 11705 5
20190925 1046 11710 11710 11710 11710 1
20190925 1047 11705 11705 11705 11705 1
20190925 1048 11700 11700 11700 11700 3
20190925 1052 11705 11705 11705 11705 96
20190925 1053 11705 11705 11705 11705 104
20190925 1056 11705 11705 11700 11700 21
20190925 1100 11700 11700 11700 11700 1
20190925 1119 11710 11710 11710 11710 5
20190925 1127 11700 11700 11700 11700 1
20190925 1134 11695 11695 11695 11695 2
20190925 1140 11695 11695 11695 11695 450
20190925 1141 11690 11690 11690 11690 1
20190925 1216 11690 11690 11690 11690 3
20190925 1227 11685 11685 11685 11685 1
20190925 1235 11700 11700 11700 11700 170
20190925 1254 11700 11700 11700 11700 23
20190925 1259 11690 11690 11690 11690 600
20190925 1342 11690 11690 11690 11690 200
20190925 1344 11695 11695 11695 11695 1
20190925 1357 11695 11695 11695 11695 1
20190925 1403 11695 11695 11695 11695 10
20190925 1404 11695 11695 11695 11695 1273
20190925 1409 11690 11690 11690 11690 21
20190925 1411 11685 11685 11685 11685 20
20190925 1415 11685 11685 11680 11680 22
20190925 1426 11695 11695 11690 11690 11
20190925 1427 11690 11690 11690 11690 20
20190925 1437 11685 11685 11685 11685 5
20190925 1456 11690 11690 11690 11690 1
20190925 1457 11690 11695 11690 11695 35
20190925 1504 11690 11690 11690 11690 200
20190925 1509 11690 11690 11690 11690 13
20190925 1511 11685 11685 11685 11685 105
20190925 1518 11690 11690 11690 11690 3
20190925 1530 11700 11700 11700 11700 50
20190926 901 11525 11525 11525 11525 4
20190926 903 11520 11520 11520 11520 1
20190926 904 11515 11515 11515 11515 1
20190926 909 11530 11530 11530 11530 10
20190926 910 11530 11530 11530 11530 10
20190926 911 11530 11530 11530 11530 85
20190926 913 11530 11530 11530 11530 10
20190926 915 11530 11530 11530 11530 46
20190926 916 11530 11530 11530 11530 54
20190926 935 11535 11535 11535 11535 3
20190926 945 11530 11530 11530 11530 257
20190926 952 11525 11525 11525 11525 136
20190926 1001 11525 11525 11525 11525 5
20190926 1006 11525 11525 11525 11525 10
20190926 1007 11525 11525 11525 11525 990
20190926 1017 11530 11530 11525 11525 200
20190926 1043 11525 11525 11525 11525 1910
20190926 1058 11525 11525 11525 11525 200
20190926 1119 11540 11540 11540 11540 2
20190926 1152 11540 11540 11540 11540 13
20190926 1213 11540 11540 11540 11540 30
20190926 1228 11540 11540 11540 11540 32
20190926 1235 11530 11530 11530 11530 39
20190926 1237 11545 11545 11545 11545 104
20190926 1249 11540 11540 11540 11540 50
20190926 1250 11540 11540 11540 11540 10
20190926 1257 11525 11525 11525 11525 1
20190926 1332 11540 11540 11540 11540 5
20190926 1337 11540 11540 11540 11540 8
20190926 1352 11540 11540 11540 11540 51
20190926 1404 11540 11540 11540 11540 35
20190926 1406 11540 11540 11540 11540 2
20190926 1408 11550 11550 11550 11550 55
20190926 1431 11550 11550 11550 11550 50
20190926 1440 11540 11540 11540 11540 102
20190926 1442 11540 11540 11540 11540 9
20190926 1444 11540 11540 11540 11540 12
20190926 1449 11535 11535 11535 11535 50
20190926 1450 11530 11530 11530 11530 30
20190926 1459 11530 11530 11530 11530 28
20190927 901 11520 11520 11520 11520 348
20190927 910 11515 11515 11515 11515 2
20190927 938 11515 11515 11515 11515 15
20190927 953 11510 11510 11510 11510 1
20190927 1001 11510 11510 11510 11510 10
20190927 1006 11505 11505 11505 11505 21
20190927 1026 11505 11505 11505 11505 9
20190927 1032 11505 11505 11505 11505 10
20190927 1035 11505 11505 11505 11505 10
20190927 1043 11505 11505 11505 11505 1
20190927 1113 11505 11505 11505 11505 61
20190927 1158 11510 11510 11510 11510 5
20190927 1201 11515 11515 11515 11515 10
20190927 1207 11515 11515 11515 11515 28
20190927 1213 11510 11510 11510 11510 2
20190927 1220 11515 11515 11515 11515 7
20190927 1235 11520 11520 11520 11520 3
20190927 1247 11520 11520 11520 11520 1
20190927 1248 11515 11515 11515 11515 5
20190927 1322 11515 11515 11515 11515 20
20190927 1323 11515 11515 11515 11515 11
20190927 1326 11520 11520 11520 11520 17
20190927 1338 11520 11520 11520 11520 5
20190927 1436 11510 11510 11510 11510 27
20190927 1446 11510 11510 11510 11510 1
20190927 1454 11510 11510 11510 11510 5
20190927 1457 11505 11505 11495 11495 1350
20190927 1511 11495 11495 11495 11495 6
20190930 901 11440 11440 11440 11440 438
20190930 906 11440 11440 11440 11440 19
20190930 908 11440 11440 11440 11440 24
20190930 911 11440 11440 11440 11440 10
20190930 913 11440 11440 11440 11440 129
20190930 914 11440 11440 11440 11440 20
20190930 916 11445 11445 11445 11445 9
20190930 919 11440 11440 11440 11440 17
20190930 935 11435 11435 11435 11435 63
20190930 941 11435 11435 11435 11435 2
20190930 944 11440 11440 11430 11430 631
20190930 945 11425 11425 11425 11425 69
20190930 959 11440 11440 11440 11440 10
20190930 1003 11430 11430 11430 11430 2
20190930 1004 11430 11430 11430 11430 1
20190930 1005 11425 11425 11420 11420 647
20190930 1025 11420 11420 11420 11420 1
20190930 1048 11420 11420 11420 11420 18
20190930 1056 11415 11415 11415 11415 100
20190930 1057 11415 11415 11410 11410 384
20190930 1109 11410 11410 11410 11410 1
20190930 1112 11410 11410 11410 11410 1
20190930 1130 11405 11405 11400 11400 100
20190930 1131 11405 11405 11405 11405 1085
20190930 1132 11405 11405 11405 11405 2
20190930 1139 11410 11410 11410 11410 13
20190930 1154 11405 11405 11405 11405 5
20190930 1159 11400 11400 11400 11400 16
20190930 1204 11400 11400 11395 11395 240
20190930 1207 11395 11395 11395 11395 4
20190930 1238 11395 11395 11395 11395 22
20190930 1328 11410 11410 11410 11410 8
20190930 1346 11410 11410 11410 11410 10
20190930 1401 11410 11410 11410 11410 3
20190930 1403 11410 11410 11410 11410 1
20190930 1412 11405 11405 11405 11405 10
20190930 1418 11405 11405 11405 11405 15
20190930 1424 11405 11405 11405 11405 2
20190930 1425 11405 11405 11405 11405 3
20190930 1444 11410 11410 11410 11410 7
20190930 1447 11410 11410 11410 11410 2
20190930 1454 11410 11410 11410 11410 1072
20190930 1504 11410 11410 11410 11410 167
20190930 1507 11405 11405 11405 11405 136
20190930 1511 11400 11400 11400 11400 140
20190930 1513 11395 11395 11395 11395 201
20190930 1516 11390 11390 11390 11390 45
20190930 1520 11385 11385 11385 11385 33
20190930 1530 11375 11375 11375 11375 420
