날짜 시간 시가 고가 저가 종가 거래량
20190801 904 10810 10810 10810 10810 6
20190801 906 10795 10795 10795 10795 92
20190801 912 10785 10785 10785 10785 117
20190801 915 10780 10780 10770 10770 11
20190801 918 10770 10770 10760 10760 8291
20190801 938 10765 10765 10765 10765 10
20190801 940 10760 10760 10760 10760 10
20190801 947 10765 10765 10765 10765 5
20190801 954 10765 10765 10765 10765 15
20190801 1001 10755 10755 10750 10750 8006
20190801 1002 10770 10770 10770 10770 1
20190801 1004 10770 10770 10770 10770 1
20190801 1018 10790 10790 10790 10790 7
20190801 1032 10790 10790 10790 10790 10
20190801 1101 10785 10785 10785 10785 1
20190801 1142 10765 10765 10760 10760 3
20190801 1147 10785 10785 10785 10785 1
20190801 1201 10790 10790 10790 10790 8
20190801 1209 10790 10790 10790 10790 20
20190801 1210 10790 10790 10790 10790 10
20190801 1234 10780 10780 10760 10760 3000
20190801 1251 10795 10795 10795 10795 1
20190801 1310 10795 10795 10795 10795 100
20190801 1327 10790 10790 10790 10790 10
20190801 1335 10785 10785 10785 10785 10
20190801 1441 10770 10770 10770 10770 1
20190801 1452 10775 10775 10775 10775 10
20190801 1454 10770 10770 10770 10770 9
20190801 1455 10770 10770 10770 10770 1
20190801 1459 10765 10765 10765 10765 102
20190801 1501 10760 10760 10760 10760 1
20190801 1530 10765 10765 10765 10765 8
20190802 901 10985 10985 10985 10985 2
20190802 906 10990 10990 10990 10990 158
20190802 910 11000 11000 11000 11000 1
20190802 915 11000 11000 11000 11000 131
20190802 936 11000 11000 11000 11000 20
20190802 937 11030 11030 11030 11030 207
20190802 945 11020 11020 11010 11010 51
20190802 946 11010 11010 11010 11010 9
20190802 1001 10995 10995 10995 10995 100
20190802 1009 10975 10975 10975 10975 10
20190802 1011 10975 10975 10975 10975 537
20190802 1012 10965 10965 10965 10965 20
20190802 1027 10960 10960 10960 10960 343
20190802 1030 10970 10970 10970 10970 10
20190802 1033 10955 10955 10955 10955 1
20190802 1041 10940 10940 10935 10935 1787
20190802 1047 10940 10940 10940 10940 1
20190802 1114 10935 10935 10935 10935 500
20190802 1117 10940 10940 10940 10940 344
20190802 1241 10940 10940 10940 10940 92
20190802 1251 10945 10945 10945 10945 10
20190802 1252 10945 10945 10945 10945 4
20190802 1353 10950 10955 10950 10955 558
20190802 1400 10955 10955 10955 10955 100
20190802 1401 10955 10955 10955 10955 100
20190802 1404 10955 10955 10955 10955 100
20190802 1405 10955 10955 10955 10955 112
20190802 1448 10955 10955 10955 10955 1
20190802 1502 10960 10960 10955 10955 14
20190802 1514 10945 10945 10945 10945 300
20190802 1516 10945 10945 10945 10945 90
20190802 1530 10945 10945 10945 10945 110
20190805 901 11005 11005 11005 11005 2
20190805 906 11035 11035 11035 11035 1
20190805 909 11035 11035 11035 11035 91
20190805 910 11035 11035 11035 11035 2700
20190805 911 11035 11035 11035 11035 1
20190805 912 11035 11035 11035 11035 60
20190805 918 11035 11035 11035 11035 148
20190805 920 11060 11060 11060 11060 1000
20190805 921 11060 11060 11060 11060 4
20190805 930 11060 11060 11060 11060 1
20190805 1004 11060 11060 11060 11060 6
20190805 1010 11070 11070 11070 11070 5
20190805 1016 11065 11065 11035 11035 79
20190805 1021 11075 11075 11075 11075 1
20190805 1029 11075 11075 11075 11075 25
20190805 1031 11080 11080 11075 11075 18
20190805 1032 11080 11080 11080 11080 1
20190805 1034 11085 11085 11085 11085 5
20190805 1042 11095 11095 11095 11095 1
20190805 1046 11115 11115 11115 11115 718
20190805 1048 11115 11115 11115 11115 30
20190805 1049 11110 11110 11110 11110 5
20190805 1050 11110 11110 11110 11110 1
20190805 1058 11110 11110 11110 11110 1
20190805 1102 11085 11085 11085 11085 220
20190805 1103 11115 11115 11115 11115 1
20190805 1105 11115 11115 11115 11115 180
20190805 1111 11100 11100 11100 11100 2
20190805 1126 11100 11100 11100 11100 3
20190805 1131 11085 11085 11085 11085 10
20190805 1132 11090 11090 11090 11090 50
20190805 1145 11095 11095 11095 11095 3
20190805 1146 11100 11100 11100 11100 18
20190805 1149 11110 11110 11110 11110 5
20190805 1155 11130 11130 11130 11130 26
20190805 1200 11125 11125 11125 11125 4
20190805 1203 11130 11130 11130 11130 10
20190805 1208 11150 11150 11150 11150 1
20190805 1216 11150 11150 11150 11150 1
20190805 1217 11145 11145 11145 11145 1
20190805 1218 11145 11145 11145 11145 1
20190805 1220 11145 11145 11145 11145 447
20190805 1221 11145 11145 11145 11145 1
20190805 1223 11145 11145 11145 11145 1
20190805 1226 11150 11150 11150 11150 1
20190805 1233 11145 11145 11145 11145 1
20190805 1236 11145 11145 11145 11145 1
20190805 1241 11150 11150 11150 11150 1
20190805 1244 11145 11145 11145 11145 26
20190805 1245 11145 11145 11145 11145 2
20190805 1246 11145 11145 11145 11145 986
20190805 1247 11145 11145 11145 11145 1
20190805 1252 11140 11140 11140 11140 1
20190805 1254 11140 11140 11140 11140 15
20190805 1257 11135 11135 11135 11135 1
20190805 1302 11135 11135 11135 11135 26
20190805 1304 11135 11135 11135 11135 40
20190805 1305 11135 11135 11130 11130 1010
20190805 1313 11120 11140 11120 11140 104
20190805 1317 11140 11140 11140 11140 100
20190805 1327 11140 11140 11140 11140 4
20190805 1336 11140 11140 11140 11140 44
20190805 1402 11140 11140 11140 11140 1
20190805 1418 11140 11140 11140 11140 1
20190805 1427 11145 11145 11145 11145 90
20190805 1433 11145 11145 11145 11145 5
20190805 1438 11145 11145 11145 11145 5
20190805 1443 11145 11145 11145 11145 9
20190805 1451 11140 11140 11140 11140 6
20190805 1453 11140 11140 11140 11140 300
20190805 1502 11145 11145 11145 11145 20
20190805 1503 11140 11140 11140 11140 16
20190805 1530 11180 11180 11180 11180 3129
20190806 901 11305 11305 11305 11305 245
20190806 902 11305 11305 11305 11305 2654
20190806 907 11305 11305 11300 11300 266
20190806 908 11305 11305 11305 11305 160
20190806 909 11305 11305 11305 11305 18
20190806 911 11300 11300 11300 11300 424
20190806 912 11295 11295 11295 11295 50
20190806 914 11295 11295 11295 11295 20
20190806 918 11295 11295 11295 11295 86
20190806 921 11295 11295 11295 11295 92
20190806 922 11295 11295 11295 11295 5
20190806 924 11290 11290 11290 11290 10
20190806 927 11285 11285 11285 11285 4
20190806 929 11295 11295 11295 11295 9
20190806 930 11290 11290 11290 11290 3
20190806 931 11285 11285 11285 11285 97
20190806 932 11280 11280 11270 11270 381
20190806 934 11260 11260 11250 11250 322
20190806 936 11250 11250 11250 11250 10
20190806 938 11250 11250 11250 11250 500
20190806 939 11250 11250 11250 11250 92
20190806 940 11275 11275 11275 11275 40
20190806 952 11270 11270 11270 11270 1
20190806 953 11270 11270 11270 11270 75
20190806 959 11265 11265 11265 11265 68
20190806 1001 11245 11245 11245 11245 4
20190806 1003 11245 11245 11245 11245 25
20190806 1004 11235 11235 11235 11235 90
20190806 1012 11235 11235 11235 11235 1
20190806 1016 11220 11220 11220 11220 27
20190806 1018 11210 11210 11210 11210 181
20190806 1019 11210 11210 11210 11210 7
20190806 1021 11200 11200 11200 11200 4
20190806 1023 11205 11205 11205 11205 10
20190806 1028 11195 11195 11185 11185 24000
20190806 1033 11200 11200 11200 11200 16
20190806 1039 11180 11180 11180 11180 7
20190806 1058 11190 11195 11190 11195 16
20190806 1059 11195 11195 11195 11195 10
20190806 1104 11195 11195 11195 11195 1
20190806 1106 11195 11195 11195 11195 599
20190806 1124 11215 11215 11215 11215 10
20190806 1126 11210 11210 11210 11210 14
20190806 1157 11225 11225 11225 11225 100
20190806 1202 11215 11215 11215 11215 4
20190806 1211 11215 11215 11215 11215 2592
20190806 1213 11215 11215 11210 11210 26000
20190806 1219 11210 11210 11210 11210 100
20190806 1235 11220 11220 11220 11220 319
20190806 1247 11220 11220 11220 11220 9
20190806 1251 11215 11215 11215 11215 100
20190806 1252 11210 11210 11210 11210 11
20190806 1253 11205 11205 11205 11205 102
20190806 1258 11195 11195 11195 11195 487
20190806 1301 11180 11180 11180 11180 4
20190806 1308 11160 11160 11160 11160 4
20190806 1317 11160 11160 11160 11160 106
20190806 1353 11185 11185 11185 11185 10
20190806 1416 11185 11185 11185 11185 200
20190806 1417 11200 11200 11200 11200 4
20190806 1419 11200 11200 11200 11200 50
20190806 1448 11185 11185 11185 11185 5
20190806 1454 11185 11185 11185 11185 126
20190807 901 11285 11285 11285 11285 1
20190807 908 11300 11300 11300 11300 50
20190807 909 11310 11310 11310 11310 10
20190807 930 11310 11310 11310 11310 238
20190807 937 11325 11325 11325 11325 5
20190807 938 11305 11305 11305 11305 5
20190807 953 11310 11310 11310 11310 9
20190807 1001 11310 11310 11290 11290 24055
20190807 1015 11290 11290 11290 11290 2
20190807 1026 11330 11330 11330 11330 30
20190807 1034 11335 11335 11335 11335 1
20190807 1038 11355 11355 11355 11355 1
20190807 1040 11365 11365 11365 11365 8000
20190807 1041 11370 11370 11370 11370 1
20190807 1046 11415 11415 11415 11415 100
20190807 1047 11405 11405 11405 11405 10
20190807 1051 11405 11405 11405 11405 1
20190807 1054 11395 11395 11380 11380 20
20190807 1055 11375 11375 11375 11375 1
20190807 1100 11375 11375 11375 11375 11
20190807 1104 11375 11375 11375 11375 5
20190807 1112 11390 11390 11390 11390 11
20190807 1113 11390 11390 11390 11390 10
20190807 1119 11385 11390 11385 11390 50
20190807 1121 11385 11385 11385 11385 4
20190807 1134 11380 11380 11380 11380 180
20190807 1137 11380 11380 11380 11380 8
20190807 1150 11375 11375 11375 11375 1
20190807 1153 11375 11375 11375 11375 1
20190807 1157 11375 11375 11375 11375 1
20190807 1219 11390 11400 11390 11400 13
20190807 1221 11400 11400 11400 11400 10
20190807 1223 11390 11390 11390 11390 2
20190807 1244 11390 11390 11390 11390 11
20190807 1257 11385 11385 11385 11385 6
20190807 1314 11385 11385 11380 11380 9
20190807 1317 11380 11380 11380 11380 87
20190807 1319 11375 11375 11375 11375 676
20190807 1323 11370 11370 11370 11370 10
20190807 1328 11370 11370 11370 11370 1
20190807 1331 11365 11365 11365 11365 10
20190807 1345 11380 11380 11380 11380 10
20190807 1346 11380 11380 11380 11380 5
20190807 1416 11375 11375 11375 11375 1
20190807 1437 11365 11365 11365 11365 5
20190807 1439 11365 11365 11365 11365 1
20190807 1440 11365 11365 11365 11365 4
20190807 1441 11360 11360 11360 11360 137
20190807 1512 11360 11360 11360 11360 203
20190807 1519 11390 11390 11390 11390 90
20190807 1530 11390 11390 11390 11390 15
20190808 901 11470 11470 11470 11470 26
20190808 908 11480 11480 11480 11480 39
20190808 910 11505 11505 11505 11505 50
20190808 916 11505 11505 11505 11505 10
20190808 928 11520 11520 11520 11520 50
20190808 934 11520 11525 11520 11525 30
20190808 935 11520 11520 11520 11520 10
20190808 936 11515 11515 11515 11515 1
20190808 939 11515 11515 11515 11515 5
20190808 940 11515 11515 11510 11510 29
20190808 941 11510 11510 11510 11510 65
20190808 943 11510 11510 11510 11510 100
20190808 945 11505 11505 11505 11505 321
20190808 947 11500 11500 11500 11500 1
20190808 954 11500 11500 11500 11500 14
20190808 1009 11500 11500 11500 11500 30
20190808 1011 11490 11490 11490 11490 100
20190808 1013 11485 11485 11485 11485 35
20190808 1014 11485 11485 11485 11485 4
20190808 1016 11495 11495 11480 11480 8002
20190808 1020 11480 11480 11480 11480 5
20190808 1023 11480 11480 11470 11470 4132
20190808 1030 11465 11465 11465 11465 100
20190808 1032 11450 11450 11450 11450 1759
20190808 1042 11445 11445 11445 11445 925
20190808 1044 11445 11445 11445 11445 100
20190808 1046 11445 11445 11445 11445 10
20190808 1047 11445 11445 11445 11445 30
20190808 1049 11445 11445 11445 11445 278
20190808 1058 11445 11445 11445 11445 100
20190808 1108 11440 11440 11440 11440 452
20190808 1109 11460 11460 11460 11460 13
20190808 1110 11460 11460 11460 11460 5
20190808 1111 11460 11465 11460 11465 11
20190808 1112 11460 11460 11460 11460 22
20190808 1120 11445 11445 11445 11445 30
20190808 1127 11470 11470 11470 11470 150
20190808 1128 11470 11470 11470 11470 110
20190808 1129 11470 11470 11470 11470 10
20190808 1130 11465 11465 11465 11465 5
20190808 1148 11470 11470 11470 11470 1
20190808 1151 11505 11505 11505 11505 1
20190808 1156 11495 11495 11495 11495 3
20190808 1200 11495 11495 11495 11495 100
20190808 1223 11495 11495 11495 11495 39
20190808 1233 11490 11490 11490 11490 22
20190808 1243 11485 11485 11485 11485 38
20190808 1248 11480 11480 11480 11480 3
20190808 1252 11480 11480 11480 11480 3
20190808 1254 11470 11470 11470 11470 3
20190808 1255 11480 11480 11480 11480 5
20190808 1258 11475 11475 11475 11475 20
20190808 1312 11480 11485 11480 11485 2
20190808 1320 11490 11490 11490 11490 2
20190808 1326 11490 11490 11490 11490 20
20190808 1327 11490 11490 11490 11490 5
20190808 1328 11495 11495 11495 11495 7
20190808 1332 11490 11490 11490 11490 888
20190808 1335 11485 11485 11485 11485 20
20190808 1419 11490 11490 11490 11490 19
20190808 1420 11490 11490 11490 11490 59
20190808 1437 11480 11480 11475 11475 18
20190808 1440 11475 11475 11475 11475 14
20190808 1445 11475 11475 11475 11475 70
20190808 1451 11480 11480 11475 11475 83
20190808 1452 11485 11485 11485 11485 87
20190808 1500 11475 11475 11475 11475 13
20190808 1506 11485 11490 11485 11490 8
20190808 1507 11490 11490 11490 11490 1
20190808 1510 11490 11490 11490 11490 11
20190808 1511 11490 11490 11490 11490 11
20190808 1517 11500 11500 11500 11500 6500
20190808 1530 11485 11485 11485 11485 1869
20190809 901 11530 11530 11530 11530 12
20190809 902 11490 11490 11490 11490 6
20190809 906 11490 11490 11490 11490 1
20190809 915 11500 11500 11500 11500 40
20190809 922 11500 11510 11500 11510 200
20190809 923 11510 11510 11510 11510 500
20190809 925 11510 11510 11510 11510 1
20190809 931 11510 11510 11510 11510 69
20190809 950 11520 11520 11520 11520 1
20190809 952 11515 11515 11510 11510 2528
20190809 954 11510 11510 11500 11500 18
20190809 1000 11500 11500 11500 11500 9
20190809 1001 11490 11490 11470 11470 351
20190809 1003 11470 11470 11470 11470 19
20190809 1005 11475 11475 11475 11475 18
20190809 1013 11475 11475 11475 11475 1
20190809 1023 11485 11485 11485 11485 500
20190809 1026 11510 11510 11510 11510 100
20190809 1029 11505 11505 11505 11505 100
20190809 1032 11500 11500 11500 11500 100
20190809 1035 11500 11500 11500 11500 100
20190809 1038 11505 11505 11505 11505 100
20190809 1041 11500 11500 11500 11500 100
20190809 1044 11505 11505 11505 11505 100
20190809 1047 11505 11505 11505 11505 100
20190809 1049 11510 11510 11510 11510 100
20190809 1052 11505 11505 11505 11505 100
20190809 1055 11505 11505 11505 11505 100
20190809 1058 11510 11510 11510 11510 100
20190809 1059 11505 11505 11505 11505 150
20190809 1101 11515 11515 11515 11515 100
20190809 1102 11510 11510 11510 11510 20
20190809 1104 11515 11515 11515 11515 100
20190809 1107 11510 11510 11510 11510 100
20190809 1110 11505 11505 11505 11505 100
20190809 1113 11510 11510 11510 11510 100
20190809 1116 11510 11510 11510 11510 100
20190809 1119 11510 11510 11510 11510 1
20190809 1120 11510 11515 11510 11515 8
20190809 1122 11515 11515 11510 11510 192
20190809 1124 11510 11510 11510 11510 100
20190809 1127 11510 11510 11510 11510 100
20190809 1130 11510 11510 11510 11510 100
20190809 1133 11505 11505 11505 11505 100
20190809 1136 11510 11510 11510 11510 100
20190809 1138 11505 11505 11505 11505 100
20190809 1139 11505 11505 11505 11505 100
20190809 1142 11510 11510 11510 11510 100
20190809 1145 11515 11515 11515 11515 100
20190809 1148 11515 11515 11515 11515 100
20190809 1151 11515 11515 11515 11515 100
20190809 1153 11515 11515 11515 11515 49
20190809 1154 11515 11515 11515 11515 100
20190809 1157 11515 11515 11515 11515 100
20190809 1159 11505 11515 11505 11515 200
20190809 1202 11515 11515 11515 11515 100
20190809 1204 11505 11505 11505 11505 46
20190809 1205 11520 11520 11520 11520 17
20190809 1208 11530 11530 11530 11530 100
20190809 1211 11530 11530 11530 11530 100
20190809 1214 11535 11535 11535 11535 100
20190809 1217 11520 11530 11520 11530 300
20190809 1218 11530 11530 11530 11530 150
20190809 1219 11525 11525 11525 11525 30
20190809 1220 11525 11525 11525 11525 100
20190809 1222 11530 11530 11530 11530 10
20190809 1223 11530 11530 11530 11530 105
20190809 1224 11530 11530 11530 11530 5
20190809 1226 11530 11530 11530 11530 100
20190809 1228 11520 11520 11520 11520 27
20190809 1229 11530 11530 11530 11530 100
20190809 1232 11530 11530 11530 11530 100
20190809 1234 11535 11535 11535 11535 100
20190809 1237 11535 11535 11535 11535 100
20190809 1240 11535 11535 11535 11535 100
20190809 1243 11535 11535 11535 11535 100
20190809 1244 11530 11530 11530 11530 100
20190809 1245 11530 11530 11530 11530 9
20190809 1246 11530 11530 11530 11530 100
20190809 1247 11530 11530 11530 11530 1
20190809 1249 11530 11530 11530 11530 100
20190809 1252 11530 11530 11530 11530 100
20190809 1255 11530 11530 11530 11530 100
20190809 1258 11530 11530 11530 11530 100
20190809 1301 11530 11530 11530 11530 100
20190809 1304 11530 11530 11530 11530 100
20190809 1307 11530 11530 11530 11530 100
20190809 1309 11525 11530 11525 11530 101
20190809 1312 11530 11530 11530 11530 100
20190809 1315 11530 11530 11530 11530 100
20190809 1316 11530 11530 11530 11530 1
20190809 1318 11535 11535 11535 11535 100
20190809 1319 11530 11530 11530 11530 220
20190809 1321 11535 11535 11535 11535 100
20190809 1324 11530 11530 11530 11530 100
20190809 1327 11530 11530 11530 11530 100
20190809 1330 11530 11530 11530 11530 187
20190809 1333 11530 11530 11530 11530 100
20190809 1336 11525 11525 11525 11525 100
20190809 1339 11525 11525 11525 11525 100
20190809 1342 11525 11525 11525 11525 100
20190809 1344 11525 11525 11525 11525 100
20190809 1347 11530 11530 11530 11530 102
20190809 1350 11530 11530 11530 11530 101
20190809 1352 11525 11525 11525 11525 1
20190809 1353 11525 11525 11525 11525 100
20190809 1356 11525 11525 11525 11525 100
20190809 1359 11525 11525 11525 11525 100
20190809 1402 11530 11530 11530 11530 100
20190809 1405 11530 11530 11530 11530 100
20190809 1407 11530 11530 11530 11530 3
20190809 1408 11530 11530 11530 11530 100
20190809 1409 11525 11525 11525 11525 3
20190809 1411 11525 11525 11520 11520 384
20190809 1414 11520 11520 11520 11520 100
20190809 1417 11525 11525 11525 11525 100
20190809 1419 11520 11520 11520 11520 1100
20190809 1422 11525 11525 11525 11525 165
20190809 1425 11530 11530 11530 11530 110
20190809 1426 11530 11530 11530 11530 24
20190809 1427 11525 11525 11525 11525 20
20190809 1428 11530 11530 11530 11530 139
20190809 1431 11525 11525 11525 11525 100
20190809 1432 11520 11520 11520 11520 1
20190809 1434 11520 11520 11520 11520 274
20190809 1437 11520 11520 11520 11520 100
20190809 1440 11530 11530 11525 11525 400
20190809 1443 11525 11525 11525 11525 100
20190809 1445 11530 11530 11530 11530 17
20190809 1446 11530 11530 11530 11530 100
20190809 1449 11535 11535 11535 11535 100
20190809 1452 11540 11540 11540 11540 100
20190809 1454 11540 11540 11540 11540 100
20190809 1457 11535 11535 11535 11535 100
20190809 1500 11540 11540 11540 11540 100
20190809 1503 11545 11545 11545 11545 100
20190809 1506 11540 11540 11530 11530 151
20190809 1509 11540 11540 11540 11540 100
20190809 1512 11540 11540 11540 11540 100
20190809 1513 11530 11530 11530 11530 531
20190809 1516 11525 11530 11525 11530 100
20190809 1518 11525 11525 11525 11525 100
20190809 1530 11505 11505 11505 11505 1949
20190812 901 11505 11505 11505 11505 5
20190812 903 11500 11500 11500 11500 25
20190812 909 11485 11485 11485 11485 15
20190812 910 11480 11480 11480 11480 25
20190812 912 11480 11480 11480 11480 5
20190812 913 11465 11465 11465 11465 26
20190812 916 11460 11460 11460 11460 870
20190812 918 11465 11465 11465 11465 10
20190812 920 11460 11460 11460 11460 90
20190812 921 11465 11465 11465 11465 10
20190812 924 11460 11460 11460 11460 20
20190812 925 11460 11460 11460 11460 20
20190812 931 11465 11465 11465 11465 1
20190812 933 11465 11465 11465 11465 13
20190812 947 11465 11465 11465 11465 4
20190812 951 11465 11465 11465 11465 2
20190812 952 11465 11465 11465 11465 7
20190812 953 11465 11465 11465 11465 10
20190812 954 11465 11465 11465 11465 61
20190812 958 11465 11465 11465 11465 1
20190812 1002 11460 11460 11455 11455 47
20190812 1026 11455 11455 11455 11455 162
20190812 1044 11450 11450 11450 11450 16
20190812 1047 11450 11450 11450 11450 2
20190812 1048 11455 11455 11455 11455 2
20190812 1115 11445 11445 11445 11445 28
20190812 1116 11440 11440 11440 11440 1652
20190812 1200 11445 11445 11445 11445 1
20190812 1208 11445 11445 11445 11445 10
20190812 1226 11455 11455 11455 11455 9
20190812 1233 11450 11450 11445 11445 23
20190812 1251 11450 11450 11450 11450 24
20190812 1256 11455 11455 11455 11455 5
20190812 1314 11460 11460 11460 11460 1
20190812 1317 11460 11460 11460 11460 50
20190812 1332 11460 11460 11460 11460 10
20190812 1346 11460 11460 11460 11460 1
20190812 1353 11460 11460 11460 11460 10
20190812 1359 11465 11465 11465 11465 21
20190812 1407 11460 11460 11460 11460 236
20190812 1413 11460 11460 11460 11460 80
20190812 1423 11455 11455 11455 11455 10
20190812 1425 11450 11450 11450 11450 90
20190812 1434 11460 11460 11460 11460 1
20190812 1436 11455 11455 11455 11455 1
20190812 1437 11455 11455 11455 11455 20
20190812 1457 11455 11455 11450 11450 916
20190812 1504 11450 11450 11450 11450 50
20190812 1505 11445 11445 11445 11445 16
20190812 1510 11445 11445 11445 11445 1
20190812 1511 11445 11445 11445 11445 5
20190812 1530 11445 11445 11445 11445 467
20190813 901 11545 11545 11545 11545 718
20190813 902 11580 11580 11580 11580 100
20190813 903 11580 11580 11580 11580 3
20190813 908 11580 11580 11580 11580 10
20190813 913 11575 11575 11575 11575 20
20190813 914 11570 11570 11570 11570 10
20190813 921 11570 11570 11570 11570 34
20190813 937 11570 11570 11570 11570 1784
20190813 940 11570 11570 11570 11570 32
20190813 943 11570 11570 11570 11570 3
20190813 947 11570 11570 11570 11570 5
20190813 955 11570 11570 11570 11570 1796
20190813 1000 11570 11570 11570 11570 10
20190813 1003 11570 11570 11570 11570 20
20190813 1009 11575 11575 11575 11575 6
20190813 1025 11600 11600 11600 11600 30
20190813 1029 11600 11600 11600 11600 19
20190813 1034 11615 11615 11615 11615 10
20190813 1042 11600 11600 11590 11590 25
20190813 1059 11625 11625 11625 11625 1
20190813 1103 11620 11620 11620 11620 1
20190813 1104 11620 11620 11620 11620 1
20190813 1106 11615 11615 11610 11610 2
20190813 1113 11610 11610 11610 11610 4
20190813 1114 11610 11610 11610 11610 10
20190813 1134 11605 11605 11605 11605 1
20190813 1135 11600 11600 11600 11600 54
20190813 1143 11610 11610 11610 11610 10
20190813 1146 11600 11600 11600 11600 10
20190813 1148 11595 11595 11595 11595 1
20190813 1149 11595 11595 11595 11595 80
20190813 1151 11595 11595 11595 11595 6
20190813 1202 11595 11595 11595 11595 5
20190813 1212 11595 11595 11595 11595 27
20190813 1242 11595 11595 11595 11595 10
20190813 1243 11595 11595 11595 11595 1
20190813 1249 11595 11595 11595 11595 2
20190813 1254 11595 11595 11595 11595 20
20190813 1259 11595 11595 11595 11595 9
20190813 1317 11595 11595 11595 11595 4
20190813 1318 11595 11595 11595 11595 5
20190813 1327 11595 11595 11595 11595 3
20190813 1332 11595 11595 11595 11595 100
20190813 1335 11590 11590 11590 11590 24
20190813 1414 11590 11590 11590 11590 8
20190813 1419 11595 11595 11595 11595 12
20190813 1432 11595 11595 11595 11595 2
20190813 1435 11610 11610 11610 11610 1
20190813 1439 11610 11610 11610 11610 18
20190813 1440 11610 11610 11610 11610 4
20190813 1442 11610 11610 11610 11610 150
20190813 1444 11610 11635 11610 11635 40
20190813 1446 11635 11635 11635 11635 5
20190813 1454 11640 11640 11640 11640 1
20190813 1506 11635 11635 11635 11635 83
20190813 1514 11635 11635 11635 11635 11
20190813 1515 11635 11635 11635 11635 1
20190813 1517 11635 11635 11635 11635 4
20190813 1518 11635 11640 11635 11640 39
20190813 1530 11640 11640 11640 11640 140
20190814 901 11500 11500 11500 11500 47
20190814 903 11500 11500 11500 11500 1
20190814 905 11495 11495 11495 11495 2
20190814 908 11500 11500 11470 11495 241
20190814 911 11495 11495 11495 11495 50
20190814 912 11495 11495 11495 11495 87
20190814 913 11490 11490 11490 11490 16
20190814 917 11490 11490 11490 11490 30
20190814 918 11490 11490 11490 11490 10
20190814 922 11490 11490 11490 11490 10
20190814 923 11490 11490 11490 11490 16
20190814 924 11490 11490 11490 11490 42
20190814 925 11490 11490 11490 11490 100
20190814 927 11490 11490 11490 11490 10
20190814 928 11490 11490 11490 11490 1
20190814 929 11490 11490 11490 11490 53
20190814 934 11490 11490 11490 11490 450
20190814 943 11490 11490 11490 11490 22
20190814 946 11500 11500 11500 11500 10
20190814 949 11500 11500 11500 11500 10
20190814 956 11500 11500 11500 11500 52
20190814 958 11500 11500 11500 11500 5
20190814 959 11500 11500 11500 11500 100
20190814 1002 11500 11500 11500 11500 5
20190814 1006 11490 11490 11490 11490 318
20190814 1007 11485 11485 11485 11485 120
20190814 1009 11490 11490 11485 11485 2
20190814 1016 11480 11480 11460 11460 859
20190814 1021 11460 11460 11460 11460 27
20190814 1022 11460 11460 11445 11445 31
20190814 1024 11445 11445 11435 11435 29
20190814 1027 11440 11440 11440 11440 200
20190814 1034 11450 11450 11450 11450 306
20190814 1036 11430 11430 11420 11420 20
20190814 1041 11440 11450 11440 11450 10001
20190814 1042 11450 11450 11450 11450 1
20190814 1055 11425 11425 11425 11425 12
20190814 1059 11425 11425 11425 11425 20
20190814 1102 11450 11460 11450 11460 10
20190814 1123 11460 11460 11460 11460 7
20190814 1124 11460 11460 11460 11460 1
20190814 1126 11460 11460 11460 11460 360
20190814 1131 11460 11460 11460 11460 213
20190814 1139 11470 11470 11465 11465 1784
20190814 1153 11500 11500 11495 11495 10
20190814 1154 11495 11495 11495 11495 1
20190814 1207 11475 11475 11470 11470 127
20190814 1215 11470 11470 11470 11470 171
20190814 1258 11505 11505 11505 11505 8
20190814 1300 11500 11500 11500 11500 10
20190814 1306 11500 11500 11500 11500 87
20190814 1307 11500 11500 11495 11495 2
20190814 1316 11490 11490 11490 11490 9
20190814 1320 11485 11485 11485 11485 1300
20190814 1321 11480 11480 11480 11480 4
20190814 1323 11480 11480 11480 11480 2
20190814 1324 11475 11475 11475 11475 27
20190814 1327 11475 11475 11475 11475 27
20190814 1332 11485 11485 11485 11485 3
20190814 1333 11485 11485 11485 11485 2
20190814 1340 11485 11485 11485 11485 94
20190814 1348 11485 11485 11485 11485 43
20190814 1349 11480 11480 11480 11480 48
20190814 1350 11470 11470 11465 11465 433
20190814 1351 11460 11460 11460 11460 26
20190814 1353 11460 11460 11460 11460 23
20190814 1357 11460 11460 11460 11460 100
20190814 1359 11455 11455 11450 11450 43
20190814 1400 11460 11460 11460 11460 100
20190814 1401 11460 11460 11460 11460 10
20190814 1406 11460 11460 11460 11460 290
20190814 1413 11470 11470 11470 11470 2
20190814 1417 11470 11470 11470 11470 1
20190814 1422 11475 11475 11475 11475 130
20190814 1423 11480 11480 11480 11480 6
20190814 1437 11485 11485 11485 11485 20
20190814 1442 11480 11480 11480 11480 9
20190814 1459 11485 11485 11485 11485 20
20190814 1501 11485 11485 11485 11485 8
20190814 1508 11495 11495 11495 11495 50
20190814 1509 11495 11495 11495 11495 10
20190814 1530 11470 11470 11470 11470 705
20190816 901 11690 11690 11690 11690 111
20190816 902 11690 11690 11690 11690 4
20190816 904 11685 11685 11685 11685 3
20190816 905 11685 11685 11685 11685 10
20190816 906 11685 11685 11685 11685 40
20190816 908 11675 11675 11675 11675 1
20190816 911 11675 11675 11675 11675 100
20190816 914 11685 11685 11685 11685 51
20190816 915 11685 11685 11680 11680 51
20190816 916 11685 11685 11685 11685 36
20190816 918 11685 11685 11685 11685 256
20190816 921 11685 11685 11685 11685 460
20190816 922 11685 11685 11685 11685 85
20190816 924 11685 11685 11685 11685 10
20190816 925 11685 11685 11685 11685 1000
20190816 927 11675 11675 11670 11670 190
20190816 929 11685 11685 11685 11685 100
20190816 930 11690 11690 11690 11690 50
20190816 932 11690 11690 11690 11690 30
20190816 933 11690 11690 11690 11690 10
20190816 935 11690 11690 11690 11690 5
20190816 940 11690 11690 11690 11690 39
20190816 945 11690 11690 11690 11690 70
20190816 948 11685 11685 11685 11685 6
20190816 952 11685 11685 11685 11685 1
20190816 954 11680 11680 11680 11680 101
20190816 1002 11670 11670 11665 11665 198
20190816 1003 11660 11660 11660 11660 100
20190816 1004 11660 11660 11660 11660 11
20190816 1005 11680 11680 11680 11680 3
20190816 1013 11675 11675 11675 11675 10
20190816 1021 11665 11665 11665 11665 256
20190816 1027 11665 11665 11665 11665 8
20190816 1031 11670 11670 11670 11670 8
20190816 1033 11670 11670 11665 11665 9
20190816 1035 11660 11660 11660 11660 104
20190816 1041 11655 11655 11655 11655 212
20190816 1054 11660 11660 11660 11660 10
20190816 1100 11655 11655 11650 11650 263
20190816 1101 11650 11650 11650 11650 103
20190816 1103 11635 11635 11635 11635 4
20190816 1107 11635 11635 11635 11635 400
20190816 1108 11660 11660 11660 11660 335
20190816 1114 11655 11655 11655 11655 3
20190816 1117 11655 11655 11655 11655 24
20190816 1121 11655 11655 11655 11655 85
20190816 1125 11650 11650 11650 11650 2
20190816 1130 11650 11650 11650 11650 257
20190816 1134 11655 11655 11655 11655 14
20190816 1139 11645 11645 11645 11645 9
20190816 1142 11645 11645 11645 11645 1
20190816 1144 11635 11635 11625 11625 25
20190816 1146 11625 11625 11625 11625 1
20190816 1155 11620 11620 11620 11620 87
20190816 1156 11615 11615 11615 11615 259
20190816 1209 11615 11615 11605 11605 11
20190816 1215 11635 11635 11635 11635 82
20190816 1218 11635 11635 11635 11635 15
20190816 1220 11635 11635 11635 11635 1
20190816 1225 11635 11635 11635 11635 1
20190816 1232 11635 11635 11635 11635 430
20190816 1249 11635 11635 11635 11635 41
20190816 1259 11635 11645 11635 11645 169
20190816 1300 11630 11630 11630 11630 12
20190816 1312 11640 11645 11640 11645 3430
20190816 1314 11645 11645 11645 11645 9
20190816 1346 11650 11650 11650 11650 10
20190816 1349 11650 11650 11650 11650 27
20190816 1350 11650 11650 11650 11650 1
20190816 1354 11640 11640 11640 11640 400
20190816 1357 11645 11645 11645 11645 10
20190816 1408 11645 11645 11645 11645 2
20190816 1411 11645 11645 11645 11645 34
20190816 1416 11645 11645 11645 11645 12
20190816 1419 11645 11645 11645 11645 76
20190816 1423 11640 11640 11640 11640 393
20190816 1427 11630 11630 11630 11630 143
20190816 1430 11630 11630 11630 11630 130
20190816 1435 11625 11625 11625 11625 588
20190816 1436 11620 11620 11620 11620 500
20190816 1505 11635 11635 11635 11635 100
20190816 1513 11625 11625 11625 11625 702
20190816 1514 11620 11620 11620 11620 196
20190816 1515 11625 11625 11625 11625 157
20190816 1516 11625 11625 11620 11620 3
20190816 1518 11615 11615 11615 11615 21
20190816 1519 11610 11610 11610 11610 2
20190816 1520 11605 11605 11605 11605 800
20190816 1530 11600 11600 11600 11600 172
20190819 901 11565 11565 11565 11565 21
20190819 904 11560 11560 11560 11560 2
20190819 905 11560 11560 11560 11560 50
20190819 908 11555 11555 11555 11555 24
20190819 911 11555 11555 11555 11555 100
20190819 916 11560 11560 11560 11560 1
20190819 918 11560 11560 11555 11555 58
20190819 921 11555 11555 11555 11555 3
20190819 927 11550 11550 11550 11550 1
20190819 932 11550 11550 11550 11550 2
20190819 935 11545 11545 11545 11545 29
20190819 937 11545 11545 11545 11545 68
20190819 942 11545 11545 11545 11545 38
20190819 948 11545 11545 11545 11545 179
20190819 1001 11545 11545 11545 11545 68
20190819 1002 11550 11550 11545 11545 110
20190819 1004 11545 11545 11545 11545 13
20190819 1005 11545 11545 11545 11545 100
20190819 1006 11540 11540 11540 11540 104
20190819 1009 11535 11535 11535 11535 87
20190819 1010 11535 11535 11535 11535 150
20190819 1012 11535 11535 11535 11535 100
20190819 1014 11540 11540 11540 11540 1
20190819 1015 11540 11540 11540 11540 5
20190819 1016 11540 11540 11535 11535 202
20190819 1017 11535 11535 11535 11535 115
20190819 1018 11535 11535 11535 11535 65
20190819 1019 11535 11535 11535 11535 100
20190819 1022 11535 11535 11530 11530 27
20190819 1023 11540 11540 11540 11540 5
20190819 1025 11535 11535 11535 11535 30
20190819 1029 11530 11530 11530 11530 80
20190819 1032 11530 11530 11530 11530 67
20190819 1033 11530 11530 11530 11530 83
20190819 1040 11530 11530 11530 11530 10
20190819 1042 11540 11540 11540 11540 45
20190819 1043 11540 11540 11540 11540 6
20190819 1059 11540 11540 11540 11540 149
20190819 1101 11550 11550 11550 11550 9
20190819 1104 11555 11555 11555 11555 126
20190819 1106 11555 11555 11555 11555 573
20190819 1107 11560 11560 11560 11560 1
20190819 1110 11580 11580 11580 11580 3
20190819 1112 11575 11575 11575 11575 100
20190819 1121 11570 11570 11570 11570 30
20190819 1126 11560 11560 11560 11560 1
20190819 1136 11570 11570 11570 11570 100
20190819 1141 11560 11560 11560 11560 765
20190819 1151 11560 11560 11560 11560 129
20190819 1158 11560 11560 11560 11560 100
20190819 1210 11560 11560 11560 11560 172
20190819 1241 11555 11555 11555 11555 1
20190819 1247 11555 11555 11555 11555 100
20190819 1311 11560 11560 11560 11560 259
20190819 1318 11565 11565 11565 11565 10
20190819 1320 11560 11560 11560 11560 16
20190819 1321 11565 11565 11565 11565 155
20190819 1322 11560 11560 11560 11560 4
20190819 1323 11560 11560 11560 11560 9
20190819 1324 11560 11560 11560 11560 11
20190819 1345 11560 11560 11560 11560 180
20190819 1346 11555 11555 11555 11555 10
20190819 1347 11555 11555 11555 11555 10
20190819 1404 11555 11555 11555 11555 52
20190819 1431 11555 11555 11555 11555 31
20190819 1432 11550 11550 11550 11550 25
20190819 1433 11545 11545 11545 11545 3
20190819 1440 11545 11545 11545 11545 10
20190819 1441 11540 11540 11540 11540 1
20190819 1449 11545 11545 11545 11545 1
20190819 1451 11540 11540 11540 11540 105
20190819 1453 11535 11535 11530 11530 81
20190819 1454 11530 11530 11530 11530 10
20190819 1505 11550 11550 11550 11550 9
20190819 1510 11550 11550 11550 11550 1
20190819 1530 11555 11555 11555 11555 3
20190820 902 11490 11490 11490 11490 8
20190820 904 11465 11465 11465 11465 100
20190820 906 11450 11450 11445 11445 100
20190820 907 11445 11445 11445 11445 10
20190820 908 11445 11445 11445 11445 34
20190820 909 11440 11440 11440 11440 40
20190820 915 11455 11455 11455 11455 15
20190820 917 11440 11440 11440 11440 12
20190820 918 11440 11440 11435 11435 100
20190820 921 11460 11460 11460 11460 43
20190820 925 11455 11455 11455 11455 100
20190820 928 11455 11460 11455 11460 133
20190820 931 11460 11460 11460 11460 87
20190820 932 11460 11460 11460 11460 100
20190820 935 11455 11455 11455 11455 110
20190820 939 11455 11455 11455 11455 100
20190820 942 11460 11460 11460 11460 100
20190820 946 11465 11465 11465 11465 100
20190820 947 11465 11465 11465 11465 4
20190820 948 11460 11460 11460 11460 24
20190820 949 11460 11465 11460 11465 100
20190820 953 11470 11470 11470 11470 100
20190820 954 11470 11470 11470 11470 100
20190820 956 11475 11475 11475 11475 100
20190820 1000 11470 11470 11450 11450 101
20190820 1004 11475 11480 11475 11480 100
20190820 1007 11485 11485 11485 11485 100
20190820 1011 11485 11485 11485 11485 100
20190820 1014 11480 11480 11480 11480 100
20190820 1015 11480 11480 11480 11480 1
20190820 1018 11490 11490 11490 11490 100
20190820 1021 11480 11480 11480 11480 100
20190820 1025 11480 11480 11460 11460 306
20190820 1028 11460 11480 11460 11460 3232
20190820 1029 11460 11460 11460 11460 3956
20190820 1030 11460 11460 11460 11460 39
20190820 1032 11480 11480 11480 11480 100
20190820 1035 11475 11475 11475 11475 100
20190820 1036 11455 11455 11450 11450 3219
20190820 1039 11455 11475 11455 11475 205
20190820 1040 11455 11455 11455 11455 200
20190820 1041 11470 11470 11470 11470 152
20190820 1042 11450 11470 11450 11470 488
20190820 1046 11450 11470 11450 11470 452
20190820 1047 11470 11470 11470 11470 36
20190820 1049 11470 11470 11470 11470 150
20190820 1053 11475 11475 11475 11475 100
20190820 1057 11475 11475 11475 11475 100
20190820 1100 11470 11470 11470 11470 100
20190820 1104 11465 11465 11465 11465 100
20190820 1107 11460 11460 11460 11460 100
20190820 1111 11460 11460 11460 11460 100
20190820 1114 11465 11465 11465 11465 217
20190820 1118 11460 11460 11460 11460 100
20190820 1119 11460 11460 11460 11460 20
20190820 1121 11465 11465 11465 11465 100
20190820 1123 11465 11465 11465 11465 5
20190820 1125 11465 11465 11465 11465 100
20190820 1127 11460 11460 11460 11460 20
20190820 1128 11465 11465 11465 11465 100
20190820 1132 11465 11465 11465 11465 100
20190820 1135 11460 11460 11460 11460 100
20190820 1139 11460 11460 11460 11460 100
20190820 1142 11460 11460 11460 11460 100
20190820 1143 11460 11460 11460 11460 20
20190820 1145 11455 11455 11455 11455 1
20190820 1146 11460 11460 11460 11460 100
20190820 1150 11460 11460 11460 11460 100
20190820 1153 11460 11460 11460 11460 100
20190820 1157 11465 11465 11465 11465 106
20190820 1200 11465 11465 11465 11465 100
20190820 1204 11460 11460 11460 11460 100
20190820 1207 11460 11460 11460 11460 100
20190820 1209 11460 11460 11460 11460 13
20190820 1211 11460 11460 11460 11460 100
20190820 1212 11455 11455 11455 11455 214
20190820 1214 11460 11460 11460 11460 100
20190820 1218 11460 11460 11460 11460 100
20190820 1221 11465 11465 11465 11465 100
20190820 1225 11465 11465 11465 11465 100
20190820 1226 11465 11465 11465 11465 1
20190820 1228 11465 11465 11465 11465 100
20190820 1232 11460 11460 11460 11460 100
20190820 1235 11465 11465 11465 11465 100
20190820 1236 11460 11460 11460 11460 58
20190820 1238 11455 11455 11455 11455 5
20190820 1239 11465 11465 11465 11465 100
20190820 1243 11460 11460 11460 11460 100
20190820 1246 11460 11460 11460 11460 100
20190820 1248 11455 11455 11455 11455 8
20190820 1250 11455 11455 11455 11455 100
20190820 1251 11450 11450 11450 11450 250
20190820 1253 11455 11455 11455 11455 100
20190820 1257 11455 11455 11455 11455 100
20190820 1259 11445 11445 11435 11435 322
20190820 1300 11460 11460 11455 11455 240
20190820 1301 11435 11455 11435 11455 271
20190820 1302 11455 11455 11455 11455 37
20190820 1303 11435 11460 11435 11460 388
20190820 1304 11455 11460 11455 11460 108
20190820 1305 11460 11460 11460 11460 3
20190820 1307 11455 11455 11455 11455 100
20190820 1311 11455 11455 11455 11455 100
20190820 1314 11450 11450 11450 11450 100
20190820 1318 11455 11455 11455 11455 100
20190820 1321 11455 11455 11455 11455 100
20190820 1324 11450 11450 11450 11450 7
20190820 1325 11450 11450 11450 11450 100
20190820 1327 11450 11450 11450 11450 3
20190820 1328 11450 11450 11450 11450 100
20190820 1332 11450 11455 11450 11455 102
20190820 1334 11455 11455 11455 11455 5
20190820 1336 11455 11455 11455 11455 100
20190820 1337 11455 11455 11455 11455 78
20190820 1339 11455 11455 11455 11455 100
20190820 1343 11455 11455 11455 11455 100
20190820 1346 11450 11455 11450 11455 142
20190820 1350 11450 11455 11450 11455 100
20190820 1351 11455 11455 11455 11455 1
20190820 1353 11455 11455 11455 11455 100
20190820 1357 11455 11455 11455 11455 100
20190820 1400 11455 11455 11455 11455 100
20190820 1404 11455 11455 11455 11455 100
20190820 1406 11450 11450 11440 11440 100
20190820 1407 11455 11460 11455 11460 100
20190820 1411 11460 11465 11460 11465 100
20190820 1413 11460 11460 11460 11460 200
20190820 1414 11460 11460 11460 11460 100
20190820 1418 11460 11460 11460 11460 100
20190820 1421 11460 11460 11460 11460 100
20190820 1425 11460 11460 11450 11450 102
20190820 1429 11450 11465 11450 11465 100
20190820 1432 11465 11465 11465 11465 100
20190820 1436 11465 11465 11465 11465 100
20190820 1439 11470 11470 11470 11470 100
20190820 1443 11470 11470 11470 11470 100
20190820 1446 11465 11465 11465 11465 100
20190820 1450 11470 11470 11470 11470 100
20190820 1453 11465 11465 11465 11465 100
20190820 1457 11460 11460 11460 11460 100
20190820 1500 11460 11460 11460 11460 100
20190820 1501 11460 11460 11460 11460 10
20190820 1504 11465 11465 11465 11465 100
20190820 1507 11470 11470 11470 11470 101
20190820 1511 11470 11470 11470 11470 100
20190820 1516 11470 11470 11470 11470 100
20190820 1519 11470 11470 11470 11470 4
20190820 1520 11470 11470 11470 11470 92
20190820 1530 11450 11450 11450 11450 221
20190821 901 11530 11530 11530 11530 1
20190821 920 11530 11530 11530 11530 3
20190821 943 11530 11530 11530 11530 2
20190821 1007 11530 11530 11530 11530 1
20190821 1045 11520 11520 11520 11520 1
20190821 1047 11520 11520 11520 11520 1
20190821 1050 11530 11530 11530 11530 1
20190821 1056 11525 11525 11525 11525 6
20190821 1105 11525 11525 11525 11525 1
20190821 1114 11525 11525 11525 11525 5
20190821 1116 11525 11525 11525 11525 76
20190821 1119 11525 11525 11525 11525 1
20190821 1122 11525 11525 11525 11525 16
20190821 1123 11525 11525 11525 11525 121
20190821 1128 11525 11525 11525 11525 1
20190821 1137 11525 11525 11525 11525 1
20190821 1144 11525 11525 11525 11525 1
20190821 1149 11525 11525 11525 11525 2
20190821 1151 11515 11515 11515 11515 30
20190821 1209 11510 11510 11510 11510 10
20190821 1216 11510 11510 11510 11510 1
20190821 1229 11510 11510 11510 11510 3
20190821 1247 11510 11510 11510 11510 3
20190821 1259 11500 11500 11500 11500 65
20190821 1330 11500 11500 11500 11500 1
20190821 1333 11500 11500 11500 11500 1
20190821 1352 11490 11490 11490 11490 100
20190821 1501 11495 11495 11495 11495 23
20190821 1504 11500 11500 11500 11500 1
20190821 1510 11500 11500 11500 11500 4706
20190821 1512 11500 11500 11500 11500 100
20190821 1530 11505 11505 11505 11505 6
20190822 901 11485 11485 11485 11485 7446
20190822 911 11490 11490 11490 11490 17
20190822 1000 11495 11495 11495 11495 5
20190822 1001 11490 11490 11490 11490 12
20190822 1007 11485 11485 11485 11485 3518
20190822 1015 11495 11495 11495 11495 1
20190822 1016 11490 11490 11490 11490 1
20190822 1022 11495 11495 11495 11495 4
20190822 1120 11495 11495 11495 11495 1
20190822 1123 11495 11495 11495 11495 4
20190822 1130 11500 11500 11500 11500 100
20190822 1140 11500 11500 11500 11500 8
20190822 1217 11500 11500 11500 11500 2
20190822 1239 11495 11495 11495 11495 21
20190822 1312 11490 11490 11490 11490 3
20190822 1313 11490 11490 11490 11490 100
20190822 1322 11485 11485 11485 11485 79
20190822 1323 11485 11485 11485 11485 20
20190822 1327 11485 11485 11485 11485 3
20190822 1348 11480 11480 11480 11480 29
20190822 1350 11480 11480 11480 11480 1
20190822 1400 11485 11485 11480 11485 15
20190822 1401 11485 11485 11480 11480 92
20190822 1403 11480 11480 11480 11480 1
20190822 1413 11485 11485 11485 11485 1
20190822 1414 11485 11485 11485 11485 156
20190822 1421 11495 11495 11495 11495 1
20190822 1431 11485 11485 11485 11485 1
20190822 1433 11490 11490 11490 11490 8
20190822 1435 11490 11490 11490 11490 8
20190822 1530 11495 11495 11495 11495 35
20190823 901 11470 11470 11470 11470 101
20190823 918 11465 11465 11465 11465 1
20190823 922 11465 11465 11465 11465 10
20190823 923 11465 11465 11465 11465 500
20190823 931 11465 11465 11465 11465 3
20190823 936 11455 11455 11455 11455 90
20190823 945 11455 11455 11455 11455 10
20190823 1011 11455 11455 11455 11455 40
20190823 1020 11455 11455 11455 11455 43
20190823 1023 11455 11455 11455 11455 43
20190823 1038 11445 11445 11445 11445 27
20190823 1041 11445 11445 11445 11445 3
20190823 1045 11445 11445 11445 11445 1
20190823 1047 11450 11450 11450 11450 100
20190823 1058 11450 11450 11450 11450 1
20190823 1116 11445 11445 11445 11445 250
20190823 1124 11445 11445 11445 11445 262
20190823 1126 11440 11440 11440 11440 312
20190823 1129 11435 11435 11435 11435 2310
20190823 1150 11450 11450 11450 11450 10
20190823 1207 11450 11450 11450 11450 108
20190823 1214 11445 11445 11435 11435 9
20190823 1236 11445 11445 11445 11445 53
20190823 1237 11445 11445 11445 11445 11
20190823 1238 11445 11445 11445 11445 3
20190823 1254 11440 11440 11440 11440 5
20190823 1256 11440 11440 11440 11440 20
20190823 1259 11440 11440 11440 11440 50
20190823 1300 11440 11440 11440 11440 3
20190823 1308 11440 11440 11440 11440 10
20190823 1312 11440 11440 11440 11440 1
20190823 1314 11440 11440 11440 11440 34
20190823 1315 11440 11440 11440 11440 496
20190823 1316 11440 11440 11440 11440 3
20190823 1317 11440 11440 11440 11440 17
20190823 1320 11440 11440 11440 11440 10
20190823 1328 11440 11440 11440 11440 2
20190823 1329 11435 11435 11435 11435 118
20190823 1352 11445 11445 11445 11445 174
20190823 1411 11445 11445 11445 11445 20
20190823 1412 11445 11445 11445 11445 7
20190823 1422 11450 11450 11450 11450 17
20190823 1431 11450 11450 11450 11450 77
20190823 1441 11440 11440 11440 11440 1
20190823 1442 11440 11440 11440 11440 20
20190823 1451 11445 11445 11445 11445 100
20190823 1500 11445 11445 11445 11445 1
20190823 1503 11435 11435 11435 11435 41
20190823 1505 11435 11435 11435 11435 5
20190823 1516 11440 11440 11440 11440 64
20190823 1517 11440 11440 11440 11440 19
20190823 1530 11430 11430 11430 11430 228
20190826 901 11815 11845 11815 11845 382
20190826 903 11820 11820 11820 11820 11760
20190826 907 11825 11825 11825 11825 200
20190826 908 11825 11825 11825 11825 20
20190826 911 11830 11835 11830 11835 20
20190826 912 11815 11815 11800 11800 32
20190826 915 11810 11810 11810 11810 4
20190826 919 11810 11810 11810 11810 1
20190826 924 11810 11810 11805 11805 25
20190826 926 11805 11805 11805 11805 200
20190826 927 11815 11815 11815 11815 100
20190826 931 11815 11815 11815 11815 211
20190826 936 11810 11810 11810 11810 44
20190826 938 11810 11810 11810 11810 27
20190826 950 11810 11810 11810 11810 386
20190826 951 11815 11815 11815 11815 31
20190826 952 11830 11830 11830 11830 20
20190826 955 11820 11820 11820 11820 10
20190826 957 11815 11815 11815 11815 169
20190826 1001 11800 11800 11800 11800 15
20190826 1007 11815 11815 11815 11815 79
20190826 1011 11815 11815 11815 11815 21
20190826 1013 11810 11810 11810 11810 100
20190826 1017 11815 11815 11810 11815 260
20190826 1018 11815 11815 11815 11815 1
20190826 1031 11810 11810 11810 11810 4
20190826 1035 11805 11805 11805 11805 2
20190826 1050 11805 11805 11805 11805 1
20190826 1051 11805 11805 11805 11805 100
20190826 1052 11805 11805 11805 11805 49
20190826 1056 11810 11810 11810 11810 421
20190826 1058 11805 11805 11805 11805 434
20190826 1100 11800 11800 11800 11800 1
20190826 1102 11800 11800 11800 11800 4
20190826 1104 11795 11795 11795 11795 12
20190826 1108 11795 11795 11795 11795 46
20190826 1113 11795 11795 11795 11795 1
20190826 1114 11795 11795 11795 11795 6
20190826 1121 11795 11795 11795 11795 50
20190826 1126 11790 11790 11790 11790 300
20190826 1139 11790 11790 11790 11790 60
20190826 1141 11790 11790 11790 11790 2
20190826 1149 11785 11785 11785 11785 2
20190826 1150 11780 11780 11765 11765 24
20190826 1151 11770 11770 11770 11770 20000
20190826 1203 11770 11770 11770 11770 5
20190826 1207 11770 11770 11770 11770 55
20190826 1220 11760 11760 11760 11760 50
20190826 1224 11760 11760 11760 11760 37
20190826 1225 11755 11755 11755 11755 13
20190826 1228 11750 11750 11750 11750 770
20190826 1230 11750 11750 11750 11750 50
20190826 1232 11750 11750 11750 11750 50
20190826 1251 11770 11770 11770 11770 10
20190826 1254 11770 11770 11770 11770 5
20190826 1256 11770 11770 11770 11770 1
20190826 1301 11770 11770 11770 11770 8
20190826 1310 11770 11770 11770 11770 2
20190826 1314 11780 11780 11780 11780 3
20190826 1326 11780 11780 11780 11780 32
20190826 1337 11785 11785 11785 11785 10
20190826 1344 11780 11780 11780 11780 8
20190826 1426 11785 11785 11780 11780 40
20190826 1432 11780 11780 11780 11780 41
20190826 1440 11795 11795 11795 11795 4
20190826 1444 11795 11795 11795 11795 2
20190826 1446 11795 11805 11795 11805 19
20190826 1449 11800 11800 11800 11800 2
20190826 1454 11800 11800 11800 11800 1
20190826 1457 11800 11800 11800 11800 1
20190826 1501 11795 11795 11795 11795 264
20190826 1503 11790 11790 11790 11790 50
20190826 1505 11785 11785 11785 11785 1
20190826 1509 11790 11790 11790 11790 262
20190826 1516 11780 11780 11780 11780 42
20190826 1517 11780 11780 11775 11775 100
20190827 901 11700 11700 11675 11675 188
20190827 915 11690 11690 11685 11685 4
20190827 916 11705 11705 11705 11705 100
20190827 927 11705 11705 11705 11705 854
20190827 934 11700 11700 11700 11700 23
20190827 944 11700 11700 11700 11700 1
20190827 949 11700 11700 11700 11700 10
20190827 955 11700 11700 11700 11700 10
20190827 957 11700 11700 11700 11700 10
20190827 1001 11700 11700 11700 11700 100
20190827 1002 11690 11690 11680 11680 166
20190827 1014 11700 11700 11700 11700 170
20190827 1024 11700 11700 11700 11700 7
20190827 1026 11705 11705 11705 11705 2
20190827 1027 11705 11705 11705 11705 44
20190827 1033 11700 11700 11700 11700 246
20190827 1042 11695 11695 11695 11695 1
20190827 1046 11695 11695 11695 11695 2
20190827 1048 11695 11695 11695 11695 6
20190827 1059 11700 11700 11700 11700 64
20190827 1109 11700 11700 11700 11700 13
20190827 1110 11700 11700 11700 11700 43
20190827 1112 11700 11700 11700 11700 1
20190827 1117 11700 11700 11700 11700 97
20190827 1121 11700 11700 11700 11700 90
20190827 1124 11700 11700 11700 11700 86
20190827 1125 11700 11700 11700 11700 2
20190827 1131 11695 11695 11695 11695 137
20190827 1149 11690 11690 11690 11690 5
20190827 1152 11685 11685 11685 11685 6
20190827 1202 11685 11685 11685 11685 10
20190827 1205 11685 11685 11685 11685 10
20190827 1206 11685 11685 11685 11685 5
20190827 1208 11685 11685 11685 11685 5
20190827 1210 11685 11685 11685 11685 10
20190827 1213 11685 11685 11685 11685 10
20190827 1214 11695 11695 11695 11695 76
20190827 1222 11685 11685 11685 11685 21
20190827 1236 11685 11685 11685 11685 13
20190827 1240 11695 11695 11695 11695 2
20190827 1244 11695 11695 11695 11695 10
20190827 1324 11695 11695 11695 11695 4
20190827 1327 11695 11695 11695 11695 1
20190827 1334 11690 11690 11690 11690 128
20190827 1338 11690 11690 11690 11690 2
20190827 1354 11690 11690 11690 11690 205
20190827 1411 11700 11700 11700 11700 4
20190827 1447 11700 11700 11700 11700 9
20190827 1453 11700 11700 11700 11700 10
20190827 1455 11700 11700 11700 11700 50
20190827 1458 11700 11700 11700 11700 74
20190827 1515 11720 11720 11720 11720 2
20190827 1530 11735 11735 11735 11735 12
20190828 901 11800 11800 11800 11800 125
20190828 911 11800 11800 11800 11800 1
20190828 919 11815 11815 11815 11815 66
20190828 924 11820 11820 11820 11820 69
20190828 925 11820 11820 11820 11820 20
20190828 931 11820 11820 11820 11820 5
20190828 945 11825 11825 11825 11825 1641
20190828 946 11820 11820 11820 11820 77
20190828 954 11815 11815 11815 11815 100
20190828 1003 11815 11815 11815 11815 500
20190828 1004 11810 11815 11810 11815 162
20190828 1033 11810 11810 11810 11810 100
20190828 1040 11805 11810 11805 11805 4
20190828 1041 11810 11810 11805 11805 2
20190828 1044 11800 11800 11800 11800 10
20190828 1046 11800 11800 11800 11800 288
20190828 1054 11795 11795 11795 11795 1
20190828 1059 11795 11795 11795 11795 12
20190828 1104 11795 11795 11795 11795 11
20190828 1105 11795 11795 11790 11790 638
20190828 1106 11785 11785 11780 11780 71
20190828 1107 11775 11775 11775 11775 3
20190828 1108 11775 11775 11775 11775 10
20190828 1114 11770 11770 11765 11765 6
20190828 1119 11780 11780 11780 11780 1
20190828 1125 11780 11780 11780 11780 29
20190828 1132 11765 11765 11765 11765 10
20190828 1133 11755 11755 11755 11755 139
20190828 1146 11735 11735 11735 11735 2
20190828 1235 11750 11750 11750 11750 4
20190828 1239 11750 11750 11750 11750 1
20190828 1243 11750 11750 11750 11750 1
20190828 1257 11750 11750 11750 11750 9
20190828 1305 11750 11750 11750 11750 100
20190828 1308 11750 11750 11750 11750 14
20190828 1335 11760 11760 11760 11760 150
20190828 1348 11760 11760 11760 11760 1
20190828 1351 11755 11755 11755 11755 3
20190828 1352 11755 11755 11755 11755 1061
20190828 1353 11760 11760 11760 11760 25
20190828 1354 11755 11755 11755 11755 1154
20190828 1356 11755 11755 11755 11755 7
20190828 1357 11755 11755 11755 11755 110
20190828 1405 11755 11755 11755 11755 10
20190828 1410 11755 11755 11755 11755 3
20190828 1416 11745 11745 11740 11740 104
20190828 1423 11760 11760 11760 11760 103
20190828 1434 11755 11755 11755 11755 42
20190828 1436 11745 11745 11745 11745 5
20190828 1437 11760 11760 11760 11760 18
20190828 1443 11760 11760 11760 11760 200
20190828 1445 11760 11760 11760 11760 1
20190828 1448 11750 11750 11745 11745 129
20190828 1516 11790 11790 11790 11790 1
20190829 901 11790 11790 11790 11790 453
20190829 904 11745 11745 11745 11745 10
20190829 910 11780 11780 11780 11780 43
20190829 920 11775 11775 11775 11775 10
20190829 921 11775 11775 11775 11775 5
20190829 950 11775 11775 11775 11775 6
20190829 952 11775 11775 11775 11775 2
20190829 1001 11775 11775 11775 11775 5
20190829 1003 11770 11770 11770 11770 411
20190829 1005 11765 11765 11760 11760 52
20190829 1011 11765 11765 11765 11765 108
20190829 1026 11785 11785 11785 11785 1
20190829 1034 11790 11790 11790 11790 972
20190829 1046 11810 11810 11810 11810 10
20190829 1105 11805 11805 11805 11805 107
20190829 1107 11805 11805 11805 11805 10
20190829 1109 11800 11800 11800 11800 5
20190829 1110 11795 11795 11795 11795 465
20190829 1126 11795 11795 11795 11795 9
20190829 1141 11795 11795 11795 11795 10
20190829 1149 11790 11790 11790 11790 5
20190829 1150 11790 11790 11790 11790 5
20190829 1202 11790 11790 11790 11790 50
20190829 1233 11800 11800 11800 11800 10
20190829 1242 11800 11800 11800 11800 1
20190829 1245 11800 11800 11800 11800 20
20190829 1246 11800 11800 11800 11800 10
20190829 1248 11800 11800 11800 11800 9
20190829 1249 11800 11800 11800 11800 181
20190829 1311 11790 11790 11790 11790 1
20190829 1320 11810 11810 11810 11810 45
20190829 1354 11805 11805 11805 11805 1
20190829 1413 11800 11805 11800 11805 3
20190829 1415 11805 11805 11805 11805 100
20190829 1431 11795 11795 11795 11795 370
20190829 1439 11800 11800 11800 11800 1
20190829 1444 11810 11810 11810 11810 95
20190829 1502 11810 11815 11810 11815 20
20190829 1508 11815 11815 11815 11815 30
20190829 1520 11815 11815 11815 11815 2
20190829 1530 11815 11815 11815 11815 481
20190830 901 11695 11695 11695 11695 88
20190830 903 11695 11695 11695 11695 10
20190830 904 11690 11695 11690 11695 108
20190830 905 11690 11690 11690 11690 18
20190830 907 11680 11680 11680 11680 24
20190830 908 11680 11680 11680 11680 113
20190830 909 11670 11670 11670 11670 20
20190830 910 11650 11650 11650 11650 2
20190830 914 11650 11650 11650 11650 100
20190830 918 11660 11660 11660 11660 100
20190830 919 11660 11660 11660 11660 10
20190830 920 11660 11660 11660 11660 10
20190830 926 11670 11670 11670 11670 80
20190830 933 11670 11670 11670 11670 1
20190830 937 11660 11660 11660 11660 8
20190830 953 11660 11660 11660 11660 198
20190830 956 11660 11660 11660 11660 1
20190830 958 11660 11660 11660 11660 1
20190830 1001 11650 11650 11645 11645 57
20190830 1004 11660 11660 11660 11660 787
20190830 1013 11660 11660 11660 11660 8
20190830 1017 11660 11660 11660 11660 193
20190830 1027 11660 11660 11660 11660 54
20190830 1030 11665 11665 11665 11665 30
20190830 1038 11670 11670 11670 11670 1
20190830 1050 11670 11670 11670 11670 19
20190830 1109 11670 11670 11670 11670 163
20190830 1110 11670 11670 11670 11670 100
20190830 1117 11670 11670 11670 11670 1
20190830 1119 11665 11665 11665 11665 31
20190830 1121 11660 11660 11660 11660 13
20190830 1125 11660 11660 11660 11660 11
20190830 1127 11660 11660 11660 11660 34
20190830 1130 11655 11655 11655 11655 3
20190830 1131 11650 11650 11650 11650 51
20190830 1135 11645 11645 11645 11645 55
20190830 1209 11670 11670 11670 11670 5
20190830 1215 11670 11670 11670 11670 40
20190830 1224 11665 11665 11665 11665 3
20190830 1227 11665 11665 11665 11665 30
20190830 1248 11665 11665 11665 11665 8
20190830 1249 11665 11665 11665 11665 4
20190830 1253 11665 11665 11665 11665 13
20190830 1301 11660 11660 11660 11660 10
20190830 1313 11670 11670 11670 11670 6
20190830 1314 11670 11670 11670 11670 1
20190830 1315 11670 11670 11670 11670 5
20190830 1324 11665 11665 11665 11665 1
20190830 1425 11665 11665 11665 11665 1
20190830 1433 11675 11675 11675 11675 250
20190830 1457 11695 11695 11695 11695 6
20190830 1502 11700 11700 11700 11700 27
20190830 1504 11710 11710 11710 11710 1
20190830 1520 11705 11705 11705 11705 100
20190830 1530 11700 11700 11700 11700 412
