날짜 시간 시가 고가 저가 종가 거래량
20181001 901 17093 17093 17093 17093 12
20181001 907 17005 17005 17005 17005 8
20181001 948 16897 16897 16897 16897 30
20181001 1029 16981 16981 16981 16981 1
20181001 1031 16976 16976 16976 16976 1
20181001 1218 16976 16976 16976 16976 3
20181001 1414 16976 16976 16976 16976 3
20181001 1437 16995 16995 16986 16986 2
20181002 951 17049 17049 17049 17049 200
20181002 1001 17059 17059 17059 17059 7
20181002 1011 17083 17083 17083 17083 6
20181002 1334 17025 17025 17020 17020 2
20181002 1338 17025 17025 17025 17025 2
20181002 1409 17025 17025 17025 17025 1
20181002 1420 17020 17020 17020 17020 1
20181002 1431 17015 17015 17015 17015 1
20181002 1432 17015 17015 17015 17015 1
20181002 1433 17015 17015 17010 17010 4
20181002 1435 17010 17010 17005 17005 3
20181002 1436 17005 17005 17005 17005 1
20181002 1437 17005 17005 17005 17005 1
20181002 1438 17005 17005 17005 17005 1
20181002 1440 17010 17010 17005 17005 2
20181002 1442 17010 17010 17010 17010 1
20181002 1447 17010 17010 17010 17010 1
20181002 1518 16990 16990 16990 16990 2
20181002 1530 16990 16990 16990 16990 1
20181004 955 16706 16706 16706 16706 1
20181004 1001 16706 16706 16706 16706 1
20181004 1004 16696 16696 16696 16696 1
20181004 1007 16643 16643 16643 16643 1
20181004 1010 16682 16682 16628 16628 2
20181004 1013 16569 16569 16569 16569 1
20181004 1016 16510 16510 16510 16510 1
20181004 1017 16579 16579 16579 16579 3
20181004 1020 16525 16525 16525 16525 1
20181004 1023 16481 16481 16481 16481 1
20181004 1026 16461 16461 16461 16461 1
20181004 1029 16471 16471 16471 16471 1
20181004 1032 16476 16476 16476 16476 1
20181004 1035 16486 16486 16486 16486 1
20181004 1039 16525 16525 16525 16525 1
20181004 1042 16520 16520 16520 16520 1
20181004 1045 16525 16525 16525 16525 1
20181004 1048 16515 16515 16515 16515 1
20181004 1051 16525 16525 16525 16525 1
20181004 1053 16540 16540 16540 16540 3
20181004 1054 16540 16540 16540 16540 1
20181004 1057 16540 16540 16540 16540 1
20181004 1101 16540 16540 16540 16540 1
20181004 1104 16540 16540 16540 16540 1
20181004 1107 16540 16540 16540 16540 1
20181004 1110 16540 16540 16540 16540 1
20181004 1113 16540 16540 16540 16540 1
20181004 1116 16540 16540 16540 16540 1
20181004 1117 16540 16540 16540 16540 6
20181004 1120 16486 16486 16486 16486 1
20181004 1123 16486 16486 16486 16486 1
20181004 1126 16481 16481 16481 16481 1
20181004 1129 16505 16505 16505 16505 1
20181004 1132 16505 16505 16505 16505 1
20181004 1135 16515 16515 16515 16515 1
20181004 1138 16515 16515 16515 16515 1
20181004 1142 16515 16515 16515 16515 1
20181004 1145 16505 16505 16505 16505 1
20181004 1148 16505 16505 16505 16505 1
20181004 1151 16520 16520 16520 16520 1
20181004 1154 16564 16564 16564 16564 1
20181004 1157 16564 16564 16564 16564 1
20181004 1201 16559 16559 16559 16559 1
20181004 1242 16535 16535 16535 16535 1
20181004 1243 16530 16530 16525 16525 2
20181004 1309 16461 16461 16461 16461 2
20181004 1402 16461 16461 16461 16461 2
20181005 945 16510 16510 16510 16510 2
20181005 1125 16456 16456 16456 16456 4
20181005 1325 16486 16486 16486 16486 1
20181005 1326 16486 16486 16486 16486 1
20181005 1328 16486 16486 16486 16486 15
20181008 942 16412 16412 16412 16412 2
20181008 959 16329 16329 16329 16329 260
20181008 1000 16329 16329 16329 16329 1
20181008 1104 16378 16378 16378 16378 1
20181008 1107 16402 16402 16402 16402 1
20181008 1121 16353 16353 16353 16353 1
20181008 1137 16329 16329 16329 16329 1
20181008 1138 16319 16319 16314 16314 2
20181008 1226 16256 16256 16256 16256 16
20181008 1249 16295 16295 16295 16295 4
20181008 1303 16314 16314 16314 16314 3
20181008 1346 16309 16319 16309 16319 4
20181008 1422 16265 16265 16265 16265 6
20181008 1425 16280 16280 16280 16280 1
20181010 934 16295 16295 16295 16295 4
20181010 945 16236 16236 16236 16236 1
20181010 1124 16197 16197 16197 16197 30
20181010 1125 16192 16192 16192 16192 10
20181010 1207 16109 16109 16109 16109 1
20181010 1219 16069 16069 16069 16069 1
20181010 1229 16069 16069 16069 16069 17
20181010 1241 16064 16064 16064 16064 4
20181010 1256 16020 16020 16020 16020 10
20181010 1258 16064 16064 16064 16064 1
20181010 1320 16064 16064 16064 16064 45
20181010 1336 16060 16060 16060 16060 1
20181010 1341 16055 16055 16055 16055 1
20181010 1359 15971 15971 15971 15971 10
20181010 1512 16025 16025 16025 16025 3
20181011 901 15648 15648 15648 15648 3
20181011 929 15648 15648 15648 15648 6
20181011 935 15614 15614 15614 15614 2
20181011 939 15697 15697 15697 15697 1
20181011 955 15805 15805 15805 15805 1
20181011 1015 15628 15628 15628 15628 1
20181011 1029 15570 15570 15570 15570 1
20181011 1124 15638 15638 15638 15638 3
20181011 1135 15570 15570 15570 15570 228
20181011 1159 15570 15570 15570 15570 31
20181011 1219 15545 15545 15545 15545 1
20181011 1257 15535 15535 15535 15535 1
20181011 1309 15521 15521 15521 15521 13
20181011 1323 15437 15437 15432 15432 2
20181012 939 15432 15432 15432 15432 1
20181012 944 15398 15398 15398 15398 1
20181012 948 15393 15393 15393 15393 2
20181012 949 15393 15393 15393 15393 2
20181012 950 15364 15364 15364 15364 20
20181012 953 15290 15290 15290 15290 200
20181012 1007 15290 15290 15276 15276 30
20181012 1010 15271 15271 15271 15271 3
20181012 1022 15271 15271 15271 15271 58
20181012 1143 15290 15290 15290 15290 20
20181012 1313 15364 15364 15364 15364 200
20181012 1402 15364 15364 15364 15364 2
20181015 1012 15197 15197 15197 15197 20
20181015 1033 15178 15178 15178 15178 20
20181015 1054 15158 15158 15158 15158 3
20181015 1056 15129 15129 15129 15129 21
20181015 1106 15109 15109 15109 15109 1
20181015 1116 15089 15089 15075 15075 90
20181015 1230 15040 15040 15040 15040 19
20181015 1234 15021 15021 15021 15021 1
20181015 1337 15011 15011 15011 15011 20
20181015 1338 15001 15001 15001 15001 20
20181015 1512 15011 15011 15011 15011 40
20181015 1513 15011 15011 15011 15011 40
20181015 1514 15011 15011 15011 15011 20
20181015 1517 15026 15026 15026 15026 20
20181015 1519 15031 15031 15031 15031 20
20181016 912 15109 15109 15109 15109 210
20181016 949 15055 15055 15055 15055 5
20181016 958 15075 15075 15075 15075 1
20181016 1243 15153 15153 15153 15153 13
20181016 1327 15153 15153 15153 15153 54
20181016 1440 15187 15187 15187 15187 82
20181016 1444 15192 15192 15192 15192 1
20181017 1021 15413 15413 15413 15413 11
20181017 1045 15364 15364 15364 15364 100
20181017 1143 15364 15364 15364 15364 1
20181017 1305 15354 15354 15354 15354 3
20181017 1309 15334 15334 15334 15334 100
20181017 1338 15334 15334 15334 15334 3
20181017 1355 15315 15315 15315 15315 6
20181018 917 15099 15099 15099 15099 1
20181018 923 15031 15031 15031 15031 1
20181018 953 15036 15036 15036 15036 1
20181018 954 15031 15031 15031 15031 10
20181018 1032 14977 14977 14972 14972 2
20181018 1034 14962 14962 14962 14962 2
20181018 1036 14957 14957 14952 14952 3
20181018 1038 14947 14947 14947 14947 1
20181018 1039 14947 14947 14942 14942 1003
20181018 1040 14938 14938 14938 14938 2
20181018 1042 14942 14942 14942 14942 200
20181018 1101 14898 14898 14898 14898 80
20181018 1110 14844 14844 14844 14844 5
20181018 1204 14844 14844 14844 14844 21
20181018 1324 14830 14830 14830 14830 20
20181018 1357 14815 14815 14815 14815 5
20181018 1405 14810 14810 14756 14756 145
20181018 1431 14776 14776 14776 14776 40
20181018 1508 14805 14805 14805 14805 35
20181019 901 14698 14698 14698 14698 4
20181019 1400 14786 14786 14786 14786 5
20181019 1402 14786 14786 14786 14786 20
20181022 901 14766 14766 14766 14766 5
20181022 1024 14707 14707 14707 14707 1
20181022 1053 14707 14707 14707 14707 21
20181022 1125 14698 14698 14698 14698 20
20181022 1352 14727 14727 14727 14727 10
20181022 1421 14732 14732 14732 14732 29
20181022 1443 14795 14795 14795 14795 20
20181022 1530 14913 14913 14913 14913 2
20181023 912 14849 14849 14849 14849 1
20181023 1002 14649 14649 14649 14649 25
20181023 1006 14619 14619 14619 14619 1
20181023 1055 14560 14560 14560 14560 7
20181023 1057 14541 14541 14531 14531 101
20181023 1123 14502 14502 14502 14502 20
20181023 1230 14453 14453 14453 14453 175
20181023 1246 14453 14453 14453 14453 14
20181023 1314 14467 14467 14467 14467 8000
20181023 1351 14433 14433 14423 14423 2569
20181023 1354 14404 14404 14404 14404 1
20181023 1429 14404 14404 14404 14404 1
20181023 1451 14384 14384 14384 14384 1
20181023 1452 14379 14379 14379 14379 1
20181023 1457 14384 14384 14384 14384 4
20181023 1502 14359 14399 14345 14399 4104
20181023 1530 14428 14428 14428 14428 40
20181024 928 14536 14536 14536 14536 1
20181024 940 14590 14590 14590 14590 1
20181024 1007 14590 14590 14590 14590 3
20181024 1043 14590 14590 14590 14590 4
20181024 1221 14551 14551 14551 14551 11
20181024 1355 14575 14575 14575 14575 1
20181024 1503 14551 14551 14551 14551 12
20181025 901 14232 14232 14232 14232 5
20181025 905 14212 14212 14212 14212 2567
20181025 919 14325 14325 14325 14325 40
20181025 939 14355 14355 14355 14355 25
20181025 1005 14335 14335 14335 14335 1
20181025 1021 14276 14276 14276 14276 30
20181025 1027 14266 14266 14266 14266 1
20181025 1232 14266 14266 14266 14266 13
20181025 1323 14242 14257 14242 14257 5020
20181025 1333 14242 14242 14242 14242 20
20181025 1400 14242 14242 14242 14242 3
20181025 1402 14163 14163 14159 14159 26
20181025 1403 14061 14061 13933 13933 20002
20181025 1410 13703 13703 13703 13703 1500
20181025 1418 13669 13669 13649 13649 8087
20181025 1425 13522 13522 13522 13522 10
20181025 1432 13674 13674 13674 13674 35
20181025 1448 13718 13718 13718 13718 1
20181025 1449 13718 13718 13718 13718 1499
20181025 1500 13747 13747 13747 13747 2000
20181025 1501 13796 13796 13796 13796 8000
20181025 1503 13796 13796 13796 13796 30
20181025 1504 13776 13776 13776 13776 1000
20181025 1514 13845 13845 13845 13845 2630
20181025 1519 13850 13850 13850 13850 20
20181025 1520 13850 13850 13850 13850 1203
20181025 1530 13909 13909 13909 13909 15
20181026 901 13914 13914 13914 13914 4
20181026 918 14017 14017 14017 14017 50
20181026 1016 14134 14134 14134 14134 1
20181026 1025 14134 14134 14134 14134 69
20181026 1116 14095 14095 14095 14095 4
20181026 1211 13963 13963 13963 13963 2630
20181026 1247 13958 13958 13958 13958 14
20181026 1309 13923 13923 13914 13914 45
20181026 1415 14021 14021 14021 14021 1
20181026 1431 13972 13972 13972 13972 1800
20181026 1432 13914 13914 13914 13914 41
20181026 1433 13909 13909 13909 13909 20
20181026 1438 13870 13870 13855 13855 3
20181026 1454 13816 13816 13816 13816 41
20181026 1459 13806 13806 13806 13806 2655
20181026 1503 13855 13855 13855 13855 40
20181026 1516 13914 13914 13914 13914 1
20181026 1530 13855 13855 13855 13855 40
20181029 942 14075 14075 14075 14075 20
20181029 949 14110 14110 14110 14110 1
20181029 1037 14046 14046 14046 14046 1
20181029 1125 13865 13865 13865 13865 1
20181029 1130 13845 13845 13845 13845 1
20181029 1252 13845 13845 13845 13845 51
20181029 1430 13811 13811 13811 13811 1
20181029 1431 13801 13801 13801 13801 1
20181029 1454 13708 13708 13708 13708 3000
20181029 1457 13762 13762 13762 13762 3000
20181030 911 13835 13835 13835 13835 2655
20181030 941 13884 13884 13884 13884 5
20181030 958 13909 13909 13909 13909 100
20181030 1101 13879 13879 13879 13879 730
20181030 1201 13928 13928 13928 13928 2
20181030 1207 13928 13928 13928 13928 6
20181030 1213 13928 13928 13928 13928 10
20181030 1330 13923 13923 13923 13923 1
20181030 1500 13919 13919 13919 13919 5
20181030 1530 13840 13840 13840 13840 30
20181031 901 13776 13776 13757 13757 2685
20181031 937 13551 13551 13551 13551 1
20181031 956 13556 13556 13556 13556 16
20181031 1022 13620 13620 13620 13620 400
20181031 1211 13737 13737 13737 13737 5
20181031 1240 13713 13713 13713 13713 16
20181031 1435 13870 13870 13870 13870 20
20181031 1447 13923 13923 13923 13923 1
