날짜 시간 시가 고가 저가 종가 거래량
20191230 901 94300 94300 94100 94200 9433
20191230 902 94200 94200 94100 94100 2730
20191230 903 94100 94100 94000 94100 1674
20191230 904 94100 94100 94000 94100 406
20191230 905 94100 94100 94000 94000 636
20191230 906 94000 94200 94000 94100 3436
20191230 907 94200 94300 94100 94300 657
20191230 908 94300 94400 94200 94300 1077
20191230 909 94300 94300 94300 94300 377
20191230 910 94300 94300 94200 94300 365
20191230 911 94200 94300 94200 94300 331
20191230 912 94300 94300 94200 94200 285
20191230 913 94300 94300 94200 94300 167
20191230 914 94300 94300 94300 94300 11
20191230 915 94300 94300 94200 94300 504
20191230 916 94300 94300 94200 94300 916
20191230 917 94300 94400 94300 94300 453
20191230 918 94400 94400 94300 94400 315
20191230 919 94400 94400 94300 94400 53
20191230 920 94300 94400 94300 94400 959
20191230 921 94400 94400 94400 94400 201
20191230 922 94300 94400 94300 94300 241
20191230 923 94300 94500 94300 94400 532
20191230 924 94400 94500 94300 94400 924
20191230 925 94400 94400 94300 94400 52
20191230 926 94400 94400 94400 94400 418
20191230 927 94400 94500 94400 94500 129
20191230 928 94500 94500 94400 94500 429
20191230 929 94500 94500 94500 94500 1130
20191230 930 94600 94600 94500 94500 424
20191230 931 94500 94500 94400 94500 937
20191230 932 94500 94500 94400 94400 222
20191230 933 94400 94500 94400 94400 676
20191230 934 94400 94500 94400 94400 210
20191230 935 94500 94500 94400 94400 310
20191230 936 94400 94500 94400 94500 115
20191230 937 94400 94500 94400 94500 524
20191230 938 94400 94500 94400 94400 601
20191230 939 94400 94500 94200 94300 4129
20191230 940 94300 94300 94200 94300 97
20191230 941 94300 94300 94200 94200 618
20191230 942 94300 94300 94200 94200 246
20191230 943 94200 94400 94200 94300 1047
20191230 944 94300 94300 94200 94300 891
20191230 945 94300 94300 94200 94300 285
20191230 946 94300 94300 94200 94300 54
20191230 947 94200 94300 94200 94300 84
20191230 948 94200 94300 94200 94300 58
20191230 949 94200 94300 94200 94200 217
20191230 950 94300 94300 94200 94200 46
20191230 951 94300 94300 94200 94200 75
20191230 952 94200 94300 94200 94300 445
20191230 953 94300 94300 94200 94300 86
20191230 954 94300 94300 94200 94300 108
20191230 955 94300 94300 94200 94200 268
20191230 956 94200 94300 94200 94300 777
20191230 957 94300 94300 94200 94200 10
20191230 958 94300 94300 94200 94300 89
20191230 959 94300 94300 94200 94300 135
20191230 1000 94300 94300 94200 94200 247
20191230 1001 94300 94300 94200 94300 393
20191230 1002 94300 94300 94200 94300 64
20191230 1003 94200 94300 94200 94300 279
20191230 1004 94300 94300 94200 94200 281
20191230 1005 94200 94300 94200 94300 69
20191230 1006 94300 94300 94200 94200 271
20191230 1007 94300 94300 94200 94200 3710
20191230 1008 94300 94300 94200 94200 331
20191230 1009 94300 94300 94200 94300 94
20191230 1010 94300 94300 94200 94200 144
20191230 1011 94200 94300 94200 94200 334
20191230 1012 94300 94300 94200 94200 226
20191230 1013 94200 94300 94200 94300 120
20191230 1014 94300 94300 94200 94200 347
20191230 1015 94300 94300 94200 94200 393
20191230 1016 94200 94300 94200 94300 1114
20191230 1017 94200 94300 94200 94300 1177
20191230 1018 94300 94300 94200 94200 247
20191230 1019 94300 94300 94200 94200 280
20191230 1020 94200 94300 94200 94200 42
20191230 1021 94200 94300 94200 94300 377
20191230 1022 94200 94300 94200 94200 206
20191230 1023 94200 94300 94200 94300 637
20191230 1024 94200 94300 94200 94200 1212
20191230 1025 94200 94300 94200 94300 69
20191230 1026 94300 94300 94200 94200 426
20191230 1027 94200 94300 94200 94200 150
20191230 1028 94300 94300 94200 94300 216
20191230 1029 94200 94300 94200 94200 211
20191230 1030 94200 94300 94200 94200 307
20191230 1031 94300 94300 94200 94300 260
20191230 1032 94300 94300 94100 94100 2231
20191230 1033 94100 94200 94100 94200 184
20191230 1034 94200 94200 94100 94100 634
20191230 1035 94100 94200 94100 94100 148
20191230 1036 94100 94200 94100 94200 145
20191230 1037 94200 94200 94100 94200 223
20191230 1038 94200 94200 94100 94200 126
20191230 1039 94200 94200 94100 94100 77
20191230 1040 94100 94200 94100 94100 284
20191230 1041 94200 94200 94100 94200 249
20191230 1042 94200 94200 94100 94200 193
20191230 1043 94200 94200 94100 94100 203
20191230 1044 94200 94200 94100 94200 285
20191230 1045 94200 94200 94100 94200 123
20191230 1046 94100 94200 94100 94100 1094
20191230 1047 94200 94200 94100 94200 316
20191230 1048 94200 94200 94100 94100 135
20191230 1049 94100 94200 94100 94200 191
20191230 1050 94100 94200 94100 94200 890
20191230 1051 94100 94200 94100 94100 239
20191230 1052 94100 94200 94100 94200 135
20191230 1053 94200 94200 94100 94100 367
20191230 1054 94200 94200 94100 94100 277
20191230 1055 94200 94200 94100 94200 301
20191230 1056 94100 94200 94100 94100 96
20191230 1057 94100 94200 94100 94100 277
20191230 1058 94200 94200 94100 94100 304
20191230 1059 94200 94200 94100 94100 164
20191230 1100 94100 94200 94100 94100 211
20191230 1101 94200 94200 94100 94100 312
20191230 1102 94200 94200 94100 94200 149
20191230 1103 94100 94200 94100 94100 621
20191230 1104 94200 94200 94100 94100 324
20191230 1105 94200 94200 94100 94200 305
20191230 1106 94200 94200 94100 94200 207
20191230 1107 94100 94200 94100 94100 402
20191230 1108 94200 94200 94100 94200 139
20191230 1109 94200 94200 94100 94100 158
20191230 1110 94100 94300 94100 94200 3862
20191230 1111 94200 94300 94200 94200 346
20191230 1112 94200 94200 94100 94100 283
20191230 1113 94200 94300 94100 94300 301
20191230 1114 94200 94300 94100 94200 589
20191230 1115 94100 94300 94100 94100 118
20191230 1116 94200 94200 94100 94100 179
20191230 1117 94200 94200 94100 94100 336
20191230 1118 94100 94200 94100 94100 149
20191230 1119 94200 94200 94100 94200 145
20191230 1120 94100 94200 94100 94200 243
20191230 1121 94100 94200 94100 94100 274
20191230 1122 94200 94200 94100 94200 113
20191230 1123 94100 94200 94100 94100 146
20191230 1124 94200 94200 94100 94200 276
20191230 1125 94200 94200 94100 94200 182
20191230 1126 94200 94200 94100 94200 149
20191230 1127 94100 94200 94100 94100 310
20191230 1128 94200 94200 94100 94100 129
20191230 1129 94200 94200 94100 94100 130
20191230 1130 94100 94200 94100 94100 214
20191230 1131 94200 94200 94100 94200 224
20191230 1132 94100 94200 94100 94200 103
20191230 1133 94100 94200 94100 94100 100
20191230 1134 94200 94200 94100 94200 300
20191230 1135 94100 94200 94100 94100 182
20191230 1136 94200 94200 94100 94100 118
20191230 1137 94100 94300 94100 94300 6191
20191230 1138 94300 94300 94200 94200 696
20191230 1139 94200 94300 94200 94200 122
20191230 1140 94300 94300 94200 94200 150
20191230 1141 94200 94300 94200 94200 238
20191230 1142 94300 94300 94200 94300 298
20191230 1143 94300 94300 94200 94300 165
20191230 1144 94300 94300 94200 94300 387
20191230 1145 94200 94300 94200 94300 235
20191230 1146 94300 94300 94200 94300 133
20191230 1147 94200 94300 94200 94200 236
20191230 1148 94200 94300 94200 94200 101
20191230 1149 94200 94300 94200 94300 253
20191230 1150 94300 94300 94200 94300 81
20191230 1151 94300 94300 94100 94100 1274
20191230 1152 94100 94200 94100 94100 61
20191230 1153 94200 94300 94100 94200 2613
20191230 1154 94100 94200 94100 94100 313
20191230 1155 94100 94300 94100 94200 891
20191230 1156 94300 94300 94100 94200 198
20191230 1157 94300 94300 94100 94100 368
20191230 1158 94200 94300 94100 94300 622
20191230 1159 94200 94300 94200 94300 192
20191230 1200 94300 94300 94200 94300 347
20191230 1201 94300 94300 94200 94300 254
20191230 1202 94300 94300 94200 94300 88
20191230 1203 94200 94300 94200 94300 400
20191230 1204 94300 94300 94200 94200 526
20191230 1205 94300 94300 94200 94200 88
20191230 1206 94200 94300 94200 94200 113
20191230 1207 94200 94300 94200 94200 229
20191230 1208 94200 94300 94200 94200 252
20191230 1209 94300 94300 94200 94200 259
20191230 1210 94200 94300 94200 94300 103
20191230 1211 94300 94300 94200 94300 178
20191230 1212 94200 94300 94200 94300 347
20191230 1213 94300 94300 94200 94300 321
20191230 1214 94300 94300 94200 94200 257
20191230 1215 94300 94300 94200 94200 182
20191230 1216 94200 94300 94200 94300 374
20191230 1217 94300 94300 94200 94200 398
20191230 1218 94200 94300 94200 94300 59
20191230 1219 94300 94300 94200 94300 439
20191230 1220 94300 94300 94200 94200 83
20191230 1221 94300 94300 94200 94300 254
20191230 1222 94200 94300 94200 94300 156
20191230 1223 94300 94300 94200 94300 283
20191230 1224 94300 94300 94200 94300 235
20191230 1225 94300 94300 94200 94300 72
20191230 1226 94300 94300 94200 94200 156
20191230 1227 94300 94300 94200 94300 412
20191230 1228 94300 94300 94200 94200 85
20191230 1229 94200 94400 94200 94300 3369
20191230 1230 94400 94400 94300 94400 212
20191230 1231 94400 94400 94300 94300 369
20191230 1232 94300 94400 94300 94300 84
20191230 1233 94300 94400 94300 94400 121
20191230 1234 94300 94400 94300 94300 412
20191230 1235 94300 94400 94300 94400 65
20191230 1236 94400 94400 94300 94400 70
20191230 1237 94400 94400 94300 94300 285
20191230 1238 94300 94400 94300 94300 3142
20191230 1239 94300 94400 94300 94300 244
20191230 1240 94400 94400 94300 94300 138
20191230 1241 94400 94400 94300 94300 203
20191230 1242 94400 94400 94300 94300 232
20191230 1243 94300 94400 94300 94300 204
20191230 1244 94300 94400 94300 94300 238
20191230 1245 94400 94400 94300 94400 80
20191230 1246 94300 94400 94300 94400 306
20191230 1247 94400 94400 94300 94400 329
20191230 1248 94400 94400 94200 94200 1074
20191230 1249 94200 94300 94200 94200 197
20191230 1250 94200 94300 94200 94300 94
20191230 1251 94300 94300 94200 94300 269
20191230 1252 94300 94300 94200 94200 192
20191230 1253 94300 94300 94200 94300 275
20191230 1254 94300 94300 94200 94200 244
20191230 1255 94200 94300 94200 94200 87
20191230 1256 94300 94300 94200 94200 298
20191230 1257 94300 94300 94200 94200 570
20191230 1258 94300 94300 94200 94200 221
20191230 1259 94300 94300 94200 94300 107
20191230 1300 94300 94300 94200 94200 302
20191230 1301 94200 94300 94200 94200 473
20191230 1302 94300 94300 94200 94200 279
20191230 1303 94200 94300 94200 94200 112
20191230 1304 94200 94300 94200 94300 332
20191230 1305 94300 94300 94200 94200 278
20191230 1306 94200 94300 94200 94200 967
20191230 1307 94200 94300 94200 94300 351
20191230 1308 94200 94300 94200 94200 559
20191230 1309 94300 94300 94200 94200 280
20191230 1310 94300 94300 94200 94200 1343
20191230 1311 94200 94300 94200 94300 335
20191230 1312 94200 94300 94200 94300 529
20191230 1313 94200 94300 94200 94300 213
20191230 1314 94300 94300 94200 94200 333
20191230 1315 94300 94300 94200 94200 96
20191230 1316 94300 94300 94200 94300 390
20191230 1317 94200 94300 94200 94200 368
20191230 1318 94300 94300 94200 94200 227
20191230 1319 94300 94300 94200 94200 96
20191230 1320 94300 94300 94200 94200 602
20191230 1321 94200 94300 94200 94200 389
20191230 1322 94200 94200 94100 94200 276
20191230 1323 94200 94200 94100 94100 182
20191230 1324 94200 94200 94100 94100 346
20191230 1325 94200 94200 94100 94100 268
20191230 1326 94100 94200 94100 94100 184
20191230 1327 94200 94200 94100 94100 308
20191230 1328 94100 94200 94100 94200 102
20191230 1329 94200 94200 94100 94200 3113
20191230 1330 94100 94200 94100 94100 276
20191230 1331 94200 94200 94100 94100 291
20191230 1332 94100 94200 94100 94100 784
20191230 1333 94200 94200 94100 94100 240
20191230 1334 94200 94200 94100 94100 476
20191230 1335 94100 94200 94100 94200 183
20191230 1336 94100 94200 94100 94200 306
20191230 1337 94200 94200 94100 94200 321
20191230 1338 94100 94200 94100 94100 313
20191230 1339 94200 94200 94100 94200 239
20191230 1340 94100 94200 94100 94200 112
20191230 1341 94100 94200 94100 94100 457
20191230 1342 94100 94200 94100 94100 306
20191230 1343 94200 94200 94100 94200 399
20191230 1344 94100 94200 94100 94100 349
20191230 1345 94200 94200 94100 94200 343
20191230 1346 94200 94200 94100 94200 318
20191230 1347 94100 94200 94100 94200 617
20191230 1348 94200 94200 94100 94100 332
20191230 1349 94200 94200 94100 94200 236
20191230 1350 94100 94200 94100 94100 374
20191230 1351 94200 94200 94100 94100 682
20191230 1352 94200 94200 94100 94200 545
20191230 1353 94200 94200 94100 94200 192
20191230 1354 94100 94200 94100 94100 773
20191230 1355 94100 94200 94100 94100 1097
20191230 1356 94200 94200 94100 94100 575
20191230 1357 94100 94200 94100 94100 1037
20191230 1358 94100 94200 94000 94000 7113
20191230 1359 94000 94100 94000 94000 372
20191230 1400 94000 94100 94000 94000 272
20191230 1401 94000 94100 94000 94100 450
20191230 1402 94100 94100 94000 94000 693
20191230 1403 94000 94100 94000 94000 768
20191230 1404 94100 94100 94000 94100 552
20191230 1405 94100 94100 94000 94000 504
20191230 1406 94000 94100 93900 93900 18520
20191230 1407 94000 94000 93900 93900 750
20191230 1408 93900 94000 93900 94000 6555
20191230 1409 94000 94000 93900 94000 3098
20191230 1410 94000 94000 93900 93900 348
20191230 1411 93900 94000 93900 94000 700
20191230 1412 94000 94000 93900 94000 447
20191230 1413 94000 94000 93900 94000 641
20191230 1414 94000 94000 93900 93900 257
20191230 1415 93900 94000 93900 94000 405
20191230 1416 93900 94000 93900 93900 193
20191230 1417 94000 94000 93900 93900 587
20191230 1418 94000 94000 93900 94000 504
20191230 1419 93900 94000 93900 93900 249
20191230 1420 94000 94000 93900 93900 632
20191230 1421 93900 94000 93900 93900 686
20191230 1422 93900 94000 93900 94000 310
20191230 1423 94000 94000 93900 93900 374
20191230 1424 94000 94000 93900 94000 736
20191230 1425 93900 94000 93900 93900 381
20191230 1426 93900 94000 93900 93900 1531
20191230 1427 93900 94000 93800 93900 5948
20191230 1428 93900 94000 93900 93900 313
20191230 1429 93900 94000 93900 93900 946
20191230 1430 93900 93900 93800 93800 402
20191230 1431 93800 93900 93800 93900 571
20191230 1432 93900 93900 93800 93800 291
20191230 1433 93800 94000 93800 94000 2777
20191230 1434 94000 94000 93800 93900 788
20191230 1435 93900 94000 93800 93900 453
20191230 1436 93900 93900 93800 93800 306
20191230 1437 93800 93900 93800 93800 701
20191230 1438 93900 93900 93800 93900 190
20191230 1439 93900 93900 93800 93800 976
20191230 1440 93800 93900 93800 93800 1635
20191230 1441 93900 93900 93800 93800 1457
20191230 1442 93800 93900 93800 93900 902
20191230 1443 93800 93900 93800 93800 1041
20191230 1444 93900 93900 93800 93800 614
20191230 1445 93800 93900 93800 93900 779
20191230 1446 93900 93900 93800 93900 526
20191230 1447 93900 93900 93800 93900 847
20191230 1448 93800 93900 93800 93800 813
20191230 1449 93900 93900 93800 93900 428
20191230 1450 93800 93900 93800 93800 1048
20191230 1451 93800 93900 93800 93800 690
20191230 1452 93900 93900 93800 93800 234
20191230 1453 93800 93900 93800 93800 9192
20191230 1454 93800 93800 93700 93800 3608
20191230 1455 93800 93900 93700 93800 3850
20191230 1456 93700 93900 93700 93800 2543
20191230 1457 93800 93800 93700 93800 628
20191230 1458 93800 93800 93700 93700 664
20191230 1459 93700 93800 93700 93800 1262
20191230 1500 93800 93800 93700 93700 497
20191230 1501 93800 93800 93700 93700 321
20191230 1502 93700 93800 93700 93800 1627
20191230 1503 93700 93900 93700 93900 5120
20191230 1504 93800 93900 93800 93800 1132
20191230 1505 93900 93900 93800 93900 1338
20191230 1506 93900 93900 93800 93900 1569
20191230 1507 93900 93900 93800 93900 851
20191230 1508 93900 93900 93800 93900 524
20191230 1509 93900 93900 93800 93900 1400
20191230 1510 93900 94000 93800 94000 1830
20191230 1511 94000 94000 93900 94000 2137
20191230 1512 94000 94000 93900 94000 501
20191230 1513 94000 94000 93900 94000 615
20191230 1514 94000 94000 93900 94000 955
20191230 1515 94000 94000 93900 94000 1440
20191230 1516 93900 94000 93900 94000 700
20191230 1517 94000 94000 93900 94000 566
20191230 1518 94000 94000 93800 93800 1427
20191230 1519 93800 94000 93800 93900 1555
20191230 1520 93900 94000 93800 93800 4467
20191230 1530 93800 93800 93800 93800 70696
