날짜 시간 시가 고가 저가 종가 거래량
20181101 906 100347 100347 100347 100347 1
20181101 948 100294 100294 100294 100294 4
20181101 1009 100284 100284 100284 100284 1
20181101 1013 100284 100284 100284 100284 2
20181101 1039 100279 100279 100279 100279 1
20181101 1043 100279 100279 100279 100279 1
20181101 1053 100274 100274 100274 100274 3
20181101 1101 100269 100269 100269 100269 5
20181101 1110 100254 100254 100235 100235 3
20181101 1122 100235 100235 100235 100235 35
20181101 1211 100289 100289 100289 100289 1
20181101 1223 100289 100289 100289 100289 3
20181101 1250 100289 100289 100289 100289 1
20181101 1344 100294 100294 100294 100294 1
20181101 1517 100342 100342 100342 100342 1
20181101 1530 100279 100279 100279 100279 3
20181102 906 100352 100352 100352 100352 1
20181102 1010 100289 100323 100289 100303 4027
20181102 1011 100303 100303 100303 100303 2480
20181102 1034 100264 100264 100264 100264 1
20181102 1039 100323 100323 100323 100323 1
20181102 1049 100333 100333 100333 100333 4
20181102 1101 100333 100333 100333 100333 2
20181102 1111 100294 100294 100294 100294 1
20181102 1211 100328 100328 100328 100328 1
20181102 1315 100269 100269 100269 100269 5
20181102 1344 100333 100333 100333 100333 1
20181102 1350 100298 100298 100298 100298 29
20181102 1431 100245 100245 100196 100196 3
20181102 1434 100254 100254 100254 100254 1
20181102 1437 100254 100254 100254 100254 1
20181102 1440 100254 100254 100254 100254 1
20181102 1443 100254 100254 100254 100254 1
20181102 1444 100254 100254 100254 100254 8
20181102 1445 100196 100196 100196 100196 8
20181102 1446 100254 100254 100254 100254 9
20181102 1449 100264 100264 100264 100264 1
20181102 1451 100264 100264 100264 100264 1
20181102 1452 100264 100264 100264 100264 1
20181102 1455 100264 100264 100264 100264 1
20181102 1458 100264 100264 100264 100264 1
20181102 1501 100264 100264 100264 100264 1
20181102 1504 100264 100264 100264 100264 1
20181102 1507 100264 100264 100264 100264 1
20181102 1511 100264 100264 100206 100264 3
20181102 1517 100264 100264 100264 100264 1
20181102 1518 100264 100264 100264 100264 5
20181102 1520 100196 100196 100191 100191 25
20181105 902 100215 100215 100215 100215 48
20181105 903 100215 100215 100215 100215 7
20181105 905 100211 100211 100211 100211 28
20181105 906 100274 100274 100274 100274 1
20181105 924 100196 100196 100196 100196 13
20181105 930 100196 100196 100196 100196 58
20181105 934 100191 100191 100191 100191 18
20181105 953 100215 100215 100215 100215 84
20181105 1014 100215 100215 100215 100215 3
20181105 1020 100220 100220 100220 100220 1
20181105 1023 100215 100215 100215 100215 21
20181105 1025 100215 100215 100215 100215 10
20181105 1028 100220 100220 100220 100220 24
20181105 1029 100220 100220 100215 100215 105
20181105 1030 100215 100215 100215 100215 75
20181105 1031 100215 100230 100215 100230 202
20181105 1032 100230 100230 100230 100230 179
20181105 1033 100230 100230 100230 100230 266
20181105 1034 100230 100230 100215 100215 116
20181105 1035 100215 100215 100215 100215 89
20181105 1036 100215 100215 100215 100215 92
20181105 1037 100215 100225 100215 100225 217
20181105 1038 100225 100225 100225 100225 269
20181105 1039 100284 100284 100225 100225 450
20181105 1040 100225 100225 100225 100225 285
20181105 1041 100225 100225 100225 100225 176
20181105 1042 100225 100230 100225 100230 121
20181105 1043 100230 100230 100230 100230 101
20181105 1044 100230 100230 100230 100230 54
20181105 1045 100230 100230 100230 100230 82
20181105 1046 100230 100230 100230 100230 187
20181105 1047 100230 100230 100230 100230 42
20181105 1048 100230 100230 100230 100230 97
20181105 1049 100230 100230 100230 100230 97
20181105 1050 100230 100230 100230 100230 17
20181105 1051 100230 100235 100230 100235 175
20181105 1052 100235 100235 100235 100235 19
20181105 1053 100235 100235 100235 100235 33
20181105 1054 100235 100235 100235 100235 43
20181105 1055 100235 100235 100235 100235 32
20181105 1056 100235 100235 100235 100235 170
20181105 1057 100235 100235 100235 100235 40
20181105 1058 100235 100235 100235 100235 130
20181105 1100 100235 100235 100235 100235 42
20181105 1101 100235 100235 100235 100235 56
20181105 1102 100235 100235 100235 100235 80
20181105 1103 100220 100220 100220 100220 100
20181105 1104 100220 100220 100220 100220 16
20181105 1105 100220 100220 100220 100220 53
20181105 1106 100220 100220 100220 100220 37
20181105 1107 100220 100220 100220 100220 33
20181105 1110 100220 100220 100220 100220 20
20181105 1111 100220 100220 100220 100220 13
20181105 1112 100220 100220 100220 100220 3
20181105 1113 100215 100215 100211 100211 31
20181105 1115 100215 100215 100215 100215 35
20181105 1119 100211 100211 100211 100211 54
20181105 1120 100211 100211 100211 100211 3
20181105 1121 100211 100215 100211 100215 36
20181105 1122 100215 100215 100215 100215 27
20181105 1124 100215 100215 100215 100215 12
20181105 1127 100215 100215 100215 100215 31
20181105 1128 100215 100215 100215 100215 19
20181105 1129 100215 100215 100215 100215 7
20181105 1132 100220 100220 100220 100220 2
20181105 1133 100220 100220 100220 100220 124
20181105 1134 100220 100220 100220 100220 60
20181105 1135 100220 100220 100220 100220 19
20181105 1144 100215 100215 100215 100215 33
20181105 1147 100215 100215 100215 100215 2
20181105 1148 100215 100215 100215 100215 53
20181105 1152 100215 100215 100215 100215 5
20181105 1153 100215 100215 100215 100215 52
20181105 1155 100215 100215 100215 100215 6
20181105 1200 100215 100215 100215 100215 32
20181105 1203 100215 100215 100215 100215 5
20181105 1204 100215 100215 100215 100215 13
20181105 1205 100215 100215 100215 100215 26
20181105 1210 100215 100215 100215 100215 8
20181105 1211 100215 100215 100215 100215 19
20181105 1212 100294 100294 100215 100215 7
20181105 1213 100215 100215 100215 100215 22
20181105 1219 100215 100215 100215 100215 37
20181105 1222 100215 100215 100215 100215 10
20181105 1223 100215 100215 100215 100215 5
20181105 1225 100215 100215 100215 100215 44
20181105 1229 100215 100215 100215 100215 8
20181105 1231 100215 100215 100215 100215 21
20181105 1234 100215 100215 100215 100215 14
20181105 1239 100215 100215 100215 100215 9
20181105 1241 100215 100215 100215 100215 65
20181105 1250 100215 100215 100215 100215 11
20181105 1251 100215 100215 100215 100215 22
20181105 1256 100215 100215 100215 100215 9
20181105 1302 100215 100215 100215 100215 19
20181105 1312 100215 100215 100215 100215 29
20181105 1317 100215 100215 100215 100215 59
20181105 1330 100289 100289 100289 100289 1
20181105 1332 100211 100211 100211 100211 2
20181105 1335 100211 100211 100211 100211 3
20181105 1345 100274 100274 100274 100274 1
20181105 1350 100196 100196 100196 100196 101
20181105 1352 100201 100201 100201 100201 112
20181105 1357 100196 100196 100196 100196 7
20181105 1405 100211 100211 100211 100211 10
20181105 1407 100211 100211 100211 100211 13
20181105 1417 100206 100206 100206 100206 10
20181105 1422 100206 100206 100206 100206 19
20181105 1423 100206 100206 100206 100206 7
20181105 1429 100196 100196 100196 100196 3
20181105 1444 100259 100259 100259 100259 2000
20181105 1445 100259 100259 100259 100259 1500
20181105 1500 100201 100201 100201 100201 291
20181105 1506 100211 100211 100211 100211 34
20181105 1507 100211 100211 100211 100211 6
20181105 1517 100274 100274 100274 100274 1
20181106 906 100269 100269 100269 100269 1
20181106 920 100196 100196 100196 100196 8
20181106 921 100196 100196 100196 100196 13
20181106 933 100171 100171 100171 100171 14
20181106 936 100171 100171 100171 100171 88
20181106 956 100171 100171 100171 100171 69
20181106 959 100167 100167 100167 100167 2
20181106 1039 100264 100264 100264 100264 1
20181106 1116 100186 100186 100186 100186 14
20181106 1119 100186 100186 100186 100186 3
20181106 1127 100186 100186 100186 100186 13
20181106 1135 100191 100191 100191 100191 22
20181106 1144 100191 100191 100191 100191 15
20181106 1154 100191 100191 100191 100191 1
20181106 1155 100191 100191 100191 100191 2
20181106 1207 100191 100191 100191 100191 70
20181106 1210 100191 100191 100191 100191 6
20181106 1211 100211 100211 100211 100211 1
20181106 1217 100211 100211 100211 100211 1
20181106 1241 100191 100191 100191 100191 34
20181106 1253 100191 100191 100191 100191 3
20181106 1301 100191 100191 100191 100191 8
20181106 1303 100191 100191 100191 100191 9
20181106 1344 100269 100269 100269 100269 1
20181106 1400 100269 100269 100211 100211 32
20181106 1404 100211 100211 100211 100211 16
20181106 1419 100215 100215 100215 100215 54
20181106 1422 100215 100215 100215 100215 60
20181106 1427 100274 100274 100274 100274 3000
20181106 1428 100274 100274 100274 100274 7000
20181106 1434 100274 100274 100274 100274 6000
20181106 1459 100235 100235 100235 100235 31
20181106 1517 100289 100289 100289 100289 1
20181107 906 100279 100279 100279 100279 1
20181107 922 100259 100259 100259 100259 23
20181107 944 100259 100259 100259 100259 11
20181107 1005 100259 100259 100259 100259 34
20181107 1039 100269 100269 100269 100269 1
20181107 1041 100259 100259 100259 100259 1
20181107 1050 100259 100259 100259 100259 1
20181107 1055 100259 100259 100259 100259 70
20181107 1110 100259 100259 100259 100259 16
20181107 1111 100259 100274 100259 100259 5
20181107 1112 100259 100259 100259 100259 2840
20181107 1133 100254 100254 100254 100254 2
20181107 1211 100215 100215 100215 100215 3
20181107 1220 100206 100206 100206 100206 8
20181107 1234 100206 100206 100186 100186 17
20181107 1241 100181 100181 100181 100181 2
20181107 1307 100186 100186 100186 100186 33
20181107 1313 100206 100206 100206 100206 20
20181107 1317 100211 100211 100211 100211 3
20181107 1344 100289 100289 100289 100289 1
20181107 1437 100250 100250 100245 100245 109
20181107 1438 100245 100245 100245 100245 1
20181107 1517 100289 100289 100289 100289 1
20181108 906 100303 100303 100303 100303 1
20181108 913 100215 100215 100215 100215 2
20181108 916 100220 100220 100220 100220 19
20181108 918 100220 100220 100220 100220 4
20181108 926 100245 100245 100245 100245 25
20181108 946 100240 100240 100235 100235 70
20181108 1008 100259 100259 100259 100259 1
20181108 1011 100259 100259 100259 100259 1
20181108 1013 100289 100289 100289 100289 2
20181108 1039 100279 100279 100279 100279 1
20181108 1046 100279 100279 100279 100279 27
20181108 1056 100279 100279 100279 100279 3
20181108 1111 100328 100328 100328 100328 1
20181108 1117 100279 100279 100250 100250 62
20181108 1130 100245 100245 100245 100245 103
20181108 1158 100235 100235 100235 100235 46
20181108 1211 100313 100313 100313 100313 1
20181108 1219 100289 100289 100235 100235 2
20181108 1254 100240 100240 100235 100235 45
20181108 1257 100235 100235 100235 100235 2
20181108 1314 100245 100245 100245 100245 7
20181108 1344 100328 100328 100328 100328 1
20181108 1439 100308 100308 100308 100308 5000
20181108 1440 100308 100308 100308 100308 1000
20181108 1517 100333 100333 100333 100333 1
20181109 906 100347 100347 100347 100347 1
20181109 1039 100362 100362 100362 100362 1
20181109 1056 100333 100333 100333 100333 8000
20181109 1058 100303 100303 100274 100274 3
20181109 1059 100274 100274 100274 100274 30
20181109 1211 100367 100367 100367 100367 1
20181109 1304 100367 100367 100367 100367 24
20181109 1344 100362 100362 100362 100362 1
20181109 1349 100274 100274 100274 100274 29
20181109 1517 100347 100347 100347 100347 1
20181112 901 100259 100259 100259 100259 26
20181112 906 100377 100377 100377 100377 1
20181112 908 100377 100377 100377 100377 12
20181112 931 100313 100313 100313 100313 20
20181112 954 100308 100308 100308 100308 6
20181112 1039 100372 100372 100372 100372 1
20181112 1055 100303 100303 100303 100303 2
20181112 1101 100318 100318 100318 100318 1
20181112 1211 100333 100333 100333 100333 1
20181112 1218 100303 100303 100303 100303 11
20181112 1222 100303 100303 100294 100294 16
20181112 1344 100357 100357 100357 100357 1
20181112 1415 100303 100303 100303 100303 1
20181112 1455 100308 100308 100308 100308 14
20181112 1507 100313 100313 100313 100313 104
20181112 1517 100357 100357 100357 100357 1
20181113 906 100416 100416 100416 100416 1
20181113 913 100342 100342 100342 100342 56
20181113 940 100362 100362 100362 100362 1
20181113 1000 100362 100362 100362 100362 16
20181113 1004 100362 100362 100362 100362 7
20181113 1039 100416 100416 100416 100416 1
20181113 1211 100401 100401 100401 100401 1
20181113 1344 100372 100372 100372 100372 1
20181113 1407 100342 100342 100333 100333 3
20181113 1426 100308 100308 100308 100308 16
20181113 1517 100333 100333 100333 100333 1
20181114 906 100430 100430 100430 100430 1
20181114 912 100357 100357 100357 100357 3
20181114 953 100450 100450 100450 100450 1
20181114 1017 100450 100450 100450 100450 1
20181114 1039 100430 100430 100430 100430 1
20181114 1056 100367 100367 100367 100367 18
20181114 1212 100430 100430 100430 100430 1
20181114 1344 100430 100430 100430 100430 4
20181114 1345 100445 100445 100445 100445 1
20181114 1350 100430 100430 100430 100430 79
20181114 1445 100430 100430 100430 100430 7604
20181114 1518 100455 100455 100455 100455 1
20181115 1006 100460 100460 100460 100460 1
20181115 1037 100460 100460 100460 100460 2
20181115 1117 100406 100406 100401 100401 16
20181115 1139 100469 100469 100469 100469 1
20181115 1156 100391 100391 100391 100391 5
20181115 1312 100416 100416 100416 100416 1
20181115 1413 100381 100381 100372 100372 12
20181115 1445 100450 100450 100372 100372 2
20181115 1618 100416 100416 100416 100416 1
20181115 1620 100416 100416 100416 100416 8
20181116 906 100460 100460 100460 100460 1
20181116 937 100342 100342 100342 100342 10
20181116 939 100342 100342 100342 100342 15
20181116 1016 100367 100367 100367 100367 1
20181116 1039 100430 100430 100430 100430 1
20181116 1111 100381 100381 100381 100381 1
20181116 1212 100406 100406 100406 100406 1
20181116 1345 100435 100435 100435 100435 1
20181116 1518 100435 100435 100435 100435 1
20181119 906 100469 100469 100469 100469 1
20181119 918 100469 100469 100469 100469 49
20181119 1011 100416 100416 100416 100416 8
20181119 1039 100489 100489 100489 100489 1
20181119 1212 100435 100435 100435 100435 1
20181119 1225 100411 100411 100411 100411 9
20181119 1228 100430 100430 100430 100430 2
20181119 1233 100411 100411 100411 100411 2
20181119 1345 100489 100489 100489 100489 1
20181119 1511 100391 100391 100391 100391 15
20181119 1518 100469 100469 100469 100469 1
20181120 906 100508 100508 100508 100508 1
20181120 907 100430 100430 100430 100430 3
20181120 1002 100421 100421 100411 100411 39
20181120 1011 100455 100455 100455 100455 1
20181120 1039 100484 100484 100484 100484 1
20181120 1212 100489 100489 100489 100489 1
20181120 1233 100489 100489 100489 100489 1
20181120 1345 100489 100489 100489 100489 1
20181120 1425 100465 100465 100465 100465 4995
20181120 1426 100465 100465 100465 100465 9005
20181120 1437 100425 100425 100406 100406 13
20181120 1518 100484 100484 100484 100484 1
20181121 906 100494 100494 100494 100494 1
20181121 916 100416 100416 100416 100416 24
20181121 924 100411 100411 100411 100411 7
20181121 1039 100494 100494 100494 100494 1
20181121 1100 100411 100411 100411 100411 2
20181121 1118 100416 100416 100416 100416 4
20181121 1203 100416 100416 100416 100416 38
20181121 1212 100494 100494 100494 100494 1
20181121 1214 100416 100416 100416 100416 2
20181121 1320 100416 100416 100416 100416 1
20181121 1345 100489 100489 100489 100489 1
20181121 1346 100416 100416 100416 100416 39
20181121 1518 100489 100489 100489 100489 1
20181122 906 100513 100513 100513 100513 1
20181122 921 100508 100513 100508 100513 3
20181122 954 100474 100474 100455 100455 4
20181122 1011 100479 100479 100479 100479 1
20181122 1039 100533 100533 100533 100533 1
20181122 1118 100508 100508 100455 100455 3
20181122 1212 100513 100513 100513 100513 1
20181122 1221 100513 100513 100513 100513 1
20181122 1343 100518 100518 100518 100518 1
20181122 1345 100518 100518 100518 100518 1
20181122 1507 100513 100513 100513 100513 50
20181122 1509 100513 100513 100513 100513 8
20181122 1518 100513 100513 100513 100513 1
20181123 906 100567 100567 100567 100567 1
20181123 953 100572 100572 100508 100508 38
20181123 1039 100587 100587 100587 100587 1
20181123 1052 100587 100587 100587 100587 1
20181123 1120 100567 100567 100528 100528 11
20181123 1212 100587 100587 100587 100587 1
20181123 1218 100582 100582 100513 100513 4
20181123 1243 100513 100513 100513 100513 1
20181123 1254 100587 100587 100587 100587 1
20181123 1342 100587 100587 100587 100587 1
20181123 1345 100587 100587 100587 100587 1
20181123 1356 100577 100577 100577 100577 8000
20181123 1409 100513 100513 100513 100513 28
20181123 1423 100513 100513 100513 100513 113
20181123 1518 100587 100587 100587 100587 1
20181123 1519 100587 100587 100587 100587 21
20181126 904 100533 100533 100533 100533 11
20181126 906 100601 100601 100601 100601 1
20181126 932 100582 100582 100582 100582 1
20181126 942 100528 100528 100528 100528 1
20181126 953 100528 100528 100528 100528 19
20181126 1039 100601 100601 100601 100601 1
20181126 1211 100601 100601 100601 100601 1
20181126 1327 100523 100523 100523 100523 2
20181126 1344 100591 100591 100591 100591 1
20181126 1503 100538 100538 100538 100538 5
20181126 1517 100591 100591 100591 100591 1
20181127 906 100631 100631 100631 100631 1
20181127 934 100650 100650 100650 100650 1
20181127 1001 100572 100572 100572 100572 11
20181127 1007 100645 100645 100645 100645 3
20181127 1039 100645 100645 100645 100645 1
20181127 1059 100572 100572 100572 100572 3
20181127 1211 100645 100645 100645 100645 1
20181127 1233 100645 100645 100645 100645 4
20181127 1344 100645 100645 100645 100645 1
20181127 1411 100650 100650 100650 100650 1
20181127 1517 100650 100650 100650 100650 1
20181128 906 100665 100665 100665 100665 1
20181128 935 100650 100650 100650 100650 6020
20181128 937 100606 100606 100582 100582 14
20181128 950 100626 100626 100626 100626 5
20181128 1011 100626 100626 100582 100582 4
20181128 1039 100640 100640 100640 100640 1
20181128 1055 100582 100582 100567 100567 50
20181128 1211 100645 100645 100645 100645 1
20181128 1215 100645 100645 100645 100645 1
20181128 1344 100645 100645 100645 100645 1
20181128 1400 100645 100645 100645 100645 1
20181128 1517 100645 100645 100645 100645 1
20181129 906 100699 100699 100699 100699 1
20181129 1009 100699 100699 100679 100679 5
20181129 1010 100679 100679 100679 100679 4
20181129 1011 100679 100679 100679 100679 2
20181129 1012 100679 100679 100679 100679 2
20181129 1025 100675 100675 100675 100675 2
20181129 1039 100723 100723 100723 100723 1
20181129 1138 100675 100675 100675 100675 3
20181129 1142 100675 100675 100675 100675 1
20181129 1212 100738 100738 100738 100738 1
20181129 1214 100738 100738 100738 100738 1
20181129 1221 100738 100738 100738 100738 1
20181129 1222 100738 100738 100738 100738 1
20181129 1231 100675 100675 100675 100675 4
20181129 1232 100660 100660 100660 100660 6
20181129 1248 100738 100738 100738 100738 2
20181129 1314 100753 100753 100753 100753 1
20181129 1322 100675 100675 100675 100675 1
20181129 1337 100675 100675 100675 100675 1
20181129 1339 100753 100753 100753 100753 5
20181129 1345 100753 100753 100753 100753 1
20181129 1350 100753 100753 100753 100753 1
20181129 1351 100753 100753 100753 100753 1
20181129 1352 100753 100753 100753 100753 1
20181129 1404 100684 100684 100684 100684 1
20181129 1412 100748 100748 100743 100743 2
20181129 1434 100743 100743 100743 100743 1
20181129 1435 100738 100738 100738 100738 1
20181129 1501 100738 100738 100738 100738 2
20181129 1518 100738 100738 100738 100738 1
20181130 906 100728 100728 100728 100728 1
20181130 911 100728 100728 100728 100728 1
20181130 948 100631 100631 100631 100631 4
20181130 1038 100650 100650 100650 100650 1
20181130 1039 100728 100728 100728 100728 1
20181130 1100 100699 100699 100699 100699 1
20181130 1101 100699 100699 100699 100699 3
20181130 1211 100709 100709 100709 100709 1
20181130 1231 100709 100709 100709 100709 2
20181130 1249 100709 100709 100709 100709 10
20181130 1312 100704 100704 100704 100704 1
20181130 1344 100723 100723 100723 100723 1
20181130 1352 100743 100743 100743 100743 3
20181130 1426 100675 100748 100670 100748 3
20181130 1431 100670 100670 100670 100670 1
20181130 1436 100675 100675 100675 100675 1
20181130 1437 100748 100748 100748 100748 1
20181130 1441 100675 100675 100675 100675 1
20181130 1446 100675 100675 100675 100675 1
20181130 1448 100753 100753 100753 100753 1
20181130 1451 100675 100675 100675 100675 1
20181130 1456 100694 100694 100694 100694 1
20181130 1459 100753 100753 100753 100753 1
20181130 1501 100694 100694 100694 100694 1
20181130 1506 100684 100684 100684 100684 1
20181130 1511 100689 100753 100689 100689 3
20181130 1517 100748 100748 100748 100748 1
20181130 1518 100748 100748 100748 100748 9
20181130 1530 100748 100748 100748 100748 6
