날짜 시간 시가 고가 저가 종가 거래량
20200601 901 18765 18765 18765 18765 1
20200601 907 18745 18745 18745 18745 3
20200601 908 18805 18805 18805 18805 53
20200601 915 18795 18795 18795 18795 1
20200601 923 18805 18815 18805 18815 4
20200601 932 18815 18815 18805 18805 2
20200601 937 18805 18805 18805 18805 3
20200601 948 18805 18805 18805 18805 1
20200601 949 18805 18805 18805 18805 96
20200601 1002 18860 18860 18860 18860 1
20200601 1008 18840 18840 18840 18840 1
20200601 1017 18860 18860 18860 18860 1
20200601 1019 18860 18860 18855 18855 9
20200601 1020 18860 18860 18860 18860 3
20200601 1026 18865 18865 18865 18865 2
20200601 1027 18875 18875 18875 18875 2
20200601 1029 18880 18885 18880 18885 5
20200601 1032 18895 18895 18895 18895 5
20200601 1035 18885 18885 18885 18885 2
20200601 1039 18880 18880 18880 18880 1
20200601 1041 18880 18880 18880 18880 1
20200601 1046 18900 18900 18900 18900 2
20200601 1115 18905 18905 18905 18905 2
20200601 1117 18905 18905 18905 18905 2
20200601 1122 18890 18890 18890 18890 1
20200601 1124 18890 18890 18890 18890 1
20200601 1127 18900 18900 18900 18900 1
20200601 1128 18900 18900 18900 18900 1
20200601 1143 18905 18910 18905 18910 4
20200601 1145 18920 18920 18920 18920 6
20200601 1152 18910 18910 18910 18910 1
20200601 1155 18925 18925 18925 18925 1
20200601 1202 18930 18930 18930 18930 3
20200601 1206 18925 18925 18925 18925 2
20200601 1207 18980 18980 18980 18980 2
20200601 1209 18975 18975 18975 18975 1
20200601 1210 18975 18975 18975 18975 113
20200601 1217 18955 18955 18955 18955 50
20200601 1224 18935 18935 18935 18935 1
20200601 1252 18940 18940 18940 18940 2
20200601 1255 18930 18930 18925 18925 10
20200601 1257 18865 18865 18865 18865 1
20200601 1325 18915 18915 18900 18900 41
20200601 1334 18920 18920 18920 18920 5
20200601 1337 18950 18950 18930 18930 3
20200601 1339 18925 18925 18925 18925 1
20200601 1401 18950 18950 18950 18950 50
20200601 1403 18950 18950 18950 18950 2
20200601 1439 18945 18945 18945 18945 2
20200601 1440 18935 18935 18925 18925 139
20200601 1441 18935 18940 18935 18940 95
20200601 1442 18935 18940 18935 18935 142
20200601 1443 18925 18940 18925 18940 109
20200601 1444 18930 18935 18925 18930 113
20200601 1445 18930 18935 18925 18935 141
20200601 1446 18925 18935 18925 18935 110
20200601 1447 18925 18945 18925 18935 97
20200601 1448 18935 18935 18925 18925 141
20200601 1449 18930 18935 18925 18925 110
20200601 1450 18930 18945 18925 18945 123
20200601 1451 18935 18945 18930 18930 141
20200601 1452 18930 18940 18930 18940 110
20200601 1453 18935 18940 18935 18940 109
20200601 1454 18940 18945 18935 18935 142
20200601 1455 18950 18950 18940 18945 368
20200601 1456 18950 18955 18945 18945 109
20200601 1457 18945 18950 18945 18950 110
20200601 1458 18950 18955 18945 18955 141
20200601 1459 18950 18955 18940 18950 115
20200601 1500 18945 18950 18940 18940 127
20200601 1501 18935 18955 18935 18945 124
20200601 1502 18940 18950 18940 18950 110
20200601 1503 18950 18955 18940 18950 141
20200601 1504 18950 18950 18940 18940 110
20200601 1505 18955 18955 18940 18945 110
20200601 1506 18950 18955 18950 18950 141
20200601 1507 18960 18960 18950 18960 110
20200601 1508 18945 18955 18945 18945 109
20200601 1509 18955 18955 18945 18955 78
20200601 1510 18955 18955 18950 18950 214
20200601 1511 18945 18945 18945 18945 32
20200601 1517 18990 18990 18990 18990 1
20200601 1530 18990 18990 18990 18990 4
20200602 901 19140 19140 19140 19140 200
20200602 902 18990 18990 18985 18985 3
20200602 915 19085 19085 19085 19085 1
20200602 925 19020 19020 19020 19020 3
20200602 928 19065 19065 19065 19065 1
20200602 929 19065 19065 19065 19065 2
20200602 933 19135 19135 19135 19135 21
20200602 948 19120 19120 19120 19120 1
20200602 951 19105 19105 19105 19105 1
20200602 955 19105 19105 19105 19105 1
20200602 1000 19055 19055 19055 19055 60
20200602 1003 19065 19065 19065 19065 84
20200602 1006 19065 19065 19065 19065 84
20200602 1009 19120 19120 19120 19120 1
20200602 1012 19080 19080 19080 19080 84
20200602 1015 19115 19115 19115 19115 84
20200602 1016 19120 19120 19120 19120 83
20200602 1018 19105 19105 19105 19105 84
20200602 1021 19110 19110 19110 19110 84
20200602 1022 19140 19140 19140 19140 1
20200602 1024 19105 19105 19105 19105 84
20200602 1027 19095 19095 19095 19095 84
20200602 1030 19090 19090 19090 19090 84
20200602 1033 19100 19100 19100 19100 84
20200602 1035 19140 19140 19140 19140 4
20200602 1036 19140 19140 19140 19140 1
20200602 1039 19135 19135 19135 19135 1
20200602 1042 19105 19105 19105 19105 84
20200602 1045 19120 19120 19120 19120 84
20200602 1048 19105 19135 19105 19135 85
20200602 1051 19080 19080 19080 19080 84
20200602 1054 19045 19045 19045 19045 84
20200602 1057 19075 19075 19075 19075 84
20200602 1100 19055 19055 19055 19055 84
20200602 1103 19095 19095 19095 19095 1
20200602 1107 19080 19080 19080 19080 84
20200602 1109 19070 19070 19070 19070 84
20200602 1112 19065 19065 19065 19065 84
20200602 1115 19095 19095 19065 19065 85
20200602 1118 19070 19070 19070 19070 84
20200602 1119 19060 19060 19060 19060 247
20200602 1121 19070 19070 19070 19070 84
20200602 1124 19060 19060 19060 19060 84
20200602 1127 19075 19075 19075 19075 84
20200602 1129 19130 19130 19130 19130 3
20200602 1130 19120 19120 19120 19120 1
20200602 1131 19120 19120 19075 19075 84
20200602 1155 19160 19160 19160 19160 1
20200602 1156 19155 19155 19155 19155 1
20200602 1208 19160 19160 19160 19160 5
20200602 1209 19160 19160 19160 19160 1
20200602 1221 19160 19160 19160 19160 1
20200602 1222 19160 19160 19160 19160 1
20200602 1225 19160 19160 19160 19160 1
20200602 1232 19160 19160 19160 19160 60
20200602 1235 19160 19160 19160 19160 1
20200602 1249 19145 19145 19145 19145 1
20200602 1250 19100 19100 19100 19100 22
20200602 1302 19155 19155 19155 19155 1
20200602 1312 19100 19100 19100 19100 5
20200602 1315 19160 19160 19160 19160 1
20200602 1323 19105 19105 19105 19105 10
20200602 1329 19130 19130 19130 19130 1
20200602 1341 19095 19095 19095 19095 4
20200602 1343 19145 19145 19145 19145 1
20200602 1345 19145 19145 19145 19145 1
20200602 1349 19130 19130 19130 19130 1
20200602 1356 19125 19125 19125 19125 1
20200602 1409 19145 19145 19145 19145 1
20200602 1422 19145 19145 19145 19145 1
20200602 1427 19145 19145 19145 19145 4
20200602 1435 19160 19160 19160 19160 1
20200602 1448 19160 19160 19160 19160 70
20200602 1502 19185 19185 19185 19185 1
20200602 1506 19185 19185 19185 19185 5
20200602 1519 19190 19190 19190 19190 1
20200602 1520 19185 19185 19185 19185 1
20200602 1530 19195 19195 19195 19195 3
