날짜 시간 시가 고가 저가 종가 거래량
20190801 901 13590 13590 13590 13590 10
20190801 925 13550 13550 13550 13550 9
20190801 928 13540 13540 13540 13540 20
20190801 1128 13665 13665 13665 13665 10
20190801 1230 13640 13640 13640 13640 2
20190801 1315 13610 13610 13610 13610 4
20190801 1319 13600 13600 13600 13600 8
20190801 1530 13595 13595 13595 13595 7
20190802 901 13460 13460 13460 13460 2
20190802 912 13425 13425 13425 13425 30
20190802 1010 13420 13420 13420 13420 6
20190802 1017 13420 13420 13420 13420 4
20190802 1019 13415 13415 13390 13390 44
20190805 902 13385 13385 13385 13385 8
20190805 916 13340 13340 13340 13340 30
20190805 919 13305 13305 13305 13305 7
20190805 931 13300 13300 13300 13300 5
20190805 935 13295 13295 13295 13295 11
20190805 953 13290 13290 13290 13290 4
20190805 954 13290 13290 13290 13290 5
20190805 956 13290 13290 13290 13290 26
20190805 1014 13295 13295 13295 13295 20
20190805 1034 13230 13230 13230 13230 11
20190805 1038 13190 13190 13190 13190 38
20190805 1056 13200 13200 13200 13200 6
20190805 1116 13195 13195 13195 13195 12
20190805 1117 13190 13190 13190 13190 115
20190805 1121 13185 13185 13185 13185 125
20190805 1127 13180 13180 13175 13175 20
20190805 1223 13175 13175 13175 13175 1
20190805 1224 13160 13160 13160 13160 10
20190805 1225 13155 13155 13155 13155 4
20190805 1227 13150 13150 13150 13150 16
20190805 1229 13145 13145 13140 13140 62
20190805 1453 13160 13160 13160 13160 1
20190805 1459 13160 13160 13160 13160 2
20190806 912 12855 12855 12855 12855 15
20190806 937 12950 12950 12950 12950 104
20190806 952 12935 12935 12935 12935 1
20190806 1316 13115 13115 13115 13115 11
20190806 1317 13110 13110 13110 13110 12
20190806 1318 13100 13100 13100 13100 12
20190806 1319 13100 13100 13100 13100 12
20190806 1321 13090 13090 13090 13090 12
20190806 1322 13095 13095 13095 13095 12
20190806 1323 13100 13100 13100 13100 12
20190806 1324 13090 13090 13090 13090 12
20190806 1326 13075 13075 13075 13075 12
20190806 1327 13065 13065 13065 13065 12
20190806 1328 13055 13055 13055 13055 15
20190806 1329 13065 13065 13065 13065 12
20190806 1330 13070 13070 13070 13070 12
20190806 1332 13075 13075 13075 13075 12
20190806 1333 13065 13065 13065 13065 12
20190806 1334 13055 13055 13055 13055 12
20190806 1335 13045 13045 13045 13045 12
20190806 1337 13035 13035 13035 13035 12
20190806 1338 13025 13025 13025 13025 12
20190806 1339 13020 13020 13020 13020 12
20190806 1340 13020 13020 13020 13020 11
20190806 1342 13035 13035 13035 13035 12
20190806 1343 13030 13030 13030 13030 12
20190806 1344 13010 13010 13010 13010 12
20190806 1345 13015 13015 13015 13015 12
20190806 1347 13005 13005 13005 13005 12
20190806 1348 13010 13010 13010 13010 12
20190806 1349 13010 13010 13010 13010 12
20190806 1350 13005 13005 13005 13005 12
20190806 1351 13000 13000 13000 13000 12
20190806 1353 13010 13010 13010 13010 12
20190806 1354 13010 13010 13010 13010 12
20190806 1355 13015 13015 13015 13015 12
20190806 1356 13040 13040 13040 13040 12
20190806 1358 13030 13030 13030 13030 12
20190806 1359 13020 13020 13020 13020 12
20190806 1400 13010 13010 13010 13010 12
20190806 1401 13020 13020 13020 13020 12
20190806 1403 13020 13020 13020 13020 12
20190806 1404 13025 13025 13025 13025 12
20190806 1405 13020 13020 13020 13020 11
20190806 1406 13025 13025 13025 13025 12
20190806 1407 13020 13020 13020 13020 12
20190806 1409 13005 13005 13005 13005 12
20190806 1410 13005 13005 13005 13005 12
20190806 1411 13010 13010 13010 13010 12
20190806 1412 13025 13025 13025 13025 12
20190806 1414 13015 13015 13015 13015 12
20190806 1415 13025 13025 13025 13025 12
20190806 1416 13020 13020 13020 13020 12
20190806 1417 13030 13030 13030 13030 12
20190806 1419 13015 13015 13015 13015 12
20190806 1420 13020 13020 13020 13020 12
20190806 1421 13015 13015 13015 13015 12
20190806 1422 13015 13015 13015 13015 12
20190806 1424 13020 13020 13020 13020 12
20190806 1425 13030 13030 13030 13030 12
20190806 1426 13035 13035 13035 13035 12
20190806 1427 13055 13055 13055 13055 12
20190806 1428 13060 13060 13060 13060 12
20190806 1430 13065 13065 13065 13065 11
20190806 1431 13050 13050 13045 13045 122
20190806 1432 13040 13040 13040 13040 12
20190806 1433 13030 13030 13030 13030 12
20190806 1435 13025 13025 13025 13025 12
20190806 1436 13035 13035 13035 13035 12
20190806 1437 13010 13010 13010 13010 12
20190806 1438 13005 13005 13005 13005 12
20190806 1440 13010 13010 13010 13010 12
20190806 1441 13010 13010 13010 13010 12
20190806 1442 13005 13005 13005 13005 12
20190806 1443 13010 13010 13005 13005 13
20190806 1444 12995 12995 12995 12995 12
20190806 1446 12990 12990 12990 12990 12
20190806 1447 12990 12990 12990 12990 12
20190806 1448 12985 12985 12985 12985 12
20190806 1449 12985 12985 12985 12985 12
20190806 1451 12975 12975 12975 12975 15
20190806 1452 12980 12980 12980 12980 12
20190806 1453 12985 12985 12985 12985 12
20190806 1454 12990 12990 12990 12990 11
20190806 1456 12980 12980 12980 12980 12
20190806 1457 12975 12975 12975 12975 12
20190806 1458 12970 12970 12970 12970 12
20190806 1459 12980 12980 12980 12980 12
20190806 1501 12985 12985 12985 12985 12
20190806 1502 12980 12980 12980 12980 12
20190806 1503 12985 12985 12985 12985 12
20190806 1504 12990 12990 12990 12990 12
20190806 1506 12995 12995 12995 12995 12
20190806 1507 12985 12985 12985 12985 12
20190806 1508 12980 12980 12980 12980 12
20190806 1509 12975 12975 12975 12975 12
20190806 1511 12975 12975 12975 12975 12
20190806 1512 12975 12975 12975 12975 12
20190806 1513 12970 12970 12970 12970 12
20190806 1514 12970 12970 12970 12970 12
20190806 1516 12970 12970 12970 12970 12
20190806 1517 12975 12975 12975 12975 12
20190806 1518 12970 12970 12970 12970 12
20190806 1520 12955 12955 12955 12955 3
20190806 1530 12975 12975 12975 12975 21
20190807 901 13030 13040 13030 13040 3
20190807 902 13025 13025 13025 13025 7577
20190807 903 13020 13020 13020 13020 15
20190807 905 13020 13020 13020 13020 1
20190807 912 12975 12975 12975 12975 30
20190807 1016 12970 12970 12970 12970 10
20190807 1050 12935 12935 12935 12935 10
20190807 1053 12935 12935 12935 12935 1
20190807 1103 12935 12935 12920 12920 17
20190807 1105 12920 12920 12920 12920 35
20190807 1108 12915 12915 12915 12915 10
20190807 1122 12910 12910 12905 12905 20
20190807 1134 12895 12895 12895 12895 1
20190807 1142 12860 12860 12860 12860 5
20190807 1209 12865 12865 12865 12865 10
20190807 1210 12860 12860 12860 12860 10
20190807 1211 12855 12855 12855 12855 10
20190807 1213 12850 12850 12845 12845 23
20190807 1514 12880 12880 12880 12880 10
20190807 1530 12895 12895 12895 12895 8
20190808 941 12955 12955 12955 12955 2
20190808 954 12930 12930 12930 12930 3
20190808 1110 13000 13000 13000 13000 500
20190808 1117 13000 13000 13000 13000 1
20190808 1517 12950 12950 12950 12950 15000
20190808 1520 12940 12940 12940 12940 10000
20190808 1530 12950 12950 12950 12950 10000
20190809 1317 13060 13060 13060 13060 1
20190812 1040 13085 13085 13085 13085 75
20190813 1351 12955 12955 12955 12955 82
20190813 1352 12960 12960 12955 12955 164
20190813 1353 12955 12955 12955 12955 82
20190813 1354 12955 12955 12955 12955 82
20190813 1355 12955 12955 12955 12955 82
20190813 1356 12955 12955 12955 12955 82
20190813 1357 12955 12955 12955 12955 82
20190813 1358 12955 12955 12955 12955 82
20190813 1359 12955 12955 12955 12955 164
20190813 1400 12955 12955 12955 12955 82
20190813 1401 12950 12950 12950 12950 82
20190813 1402 12955 12955 12955 12955 82
20190813 1403 12955 12955 12955 12955 82
20190813 1404 12955 12955 12955 12955 82
20190813 1405 12960 12960 12960 12960 82
20190813 1406 12960 12960 12960 12960 82
20190813 1407 12960 12960 12960 12960 164
20190813 1408 12955 12955 12955 12955 82
20190813 1409 12955 12955 12955 12955 82
20190813 1410 12955 12955 12955 12955 82
20190813 1411 12955 12955 12955 12955 82
20190813 1412 12955 12955 12955 12955 82
20190813 1413 12955 12955 12955 12955 82
20190813 1414 12955 12955 12950 12950 164
20190813 1415 12950 12950 12950 12950 82
20190813 1416 12945 12945 12945 12945 82
20190813 1417 12945 12945 12945 12945 82
20190813 1418 12945 12945 12945 12945 82
20190813 1419 12950 12950 12950 12950 82
20190813 1420 12950 12950 12950 12950 82
20190813 1421 12950 12950 12950 12950 82
20190813 1422 12945 12945 12945 12945 164
20190813 1423 12945 12945 12945 12945 82
20190813 1424 12945 12945 12945 12945 82
20190813 1425 12945 12945 12945 12945 82
20190813 1426 12945 12945 12945 12945 82
20190813 1427 12940 12940 12940 12940 82
20190813 1428 12945 12945 12945 12945 82
20190813 1429 12945 12945 12945 12945 82
20190813 1430 12940 12940 12930 12930 164
20190813 1431 12935 12935 12935 12935 82
20190813 1432 12940 12940 12940 12940 10082
20190813 1433 12940 12940 12940 12940 82
20190813 1434 12940 12940 12940 12940 82
20190813 1435 12935 12935 12935 12935 82
20190813 1436 12935 12935 12935 12935 82
20190813 1437 12935 12935 12935 12935 82
20190813 1438 12930 12930 12930 12930 82
20190813 1439 12930 12935 12930 12935 164
20190813 1440 12935 12935 12935 12935 82
20190813 1441 12935 12935 12935 12935 82
20190813 1442 12940 12940 12940 12940 82
20190813 1443 12935 12935 12935 12935 82
20190813 1444 12930 12930 12930 12930 82
20190813 1445 12935 12935 12935 12935 82
20190813 1446 12935 12935 12935 12935 82
20190813 1447 12930 12930 12930 12930 82
20190813 1448 12930 12930 12925 12925 164
20190813 1449 12935 12935 12935 12935 82
20190813 1450 12940 12940 12940 12940 82
20190813 1451 12940 12940 12940 12940 82
20190813 1452 12940 12940 12940 12940 82
20190813 1453 12935 12935 12935 12935 82
20190813 1454 12935 12935 12935 12935 82
20190813 1455 12935 12935 12935 12935 82
20190813 1456 12935 12935 12935 12935 82
20190813 1457 12935 12935 12935 12935 164
20190813 1458 12940 12940 12940 12940 82
20190813 1459 12940 12940 12940 12940 82
20190813 1500 12940 12940 12940 12940 82
20190813 1501 12940 12940 12940 12940 82
20190813 1502 12940 12940 12940 12940 82
20190813 1503 12940 12940 12940 12940 82
20190813 1504 12945 12945 12945 12945 82
20190813 1505 12945 12945 12945 12945 82
20190813 1506 12950 12950 12950 12950 164
20190813 1507 12945 12945 12945 12945 82
20190813 1508 12945 12945 12945 12945 82
20190813 1509 12945 12945 12945 12945 82
20190813 1510 12940 12940 12940 12940 82
20190813 1511 12945 12945 12945 12945 82
20190813 1512 12940 12940 12940 12940 82
20190813 1513 12940 12940 12940 12940 82
20190813 1514 12935 12935 12935 12935 82
20190813 1515 12935 12935 12935 12935 164
20190813 1516 12935 12935 12935 12935 82
20190813 1517 12935 12935 12935 12935 82
20190813 1518 12935 12935 12935 12935 82
20190813 1519 12930 12930 12930 12930 82
20190813 1530 12935 12935 12935 12935 76
20190814 1247 13030 13030 13030 13030 10
20190814 1248 13030 13030 13030 13030 2
20190814 1401 13045 13045 13045 13045 5
20190814 1402 13045 13045 13045 13045 5
20190814 1403 13045 13045 13045 13045 5
20190814 1404 13040 13040 13035 13035 10
20190814 1405 13035 13035 13035 13035 5
20190814 1406 13035 13035 13035 13035 5
20190814 1407 13030 13030 13030 13030 5
20190814 1408 13035 13035 13035 13035 10
20190814 1409 13035 13035 13035 13035 5
20190814 1410 13035 13035 13035 13035 5
20190814 1411 13035 13035 13035 13035 10
20190814 1412 13035 13035 13035 13035 5
20190814 1413 13035 13035 13035 13035 5
20190814 1414 13030 13030 13030 13030 5
20190814 1415 13030 13030 13025 13025 10
20190814 1416 13030 13030 13030 13030 5
20190814 1417 13030 13030 13030 13030 5
20190814 1418 13030 13030 13030 13030 5
20190814 1419 13035 13035 13030 13030 10
20190814 1420 13035 13035 13035 13035 5
20190814 1421 13035 13035 13035 13035 5
20190814 1422 13030 13030 13030 13030 10
20190814 1423 13025 13025 13025 13025 5
20190814 1424 13020 13020 13020 13020 5
20190814 1425 13020 13020 13020 13020 5
20190814 1426 13020 13025 13020 13025 10
20190814 1427 13025 13025 13025 13025 5
20190814 1428 13020 13020 13020 13020 5
20190814 1429 13020 13020 13020 13020 10
20190814 1430 13020 13020 13020 13020 5
20190814 1431 13020 13020 13020 13020 5
20190814 1432 13020 13020 13020 13020 5
20190814 1433 13015 13020 13015 13020 10
20190814 1434 13020 13020 13020 13020 5
20190814 1435 13020 13020 13020 13020 5
20190814 1436 13015 13015 13015 13015 5
20190814 1437 13015 13015 13015 13015 10
20190814 1438 13020 13020 13020 13020 5
20190814 1439 13015 13015 13015 13015 5
20190814 1440 13010 13010 13010 13010 10
20190814 1441 13010 13010 13010 13010 5
20190814 1442 13015 13015 13015 13015 5
20190814 1443 13015 13015 13015 13015 5
20190814 1444 13020 13020 13020 13020 10
20190814 1445 13015 13015 13015 13015 5
20190814 1446 13020 13020 13020 13020 5
20190814 1447 13025 13025 13025 13025 10
20190814 1448 13030 13030 13030 13030 5
20190814 1449 13030 13030 13030 13030 5
20190814 1450 13030 13030 13030 13030 5
20190814 1451 13030 13030 13025 13025 10
20190814 1452 13030 13030 13030 13030 5
20190814 1453 13025 13025 13025 13025 5
20190814 1454 13025 13025 13025 13025 5
20190814 1455 13020 13020 13020 13020 10
20190814 1456 13020 13020 13020 13020 5
20190814 1457 13020 13020 13020 13020 5
20190814 1458 13020 13020 13015 13015 10
20190814 1459 13015 13015 13015 13015 5
20190814 1500 13020 13020 13020 13020 5
20190814 1501 13020 13020 13020 13020 5
20190814 1502 13020 13025 13020 13025 10
20190814 1503 13015 13015 13015 13015 5
20190814 1504 13015 13015 13015 13015 5
20190814 1505 13015 13015 13015 13015 5
20190814 1506 13020 13020 13015 13015 10
20190814 1507 13015 13015 13015 13015 5
20190814 1508 13015 13015 13015 13015 5
20190814 1509 13015 13015 13015 13015 10
20190814 1510 13020 13020 13020 13020 5
20190814 1511 13020 13020 13020 13020 5
20190814 1512 13020 13020 13020 13020 5
20190814 1513 13020 13020 13020 13020 10
20190814 1514 13025 13025 13025 13025 5
20190814 1515 13025 13025 13025 13025 5
20190814 1517 13030 13030 13030 13030 10
20190814 1518 13025 13025 13025 13025 10
20190814 1519 13030 13030 13030 13030 4
20190814 1530 13020 13020 13020 13020 1
20190816 901 12970 12970 12970 12970 10000
20190816 938 12865 12865 12865 12865 1
20190816 939 12855 12855 12855 12855 1
20190816 1530 12970 12970 12970 12970 100
20190819 902 13055 13055 13055 13055 1
20190819 904 13040 13040 13040 13040 10
20190819 922 13020 13020 13020 13020 24
20190819 923 13020 13020 13020 13020 6
20190819 1207 13070 13070 13070 13070 3
20190819 1335 13045 13045 13045 13045 76
20190819 1418 13045 13045 13045 13045 1
20190819 1530 13065 13065 13065 13065 8
20190820 1143 13110 13110 13110 13110 1
20190820 1357 13165 13165 13165 13165 2
20190820 1530 13185 13185 13185 13185 22
20190821 1308 13190 13190 13190 13190 1
20190821 1359 13180 13180 13180 13180 88
20190821 1400 13185 13185 13185 13185 20
20190821 1401 13185 13185 13185 13185 6
20190821 1530 13215 13215 13215 13215 7
20190822 901 13215 13215 13215 13215 3
20190822 1242 13135 13135 13135 13135 50
20190822 1530 13110 13110 13110 13110 47
20190823 1207 13110 13110 13110 13110 1
20190823 1530 13095 13095 13095 13095 31
20190826 901 12925 12925 12925 12925 3
20190826 945 12875 12875 12875 12875 4
20190826 949 12865 12865 12865 12865 1
20190826 1040 12875 12875 12875 12875 36
20190826 1120 12870 12870 12870 12870 71
20190826 1341 12905 12905 12905 12905 1
20190826 1406 12905 12905 12905 12905 1
20190826 1457 12905 12905 12905 12905 12
20190826 1530 12905 12905 12905 12905 8
20190827 1349 12975 12975 12975 12975 1
20190827 1530 12950 12950 12950 12950 63
20190828 944 12975 12975 12975 12975 50
20190828 948 12975 12975 12975 12975 50
20190828 1002 12990 12990 12990 12990 10
20190828 1005 13000 13000 13000 13000 10
20190828 1008 13010 13010 13010 13010 10
20190828 1011 13005 13005 13005 13005 10
20190828 1014 13010 13010 13010 13010 10
20190828 1017 13010 13010 13010 13010 10
20190828 1021 13030 13030 13030 13030 10
20190828 1024 13030 13030 13030 13030 10
20190828 1027 13050 13050 13050 13050 10
20190828 1030 13050 13050 13050 13050 10
20190828 1032 13045 13045 13045 13045 1
20190828 1033 13050 13050 13050 13050 10
20190828 1036 13075 13075 13075 13075 10
20190828 1040 13055 13055 13055 13055 10
20190828 1043 13020 13020 13020 13020 10
20190828 1046 13015 13015 13015 13015 10
20190828 1049 13020 13020 13020 13020 10
20190828 1052 13015 13015 13015 13015 10
20190828 1055 13015 13015 13015 13015 10
20190828 1059 13020 13020 13020 13020 10
20190828 1102 13025 13025 13025 13025 10
20190828 1105 13025 13025 13025 13025 10
20190828 1108 13030 13030 13030 13030 10
20190828 1111 13030 13030 13030 13030 10
20190828 1114 13025 13025 13025 13025 10
20190828 1118 13030 13030 13030 13030 10
20190828 1121 13010 13010 13010 13010 9
20190828 1124 13010 13010 13010 13010 10
20190828 1127 13015 13015 13015 13015 10
20190828 1130 13010 13010 13010 13010 10
20190828 1133 13015 13015 13015 13015 10
20190828 1137 13010 13010 13010 13010 10
20190828 1140 13005 13005 13005 13005 10
20190828 1143 13005 13005 13005 13005 10
20190828 1146 13010 13010 13010 13010 10
20190828 1149 13015 13015 13015 13015 10
20190828 1152 13010 13010 13010 13010 10
20190828 1156 13015 13015 13015 13015 10
20190828 1159 13005 13005 13005 13005 10
20190828 1202 13005 13005 13005 13005 10
20190828 1205 13000 13000 13000 13000 10
20190828 1208 13000 13000 13000 13000 10
20190828 1211 12995 12995 12995 12995 10
20190828 1215 13000 13000 13000 13000 10
20190828 1218 13005 13005 13005 13005 10
20190828 1221 13005 13005 13005 13005 10
20190828 1224 13005 13005 13005 13005 10
20190828 1227 13010 13010 13010 13010 10
20190828 1230 13010 13010 13010 13010 10
20190828 1234 13020 13020 13020 13020 10
20190828 1237 13020 13020 13020 13020 10
20190828 1240 13020 13020 13020 13020 10
20190828 1243 13020 13020 13020 13020 10
20190828 1246 13020 13020 13020 13020 10
20190828 1249 13020 13020 13020 13020 10
20190828 1253 13020 13020 13020 13020 10
20190828 1256 13025 13025 13025 13025 10
20190828 1259 13025 13025 13025 13025 10
20190828 1302 13025 13025 13025 13025 10
20190828 1305 13030 13030 13030 13030 10
20190828 1308 13035 13035 13035 13035 10
20190828 1312 13035 13035 13035 13035 10
20190828 1315 13035 13035 13035 13035 10
20190828 1318 13030 13030 13030 13030 10
20190828 1321 13030 13030 13030 13030 10
20190828 1324 13030 13030 13030 13030 10
20190828 1327 13035 13035 13035 13035 10
20190828 1331 13030 13030 13030 13030 10
20190828 1334 13030 13030 13030 13030 10
20190828 1337 13030 13030 13030 13030 10
20190828 1340 13030 13030 13030 13030 10
20190828 1343 13025 13025 13025 13025 10
20190828 1346 13030 13030 13030 13030 10
20190828 1350 13030 13030 13030 13030 10
20190828 1353 13040 13040 13040 13040 10
20190828 1356 13040 13040 13040 13040 10
20190828 1359 13040 13040 13040 13040 9
20190828 1402 13045 13045 13045 13045 10
20190828 1405 13045 13045 13045 13045 10
20190828 1409 13050 13050 13050 13050 10
20190828 1412 13040 13040 13040 13040 10
20190828 1415 13045 13045 13045 13045 10
20190828 1418 13045 13045 13045 13045 10
20190828 1421 13045 13045 13045 13045 10
20190828 1424 13045 13045 13045 13045 10
20190828 1428 13045 13045 13035 13035 46
20190828 1431 13045 13045 13045 13045 10
20190828 1434 13060 13060 13060 13060 10
20190828 1437 13080 13080 13080 13080 10
20190828 1440 13070 13070 13070 13070 10
20190828 1443 13075 13075 13075 13075 10
20190828 1447 13075 13075 13075 13075 10
20190828 1450 13070 13070 13070 13070 10
20190828 1453 13065 13065 13065 13065 10
20190828 1456 13065 13065 13065 13065 10
20190828 1459 13065 13065 13065 13065 10
20190828 1502 13060 13060 13060 13060 10
20190828 1506 13060 13060 13060 13060 10
20190828 1509 13065 13065 13065 13065 10
20190828 1512 13060 13060 13060 13060 10
20190828 1516 13060 13060 13060 13060 10
20190828 1530 13060 13060 13060 13060 2
20190829 1018 13015 13015 13015 13015 2
20190829 1034 13010 13010 13010 13010 2
20190829 1101 13010 13010 13010 13010 2
20190829 1124 13005 13005 13005 13005 2
20190829 1125 13005 13005 13005 13005 1
20190829 1409 13055 13055 13055 13055 9
20190829 1512 13010 13010 13010 13010 10
20190829 1513 13005 13005 13005 13005 5
20190829 1514 13005 13005 13005 13005 6
20190829 1530 13005 13005 13005 13005 76
20190830 901 13150 13150 13150 13150 118
20190830 919 13160 13160 13160 13160 10000
20190830 959 13170 13170 13170 13170 10
20190830 1048 13220 13220 13220 13220 151
20190830 1440 13240 13240 13240 13240 88
