날짜 시간 시가 고가 저가 종가 거래량
20191202 904 21307 21307 21307 21307 1
20191202 911 21342 21342 21342 21342 4
20191202 912 21372 21372 21372 21372 2
20191202 913 21372 21372 21372 21372 1
20191202 930 21352 21352 21352 21352 4
20191202 958 21312 21312 21312 21312 4
20191202 1001 21322 21322 21322 21322 4
20191202 1004 21302 21302 21302 21302 8
20191202 1010 21302 21302 21302 21302 2
20191202 1014 21282 21282 21282 21282 4
20191202 1030 21272 21272 21272 21272 4
20191202 1040 21257 21257 21257 21257 8
20191202 1047 21262 21272 21262 21272 8
20191202 1104 21252 21252 21252 21252 8
20191202 1107 21262 21262 21262 21262 8
20191202 1114 21262 21262 21262 21262 4
20191202 1115 21272 21272 21272 21272 4
20191202 1121 21282 21282 21282 21282 4
20191202 1134 21292 21292 21292 21292 1
20191202 1138 21282 21282 21282 21282 4
20191202 1144 21292 21292 21292 21292 3
20191202 1145 21292 21292 21292 21292 4
20191202 1153 21292 21292 21292 21292 4
20191202 1205 21292 21292 21292 21292 4
20191202 1210 21292 21292 21292 21292 4
20191202 1222 21292 21292 21292 21292 4
20191202 1223 21292 21292 21292 21292 4
20191202 1231 21292 21292 21292 21292 4
20191202 1243 21282 21282 21282 21282 1
20191202 1245 21292 21292 21292 21292 1
20191202 1248 21282 21282 21282 21282 1
20191202 1253 21282 21282 21282 21282 10
20191202 1302 21272 21272 21272 21272 4
20191202 1309 21272 21272 21272 21272 4
20191202 1312 21282 21282 21282 21282 4
20191202 1320 21277 21277 21277 21277 11
20191202 1340 21252 21252 21252 21252 4
20191202 1356 21242 21242 21242 21242 4
20191202 1357 21252 21252 21252 21252 4
20191202 1402 21242 21242 21242 21242 8
20191202 1404 21252 21252 21252 21252 4
20191202 1418 21242 21242 21242 21242 4
20191202 1441 21222 21222 21222 21222 4
20191202 1449 21222 21222 21222 21222 4
20191202 1458 21217 21217 21217 21217 4
20191202 1459 21222 21222 21222 21222 4
20191202 1504 21222 21222 21222 21222 4
20191202 1513 21222 21222 21222 21222 4
20191202 1516 21232 21232 21232 21232 4
20191203 904 21053 21053 21053 21053 1
20191203 924 21013 21013 21013 21013 1
20191203 1031 21078 21078 21078 21078 1
20191203 1033 21068 21068 21068 21068 1
20191203 1138 21083 21083 21083 21083 1
20191203 1257 21158 21158 21158 21158 1
20191203 1319 21173 21173 21173 21173 32
20191203 1343 21178 21178 21178 21178 1
20191203 1354 21178 21178 21178 21178 1
20191203 1403 21178 21178 21178 21178 1
20191203 1416 21168 21168 21168 21168 11
20191203 1426 21178 21178 21178 21178 1
20191203 1440 21178 21178 21178 21178 17
20191203 1441 21183 21183 21183 21183 1
20191203 1444 21178 21178 21178 21178 9
20191203 1512 21188 21188 21188 21188 1
20191203 1530 21173 21173 21173 21173 5
20191204 904 21048 21048 21048 21048 1
20191204 911 21038 21038 21033 21033 4
20191204 956 21043 21043 21043 21043 1
20191204 1000 21033 21033 21033 21033 1
20191204 1007 21038 21038 21038 21038 14
20191204 1010 21003 21003 21003 21003 1
20191204 1014 20993 20993 20993 20993 1
20191204 1015 20983 20983 20983 20983 1
20191204 1023 20983 20983 20983 20983 25
20191204 1024 20983 20983 20983 20983 7
20191204 1026 20973 20973 20973 20973 21
20191204 1052 20993 20993 20993 20993 1
20191204 1053 20993 20993 20983 20983 2
20191204 1059 20978 20978 20978 20978 24
20191204 1104 20973 20973 20963 20963 3
20191204 1112 20968 20968 20968 20968 1
20191204 1127 20968 20968 20968 20968 1
20191204 1137 20958 20958 20958 20958 1
20191204 1139 20963 20963 20963 20963 1
20191204 1147 20963 20963 20963 20963 1
20191204 1149 20953 20953 20953 20953 1
20191204 1151 20948 20948 20948 20948 1
20191204 1202 20943 20943 20943 20943 1
20191204 1206 20933 20933 20933 20933 1
20191204 1247 20968 20968 20968 20968 13
20191204 1310 20988 20988 20988 20988 1
20191204 1406 21018 21018 21018 21018 1
20191204 1426 21033 21033 21033 21033 2
20191204 1428 21028 21028 21028 21028 1
20191204 1437 21033 21033 21033 21033 1
20191204 1440 21033 21033 21033 21033 4
20191204 1448 21028 21028 21028 21028 11
20191204 1457 21028 21028 21028 21028 1
20191204 1500 21018 21018 21018 21018 1
20191204 1503 21008 21008 21008 21008 1
20191204 1504 20998 20998 20998 20998 1
20191204 1530 21033 21033 21033 21033 3
20191205 902 21098 21098 21098 21098 1
20191205 932 21098 21098 21098 21098 1
20191205 942 21093 21093 21093 21093 16
20191205 1016 21078 21078 21078 21078 1
20191205 1031 21043 21043 21043 21043 1
20191205 1043 21043 21043 21043 21043 1
20191205 1045 21043 21043 21043 21043 18
20191205 1104 21013 21013 21013 21013 1
20191205 1105 21023 21023 21023 21023 1
20191205 1109 21023 21033 21023 21033 2
20191205 1145 20983 20983 20978 20978 4
20191205 1153 20978 20978 20978 20978 1
20191205 1255 20883 20883 20883 20883 1
20191205 1256 20893 20893 20893 20893 1
20191205 1259 20913 20913 20913 20913 1
20191205 1308 20903 20903 20903 20903 1
20191205 1312 20913 20913 20913 20913 1
20191205 1314 20913 20913 20913 20913 1
20191205 1315 20923 20923 20923 20923 1
20191205 1317 20933 20933 20933 20933 1
20191205 1320 20943 20943 20943 20943 1
20191205 1321 20943 20943 20943 20943 1
20191205 1322 20953 20953 20953 20953 1
20191205 1342 20938 20938 20938 20938 1
20191205 1354 20938 20938 20938 20938 2
20191205 1401 20938 20938 20938 20938 1
20191205 1407 20938 20938 20938 20938 1
20191205 1414 20938 20938 20933 20933 14
20191205 1442 20908 20908 20908 20908 1
20191205 1443 20918 20928 20918 20928 2
20191205 1447 20928 20928 20928 20928 1
20191205 1453 20928 20928 20928 20928 1
20191205 1457 20928 20928 20928 20928 5
20191205 1500 20928 20928 20928 20928 1
20191205 1502 20938 20938 20938 20938 1
20191205 1506 20938 20938 20938 20938 1
20191205 1513 20938 20938 20938 20938 1
20191205 1514 20938 20938 20938 20938 3
20191206 1012 21133 21133 21133 21133 1
20191206 1016 21143 21143 21143 21143 27
20191206 1036 21133 21133 21133 21133 1
20191206 1043 21133 21133 21123 21123 2
20191206 1050 21123 21123 21123 21123 1
20191206 1054 21113 21113 21103 21103 2
20191206 1112 21103 21103 21103 21103 11
20191206 1136 21103 21103 21103 21103 1
20191206 1144 21103 21103 21103 21103 1
20191206 1158 21093 21093 21088 21088 32
20191206 1214 21103 21103 21103 21103 1
20191206 1218 21103 21103 21103 21103 9
20191206 1220 21093 21093 21083 21083 25
20191206 1221 21083 21083 21083 21083 30
20191206 1253 21103 21103 21103 21103 2
20191206 1332 21138 21138 21138 21138 1
20191206 1358 21138 21138 21138 21138 1
20191206 1402 21128 21128 21128 21128 12
20191206 1403 21118 21118 21118 21118 1
20191206 1426 21128 21128 21128 21128 1
20191206 1434 21118 21118 21118 21118 1
20191206 1435 21108 21108 21108 21108 1
20191206 1502 21138 21138 21138 21138 7
20191206 1530 21183 21183 21183 21183 4
20191209 901 21267 21267 21267 21267 1
20191209 930 21208 21217 21208 21217 2
20191209 957 21208 21208 21208 21208 1
20191209 1015 21198 21198 21198 21198 1
20191209 1018 21198 21198 21198 21198 1
20191209 1019 21208 21217 21208 21217 2
20191209 1020 21227 21227 21227 21227 1
20191209 1035 21237 21237 21237 21237 1
20191209 1059 21217 21217 21217 21217 1
20191209 1100 21227 21237 21227 21237 10
20191209 1101 21247 21247 21247 21247 2
20191209 1103 21257 21257 21257 21257 24
20191209 1104 21257 21257 21257 21257 11
20191209 1106 21262 21262 21262 21262 1
20191209 1107 21262 21262 21262 21262 34
20191209 1110 21267 21267 21267 21267 35
20191209 1114 21252 21252 21252 21252 1
20191209 1118 21272 21272 21272 21272 35
20191209 1121 21252 21252 21252 21252 34
20191209 1122 21262 21262 21262 21262 35
20191209 1125 21267 21267 21267 21267 35
20191209 1129 21257 21257 21257 21257 1
20191209 1133 21262 21262 21262 21262 34
20191209 1137 21262 21262 21262 21262 1
20191209 1140 21267 21267 21267 21267 34
20191209 1144 21277 21277 21277 21277 34
20191209 1148 21292 21292 21292 21292 34
20191209 1152 21287 21287 21277 21277 36
20191209 1153 21262 21262 21262 21262 33
20191209 1155 21277 21277 21277 21277 34
20191209 1158 21257 21257 21257 21257 34
20191209 1159 21262 21262 21262 21262 34
20191209 1203 21267 21267 21267 21267 34
20191209 1207 21257 21257 21257 21257 34
20191209 1211 21252 21252 21252 21252 34
20191209 1214 21242 21242 21242 21242 1
20191209 1215 21242 21242 21242 21242 33
20191209 1218 21247 21247 21247 21247 34
20191209 1222 21237 21237 21237 21237 1
20191209 1223 21237 21237 21237 21237 32
20191209 1226 21247 21247 21247 21247 33
20191209 1228 21227 21227 21227 21227 1
20191209 1229 21237 21237 21237 21237 33
20191209 1233 21242 21242 21242 21242 33
20191209 1237 21247 21247 21247 21247 1
20191209 1238 21247 21247 21247 21247 32
20191209 1241 21257 21257 21257 21257 33
20191209 1243 21227 21227 21227 21227 1
20191209 1244 21237 21237 21237 21237 33
20191209 1248 21237 21237 21237 21237 33
20191209 1251 21227 21227 21227 21227 1
20191209 1252 21237 21237 21237 21237 33
20191209 1256 21237 21237 21237 21237 33
20191209 1259 21227 21232 21227 21232 33
20191209 1300 21227 21227 21227 21227 2
20191209 1303 21222 21222 21222 21222 32
20191209 1306 21217 21217 21217 21217 1
20191209 1307 21222 21222 21222 21222 32
20191209 1308 21217 21217 21183 21183 1506
20191209 1311 21183 21183 21183 21183 389
20191209 1314 21183 21188 21183 21188 390
20191209 1315 21227 21227 21227 21227 32
20191209 1317 21183 21183 21183 21183 389
20191209 1318 21227 21227 21227 21227 32
20191209 1321 21183 21188 21183 21188 778
20191209 1322 21222 21222 21222 21222 32
20191209 1326 21193 21193 21188 21188 172
20191209 1327 21188 21188 21188 21188 249
20191209 1329 21183 21183 21183 21183 357
20191209 1330 21188 21188 21188 21188 32
20191209 1331 21183 21183 21183 21183 746
20191209 1333 21222 21222 21222 21222 32
20191209 1334 21183 21183 21183 21183 389
20191209 1336 21198 21198 21198 21198 389
20191209 1337 21232 21232 21232 21232 32
20191209 1339 21198 21198 21198 21198 389
20191209 1341 21242 21242 21193 21193 421
20191209 1344 21193 21193 21193 21193 389
20191209 1345 21227 21237 21227 21237 32
20191209 1347 21198 21198 21198 21198 388
20191209 1348 21242 21242 21242 21242 32
20191209 1349 21193 21193 21193 21193 389
20191209 1352 21203 21242 21203 21242 421
20191209 1354 21198 21198 21198 21198 389
20191209 1356 21232 21232 21232 21232 32
20191209 1357 21203 21203 21203 21203 389
20191209 1359 21203 21203 21203 21203 389
20191209 1400 21242 21242 21242 21242 32
20191209 1404 21208 21208 21208 21208 32
20191209 1406 21198 21198 21198 21198 357
20191209 1407 21198 21203 21198 21203 421
20191209 1408 21193 21193 21193 21193 1
20191209 1411 21198 21198 21198 21198 32
20191209 1412 21193 21198 21193 21198 1102
20191209 1413 21193 21193 21193 21193 140
20191209 1415 21198 21232 21198 21232 421
20191209 1418 21198 21198 21198 21198 389
20191209 1419 21227 21227 21227 21227 2
20191209 1420 21227 21227 21227 21227 30
20191209 1422 21193 21232 21193 21232 780
20191209 1425 21193 21193 21193 21193 389
20191209 1426 21222 21222 21222 21222 7
20191209 1430 21227 21227 21227 21227 32
20191209 1431 21222 21222 21222 21222 1
20191209 1434 21227 21227 21227 21227 32
20191209 1437 21222 21222 21198 21198 1880
20191209 1440 21193 21193 21193 21193 389
20191209 1441 21227 21227 21227 21227 31
20191209 1442 21193 21193 21193 21193 389
20191209 1445 21198 21198 21198 21198 44
20191209 1446 21188 21188 21188 21188 346
20191209 1448 21188 21188 21188 21188 389
20191209 1449 21237 21237 21237 21237 31
20191209 1450 21203 21203 21203 21203 389
20191209 1451 21237 21237 21237 21237 19
20191209 1453 21247 21247 21247 21247 31
20191209 1454 21237 21237 21237 21237 1
20191209 1455 21237 21237 21208 21208 58
20191209 1456 21208 21252 21208 21252 750
20191209 1458 21203 21203 21203 21203 389
20191209 1500 21257 21257 21257 21257 31
20191209 1501 21208 21208 21208 21208 389
20191209 1503 21212 21212 21212 21212 389
20191209 1504 21247 21247 21247 21247 31
20191209 1505 21212 21212 21212 21212 30
20191209 1506 21212 21212 21212 21212 359
20191209 1508 21257 21257 21212 21212 420
20191209 1511 21212 21247 21212 21247 420
20191209 1513 21208 21208 21208 21208 389
20191209 1515 21257 21257 21257 21257 31
20191209 1516 21208 21208 21208 21208 389
20191209 1519 21247 21247 21247 21247 31
20191209 1530 21188 21188 21188 21188 1
20191210 925 21158 21158 21148 21148 63
20191210 926 21148 21153 21148 21148 63
20191210 927 21148 21158 21148 21148 56
20191210 928 21148 21148 21148 21148 64
20191210 929 21148 21158 21148 21158 63
20191210 930 21148 21158 21148 21148 70
20191210 931 21148 21153 21148 21148 63
20191210 932 21153 21163 21148 21153 64
20191210 933 21153 21158 21153 21158 55
20191210 934 21158 21168 21158 21163 65
20191210 935 21168 21173 21168 21168 77
20191210 936 21168 21178 21168 21173 55
20191210 937 21173 21183 21173 21183 64
20191210 938 21178 21193 21178 21193 64
20191210 939 21183 21188 21183 21183 55
20191210 940 21183 21193 21183 21193 77
20191210 941 21183 21193 21183 21188 65
20191210 942 21193 21198 21183 21183 47
20191210 943 21188 21193 21183 21183 63
20191210 944 21188 21188 21183 21183 64
20191210 945 21188 21188 21178 21188 69
20191210 946 21178 21188 21178 21183 64
20191210 947 21188 21198 21178 21178 58
20191210 948 21178 21188 21173 21173 62
20191210 949 21183 21188 21173 21173 62
20191210 950 21173 21183 21173 21173 78
20191210 951 21173 21183 21168 21183 57
20191210 952 21168 21178 21168 21173 63
20191210 953 21178 21178 21173 21178 63
20191210 954 21183 21183 21168 21183 56
20191210 955 21188 21203 21188 21188 64
20191210 956 21198 21203 21173 21183 78
20191210 957 21173 21178 21168 21168 55
20191210 958 21168 21178 21168 21168 63
20191210 959 21173 21173 21163 21173 63
20191210 1000 21173 21173 21163 21173 45
20191210 1001 21163 21173 21163 21173 34
20191210 1138 21287 21287 21287 21287 1
20191210 1143 21287 21287 21287 21287 1
20191210 1151 21277 21277 21277 21277 1
20191210 1157 21277 21277 21277 21277 1
20191210 1212 21277 21277 21277 21277 1
20191210 1228 21277 21277 21277 21277 1
20191210 1232 21267 21267 21267 21267 1
20191210 1250 21267 21267 21267 21267 1
20191210 1306 21267 21267 21267 21267 1
20191210 1321 21267 21267 21267 21267 3
20191210 1422 21302 21302 21302 21302 1
20191210 1437 21302 21302 21302 21302 1
20191210 1442 21297 21297 21297 21297 1
20191210 1449 21302 21302 21302 21302 2
20191210 1508 21312 21312 21312 21312 1
20191210 1530 21337 21337 21337 21337 1
20191211 932 21352 21352 21342 21342 2
20191211 940 21302 21302 21302 21302 1
20191211 952 21282 21282 21282 21282 122
20191211 953 21267 21267 21257 21257 65
20191211 955 21262 21262 21262 21262 5
20191211 956 21272 21272 21267 21267 132
20191211 957 21262 21262 21262 21262 65
20191211 959 21262 21262 21262 21262 5
20191211 1000 21272 21272 21262 21262 132
20191211 1001 21282 21282 21282 21282 65
20191211 1003 21267 21267 21267 21267 5
20191211 1004 21262 21272 21262 21272 132
20191211 1006 21287 21287 21287 21287 65
20191211 1007 21282 21282 21282 21282 4
20191211 1008 21282 21287 21282 21287 132
20191211 1010 21292 21292 21292 21292 65
20191211 1011 21287 21287 21287 21287 4
20191211 1012 21282 21287 21282 21287 132
20191211 1014 21292 21292 21292 21292 65
20191211 1015 21262 21262 21262 21262 4
20191211 1016 21267 21267 21267 21267 10
20191211 1017 21267 21267 21267 21267 122
20191211 1018 21272 21272 21272 21272 65
20191211 1021 21277 21277 21277 21277 136
20191211 1022 21277 21277 21277 21277 65
20191211 1025 21277 21277 21277 21277 136
20191211 1026 21282 21282 21277 21277 65
20191211 1027 21277 21277 21277 21277 4
20191211 1028 21277 21277 21277 21277 10
20191211 1029 21277 21277 21277 21277 122
20191211 1030 21282 21282 21282 21282 65
20191211 1031 21282 21282 21282 21282 4
20191211 1032 21277 21277 21277 21277 10
20191211 1033 21277 21277 21277 21277 122
20191211 1034 21287 21287 21287 21287 65
20191211 1036 21287 21292 21287 21292 14
20191211 1037 21297 21297 21297 21297 122
20191211 1038 21297 21297 21297 21297 65
20191211 1040 21297 21302 21297 21302 14
20191211 1041 21302 21302 21297 21297 122
20191211 1043 21302 21302 21302 21302 65
20191211 1044 21302 21307 21302 21307 14
20191211 1045 21302 21302 21302 21302 122
20191211 1047 21297 21297 21297 21297 65
20191211 1048 21297 21297 21297 21297 14
20191211 1049 21307 21307 21307 21307 122
20191211 1051 21302 21302 21302 21302 65
20191211 1052 21312 21322 21312 21322 15
20191211 1054 21317 21317 21317 21317 122
20191211 1055 21342 21342 21342 21342 65
20191211 1056 21352 21352 21352 21352 14
20191211 1058 21337 21337 21337 21337 122
20191211 1059 21337 21337 21337 21337 65
20191211 1100 21337 21337 21337 21337 14
20191211 1102 21337 21337 21337 21337 122
20191211 1103 21337 21337 21337 21337 65
20191211 1104 21347 21347 21337 21337 4
20191211 1105 21342 21342 21342 21342 10
20191211 1106 21342 21342 21342 21342 121
20191211 1107 21337 21337 21337 21337 65
20191211 1108 21352 21352 21352 21352 4
20191211 1109 21357 21357 21357 21357 10
20191211 1110 21352 21352 21352 21352 121
20191211 1111 21342 21342 21342 21342 65
20191211 1112 21342 21342 21342 21342 4
20191211 1113 21337 21337 21337 21337 10
20191211 1114 21337 21337 21337 21337 121
20191211 1115 21332 21332 21332 21332 65
20191211 1116 21332 21332 21332 21332 4
20191211 1117 21332 21332 21332 21332 10
20191211 1118 21337 21337 21337 21337 121
20191211 1119 21342 21342 21342 21342 1
20191211 1120 21337 21337 21337 21337 67
20191211 1121 21337 21337 21337 21337 10
20191211 1122 21342 21342 21342 21342 121
20191211 1123 21342 21342 21342 21342 64
20191211 1124 21347 21347 21347 21347 4
20191211 1125 21347 21347 21347 21347 10
20191211 1127 21352 21352 21352 21352 121
20191211 1128 21347 21347 21347 21347 68
20191211 1129 21352 21352 21352 21352 10
20191211 1131 21352 21352 21352 21352 121
20191211 1132 21352 21352 21352 21352 64
20191211 1133 21352 21352 21347 21347 14
20191211 1135 21362 21362 21352 21352 121
20191211 1136 21352 21352 21352 21352 64
20191211 1137 21352 21352 21352 21352 14
20191211 1139 21352 21352 21352 21352 121
20191211 1140 21357 21357 21357 21357 64
20191211 1141 21352 21357 21352 21357 14
20191211 1143 21357 21357 21352 21352 121
20191211 1144 21352 21352 21352 21352 64
20191211 1145 21352 21352 21352 21352 4
20191211 1146 21342 21342 21342 21342 10
20191211 1147 21352 21352 21352 21352 121
20191211 1148 21352 21352 21352 21352 64
20191211 1149 21352 21352 21352 21352 14
20191211 1151 21362 21362 21362 21362 121
20191211 1152 21357 21357 21357 21357 64
20191211 1153 21362 21362 21362 21362 14
20191211 1155 21362 21362 21362 21362 121
20191211 1156 21357 21357 21357 21357 64
20191211 1157 21357 21357 21357 21357 4
20191211 1158 21362 21362 21362 21362 10
20191211 1159 21367 21367 21367 21367 121
20191211 1200 21367 21367 21367 21367 64
20191211 1201 21362 21362 21362 21362 4
20191211 1202 21362 21362 21362 21362 10
20191211 1204 21362 21362 21362 21362 185
20191211 1205 21357 21357 21357 21357 4
20191211 1206 21362 21362 21362 21362 10
20191211 1208 21362 21362 21362 21362 121
20191211 1209 21362 21362 21362 21362 68
20191211 1210 21362 21362 21362 21362 10
20191211 1212 21362 21362 21362 21362 121
20191211 1213 21372 21372 21362 21362 68
20191211 1214 21362 21362 21362 21362 10
20191211 1216 21367 21367 21367 21367 121
20191211 1217 21367 21372 21367 21372 68
20191211 1218 21372 21372 21372 21372 10
20191211 1220 21367 21367 21367 21367 121
20191211 1221 21372 21372 21372 21372 64
20191211 1222 21367 21367 21367 21367 14
20191211 1224 21367 21367 21367 21367 121
20191211 1225 21367 21367 21367 21367 64
20191211 1226 21367 21367 21367 21367 14
20191211 1228 21372 21372 21367 21367 121
20191211 1229 21367 21367 21367 21367 64
20191211 1230 21372 21377 21372 21377 14
20191211 1233 21377 21377 21377 21377 185
20191211 1234 21377 21377 21377 21377 14
20191211 1237 21387 21387 21377 21377 185
20191211 1238 21377 21382 21377 21382 14
20191211 1241 21382 21382 21382 21382 121
20191211 1245 21382 21382 21382 21382 135
20191211 1246 21382 21382 21382 21382 68
20191211 1247 21382 21382 21382 21382 10
20191211 1249 21387 21387 21382 21382 185
20191211 1250 21387 21387 21387 21387 68
20191211 1251 21397 21397 21397 21397 1
20191211 1252 21387 21387 21387 21387 9
20191211 1253 21382 21382 21382 21382 121
20191211 1254 21382 21387 21382 21387 68
20191211 1255 21392 21392 21392 21392 10
20191211 1258 21387 21387 21387 21387 189
20191211 1259 21387 21387 21387 21387 10
20191211 1301 21397 21397 21397 21397 121
20191211 1302 21397 21397 21397 21397 68
20191211 1303 21397 21397 21397 21397 10
20191211 1305 21397 21397 21397 21397 121
20191211 1306 21402 21402 21397 21397 68
20191211 1307 21397 21397 21397 21397 10
20191211 1310 21397 21397 21397 21397 185
20191211 1311 21397 21397 21397 21397 14
20191211 1314 21397 21397 21397 21397 121
20191211 1315 21377 21382 21377 21382 6
20191211 1316 21382 21382 21382 21382 73
20191211 1318 21377 21377 21377 21377 185
20191211 1319 21377 21377 21377 21377 14
20191211 1322 21382 21382 21377 21377 121
20191211 1323 21377 21377 21377 21377 78
20191211 1326 21382 21382 21382 21382 121
20191211 1327 21382 21382 21382 21382 68
20191211 1329 21382 21382 21382 21382 10
20191211 1330 21382 21382 21382 21382 121
20191211 1331 21382 21382 21382 21382 64
20191211 1333 21382 21382 21382 21382 14
20191211 1335 21387 21387 21387 21387 189
20191211 1336 21387 21387 21387 21387 10
20191211 1337 21402 21402 21402 21402 10
20191211 1338 21392 21392 21392 21392 121
20191211 1339 21392 21392 21392 21392 68
20191211 1340 21392 21392 21392 21392 10
20191211 1343 21392 21392 21392 21392 189
20191211 1344 21392 21392 21392 21392 10
20191211 1347 21387 21387 21387 21387 189
20191211 1348 21387 21387 21387 21387 10
20191211 1351 21387 21387 21382 21382 189
20191211 1353 21382 21382 21382 21382 10
20191211 1355 21377 21377 21357 21357 185
20191211 1356 21357 21357 21357 21357 14
20191211 1359 21372 21372 21372 21372 1
20191211 1400 21372 21372 21372 21372 188
20191211 1401 21367 21367 21367 21367 10
20191211 1403 21352 21352 21352 21352 121
20191211 1404 21352 21352 21352 21352 78
20191211 1408 21357 21357 21357 21357 185
20191211 1409 21357 21357 21357 21357 14
20191211 1412 21357 21367 21357 21367 199
20191211 1416 21367 21367 21357 21357 199
20191211 1420 21367 21367 21367 21367 189
20191211 1421 21367 21367 21367 21367 10
20191211 1424 21367 21367 21362 21362 189
20191211 1425 21362 21362 21362 21362 10
20191211 1428 21362 21362 21357 21357 189
20191211 1429 21357 21357 21357 21357 10
20191211 1432 21362 21362 21362 21362 189
20191211 1434 21367 21367 21367 21367 10
20191211 1437 21377 21377 21377 21377 199
20191211 1440 21387 21387 21387 21387 1
20191211 1441 21382 21382 21382 21382 188
20191211 1442 21387 21387 21387 21387 10
20191211 1445 21387 21387 21387 21387 199
20191211 1449 21397 21397 21397 21397 199
20191211 1453 21402 21402 21392 21392 199
20191211 1457 21382 21382 21382 21382 198
20191211 1501 21387 21392 21387 21387 198
20191211 1505 21387 21387 21387 21387 198
20191211 1509 21382 21382 21382 21382 1
20191211 1510 21372 21372 21372 21372 197
20191211 1513 21367 21372 21367 21372 189
20191211 1514 21367 21367 21367 21367 9
20191211 1518 21377 21377 21372 21377 198
20191211 1530 21422 21422 21422 21422 1
20191212 906 21562 21562 21562 21562 4
20191212 917 21587 21587 21587 21587 4
20191212 943 21567 21577 21567 21577 8
20191212 949 21577 21577 21577 21577 4
20191212 955 21577 21577 21577 21577 4
20191212 1000 21587 21587 21587 21587 9
20191212 1003 21587 21587 21587 21587 4
20191212 1004 21577 21597 21577 21597 2
20191212 1010 21587 21587 21587 21587 4
20191212 1018 21597 21602 21597 21602 7
20191212 1026 21602 21602 21602 21602 4
20191212 1033 21602 21602 21602 21602 4
20191212 1041 21602 21602 21602 21602 4
20191212 1043 21612 21612 21612 21612 9
20191212 1104 21622 21622 21622 21622 4
20191212 1109 21622 21622 21622 21622 5
20191212 1110 21627 21632 21627 21632 9
20191212 1111 21632 21632 21632 21632 4
20191212 1112 21642 21642 21642 21642 4
20191212 1134 21671 21671 21671 21671 18
20191212 1137 21671 21671 21671 21671 5
20191212 1142 21671 21671 21671 21671 4
20191212 1143 21681 21681 21681 21681 4
20191212 1220 21657 21657 21657 21657 4
20191212 1221 21657 21657 21657 21657 4
20191212 1228 21657 21657 21657 21657 4
20191212 1235 21657 21657 21657 21657 4
20191212 1245 21657 21657 21657 21657 4
20191212 1246 21652 21652 21652 21652 3
20191212 1250 21657 21657 21657 21657 4
20191212 1258 21666 21666 21666 21666 6
20191212 1301 21666 21666 21666 21666 4
20191212 1306 21666 21666 21666 21666 4
20191212 1311 21676 21676 21676 21676 4
20191212 1314 21676 21676 21676 21676 4
20191212 1318 21686 21696 21686 21696 8
20191212 1344 21696 21696 21696 21696 4
20191212 1352 21696 21696 21696 21696 4
20191212 1359 21696 21696 21696 21696 2
20191212 1414 21676 21676 21676 21676 4
20191212 1431 21666 21666 21666 21666 4
20191212 1437 21666 21666 21666 21666 4
20191212 1445 21666 21666 21666 21666 4
20191212 1447 21676 21676 21676 21676 4
20191212 1450 21686 21696 21686 21696 6
20191212 1453 21696 21696 21696 21696 4
20191212 1500 21696 21696 21696 21696 4
20191212 1506 21706 21706 21706 21706 5
20191212 1530 21696 21696 21696 21696 1
20191213 930 21996 21996 21996 21996 1
20191213 932 21951 21981 21951 21981 2
20191213 938 21966 21966 21961 21961 60
20191213 952 21981 21981 21981 21981 1
20191213 1005 22001 22001 22001 22001 1
20191213 1014 21981 21981 21981 21981 6
20191213 1029 22011 22011 22011 22011 5
20191213 1042 22006 22006 22006 22006 1
20191213 1053 22006 22006 22006 22006 1
20191213 1107 21996 21996 21996 21996 1
20191213 1131 22006 22006 22006 22006 1
20191213 1145 22016 22016 22016 22016 1
20191213 1200 22016 22016 22016 22016 1
20191213 1224 22016 22016 22016 22016 1
20191213 1238 22026 22026 22026 22026 1
20191213 1253 22026 22026 22026 22026 1
20191213 1254 22041 22041 22041 22041 3
20191213 1301 22016 22016 22016 22016 1
20191213 1308 22016 22016 22016 22016 1
20191213 1310 22006 22006 22006 22006 1
20191213 1315 21996 21996 21986 21986 2
20191213 1346 22016 22016 22016 22016 1
20191213 1424 22036 22036 22036 22036 1
20191213 1438 22036 22036 22036 22036 1
20191213 1454 22036 22036 22036 22036 1
20191213 1455 22051 22051 22051 22051 100
20191213 1457 22051 22051 22051 22051 90
20191213 1508 22036 22036 22036 22036 1
20191213 1511 22036 22036 22036 22036 1
20191213 1516 22036 22036 22036 22036 1
20191213 1530 22036 22036 22036 22036 1
20191216 903 22036 22036 22036 22036 1
20191216 905 22036 22036 22036 22036 9
20191216 906 21996 21996 21996 21996 2
20191216 908 22031 22031 22031 22031 1
20191216 924 22031 22031 22031 22031 2
20191216 925 22066 22076 22066 22076 2
20191216 950 22051 22051 22051 22051 1
20191216 1001 22051 22051 22051 22051 1
20191216 1003 22051 22051 22051 22051 1
20191216 1018 22041 22041 22041 22041 1
20191216 1020 22051 22051 22051 22051 1
20191216 1031 22051 22051 22051 22051 1
20191216 1035 22051 22051 22051 22051 1
20191216 1041 22051 22051 22051 22051 1
20191216 1044 22061 22061 22061 22061 1
20191216 1048 22061 22061 22061 22061 1
20191216 1049 22071 22071 22071 22071 1
20191216 1149 22006 22006 22006 22006 1
20191216 1157 22006 22006 22006 22006 1
20191216 1202 22016 22016 22016 22016 1
20191216 1204 22026 22026 22026 22026 1
20191216 1206 22026 22026 22026 22026 1
20191216 1212 22026 22026 22026 22026 1
20191216 1220 22026 22026 22026 22026 1
20191216 1224 22036 22036 22036 22036 1
20191216 1228 22036 22036 22036 22036 1
20191216 1235 22036 22036 22036 22036 1
20191216 1243 22036 22036 22036 22036 1
20191216 1251 22036 22036 22036 22036 1
20191216 1259 22036 22036 22036 22036 1
20191216 1321 22016 22016 22016 22016 1
20191216 1329 22016 22016 22016 22016 1
20191216 1331 22026 22036 22026 22036 2
20191216 1337 22036 22036 22036 22036 1
20191216 1344 22036 22036 22036 22036 1
20191216 1405 22026 22026 22026 22026 1
20191216 1414 22016 22016 22016 22016 1
20191216 1415 22026 22026 22026 22026 1
20191216 1422 22026 22026 22026 22026 1
20191216 1438 22016 22016 22016 22016 1
20191216 1445 22016 22016 22016 22016 1
20191216 1453 22016 22016 22016 22016 1
20191216 1501 22016 22016 22016 22016 1
20191216 1516 22011 22011 22011 22011 1
20191216 1519 22016 22016 22016 22016 1
20191217 901 22115 22115 22115 22115 11
20191217 903 22120 22120 22120 22120 1
20191217 941 22096 22096 22096 22096 1
20191217 950 22096 22096 22096 22096 1
20191217 953 22086 22086 22086 22086 1
20191217 1012 22120 22120 22120 22120 11
20191217 1054 22170 22170 22170 22170 1
20191217 1056 22170 22170 22170 22170 1
20191217 1111 22175 22175 22175 22175 1
20191217 1119 22180 22180 22180 22180 1
20191217 1127 22180 22180 22180 22180 1
20191217 1218 22245 22255 22245 22255 2
20191217 1228 22255 22255 22255 22255 1
20191217 1243 22260 22260 22260 22260 1
20191217 1250 22260 22260 22260 22260 1
20191217 1251 22260 22260 22260 22260 12
20191217 1313 22275 22275 22275 22275 2
20191217 1321 22275 22275 22275 22275 1
20191217 1325 22265 22265 22265 22265 1
20191217 1336 22275 22275 22275 22275 1
20191217 1344 22275 22275 22275 22275 1
20191217 1352 22275 22275 22275 22275 1
20191217 1359 22275 22275 22275 22275 1
20191217 1407 22275 22275 22275 22275 1
20191217 1414 22275 22275 22275 22275 1
20191217 1422 22275 22275 22275 22275 1
20191217 1430 22275 22275 22275 22275 1
20191217 1437 22275 22275 22275 22275 1
20191217 1445 22275 22275 22275 22275 1
20191217 1446 22275 22275 22275 22275 19
20191217 1513 22305 22305 22305 22305 1
20191217 1519 22305 22305 22305 22305 1
20191217 1530 22320 22320 22320 22320 1
20191218 907 22295 22295 22295 22295 1
20191218 946 22335 22335 22325 22325 2
20191218 955 22285 22285 22285 22285 1
20191218 956 22275 22275 22275 22275 1
20191218 1001 22245 22245 22245 22245 1
20191218 1033 22275 22275 22275 22275 1
20191218 1124 22305 22305 22300 22300 20
20191218 1142 22320 22320 22320 22320 1
20191218 1154 22310 22310 22310 22310 1
20191218 1213 22315 22315 22315 22315 1
20191218 1231 22315 22315 22315 22315 1
20191218 1236 22315 22315 22315 22315 1
20191218 1251 22315 22315 22315 22315 1
20191218 1306 22315 22315 22315 22315 1
20191218 1317 22305 22305 22305 22305 21
20191218 1329 22315 22315 22305 22305 2
20191218 1334 22295 22295 22295 22295 1
20191218 1344 22295 22295 22295 22295 1
20191218 1359 22295 22295 22285 22285 2
20191218 1406 22275 22275 22275 22275 2
20191218 1415 22280 22280 22270 22270 2
20191218 1515 22305 22305 22305 22305 1
20191218 1516 22305 22305 22305 22305 1
20191218 1519 22295 22295 22295 22295 1
20191218 1530 22325 22325 22325 22325 1
20191219 911 22360 22360 22360 22360 2
20191219 921 22360 22370 22360 22370 4
20191219 942 22345 22345 22345 22345 4
20191219 947 22345 22345 22345 22345 1
20191219 950 22350 22350 22350 22350 2
20191219 1005 22345 22345 22345 22345 2
20191219 1010 22345 22345 22345 22345 1
20191219 1021 22340 22340 22340 22340 2
20191219 1022 22340 22340 22340 22340 2
20191219 1037 22330 22330 22330 22330 2
20191219 1044 22340 22340 22340 22340 2
20191219 1046 22340 22340 22340 22340 2
20191219 1100 22335 22335 22335 22335 2
20191219 1101 22330 22330 22330 22330 1
20191219 1104 22325 22325 22325 22325 2
20191219 1109 22320 22320 22320 22320 1
20191219 1111 22315 22315 22315 22315 1
20191219 1112 22310 22310 22310 22310 1
20191219 1120 22305 22305 22305 22305 1
20191219 1125 22300 22300 22300 22300 1
20191219 1138 22290 22290 22290 22290 2
20191219 1149 22280 22280 22280 22280 2
20191219 1205 22270 22270 22270 22270 2
20191219 1213 22270 22270 22270 22270 2
20191219 1225 22270 22270 22270 22270 2
20191219 1229 22270 22270 22270 22270 2
20191219 1237 22270 22270 22270 22270 2
20191219 1244 22270 22270 22270 22270 2
20191219 1246 22280 22280 22280 22280 2
20191219 1252 22280 22280 22280 22280 2
20191219 1300 22280 22280 22280 22280 2
20191219 1308 22280 22280 22280 22280 2
20191219 1317 22280 22280 22280 22280 2
20191219 1324 22280 22280 22280 22280 2
20191219 1329 22290 22290 22290 22290 2
20191219 1333 22270 22270 22270 22270 2
20191219 1348 22265 22265 22265 22265 2
20191219 1403 22260 22260 22260 22260 2
20191219 1412 22250 22250 22250 22250 2
20191219 1417 22250 22250 22250 22250 22
20191219 1420 22250 22250 22250 22250 5
20191219 1432 22250 22250 22250 22250 2
20191219 1434 22260 22260 22260 22260 2
20191219 1436 22260 22260 22260 22260 2
20191219 1439 22270 22270 22270 22270 2
20191219 1444 22270 22280 22270 22280 4
20191219 1504 22280 22280 22280 22280 2
20191219 1507 22290 22290 22290 22290 2
20191219 1508 22290 22290 22290 22290 2
20191219 1530 22290 22290 22290 22290 2
20191220 904 22435 22435 22435 22435 1
20191220 921 22370 22370 22370 22370 1
20191220 924 22360 22360 22360 22360 1
20191220 948 22340 22340 22340 22340 1
20191220 950 22330 22330 22330 22330 1
20191220 1008 22350 22350 22350 22350 1
20191220 1010 22340 22340 22340 22340 1
20191220 1011 22330 22330 22330 22330 23
20191220 1021 22330 22330 22330 22330 2
20191220 1033 22330 22330 22330 22330 1
20191220 1039 22330 22330 22330 22330 1
20191220 1114 22370 22370 22370 22370 1
20191220 1122 22370 22370 22370 22370 1
20191220 1138 22380 22380 22380 22380 1
20191220 1207 22410 22410 22410 22410 1
20191220 1215 22410 22410 22410 22410 1
20191220 1229 22410 22410 22410 22410 2
20191220 1237 22410 22410 22410 22410 1
20191220 1245 22410 22410 22410 22410 1
20191220 1252 22410 22410 22400 22400 3
20191220 1257 22390 22390 22390 22390 1
20191220 1302 22390 22390 22390 22390 1
20191220 1311 22390 22390 22390 22390 1
20191220 1315 22390 22390 22390 22390 1
20191220 1317 22380 22380 22380 22380 1
20191220 1322 22380 22380 22380 22380 1
20191220 1338 22390 22390 22390 22390 1
20191220 1339 22400 22400 22400 22400 1
20191220 1345 22390 22390 22390 22390 1
20191220 1351 22380 22380 22370 22370 2
20191220 1353 22370 22370 22370 22370 1
20191220 1400 22370 22370 22370 22370 1
20191220 1415 22380 22380 22380 22380 1
20191220 1423 22380 22380 22380 22380 1
20191220 1429 22370 22370 22370 22370 1
20191220 1430 22370 22370 22370 22370 1
20191220 1434 22360 22360 22360 22360 1
20191220 1435 22350 22350 22350 22350 1
20191220 1438 22350 22350 22350 22350 1
20191220 1445 22340 22340 22330 22330 12
20191220 1446 22330 22330 22330 22330 1
20191220 1530 22425 22425 22425 22425 5
20191223 921 22415 22415 22415 22415 1
20191223 1003 22350 22350 22350 22350 1
20191223 1007 22360 22360 22360 22360 1
20191223 1016 22360 22370 22360 22370 2
20191223 1018 22370 22380 22370 22380 2
20191223 1048 22340 22340 22340 22340 1
20191223 1052 22340 22340 22340 22340 4
20191223 1054 22335 22340 22335 22340 9
20191223 1057 22335 22345 22335 22345 4
20191223 1058 22345 22350 22345 22350 4
20191223 1059 22345 22350 22345 22350 4
20191223 1103 22335 22345 22335 22345 8
20191223 1104 22345 22345 22345 22345 1
20191223 1105 22350 22350 22350 22350 4
20191223 1110 22330 22330 22330 22330 3
20191223 1111 22320 22320 22320 22320 1
20191223 1112 22330 22335 22330 22335 10
20191223 1115 22335 22335 22335 22335 2
20191223 1116 22330 22335 22330 22335 199
20191223 1118 22330 22330 22330 22330 4
20191223 1119 22325 22335 22325 22335 9
20191223 1125 22320 22320 22320 22320 2
20191223 1126 22320 22320 22320 22320 2
20191223 1127 22320 22320 22320 22320 5
20191223 1128 22325 22325 22325 22325 12
20191223 1133 22325 22335 22325 22335 12
20191223 1137 22325 22330 22325 22330 6
20191223 1138 22325 22330 22325 22330 5
20191223 1140 22330 22335 22330 22335 4
20191223 1142 22325 22325 22325 22325 1
20191223 1143 22325 22325 22325 22325 2
20191223 1144 22330 22335 22330 22335 6
20191223 1148 22320 22325 22320 22325 10
20191223 1150 22320 22320 22320 22320 2
20191223 1151 22320 22325 22320 22325 3
20191223 1152 22335 22340 22335 22340 4
20191223 1155 22340 22340 22340 22340 2
20191223 1156 22340 22340 22340 22340 2
20191223 1157 22330 22330 22330 22330 1
20191223 1158 22335 22340 22335 22340 8
20191223 1200 22330 22330 22325 22325 5
20191223 1214 22325 22325 22325 22325 3
20191223 1216 22335 22335 22335 22335 1
20191223 1227 22335 22335 22335 22335 1
20191223 1228 22335 22335 22335 22335 1
20191223 1243 22335 22335 22335 22335 1
20191223 1245 22335 22335 22335 22335 1
20191223 1248 22345 22345 22345 22345 1
20191223 1250 22355 22355 22355 22355 1
20191223 1251 22355 22355 22355 22355 1
20191223 1258 22355 22355 22355 22355 1
20191223 1314 22345 22345 22345 22345 1
20191223 1318 22355 22355 22355 22355 1
20191223 1319 22335 22335 22335 22335 1
20191223 1321 22355 22355 22355 22355 1
20191223 1329 22355 22365 22355 22365 2
20191223 1346 22355 22355 22355 22355 1
20191223 1348 22365 22365 22365 22365 1
20191223 1352 22365 22365 22365 22365 1
20191223 1400 22365 22365 22365 22365 1
20191223 1408 22365 22365 22365 22365 1
20191223 1423 22355 22355 22355 22355 1
20191223 1430 22355 22355 22355 22355 1
20191223 1437 22355 22355 22355 22355 1
20191223 1446 22355 22355 22355 22355 1
20191223 1453 22355 22355 22355 22355 1
20191223 1455 22365 22375 22365 22375 2
20191223 1500 22375 22385 22375 22385 48
20191223 1518 22375 22375 22375 22375 1
20191224 902 22395 22395 22395 22395 1
20191224 923 22390 22390 22390 22390 1
20191224 948 22365 22365 22365 22365 1
20191224 956 22365 22365 22365 22365 1
20191224 958 22355 22355 22355 22355 1
20191224 1000 22345 22345 22345 22345 10
20191224 1048 22345 22345 22345 22345 1
20191224 1049 22335 22335 22335 22335 1
20191224 1055 22325 22325 22325 22325 1
20191224 1104 22325 22325 22325 22325 1
20191224 1105 22315 22315 22315 22315 1
20191224 1133 22290 22290 22290 22290 1
20191224 1134 22290 22290 22290 22290 1
20191224 1135 22280 22280 22235 22235 42
20191224 1235 22265 22265 22240 22240 10
20191224 1321 22290 22290 22290 22290 1
20191224 1329 22290 22290 22290 22290 1
20191224 1335 22280 22280 22280 22280 1
20191224 1344 22280 22280 22280 22280 1
20191224 1352 22270 22270 22270 22270 1
20191224 1359 22265 22265 22265 22265 1
20191224 1437 22290 22290 22290 22290 1
20191224 1448 22280 22280 22280 22280 1
20191224 1454 22280 22280 22280 22280 1
20191224 1508 22285 22285 22285 22285 1
20191224 1511 22275 22275 22270 22270 2
20191224 1513 22265 22265 22260 22260 2
20191224 1515 22255 22255 22255 22255 1
20191224 1516 22260 22260 22260 22260 1
20191224 1530 22280 22280 22280 22280 1
20191226 923 22270 22270 22270 22270 1
20191226 926 22265 22265 22265 22265 1
20191226 954 22280 22280 22280 22280 13
20191226 959 22280 22280 22280 22280 1
20191226 1011 22280 22280 22280 22280 1
20191226 1026 22280 22280 22280 22280 1
20191226 1039 22270 22270 22270 22270 1
20191226 1042 22270 22270 22270 22270 1
20191226 1043 22260 22260 22250 22250 4
20191226 1105 22245 22245 22245 22245 1
20191226 1135 22255 22255 22255 22255 1
20191226 1142 22255 22255 22255 22255 1
20191226 1158 22255 22255 22255 22255 1
20191226 1228 22265 22265 22265 22265 1
20191226 1237 22265 22265 22265 22265 1
20191226 1253 22265 22265 22265 22265 1
20191226 1307 22265 22265 22265 22265 1
20191226 1321 22265 22265 22265 22265 1
20191226 1329 22265 22265 22265 22265 1
20191226 1332 22255 22255 22255 22255 1
20191226 1344 22260 22260 22260 22260 1
20191226 1351 22250 22250 22250 22250 10
20191226 1359 22255 22255 22255 22255 1
20191226 1424 22280 22280 22280 22280 2
20191226 1425 22280 22280 22280 22280 6
20191226 1443 22285 22285 22285 22285 1
20191226 1518 22310 22310 22310 22310 1
20191226 1530 22355 22355 22355 22355 1
20191227 903 22525 22525 22525 22525 2
20191227 911 22560 22569 22560 22569 4264
20191227 912 22565 22565 22565 22565 4719
20191227 914 22550 22550 22550 22550 5977
20191227 916 22555 22560 22555 22560 4479
20191227 918 22569 22569 22569 22569 3575
20191227 920 22565 22574 22565 22574 4890
20191227 922 22555 22569 22555 22569 5805
20191227 923 22535 22535 22535 22535 6821
20191227 925 22545 22545 22545 22545 3335
20191227 927 22545 22545 22545 22545 6879
20191227 929 22540 22540 22540 22540 2664
20191227 930 22540 22540 22540 22540 910
20191227 931 22540 22550 22540 22550 5835
20191227 933 22525 22525 22525 22525 2666
20191227 934 22540 22540 22540 22540 4570
20191227 935 22545 22545 22545 22545 3064
20191227 936 22530 22535 22530 22535 3712
20191227 938 22545 22545 22545 22545 3203
20191227 940 22555 22555 22555 22555 2666
20191227 942 22574 22574 22574 22574 7113
20191227 944 22579 22584 22579 22584 5322
20191227 945 22599 22599 22599 22599 2664
20191227 947 22599 22599 22599 22599 500
20191227 948 22594 22594 22594 22594 5636
20191227 949 22599 22599 22599 22599 3372
20191227 951 22599 22609 22599 22609 2664
20191227 952 22594 22594 22594 22594 3309
20191227 953 22594 22594 22594 22594 2664
20191227 954 22594 22594 22594 22594 3060
20191227 956 22599 22599 22599 22599 6898
20191227 957 22614 22619 22614 22619 7970
20191227 1000 22614 22639 22614 22639 9143
20191227 1002 22634 22634 22634 22634 2961
20191227 1005 22629 22629 22629 22629 5168
20191227 1006 22634 22634 22634 22634 2664
20191227 1008 22634 22634 22634 22634 7850
20191227 1010 22634 22634 22634 22634 4522
20191227 1014 22629 22639 22629 22639 5368
20191227 1017 22644 22664 22644 22664 8016
20191227 1019 22649 22649 22649 22649 8291
20191227 1021 22654 22654 22654 22654 5213
20191227 1022 22654 22654 22654 22654 2664
20191227 1024 22654 22654 22654 22654 6934
20191227 1026 22674 22674 22674 22674 12344
20191227 1029 22684 22684 22684 22684 9789
20191227 1032 22689 22689 22689 22689 8086
20191227 1034 22714 22719 22714 22719 6782
20191227 1035 22719 22719 22719 22719 2664
20191227 1037 22724 22724 22719 22719 7050
20191227 1039 22734 22734 22729 22729 4707
20191227 1041 22729 22729 22719 22719 5941
20191227 1043 22719 22719 22719 22719 6779
20191227 1044 22719 22719 22719 22719 2664
20191227 1045 22719 22719 22719 22719 4943
20191227 1046 22724 22724 22724 22724 2664
20191227 1047 22724 22724 22724 22724 2647
20191227 1048 22724 22729 22724 22729 2666
20191227 1049 22729 22729 22729 22729 1459
20191227 1050 22729 22729 22729 22729 5075
20191227 1052 22709 22734 22709 22729 7757
20191227 1054 22714 22719 22714 22719 6711
20191227 1055 22724 22724 22724 22724 2664
20191227 1057 22719 22719 22719 22719 378
20191227 1058 22714 22714 22714 22714 376
20191227 1100 22714 22714 22714 22714 10553
20191227 1101 22709 22709 22709 22709 2664
20191227 1102 22709 22709 22709 22709 1676
20191227 1103 22714 22729 22714 22729 6811
20191227 1104 22729 22729 22729 22729 2
20191227 1105 22729 22729 22729 22729 7173
20191227 1106 22724 22724 22724 22724 376
20191227 1107 22724 22724 22719 22719 4304
20191227 1108 22719 22724 22719 22724 2664
20191227 1109 22724 22724 22724 22724 4899
20191227 1110 22724 22724 22724 22724 2665
20191227 1111 22719 22729 22719 22729 3052
20191227 1112 22719 22724 22719 22724 2664
20191227 1113 22724 22724 22724 22724 4544
20191227 1114 22724 22724 22724 22724 4792
20191227 1116 22724 22724 22724 22724 2664
20191227 1118 22724 22724 22724 22724 5058
20191227 1119 22709 22709 22709 22709 376
20191227 1120 22709 22709 22709 22709 376
20191227 1121 22709 22724 22709 22724 11260
20191227 1122 22724 22724 22724 22724 1248
20191227 1123 22724 22724 22724 22724 2664
20191227 1124 22719 22719 22719 22719 3119
20191227 1125 22719 22724 22719 22724 2665
20191227 1126 22719 22719 22719 22719 3434
20191227 1127 22719 22719 22719 22719 376
20191227 1128 22719 22719 22719 22719 3538
20191227 1129 22719 22719 22719 22719 6959
20191227 1130 22719 22719 22719 22719 376
20191227 1131 22724 22724 22724 22724 2288
20191227 1132 22719 22724 22719 22724 6885
20191227 1133 22724 22724 22724 22724 1796
20191227 1134 22724 22724 22724 22724 2666
20191227 1135 22724 22724 22724 22724 3469
20191227 1136 22714 22714 22714 22714 2665
20191227 1137 22714 22714 22714 22714 2218
20191227 1138 22709 22709 22709 22709 2664
20191227 1139 22699 22699 22699 22699 2915
20191227 1140 22709 22714 22709 22714 2771
20191227 1142 22694 22694 22694 22694 4586
20191227 1144 22709 22709 22709 22709 4082
20191227 1145 22704 22704 22704 22704 376
20191227 1146 22704 22704 22704 22704 4114
20191227 1148 22719 22719 22719 22719 3634
20191227 1149 22719 22719 22719 22719 2664
20191227 1150 22714 22714 22714 22714 1626
20191227 1151 22719 22719 22719 22719 7094
20191227 1153 22719 22719 22719 22719 5528
20191227 1156 22709 22714 22709 22714 752
20191227 1157 22714 22714 22714 22714 11880
20191227 1158 22694 22734 22679 22734 12697
20191227 1159 22724 22724 22724 22724 1395
20191227 1200 22734 22734 22734 22734 2664
20191227 1202 22719 22734 22719 22734 3069
20191227 1204 22724 22734 22724 22734 4103
20191227 1206 22744 22754 22744 22754 8309
20191227 1207 22744 22744 22744 22744 376
20191227 1208 22754 22754 22754 22754 2288
20191227 1209 22744 22749 22744 22749 2665
20191227 1210 22749 22749 22749 22749 4675
20191227 1211 22744 22749 22744 22749 2664
20191227 1212 22754 22754 22754 22754 1613
20191227 1213 22744 22754 22744 22754 2667
20191227 1214 22754 22754 22754 22754 4529
20191227 1215 22749 22759 22749 22759 2664
20191227 1218 22754 22754 22754 22754 376
20191227 1220 22754 22754 22754 22754 376
20191227 1222 22754 22754 22754 22754 376
20191227 1224 22754 22754 22754 22754 376
20191227 1226 22754 22754 22754 22754 375
20191227 1228 22754 22754 22754 22754 376
20191227 1230 22759 22769 22759 22764 29436
20191227 1231 22764 22784 22764 22784 2692
20191227 1232 22784 22784 22784 22784 3374
20191227 1233 22784 22794 22784 22794 2692
20191227 1234 22789 22789 22789 22789 3232
20191227 1235 22789 22799 22789 22789 2693
20191227 1236 22789 22789 22789 22789 2184
20191227 1237 22789 22794 22789 22794 2692
20191227 1238 22794 22794 22794 22794 4561
20191227 1240 22789 22799 22789 22789 4272
20191227 1242 22789 22799 22789 22799 2880
20191227 1244 22799 22814 22799 22814 6667
20191227 1245 22799 22809 22799 22809 7778
20191227 1247 22804 22819 22804 22819 7218
20191227 1249 22809 22824 22809 22824 8002
20191227 1251 22819 22819 22819 22819 2693
20191227 1252 22804 22819 22804 22819 3987
20191227 1254 22804 22829 22804 22824 7101
20191227 1256 22819 22834 22819 22834 5580
20191227 1257 22819 22839 22819 22839 2692
20191227 1258 22839 22839 22794 22794 5180
20191227 1259 22819 22844 22819 22844 2692
20191227 1300 22839 22839 22839 22839 4836
20191227 1301 22839 22854 22839 22854 2691
20191227 1302 22839 22839 22839 22839 1938
20191227 1303 22844 22844 22844 22844 2712
20191227 1304 22839 22854 22839 22854 3340
20191227 1306 22839 22854 22839 22854 4684
20191227 1308 22824 22824 22824 22824 7344
20191227 1310 22819 22819 22819 22819 4486
20191227 1311 22799 22809 22799 22809 5929
20191227 1313 22809 22814 22809 22809 5088
20191227 1315 22819 22834 22819 22834 2926
20191227 1316 22819 22819 22819 22819 6547
20191227 1318 22809 22824 22809 22824 6310
20191227 1320 22814 22834 22814 22834 4882
20191227 1322 22824 22839 22824 22834 4444
20191227 1323 22819 22834 22819 22834 2692
20191227 1325 22819 22824 22819 22824 3034
20191227 1326 22824 22824 22824 22824 2398
20191227 1327 22824 22834 22824 22834 2691
20191227 1328 22824 22824 22824 22824 5124
20191227 1329 22829 22829 22824 22824 2694
20191227 1330 22824 22834 22824 22834 2692
20191227 1331 22824 22829 22824 22829 6473
20191227 1332 22834 22834 22834 22834 2691
20191227 1333 22819 22819 22819 22819 965
20191227 1334 22819 22829 22819 22829 2692
20191227 1335 22834 22834 22834 22834 369
20191227 1336 22824 22824 22824 22824 2692
20191227 1337 22819 22819 22819 22819 6439
20191227 1339 22814 22814 22809 22814 3781
20191227 1341 22814 22814 22814 22814 4196
20191227 1342 22804 22804 22804 22804 5088
20191227 1343 22814 22814 22814 22814 2315
20191227 1344 22799 22799 22799 22799 2827
20191227 1345 22789 22789 22789 22789 1
20191227 1346 22779 22794 22779 22794 2692
20191227 1348 22784 22794 22784 22784 10020
20191227 1349 22754 22799 22754 22799 2694
20191227 1350 22784 22784 22784 22784 1743
20191227 1351 22784 22794 22784 22794 2692
20191227 1352 22784 22784 22784 22784 2081
20191227 1353 22779 22789 22779 22789 7602
20191227 1355 22779 22779 22779 22779 2692
20191227 1356 22764 22774 22764 22764 5491
20191227 1358 22759 22764 22759 22759 7405
20191227 1400 22759 22764 22759 22759 2903
20191227 1401 22759 22759 22759 22759 3661
20191227 1402 22774 22774 22774 22774 2692
20191227 1403 22759 22759 22759 22759 5260
20191227 1405 22764 22764 22764 22764 2904
20191227 1407 22759 22759 22759 22759 2965
20191227 1408 22754 22764 22754 22764 5215
20191227 1410 22744 22744 22744 22744 6057
20191227 1412 22724 22729 22724 22724 4932
20191227 1414 22724 22724 22719 22719 5298
20191227 1415 22734 22739 22734 22739 3005
20191227 1416 22739 22739 22739 22739 1387
20191227 1417 22729 22739 22729 22739 6522
20191227 1419 22724 22724 22724 22724 2691
20191227 1421 22719 22724 22719 22719 2776
20191227 1422 22714 22719 22714 22719 3957
20191227 1423 22729 22734 22729 22734 5669
20191227 1424 22719 22719 22719 22719 2691
20191227 1426 22699 22714 22699 22714 2692
20191227 1427 22704 22704 22704 22704 3484
20191227 1428 22704 22724 22704 22724 2692
20191227 1429 22719 22729 22719 22729 7140
20191227 1430 22719 22724 22719 22724 88
20191227 1431 22724 22724 22724 22724 2692
20191227 1433 22719 22729 22719 22729 3224
20191227 1434 22719 22719 22719 22719 3399
20191227 1435 22724 22724 22724 22724 2315
20191227 1436 22699 22704 22699 22704 8651
20191227 1438 22699 22699 22699 22699 5390
20191227 1440 22679 22694 22679 22694 2691
20191227 1441 22679 22684 22679 22684 6896
20191227 1443 22684 22684 22684 22684 3239
20191227 1444 22679 22679 22679 22679 5125
20191227 1445 22669 22674 22669 22674 5780
20191227 1447 22669 22669 22669 22669 2692
20191227 1448 22679 22684 22679 22684 3669
20191227 1449 22684 22684 22684 22684 955
20191227 1450 22684 22689 22684 22689 2691
20191227 1451 22684 22684 22684 22684 4077
20191227 1452 22689 22689 22689 22689 2692
20191227 1453 22684 22684 22684 22684 459
20191227 1454 22689 22699 22689 22699 2692
20191227 1455 22689 22689 22689 22689 4760
20191227 1457 22689 22699 22689 22699 6878
20191227 1459 22694 22714 22694 22714 2692
20191227 1501 22704 22719 22704 22719 2691
20191227 1502 22714 22719 22714 22719 2692
20191227 1503 22724 22724 22724 22724 6540
20191227 1504 22719 22729 22719 22724 7111
20191227 1506 22709 22719 22709 22719 4235
20191227 1507 22714 22714 22714 22714 4620
20191227 1508 22704 22714 22704 22709 2694
20191227 1509 22699 22704 22699 22704 6413
20191227 1511 22694 22699 22694 22699 8107
20191227 1513 22684 22689 22684 22689 3068
20191227 1514 22689 22689 22689 22689 1664
20191227 1515 22684 22689 22684 22689 5227
20191227 1516 22684 22694 22684 22694 2694
20191227 1517 22684 22684 22684 22684 3681
20191227 1518 22679 22699 22679 22699 2692
20191227 1519 22694 22694 22694 22694 4499
20191227 1530 22739 22739 22739 22739 200
20191230 902 22764 22764 22764 22764 1
20191230 908 22739 22739 22739 22739 2
20191230 909 22749 22749 22749 22749 2
20191230 917 22754 22754 22754 22754 2
20191230 924 22794 22794 22794 22794 2
20191230 932 22799 22799 22799 22799 2
20191230 937 22774 22774 22774 22774 2
20191230 939 22764 22764 22764 22764 2
20191230 940 22764 22764 22764 22764 1
20191230 947 22779 22779 22779 22779 2
20191230 955 22779 22779 22779 22779 2
20191230 1000 22769 22769 22764 22764 4
20191230 1003 22769 22769 22769 22769 2
20191230 1010 22774 22774 22774 22774 2
20191230 1013 22764 22764 22764 22764 2
20191230 1017 22764 22764 22764 22764 2
20191230 1018 22764 22764 22764 22764 1
20191230 1023 22764 22764 22764 22764 2
20191230 1024 22754 22754 22754 22754 2
20191230 1026 22759 22759 22759 22759 2
20191230 1029 22744 22744 22744 22744 2
20191230 1033 22739 22739 22739 22739 2
20191230 1041 22744 22744 22744 22744 2
20191230 1049 22764 22764 22764 22764 2
20191230 1056 22764 22764 22764 22764 1
20191230 1100 22744 22744 22744 22744 27
20191230 1101 22744 22744 22744 22744 5
20191230 1104 22749 22749 22749 22749 2
20191230 1108 22744 22744 22744 22744 2
20191230 1112 22749 22749 22749 22749 2
20191230 1116 22744 22744 22744 22744 2
20191230 1119 22749 22749 22749 22749 2
20191230 1123 22749 22749 22749 22749 2
20191230 1125 22739 22739 22739 22739 10
20191230 1127 22749 22749 22749 22749 2
20191230 1131 22744 22744 22744 22744 2
20191230 1132 22734 22734 22734 22734 2
20191230 1133 22724 22724 22724 22724 2
20191230 1135 22729 22729 22729 22729 1
20191230 1141 22724 22724 22724 22724 2
20191230 1142 22724 22724 22724 22724 2
20191230 1147 22724 22724 22724 22724 2
20191230 1150 22729 22729 22729 22729 2
20191230 1154 22724 22724 22724 22724 2
20191230 1158 22734 22734 22734 22734 2
20191230 1205 22739 22739 22739 22739 2
20191230 1209 22734 22734 22734 22734 2
20191230 1213 22734 22734 22734 22734 1
20191230 1216 22734 22734 22734 22734 2
20191230 1220 22739 22739 22739 22739 2
20191230 1224 22734 22734 22734 22734 2
20191230 1228 22744 22744 22744 22744 2
20191230 1236 22759 22759 22759 22759 2
20191230 1243 22754 22754 22754 22754 2
20191230 1247 22754 22754 22754 22754 2
20191230 1251 22754 22754 22754 22754 1
20191230 1254 22754 22754 22754 22754 2
20191230 1259 22754 22754 22754 22754 2
20191230 1302 22749 22749 22749 22749 2
20191230 1306 22749 22749 22749 22749 2
20191230 1310 22754 22754 22754 22754 2
20191230 1314 22754 22754 22754 22754 2
20191230 1315 22744 22744 22744 22744 2
20191230 1317 22744 22744 22744 22744 2
20191230 1322 22754 22754 22754 22754 2
20191230 1325 22744 22744 22744 22744 2
20191230 1328 22734 22734 22734 22734 2
20191230 1329 22724 22729 22724 22729 3
20191230 1334 22724 22724 22724 22724 2
20191230 1337 22729 22729 22729 22729 2
20191230 1340 22724 22724 22714 22714 4
20191230 1343 22704 22704 22689 22689 34
20191230 1344 22689 22689 22689 22689 21
20191230 1345 22719 22719 22674 22674 58
20191230 1347 22674 22674 22674 22674 56
20191230 1349 22689 22689 22689 22689 56
20191230 1351 22684 22684 22684 22684 56
20191230 1352 22714 22714 22714 22714 2
20191230 1353 22664 22664 22664 22664 56
20191230 1355 22664 22664 22664 22664 56
20191230 1357 22679 22679 22679 22679 2
20191230 1358 22679 22679 22679 22679 54
20191230 1359 22669 22669 22669 22669 56
20191230 1400 22709 22709 22709 22709 2
20191230 1401 22674 22674 22674 22674 56
20191230 1403 22669 22669 22669 22669 55
20191230 1405 22669 22669 22669 22669 56
20191230 1407 22659 22659 22659 22659 56
20191230 1408 22704 22704 22704 22704 1
20191230 1409 22664 22664 22659 22659 130
20191230 1411 22674 22674 22659 22659 131
20191230 1412 22664 22664 22664 22664 75
20191230 1413 22689 22689 22689 22689 56
20191230 1414 22684 22684 22684 22684 75
20191230 1415 22689 22729 22679 22729 133
20191230 1417 22679 22679 22679 22679 131
20191230 1418 22684 22684 22684 22684 2
20191230 1419 22674 22674 22674 22674 56
20191230 1420 22664 22664 22664 22664 74
20191230 1421 22659 22659 22659 22659 131
20191230 1423 22674 22684 22674 22684 203
20191230 1424 22674 22674 22674 22674 75
20191230 1425 22674 22674 22674 22674 56
20191230 1426 22684 22684 22684 22684 2
20191230 1427 22664 22669 22664 22669 131
20191230 1429 22669 22669 22669 22669 131
20191230 1430 22664 22664 22664 22664 74
20191230 1431 22684 22684 22664 22664 58
20191230 1432 22664 22664 22664 22664 75
20191230 1433 22664 22674 22664 22674 58
20191230 1434 22674 22674 22674 22674 73
20191230 1435 22659 22659 22659 22659 131
20191230 1436 22664 22669 22664 22669 146
20191230 1437 22679 22679 22679 22679 56
20191230 1438 22664 22709 22664 22709 77
20191230 1439 22654 22654 22649 22649 131
20191230 1441 22649 22649 22644 22649 130
20191230 1442 22644 22644 22644 22644 75
20191230 1443 22644 22644 22644 22644 55
20191230 1444 22639 22639 22639 22639 75
20191230 1445 22644 22644 22639 22639 131
20191230 1446 22679 22679 22679 22679 1
20191230 1447 22644 22644 22634 22634 131
20191230 1448 22639 22639 22639 22639 75
20191230 1449 22629 22629 22629 22629 56
20191230 1450 22639 22639 22639 22639 75
20191230 1451 22629 22639 22629 22639 130
20191230 1453 22649 22649 22639 22639 131
20191230 1454 22694 22694 22649 22649 77
20191230 1455 22644 22644 22644 22644 56
20191230 1456 22664 22664 22664 22664 75
20191230 1457 22659 22669 22659 22669 131
20191230 1458 22659 22659 22659 22659 56
20191230 1459 22674 22674 22674 22674 75
20191230 1500 22674 22674 22674 22674 131
20191230 1501 22719 22719 22719 22719 2
20191230 1509 22709 22709 22709 22709 2
20191230 1513 22684 22684 22684 22684 2
20191230 1516 22699 22699 22699 22699 2
20191230 1519 22684 22684 22684 22684 2
20191230 1530 22689 22689 22689 22689 110
