날짜 시간 시가 고가 저가 종가 거래량
20200601 901 26500 26550 26300 26500 9290
20200601 902 26500 26700 26350 26700 2493
20200601 903 26700 26700 26500 26600 2008
20200601 904 26650 26650 26600 26650 469
20200601 905 26650 26700 26550 26600 6869
20200601 906 26650 26700 26600 26700 1393
20200601 907 26650 26900 26650 26650 2554
20200601 908 26750 26750 26650 26650 1219
20200601 909 26650 26750 26650 26750 563
20200601 910 26700 26750 26700 26750 713
20200601 911 26750 26800 26700 26700 869
20200601 912 26750 26750 26700 26700 297
20200601 913 26700 26700 26650 26650 3302
20200601 914 26600 26650 26600 26650 498
20200601 915 26600 26700 26600 26700 1269
20200601 916 26700 26800 26700 26800 2324
20200601 917 26800 26850 26800 26800 3923
20200601 918 26800 26850 26750 26750 1627
20200601 919 26750 26750 26700 26700 273
20200601 920 26700 26700 26650 26700 1137
20200601 921 26650 26750 26650 26750 1077
20200601 922 26750 26750 26700 26700 915
20200601 923 26700 26750 26700 26700 749
20200601 924 26700 26700 26650 26650 562
20200601 925 26700 26700 26600 26650 7337
20200601 926 26650 26650 26600 26650 310
20200601 927 26650 26650 26600 26650 3034
20200601 928 26650 26650 26600 26650 431
20200601 929 26650 26650 26600 26650 264
20200601 930 26650 26650 26600 26650 507
20200601 931 26650 26750 26600 26750 2684
20200601 932 26700 26750 26700 26750 275
20200601 933 26700 26750 26700 26750 243
20200601 934 26750 26750 26650 26650 698
20200601 935 26650 26700 26650 26650 125
20200601 936 26700 26700 26650 26650 1257
20200601 937 26650 26650 26500 26500 3733
20200601 938 26550 26600 26500 26600 2600
20200601 939 26550 26650 26500 26600 1462
20200601 940 26650 26650 26550 26550 140
20200601 941 26600 26600 26550 26600 403
20200601 942 26600 26650 26550 26600 1201
20200601 943 26650 26650 26600 26650 693
20200601 944 26650 26700 26600 26650 699
20200601 945 26700 26900 26650 26900 6866
20200601 946 26950 26950 26850 26850 4370
20200601 947 26900 26900 26850 26900 495
20200601 948 26850 27000 26850 26950 5599
20200601 949 27000 27150 26950 27150 2632
20200601 950 27150 27150 27050 27100 1750
20200601 951 27100 27250 27050 27250 4185
20200601 952 27250 27350 27200 27300 3640
20200601 953 27300 27450 27300 27400 5953
20200601 954 27350 27400 27250 27300 3053
20200601 955 27300 27350 27250 27250 4122
20200601 956 27250 27300 27200 27250 1710
20200601 957 27250 27350 27250 27300 2509
20200601 958 27300 27300 27250 27300 2105
20200601 959 27300 27300 27200 27200 4840
20200601 1000 27200 27250 27200 27200 1210
20200601 1001 27200 27250 27150 27200 3389
20200601 1002 27150 27250 27150 27200 1161
20200601 1003 27200 27200 27050 27100 2512
20200601 1004 27150 27200 27050 27100 5977
20200601 1005 27100 27150 27100 27150 1274
20200601 1006 27100 27150 27100 27150 270
20200601 1007 27100 27150 27100 27100 163
20200601 1008 27100 27150 27100 27150 888
20200601 1009 27150 27150 27100 27150 370
20200601 1010 27150 27200 27100 27200 1729
20200601 1011 27150 27200 27100 27150 2138
20200601 1012 27150 27150 27100 27150 249
20200601 1013 27150 27200 27100 27150 1530
20200601 1014 27150 27150 27100 27100 497
20200601 1015 27150 27200 27100 27150 869
20200601 1016 27200 27250 27200 27250 1903
20200601 1017 27250 27250 27200 27200 804
20200601 1018 27250 27250 27150 27150 2237
20200601 1019 27200 27200 27150 27200 353
20200601 1020 27150 27200 27150 27200 754
20200601 1021 27200 27250 27150 27150 1459
20200601 1022 27250 27250 27150 27200 84
20200601 1023 27200 27250 27150 27250 1671
20200601 1024 27250 27300 27200 27300 1333
20200601 1025 27300 27350 27300 27350 2361
20200601 1026 27350 27400 27300 27400 3189
20200601 1027 27400 27400 27350 27350 3118
20200601 1028 27350 27400 27350 27400 1401
20200601 1029 27350 27400 27300 27350 911
20200601 1030 27350 27350 27300 27300 274
20200601 1031 27350 27350 27300 27300 1077
20200601 1032 27350 27350 27300 27300 1803
20200601 1033 27250 27300 27250 27250 519
20200601 1034 27300 27300 27250 27300 493
20200601 1035 27300 27300 27250 27250 299
20200601 1036 27300 27350 27250 27300 1640
20200601 1037 27300 27350 27250 27350 1152
20200601 1038 27350 27350 27300 27300 1816
20200601 1039 27300 27350 27300 27350 878
20200601 1040 27300 27400 27300 27350 3718
20200601 1041 27300 27350 27300 27300 330
20200601 1042 27300 27350 27250 27350 1649
20200601 1043 27300 27350 27250 27300 2186
20200601 1044 27250 27300 27250 27250 381
20200601 1045 27300 27300 27250 27250 817
20200601 1046 27300 27350 27250 27250 731
20200601 1047 27300 27350 27250 27300 249
20200601 1048 27300 27350 27300 27300 1656
20200601 1049 27350 27350 27300 27300 472
20200601 1050 27300 27350 27300 27350 217
20200601 1051 27300 27350 27300 27350 292
20200601 1052 27300 27350 27300 27300 1010
20200601 1053 27350 27350 27300 27350 354
20200601 1054 27300 27350 27250 27250 830
20200601 1055 27250 27300 27250 27300 749
20200601 1056 27300 27300 27250 27300 283
20200601 1057 27250 27300 27250 27250 526
20200601 1058 27250 27300 27250 27250 317
20200601 1059 27300 27300 27250 27250 1332
20200601 1100 27300 27300 27250 27250 1716
20200601 1101 27200 27300 27150 27150 2172
20200601 1102 27200 27200 27150 27150 600
20200601 1103 27150 27200 27150 27150 157
20200601 1104 27200 27200 27150 27200 247
20200601 1105 27150 27150 27100 27100 3082
20200601 1106 27100 27150 27100 27100 638
20200601 1107 27100 27150 27100 27100 308
20200601 1108 27150 27250 27050 27150 2022
20200601 1109 27050 27150 27050 27150 315
20200601 1110 27100 27150 27050 27100 345
20200601 1111 27100 27150 27100 27100 285
20200601 1112 27150 27150 27100 27100 576
20200601 1113 27150 27150 27100 27150 523
20200601 1114 27150 27150 27100 27150 256
20200601 1115 27150 27150 27100 27100 310
20200601 1116 27050 27100 27050 27050 482
20200601 1117 27050 27100 27050 27050 173
20200601 1118 27050 27100 27050 27050 285
20200601 1119 27100 27100 27050 27050 254
20200601 1120 27100 27100 27050 27100 177
20200601 1121 27100 27100 27050 27050 124
20200601 1122 27100 27100 27050 27100 406
20200601 1123 27050 27100 27050 27100 1533
20200601 1124 27100 27100 27050 27050 207
20200601 1125 27050 27300 27050 27150 6187
20200601 1126 27150 27200 27100 27150 272
20200601 1127 27150 27200 27100 27100 218
20200601 1128 27100 27150 27100 27100 117
20200601 1129 27150 27150 27100 27150 56
20200601 1130 27150 27150 27100 27150 221
20200601 1131 27100 27200 27100 27150 334
20200601 1132 27100 27150 27100 27100 354
20200601 1133 27150 27150 27100 27100 226
20200601 1134 27150 27200 27100 27200 159
20200601 1135 27150 27200 27150 27200 193
20200601 1136 27150 27200 27150 27150 387
20200601 1137 27150 27200 27150 27200 284
20200601 1138 27150 27200 27150 27200 101
20200601 1139 27200 27200 27150 27200 480
20200601 1140 27200 27200 27100 27150 403
20200601 1141 27100 27150 27100 27100 598
20200601 1142 27150 27150 27100 27100 352
20200601 1143 27150 27200 27100 27150 1041
20200601 1144 27150 27200 27150 27200 272
20200601 1145 27200 27200 27150 27150 677
20200601 1146 27200 27200 27150 27200 154
20200601 1147 27200 27200 27150 27200 3200
20200601 1148 27200 27200 27150 27150 487
20200601 1149 27200 27200 27150 27200 162
20200601 1150 27200 27200 27150 27150 739
20200601 1151 27150 27200 27150 27200 181
20200601 1152 27200 27200 27150 27200 461
20200601 1153 27150 27200 27150 27200 339
20200601 1154 27200 27200 27150 27200 123
20200601 1155 27200 27200 27150 27150 287
20200601 1156 27150 27200 27150 27200 346
20200601 1157 27150 27200 27150 27200 381
20200601 1158 27200 27200 27150 27200 45
20200601 1159 27150 27200 27150 27150 329
20200601 1200 27150 27200 27150 27150 363
20200601 1201 27150 27200 27150 27200 771
20200601 1202 27200 27200 27150 27200 408
20200601 1203 27150 27200 27150 27200 303
20200601 1204 27150 27200 27150 27150 260
20200601 1205 27200 27200 27150 27200 682
20200601 1206 27150 27200 27150 27200 632
20200601 1207 27200 27200 27150 27200 576
20200601 1208 27150 27200 27150 27150 272
20200601 1209 27150 27200 27150 27200 364
20200601 1210 27200 27200 27150 27150 2253
20200601 1211 27100 27150 27100 27100 338
20200601 1212 27100 27150 27100 27100 95
20200601 1213 27150 27150 27100 27150 554
20200601 1214 27150 27150 27100 27100 530
20200601 1215 27150 27150 27050 27150 567
20200601 1216 27100 27150 27050 27050 587
20200601 1217 27100 27100 27050 27050 1142
20200601 1218 27050 27050 26950 26950 2102
20200601 1219 26950 26950 26900 26900 376
20200601 1220 26950 26950 26900 26900 253
20200601 1221 26950 26950 26900 26950 286
20200601 1222 26900 26950 26900 26900 482
20200601 1223 26900 26950 26900 26950 90
20200601 1224 26950 26950 26900 26950 1164
20200601 1225 26900 26950 26900 26950 216
20200601 1226 26950 26950 26900 26900 274
20200601 1227 26950 26950 26900 26900 543
20200601 1228 26900 26950 26900 26900 143
20200601 1229 26950 26950 26900 26900 312
20200601 1230 26900 26950 26900 26900 426
20200601 1231 26900 26950 26900 26950 266
20200601 1232 26950 26950 26900 26950 126
20200601 1233 26900 26950 26900 26950 228
20200601 1234 26950 26950 26900 26950 458
20200601 1235 26950 26950 26900 26950 240
20200601 1236 26900 26950 26900 26950 551
20200601 1237 26950 26950 26900 26950 958
20200601 1238 26900 26950 26900 26950 212
20200601 1239 26900 26950 26900 26900 309
20200601 1240 26900 26950 26900 26900 420
20200601 1241 26950 26950 26900 26950 339
20200601 1242 26900 26950 26900 26900 243
20200601 1243 26950 26950 26900 26950 155
20200601 1244 26950 26950 26900 26900 996
20200601 1245 26950 26950 26900 26900 520
20200601 1246 26950 26950 26900 26950 113
20200601 1247 26950 26950 26900 26900 132
20200601 1248 26950 26950 26900 26900 306
20200601 1249 26950 26950 26900 26900 193
20200601 1250 26950 26950 26900 26950 395
20200601 1251 26950 26950 26900 26950 113
20200601 1252 26950 26950 26900 26950 351
20200601 1253 26900 26950 26850 26900 662
20200601 1254 26900 26900 26850 26850 833
20200601 1255 26850 26900 26850 26850 504
20200601 1256 26850 26900 26800 26850 395
20200601 1257 26850 26900 26800 26850 898
20200601 1258 26850 26900 26800 26850 831
20200601 1259 26850 26900 26800 26900 151
20200601 1300 26900 26900 26850 26900 1726
20200601 1301 26800 26900 26800 26900 330
20200601 1302 26900 26900 26850 26900 130
20200601 1303 26850 26900 26850 26850 458
20200601 1304 26900 26950 26850 26950 981
20200601 1305 26950 26950 26900 26950 591
20200601 1306 26950 26950 26900 26900 345
20200601 1307 26950 26950 26900 26950 413
20200601 1308 26900 26950 26900 26900 369
20200601 1309 26950 26950 26900 26900 640
20200601 1310 26900 26950 26900 26950 236
20200601 1311 26900 26950 26850 26850 210
20200601 1312 26900 26950 26900 26950 268
20200601 1313 26950 26950 26900 26900 376
20200601 1314 26950 26950 26900 26950 412
20200601 1315 26900 26950 26900 26900 112
20200601 1316 26900 26950 26900 26950 316
20200601 1317 26900 26950 26900 26900 306
20200601 1318 26900 26950 26900 26950 376
20200601 1319 26900 26950 26850 26900 126
20200601 1320 26900 26950 26900 26900 345
20200601 1321 26850 26950 26850 26950 480
20200601 1322 26850 26950 26850 26900 424
20200601 1323 26900 26900 26850 26850 299
20200601 1324 26850 26900 26850 26900 378
20200601 1325 26900 26950 26900 26950 261
20200601 1326 26950 26950 26900 26900 449
20200601 1327 26900 26950 26900 26950 597
20200601 1328 26900 26950 26900 26950 286
20200601 1329 26950 26950 26900 26900 269
20200601 1330 26900 26950 26900 26900 227
20200601 1331 26900 26950 26900 26950 605
20200601 1332 26900 26950 26900 26900 173
20200601 1333 26900 26950 26900 26900 237
20200601 1334 26950 26950 26900 26950 2075
20200601 1335 26950 26950 26900 26900 2822
20200601 1336 26850 26950 26850 26950 273
20200601 1337 26900 26950 26900 26900 316
20200601 1338 26950 26950 26900 26950 220
20200601 1339 26900 26950 26900 26950 291
20200601 1340 26950 26950 26900 26950 633
20200601 1341 26950 26950 26900 26900 1521
20200601 1342 26900 26950 26900 26950 187
20200601 1343 26950 26950 26900 26900 538
20200601 1344 26950 27000 26900 26900 760
20200601 1345 26900 26950 26900 26950 299
20200601 1346 26950 27000 26950 27000 103
20200601 1347 27000 27000 26900 26900 557
20200601 1348 26900 27000 26900 26900 168
20200601 1349 26950 26950 26900 26950 440
20200601 1350 26900 26950 26900 26900 283
20200601 1351 26900 26950 26900 26950 300
20200601 1352 26950 26950 26900 26900 549
20200601 1353 26950 26950 26900 26900 659
20200601 1354 26950 26950 26900 26900 158
20200601 1355 26900 26950 26900 26900 710
20200601 1356 26950 26950 26900 26900 532
20200601 1357 26900 26950 26900 26950 694
20200601 1358 26950 26950 26900 26950 286
20200601 1359 26900 26950 26900 26900 250
20200601 1400 26900 26950 26850 26850 554
20200601 1401 26850 26950 26850 26850 379
20200601 1402 26850 26900 26850 26900 290
20200601 1403 26900 26950 26900 26900 320
20200601 1404 26900 26950 26900 26900 366
20200601 1405 26950 26950 26850 26850 439
20200601 1406 26850 26900 26850 26850 595
20200601 1407 26850 26900 26850 26900 989
20200601 1408 26900 26900 26850 26850 426
20200601 1409 26850 26900 26850 26850 1163
20200601 1410 26900 26950 26850 26900 450
20200601 1411 26900 26950 26850 26850 360
20200601 1412 26850 26900 26850 26900 280
20200601 1413 26850 26900 26850 26850 167
20200601 1414 26900 26900 26850 26850 679
20200601 1415 26850 26900 26850 26900 1027
20200601 1416 26900 26900 26850 26850 616
20200601 1417 26850 26900 26850 26850 353
20200601 1418 26850 26900 26850 26850 580
20200601 1419 26850 26900 26850 26850 770
20200601 1420 26800 26850 26800 26800 1951
20200601 1421 26800 26850 26800 26800 393
20200601 1422 26800 26850 26800 26850 671
20200601 1423 26900 26900 26850 26850 277
20200601 1424 26900 26900 26800 26850 482
20200601 1425 26800 26900 26800 26850 256
20200601 1426 26900 26900 26850 26850 459
20200601 1427 26850 26900 26850 26900 754
20200601 1428 26900 26900 26850 26850 423
20200601 1429 26850 26900 26850 26850 210
20200601 1430 26900 26900 26850 26900 279
20200601 1431 26900 26950 26850 26900 1464
20200601 1432 26900 26900 26850 26850 384
20200601 1433 26900 26900 26850 26900 443
20200601 1434 26900 26950 26850 26850 313
20200601 1435 26900 26950 26900 26950 396
20200601 1436 26950 26950 26900 26950 458
20200601 1437 26950 26950 26900 26950 299
20200601 1438 26950 26950 26900 26950 533
20200601 1439 26950 26950 26850 26850 615
20200601 1440 26850 26950 26850 26900 311
20200601 1441 26950 26950 26900 26900 626
20200601 1442 26900 26950 26850 26850 653
20200601 1443 26900 26900 26850 26850 305
20200601 1444 26900 26950 26850 26900 424
20200601 1445 26900 26950 26900 26900 423
20200601 1446 26950 26950 26900 26950 280
20200601 1447 26900 26950 26900 26900 479
20200601 1448 26950 26950 26900 26900 461
20200601 1449 26950 26950 26900 26900 811
20200601 1450 26950 26950 26900 26950 225
20200601 1451 26950 26950 26900 26950 354
20200601 1452 26950 26950 26900 26950 425
20200601 1453 26950 26950 26900 26900 447
20200601 1454 26950 26950 26900 26950 418
20200601 1455 26900 26950 26900 26950 420
20200601 1456 26900 26950 26850 26950 600
20200601 1457 26900 26950 26900 26900 420
20200601 1458 26950 26950 26900 26950 310
20200601 1459 26900 27000 26900 26900 532
20200601 1500 26900 27000 26900 26900 270
20200601 1501 26950 26950 26900 26900 389
20200601 1502 26950 26950 26850 26950 5052
20200601 1503 26950 26950 26900 26950 2505
20200601 1504 26950 26950 26900 26950 565
20200601 1505 26950 26950 26900 26950 656
20200601 1506 26900 26950 26900 26950 327
20200601 1507 26950 26950 26900 26950 382
20200601 1508 26950 27000 26900 26950 619
20200601 1509 26950 27000 26950 27000 545
20200601 1510 27000 27000 26900 27000 2116
20200601 1511 27000 27000 26950 26950 346
20200601 1512 27000 27000 26950 27000 154
20200601 1513 27000 27000 26950 27000 256
20200601 1514 27000 27000 26950 27000 536
20200601 1515 27000 27000 26950 27000 390
20200601 1516 27000 27000 26900 26900 1898
20200601 1517 26900 27000 26900 26900 1274
20200601 1518 26950 26950 26900 26950 352
20200601 1519 26950 26950 26900 26950 2727
20200601 1520 26950 26950 26900 26950 163
20200601 1530 27000 27000 27000 27000 9933
20200602 901 26850 26900 26700 26700 7808
20200602 902 26750 26750 26550 26600 4085
20200602 903 26550 26750 26550 26750 3854
20200602 904 26600 26750 26550 26650 2541
20200602 905 26600 26700 26600 26650 1548
20200602 906 26650 26650 26600 26600 1932
20200602 907 26650 26750 26650 26650 1376
20200602 908 26700 26750 26650 26700 999
20200602 909 26750 26750 26700 26750 843
20200602 910 26750 26750 26700 26700 959
20200602 911 26700 26750 26700 26700 692
20200602 912 26750 27000 26700 27000 8204
20200602 913 27000 27000 26850 26850 1883
20200602 914 26900 26950 26800 26850 510
20200602 915 26900 26950 26850 26850 123
20200602 916 26900 27000 26850 26950 1978
20200602 917 27000 27100 26950 27100 10741
20200602 918 27100 27150 27100 27100 2147
20200602 919 27100 27150 27050 27100 1966
20200602 920 27100 27150 27050 27100 1628
20200602 921 27100 27100 27050 27050 711
20200602 922 27050 27100 27000 27000 4435
20200602 923 27000 27050 26950 26950 3099
20200602 924 27000 27050 26950 27050 2536
20200602 925 27050 27100 26950 26950 2654
20200602 926 26950 27000 26900 26950 2581
20200602 927 27000 27000 26950 26950 250
20200602 928 27000 27000 26950 27000 1229
20200602 929 27000 27000 26950 26950 239
20200602 930 27000 27000 26950 26950 113
20200602 931 26950 27200 26950 27200 7011
20200602 932 27150 27200 27000 27050 2193
20200602 933 27000 27100 27000 27100 753
20200602 934 27100 27100 27100 27100 713
20200602 935 27100 27150 27100 27100 1870
20200602 936 27100 27150 27100 27100 124
20200602 937 27100 27150 27100 27150 240
20200602 938 27100 27150 27050 27050 4728
20200602 939 27100 27100 26950 26950 11534
20200602 940 26950 27000 26950 26950 396
20200602 941 26950 27000 26950 26950 238
20200602 942 27000 27000 26950 26950 132
20200602 943 26950 27000 26950 26950 321
20200602 944 26950 27000 26950 26950 153
20200602 945 26950 27000 26950 26950 326
20200602 946 26950 27000 26900 26900 5923
20200602 947 26900 26900 26850 26850 2962
20200602 948 26850 26900 26850 26850 515
20200602 949 26850 26850 26850 26850 135
20200602 950 26850 26900 26850 26850 537
20200602 951 26850 26900 26850 26850 483
20200602 952 26850 26900 26850 26850 205
20200602 953 26850 26850 26800 26800 4488
20200602 954 26800 26850 26800 26850 195
20200602 955 26850 26850 26750 26750 2703
20200602 956 26800 26800 26750 26800 1114
20200602 957 26800 26800 26750 26800 531
20200602 958 26750 26800 26750 26750 243
20200602 959 26800 26850 26750 26800 1398
20200602 1000 26800 26850 26800 26800 1090
20200602 1001 26850 26900 26800 26900 525
20200602 1002 26900 26900 26850 26850 481
20200602 1003 26850 26900 26850 26900 604
20200602 1004 26850 26850 26800 26850 558
20200602 1005 26850 26900 26800 26850 312
20200602 1006 26850 26850 26800 26800 2409
20200602 1007 26750 26850 26750 26800 1390
20200602 1008 26800 26850 26750 26850 764
20200602 1009 26800 26850 26800 26800 247
20200602 1010 26800 26800 26800 26800 126
20200602 1011 26800 26850 26800 26850 419
20200602 1012 26850 26900 26850 26900 503
20200602 1013 26850 26900 26850 26850 273
20200602 1014 26850 26950 26850 26950 1436
20200602 1015 26900 27050 26900 27000 4255
20200602 1016 27000 27000 26950 26950 605
20200602 1017 26950 26950 26950 26950 243
20200602 1018 26950 27000 26950 26950 714
20200602 1019 26950 27000 26900 26950 798
20200602 1020 26950 27000 26950 26950 115
20200602 1021 26950 27000 26950 26950 434
20200602 1022 26950 27000 26900 26950 222
20200602 1023 26950 26950 26950 26950 197
20200602 1024 26950 27000 26950 26950 82
20200602 1025 26950 27000 26950 26950 643
20200602 1026 26950 27000 26950 26950 221
20200602 1027 27000 27000 26900 26950 1279
20200602 1028 26950 26950 26900 26900 217
20200602 1029 26950 27000 26950 27000 582
20200602 1030 26950 27000 26950 26950 397
20200602 1031 26950 27000 26900 26900 1163
20200602 1032 26900 26950 26900 26900 325
20200602 1033 26900 26950 26900 26900 299
20200602 1034 26900 26950 26900 26900 610
20200602 1035 26900 26900 26900 26900 449
20200602 1036 26900 26950 26900 26950 717
20200602 1037 26900 27000 26900 27000 1490
20200602 1038 26950 27000 26950 27000 1201
20200602 1039 26950 27000 26950 26950 1144
20200602 1040 26950 26950 26900 26900 1019
20200602 1041 26900 26950 26900 26950 838
20200602 1042 26950 27000 26950 26950 208
20200602 1043 26950 27000 26950 27000 208
20200602 1044 26950 27000 26950 26950 59
20200602 1045 26950 27000 26950 26950 420
20200602 1046 26950 27000 26950 26950 246
20200602 1047 26950 27000 26950 26950 822
20200602 1048 26950 27000 26950 26950 106
20200602 1049 26950 27050 26950 27050 3637
20200602 1050 27000 27050 26950 27000 2185
20200602 1051 27000 27000 26900 26950 1350
20200602 1052 26950 26950 26900 26900 527
20200602 1053 26950 26950 26900 26900 794
20200602 1054 26900 26950 26900 26900 612
20200602 1055 26900 26950 26850 26900 1071
20200602 1056 26900 26950 26850 26900 1621
20200602 1057 26950 26950 26900 26900 759
20200602 1058 26900 26950 26900 26950 948
20200602 1059 26900 26950 26900 26900 370
20200602 1100 26900 26950 26900 26950 974
20200602 1101 26950 27000 26900 26950 2057
20200602 1102 26950 27000 26900 26900 1077
20200602 1103 26900 26950 26900 26950 913
20200602 1104 26950 27000 26950 26950 4896
20200602 1105 26950 26950 26900 26900 568
20200602 1106 26900 26950 26900 26900 2742
20200602 1107 26950 26950 26900 26900 674
20200602 1108 26900 26950 26900 26900 1520
20200602 1109 26850 26950 26850 26900 2301
20200602 1110 26900 26950 26900 26900 910
20200602 1111 26900 26950 26850 26850 162
20200602 1112 26900 26900 26850 26850 878
20200602 1113 26850 26900 26850 26900 150
20200602 1114 26900 26900 26850 26850 334
20200602 1115 26900 26900 26850 26850 346
20200602 1116 26850 26950 26850 26900 1098
20200602 1117 26900 26950 26900 26950 437
20200602 1118 26900 26950 26900 26950 309
20200602 1119 26900 26950 26850 26850 1424
20200602 1120 26900 26900 26800 26800 1901
20200602 1121 26850 26900 26800 26850 1154
20200602 1122 26850 26900 26800 26900 266
20200602 1123 26850 26850 26850 26850 707
20200602 1124 26900 26900 26850 26900 775
20200602 1125 26900 26950 26900 26900 388
20200602 1126 26900 26900 26850 26850 714
20200602 1127 26850 26950 26850 26900 168
20200602 1128 26900 26950 26900 26900 495
20200602 1129 26900 26950 26900 26900 178
20200602 1130 26900 26950 26900 26950 658
20200602 1131 26950 26950 26900 26900 399
20200602 1132 26900 26950 26900 26950 379
20200602 1133 26900 27000 26900 26950 1627
20200602 1134 26950 27000 26950 26950 84
20200602 1135 26950 27000 26950 26950 512
20200602 1136 26950 27000 26950 26950 424
20200602 1137 26950 27000 26950 26950 668
20200602 1138 26950 27000 26950 26950 791
20200602 1139 26950 27000 26950 26950 1285
20200602 1140 26950 27000 26950 27000 522
20200602 1141 27000 27000 26950 26950 121
20200602 1142 26950 27000 26950 27000 687
20200602 1143 26950 27000 26950 26950 1709
20200602 1144 27000 27000 26900 26950 626
20200602 1145 26950 27000 26950 26950 245
20200602 1146 26900 27000 26900 26950 493
20200602 1147 27000 27000 26950 26950 511
20200602 1148 27000 27000 26950 26950 211
20200602 1149 26950 27000 26950 27000 760
20200602 1150 27000 27000 26950 26950 90
20200602 1151 26950 26950 26950 26950 712
20200602 1152 26950 27000 26950 26950 721
20200602 1153 26950 27000 26950 26950 131
20200602 1154 26950 26950 26900 26900 573
20200602 1155 26950 26950 26900 26900 196
20200602 1156 26900 26950 26900 26950 718
20200602 1157 26900 26950 26900 26900 50
20200602 1158 26950 27000 26900 26950 1796
20200602 1159 26900 26950 26900 26900 1384
20200602 1200 26900 26950 26900 26900 52
20200602 1201 26900 26950 26900 26950 153
20200602 1202 26950 27000 26900 26950 1125
20200602 1203 26950 27000 26950 27000 144
20200602 1204 27000 27000 26950 27000 1027
20200602 1205 26950 27000 26950 27000 292
20200602 1206 27000 27000 26950 26950 178
20200602 1207 27000 27000 26950 27000 183
20200602 1208 27000 27000 26950 26950 410
20200602 1209 26950 27000 26950 26950 78
20200602 1210 26950 27000 26950 27000 363
20200602 1211 26950 27000 26900 26900 155
20200602 1212 26900 26950 26900 26900 391
20200602 1213 26950 26950 26900 26950 1379
20200602 1214 26900 26950 26900 26900 206
20200602 1215 26950 27000 26900 27000 321
20200602 1216 26950 27000 26950 26950 138
20200602 1217 27000 27000 26950 26950 361
20200602 1218 26950 27000 26900 27000 457
20200602 1219 27000 27000 26950 26950 546
20200602 1220 27000 27000 26950 26950 288
20200602 1221 27000 27000 26900 26950 499
20200602 1222 26950 26950 26900 26950 375
20200602 1223 26950 26950 26900 26900 275
20200602 1224 26900 26950 26900 26950 149
20200602 1225 26950 26950 26900 26950 500
20200602 1226 26950 27000 26900 26900 548
20200602 1227 26900 27000 26900 26900 301
20200602 1228 26900 27000 26900 26900 893
20200602 1229 26950 26950 26900 26900 138
20200602 1230 26900 26950 26900 26900 80
20200602 1231 26900 26950 26900 26950 567
20200602 1232 26900 26950 26900 26950 205
20200602 1233 26900 26900 26850 26850 703
20200602 1234 26850 26900 26850 26900 73
20200602 1235 26900 26900 26850 26900 307
20200602 1236 26850 26900 26850 26900 38
20200602 1237 26900 26900 26800 26850 31252
20200602 1238 26850 26900 26800 26800 439
20200602 1239 26800 26850 26800 26800 203
20200602 1240 26800 26850 26800 26800 118
20200602 1241 26850 26850 26800 26800 1149
20200602 1242 26800 26800 26750 26800 405
20200602 1243 26800 26800 26800 26800 32
20200602 1244 26800 26850 26800 26850 316
20200602 1245 26800 26850 26800 26800 545
20200602 1246 26800 26850 26750 26850 578
20200602 1247 26850 26850 26800 26850 328
20200602 1248 26800 26800 26750 26750 1510
20200602 1249 26750 26800 26750 26800 474
20200602 1250 26750 26800 26750 26750 6129
20200602 1251 26750 26800 26750 26750 160
20200602 1252 26750 26800 26750 26800 585
20200602 1253 26800 26800 26750 26750 3478
20200602 1254 26750 26800 26700 26750 2294
20200602 1255 26750 26800 26750 26750 524
20200602 1256 26800 26800 26750 26750 502
20200602 1257 26750 26800 26750 26750 156
20200602 1258 26800 26800 26750 26750 1065
20200602 1259 26800 26800 26750 26750 206
20200602 1300 26750 26800 26750 26800 1369
20200602 1301 26750 26800 26750 26750 559
20200602 1302 26750 26800 26750 26800 406
20200602 1303 26750 26800 26750 26750 379
20200602 1304 26800 26800 26750 26750 579
20200602 1305 26750 26800 26750 26750 535
20200602 1306 26750 26800 26700 26750 597
20200602 1307 26700 26750 26700 26750 403
20200602 1308 26750 26750 26700 26750 585
20200602 1309 26750 26750 26700 26750 1334
20200602 1310 26750 26750 26700 26750 328
20200602 1311 26800 26800 26750 26750 518
20200602 1312 26750 26800 26700 26750 372
20200602 1313 26750 26750 26700 26700 370
20200602 1314 26700 26750 26700 26750 1026
20200602 1315 26700 26750 26700 26700 787
20200602 1316 26700 26750 26700 26700 365
20200602 1317 26700 26750 26700 26750 3758
20200602 1318 26700 26700 26650 26650 4366
20200602 1319 26700 26700 26650 26700 881
20200602 1320 26650 26700 26600 26650 5599
20200602 1321 26650 26700 26600 26600 1079
20200602 1322 26600 26650 26600 26650 1931
20200602 1323 26600 26700 26600 26650 674
20200602 1324 26650 26650 26600 26600 503
20200602 1325 26600 26650 26600 26650 1079
20200602 1326 26650 26700 26600 26700 2145
20200602 1327 26700 26700 26600 26600 2025
20200602 1328 26600 26650 26600 26600 546
20200602 1329 26600 26600 26550 26550 8915
20200602 1330 26600 26600 26550 26600 456
20200602 1331 26550 26600 26550 26600 805
20200602 1332 26600 26600 26550 26550 631
20200602 1333 26550 26600 26550 26600 2759
20200602 1334 26600 26650 26550 26600 1836
20200602 1335 26600 26650 26600 26600 661
20200602 1336 26600 26650 26600 26650 1749
20200602 1337 26650 26650 26600 26600 451
20200602 1338 26650 26650 26600 26600 1318
20200602 1339 26600 26700 26600 26650 859
20200602 1340 26650 26700 26650 26650 271
20200602 1341 26650 26700 26600 26600 877
20200602 1342 26650 26650 26600 26600 823
20200602 1343 26600 26650 26600 26600 397
20200602 1344 26650 26650 26600 26600 602
20200602 1345 26600 26650 26600 26600 1778
20200602 1346 26600 26650 26600 26650 719
20200602 1347 26600 26650 26600 26650 789
20200602 1348 26600 26650 26600 26650 872
20200602 1349 26600 26650 26600 26600 545
20200602 1350 26600 26650 26600 26600 615
20200602 1351 26600 26700 26600 26650 1672
20200602 1352 26700 26700 26650 26650 740
20200602 1353 26650 26700 26650 26700 1898
20200602 1354 26650 26700 26650 26650 1185
20200602 1355 26700 26700 26650 26650 578
20200602 1356 26650 26700 26650 26650 382
20200602 1357 26700 26700 26650 26650 888
20200602 1358 26650 26700 26650 26650 786
20200602 1359 26650 26700 26600 26600 632
20200602 1400 26650 26650 26600 26600 145
20200602 1401 26600 26650 26600 26600 1051
20200602 1402 26650 26650 26600 26600 913
20200602 1403 26600 26650 26600 26650 162
20200602 1404 26600 26700 26600 26650 967
20200602 1405 26650 26700 26650 26650 552
20200602 1406 26700 26700 26650 26700 785
20200602 1407 26700 26700 26650 26650 235
20200602 1408 26700 26700 26650 26650 2142
20200602 1409 26700 26700 26650 26650 780
20200602 1410 26650 26700 26650 26650 470
20200602 1411 26650 26700 26650 26700 713
20200602 1412 26650 26700 26650 26650 458
20200602 1413 26650 26700 26650 26700 732
20200602 1414 26700 26700 26650 26650 481
20200602 1415 26700 26750 26650 26700 1821
20200602 1416 26750 26750 26700 26750 506
20200602 1417 26750 26750 26700 26750 331
20200602 1418 26750 26750 26700 26700 604
20200602 1419 26700 26750 26700 26700 394
20200602 1420 26700 26750 26700 26700 377
20200602 1421 26700 26750 26700 26700 426
20200602 1422 26750 26750 26650 26650 643
20200602 1423 26700 26700 26650 26650 540
20200602 1424 26650 26700 26650 26650 685
20200602 1425 26650 26700 26650 26650 973
20200602 1426 26650 26700 26650 26650 455
20200602 1427 26700 26750 26650 26650 1501
20200602 1428 26650 26700 26650 26650 578
20200602 1429 26700 26700 26650 26700 708
20200602 1430 26650 26700 26650 26700 1299
20200602 1431 26700 26700 26650 26650 377
20200602 1432 26700 26700 26650 26700 1811
20200602 1433 26700 26700 26650 26700 1426
20200602 1434 26700 26750 26650 26700 3306
20200602 1435 26650 26800 26650 26700 2536
20200602 1436 26700 26800 26700 26800 995
20200602 1437 26750 26800 26700 26700 811
20200602 1438 26750 26750 26700 26750 564
20200602 1439 26700 26750 26700 26750 360
20200602 1440 26700 26750 26650 26700 2221
20200602 1441 26700 26700 26650 26700 453
20200602 1442 26700 26750 26650 26700 2377
20200602 1443 26750 26750 26700 26750 883
20200602 1444 26700 26750 26700 26700 939
20200602 1445 26700 26800 26700 26800 1417
20200602 1446 26750 26800 26750 26800 781
20200602 1447 26800 26800 26750 26800 794
20200602 1448 26800 26800 26700 26750 2693
20200602 1449 26800 26800 26750 26800 2652
20200602 1450 26800 27000 26750 26950 13386
20200602 1451 26950 26950 26900 26900 977
20200602 1452 26950 26950 26800 26850 3726
20200602 1453 26850 26900 26800 26900 1424
20200602 1454 26900 26950 26850 26900 2243
20200602 1455 26900 26900 26850 26850 622
20200602 1456 26850 26900 26850 26900 1760
20200602 1457 26950 26950 26900 26900 1139
20200602 1458 26950 26950 26900 26950 1120
20200602 1459 26900 26950 26900 26950 1380
20200602 1500 26900 26950 26900 26900 1643
20200602 1501 26900 26950 26900 26900 1064
20200602 1502 26950 26950 26850 26900 2531
20200602 1503 26900 26950 26900 26950 2618
20200602 1504 26950 26950 26900 26950 646
20200602 1505 26900 26950 26900 26950 1046
20200602 1506 26950 27000 26900 27000 6532
20200602 1507 27000 27050 26950 27000 6980
20200602 1508 27050 27050 27000 27000 981
20200602 1509 27050 27100 27000 27100 10073
20200602 1510 27100 27100 27050 27050 752
20200602 1511 27100 27100 27050 27100 1120
20200602 1512 27050 27150 27050 27100 8277
20200602 1513 27150 27150 27100 27100 881
20200602 1514 27100 27150 27100 27150 2304
20200602 1515 27150 27150 27100 27150 3242
20200602 1516 27100 27150 27100 27100 1120
20200602 1517 27100 27150 27000 27000 6830
20200602 1518 27050 27050 26950 26950 4002
20200602 1519 26950 27000 26950 27000 1264
20200602 1520 26950 27000 26950 27000 992
20200602 1530 26950 26950 26950 26950 13789
20200603 901 27750 27800 27650 27700 26482
20200603 902 27700 27800 27550 27550 13863
20200603 903 27550 27600 27400 27400 7449
20200603 904 27400 27800 27400 27800 18049
20200603 905 27800 28200 27750 28150 34238
20200603 906 28100 28150 27900 28050 28020
20200603 907 28100 28100 28000 28000 16397
20200603 908 28050 28450 28000 28450 34548
20200603 909 28400 28700 28400 28500 39607
20200603 910 28500 28500 28350 28450 13479
20200603 911 28500 28700 28450 28650 25676
20200603 912 28700 28750 28600 28700 17413
20200603 913 28750 28750 28450 28450 11861
20200603 914 28500 28500 28400 28400 6407
20200603 915 28400 28450 28350 28350 5605
20200603 916 28400 28450 28350 28400 7467
20200603 917 28400 28450 28350 28400 4861
20200603 918 28350 28400 28300 28400 7956
20200603 919 28400 28400 28300 28350 2132
20200603 920 28350 28350 28200 28200 5631
20200603 921 28250 28300 28200 28250 5475
20200603 922 28250 28250 28150 28150 2105
20200603 923 28150 28150 28000 28050 9995
20200603 924 28050 28150 28000 28150 6299
20200603 925 28100 28100 27950 28000 5120
20200603 926 27950 28000 27900 27950 4315
20200603 927 28000 28050 27950 28000 3684
20200603 928 28000 28050 27950 27950 2224
20200603 929 28000 28050 27950 28050 4693
20200603 930 28100 28150 28050 28100 3475
20200603 931 28100 28200 28100 28200 9998
20200603 932 28200 28250 28100 28100 13531
20200603 933 28100 28200 28050 28050 2988
20200603 934 28150 28150 28050 28150 2277
20200603 935 28100 28150 28050 28050 3046
20200603 936 28050 28150 28050 28100 2039
20200603 937 28100 28100 28000 28000 5911
20200603 938 28050 28050 27950 27950 6829
20200603 939 27950 28000 27950 27950 2674
20200603 940 27950 27950 27850 27900 4770
20200603 941 27850 27900 27800 27800 8102
20200603 942 27800 27850 27750 27750 6628
20200603 943 27800 27800 27700 27700 6145
20200603 944 27700 27750 27600 27700 7022
20200603 945 27650 27700 27650 27700 5193
20200603 946 27700 27800 27700 27800 7689
20200603 947 27750 27900 27750 27900 2356
20200603 948 27900 27900 27800 27800 4059
20200603 949 27800 27850 27750 27850 3762
20200603 950 27850 27850 27800 27800 1569
20200603 951 27850 27900 27800 27900 2394
20200603 952 27900 27900 27850 27900 1365
20200603 953 27950 27950 27900 27950 1102
20200603 954 27950 28000 27850 27850 5957
20200603 955 27850 28000 27800 28000 6673
20200603 956 28000 28000 27950 27950 2566
20200603 957 28000 28000 27900 28000 3449
20200603 958 28000 28000 27900 27900 1951
20200603 959 27900 28000 27850 27900 1856
20200603 1000 27900 27950 27850 27900 849
20200603 1001 27900 27900 27850 27900 828
20200603 1002 27900 27950 27850 27900 2632
20200603 1003 27900 27950 27900 27950 701
20200603 1004 27900 27950 27900 27900 1130
20200603 1005 27950 27950 27900 27950 494
20200603 1006 27950 28000 27900 27950 4249
20200603 1007 27950 28000 27900 27950 851
20200603 1008 27950 28000 27950 28000 1648
20200603 1009 28000 28100 28000 28100 2352
20200603 1010 28050 28100 28050 28100 1964
20200603 1011 28100 28150 28050 28050 3930
20200603 1012 28100 28100 28000 28050 673
20200603 1013 28050 28150 28000 28150 2286
20200603 1014 28150 28150 28050 28100 1795
20200603 1015 28100 28150 28050 28050 2311
20200603 1016 28050 28100 28000 28050 3235
20200603 1017 28050 28050 27950 28000 3069
20200603 1018 27950 28000 27950 27950 509
20200603 1019 27950 28000 27950 27950 1580
20200603 1020 27950 28000 27900 27950 2365
20200603 1021 27900 28000 27900 27950 1626
20200603 1022 27950 28050 27950 28050 1175
20200603 1023 28000 28050 28000 28000 1388
20200603 1024 28000 28000 27950 28000 2249
20200603 1025 28000 28000 27950 28000 1790
20200603 1026 27950 28000 27950 27950 1084
20200603 1027 28000 28000 27850 27850 4553
20200603 1028 27900 27950 27900 27950 1135
20200603 1029 27900 27950 27850 27900 1325
20200603 1030 27900 27950 27850 27950 1581
20200603 1031 27900 27950 27900 27950 724
20200603 1032 27950 27950 27900 27900 1057
20200603 1033 27950 27950 27850 27900 2812
20200603 1034 27850 27900 27800 27900 3678
20200603 1035 27900 27900 27850 27850 801
20200603 1036 27850 28000 27850 27950 6137
20200603 1037 27950 28050 27950 28050 3500
20200603 1038 28050 28050 28000 28000 1058
20200603 1039 28000 28100 28000 28050 1560
20200603 1040 28050 28100 28000 28000 2060
20200603 1041 28000 28050 27950 27950 1006
20200603 1042 27950 28000 27900 27950 2078
20200603 1043 27900 28000 27900 27950 1394
20200603 1044 27950 28050 27950 28000 2711
20200603 1045 28050 28050 27950 28050 963
20200603 1046 28000 28050 28000 28050 1389
20200603 1047 28050 28050 28000 28050 685
20200603 1048 28050 28050 27950 28000 2060
20200603 1049 27950 28000 27900 27900 1099
20200603 1050 27950 28000 27950 28000 1109
20200603 1051 27950 28000 27900 28000 1183
20200603 1052 27950 28000 27950 28000 1419
20200603 1053 28000 28050 27950 27950 1680
20200603 1054 27950 28000 27800 28000 8152
20200603 1055 27950 28000 27900 27950 756
20200603 1056 28000 28000 27950 27950 2971
20200603 1057 28000 28000 27900 27950 2786
20200603 1058 27950 28000 27900 28000 1639
20200603 1059 27950 27950 27900 27950 1260
20200603 1100 27900 28000 27900 27950 2827
20200603 1101 28000 28000 27950 27950 2911
20200603 1102 27900 27950 27900 27950 1158
20200603 1103 27950 28000 27900 27900 2871
20200603 1104 27950 28000 27900 27950 4654
20200603 1105 27950 28000 27950 27950 848
20200603 1106 27900 27950 27900 27900 997
20200603 1107 27900 27950 27900 27950 1471
20200603 1108 27900 28000 27900 27950 984
20200603 1109 28000 28000 27900 27950 786
20200603 1110 28000 28000 27900 27900 1977
20200603 1111 27900 28000 27850 27950 1216
20200603 1112 27950 27950 27900 27900 344
20200603 1113 27900 27950 27900 27900 1049
20200603 1114 27900 28000 27850 28000 1870
20200603 1115 28000 28000 27850 27850 1035
20200603 1116 27850 27950 27850 27850 1748
20200603 1117 27900 27900 27850 27850 1094
20200603 1118 27850 27900 27800 27850 2000
20200603 1119 27900 27900 27850 27900 637
20200603 1120 27850 27900 27850 27900 2280
20200603 1121 27900 27900 27850 27900 1296
20200603 1122 27900 27950 27850 27900 3169
20200603 1123 27900 27950 27900 27950 1864
20200603 1124 27900 27950 27900 27900 1582
20200603 1125 27900 27950 27900 27900 1457
20200603 1126 27950 28000 27900 27950 3586
20200603 1127 27950 28000 27900 27950 1544
20200603 1128 28000 28000 27950 28000 1532
20200603 1129 27950 28000 27950 28000 1645
20200603 1130 27950 28050 27950 28000 6952
20200603 1131 28050 28100 28000 28050 3296
20200603 1132 28050 28100 28050 28050 790
20200603 1133 28050 28100 28050 28100 1920
20200603 1134 28050 28100 28050 28050 1818
20200603 1135 28100 28100 28050 28050 1126
20200603 1136 28100 28100 28050 28100 3834
20200603 1137 28050 28100 28000 28050 2821
20200603 1138 28050 28100 28000 28050 710
20200603 1139 28050 28050 27950 27950 2230
20200603 1140 28000 28050 27950 28000 3621
20200603 1141 28050 28050 27950 27950 1957
20200603 1142 27950 28000 27950 27950 1027
20200603 1143 27950 28000 27950 28000 860
20200603 1144 27950 28000 27950 28000 884
20200603 1145 28000 28000 27950 28000 1668
20200603 1146 28000 28000 27950 28000 1292
20200603 1147 27950 28000 27950 27950 840
20200603 1148 27950 28000 27950 27950 968
20200603 1149 27950 28000 27950 27950 1234
20200603 1150 27950 28000 27900 28000 1120
20200603 1151 27950 28000 27900 27900 416
20200603 1152 27950 28000 27900 27900 1196
20200603 1153 27900 28000 27900 27950 875
20200603 1154 27950 28000 27950 27950 566
20200603 1155 27950 28000 27950 28000 2507
20200603 1156 28000 28050 28000 28000 515
20200603 1157 28050 28050 27950 28000 729
20200603 1158 27950 28050 27950 28000 1029
20200603 1159 28000 28050 28000 28000 469
20200603 1200 28050 28050 28000 28000 1233
20200603 1201 28000 28050 28000 28000 571
20200603 1202 28000 28050 28000 28000 1017
20200603 1203 28000 28050 28000 28000 563
20200603 1204 28000 28050 28000 28000 887
20200603 1205 28000 28050 28000 28050 1429
20200603 1206 28000 28050 28000 28000 346
20200603 1207 28000 28050 27950 27950 572
20200603 1208 27950 28050 27950 27950 1214
20200603 1209 27950 28000 27950 27950 592
20200603 1210 28000 28000 27950 28000 641
20200603 1211 27950 28000 27950 27950 1304
20200603 1212 27950 28000 27950 28000 939
20200603 1213 27950 28000 27950 27950 308
20200603 1214 27950 28000 27900 27950 1594
20200603 1215 27950 28000 27900 28000 1641
20200603 1216 28000 28000 27900 27950 1085
20200603 1217 27950 28000 27950 27950 914
20200603 1218 27950 28000 27950 28000 1102
20200603 1219 28000 28000 27900 27950 840
20200603 1220 27900 28000 27900 28000 954
20200603 1221 27950 28000 27950 27950 1004
20200603 1222 27950 28000 27950 27950 669
20200603 1223 28000 28050 27950 28050 2465
20200603 1224 28050 28050 28000 28000 1171
20200603 1225 28000 28050 28000 28050 1534
20200603 1226 28050 28050 28000 28000 814
20200603 1227 28000 28050 28000 28000 1235
20200603 1228 28000 28050 28000 28000 1521
20200603 1229 28000 28100 28000 28100 2155
20200603 1230 28050 28100 28050 28100 910
20200603 1231 28050 28100 28050 28050 1411
20200603 1232 28100 28100 28050 28100 745
20200603 1233 28050 28100 28050 28050 1119
20200603 1234 28050 28100 28050 28100 1316
20200603 1235 28050 28100 28050 28100 575
20200603 1236 28050 28100 28050 28050 1280
20200603 1237 28100 28100 28050 28100 1694
20200603 1238 28050 28100 28050 28050 889
20200603 1239 28050 28100 28050 28100 737
20200603 1240 28050 28100 28050 28050 874
20200603 1241 28050 28100 28050 28050 896
20200603 1242 28100 28100 28050 28050 1269
20200603 1243 28100 28100 28050 28050 871
20200603 1244 28050 28100 28050 28100 1066
20200603 1245 28050 28100 28050 28100 423
20200603 1246 28050 28100 28050 28100 947
20200603 1247 28050 28100 28050 28100 1898
20200603 1248 28100 28100 28050 28100 563
20200603 1249 28050 28100 28000 28000 1320
20200603 1250 28050 28100 28000 28050 1658
20200603 1251 28050 28100 28000 28050 3269
20200603 1252 28000 28050 28000 28000 2758
20200603 1253 28000 28000 27950 28000 2054
20200603 1254 27950 28050 27950 27950 792
20200603 1255 27950 28000 27950 27950 515
20200603 1256 27950 28000 27900 27900 1750
20200603 1257 27900 28000 27900 28000 908
20200603 1258 28000 28000 27900 27950 680
20200603 1259 28000 28000 27950 28000 642
20200603 1300 28000 28000 27950 28000 1363
20200603 1301 28000 28050 27950 27950 1548
20200603 1302 28000 28000 27950 27950 667
20200603 1303 27950 28000 27950 27950 1176
20200603 1304 28000 28000 27950 27950 558
20200603 1305 27950 28050 27950 28000 1819
20200603 1306 28050 28050 27950 28050 1203
20200603 1307 28050 28050 27950 28000 980
20200603 1308 28000 28050 27950 27950 2511
20200603 1309 27950 28050 27950 28050 1095
20200603 1310 28050 28050 27950 28050 1630
20200603 1311 28100 28100 28000 28100 688
20200603 1312 28050 28100 28050 28050 853
20200603 1313 28050 28100 28050 28100 3132
20200603 1314 28050 28150 28050 28150 1923
20200603 1315 28150 28150 28100 28100 3025
20200603 1316 28100 28200 28100 28200 5674
20200603 1317 28200 28200 28150 28200 4285
20200603 1318 28150 28200 28150 28150 1333
20200603 1319 28150 28200 28100 28200 2894
20200603 1320 28200 28200 28100 28100 1603
20200603 1321 28100 28200 28100 28100 760
20200603 1322 28100 28150 28100 28150 1258
20200603 1323 28100 28200 28100 28200 2592
20200603 1324 28150 28200 28100 28150 2452
20200603 1325 28150 28150 28100 28150 1722
20200603 1326 28100 28200 28100 28150 2391
20200603 1327 28150 28200 28100 28150 1620
20200603 1328 28100 28200 28100 28150 1352
20200603 1329 28150 28200 28150 28200 986
20200603 1330 28150 28200 28100 28100 1627
20200603 1331 28150 28200 28100 28100 3334
20200603 1332 28100 28150 28050 28100 3235
20200603 1333 28050 28150 28050 28150 1216
20200603 1334 28100 28150 28100 28150 1825
20200603 1335 28100 28150 28100 28150 1688
20200603 1336 28100 28150 28050 28100 4352
20200603 1337 28100 28150 28050 28050 2030
20200603 1338 28050 28100 28000 28050 1429
20200603 1339 28000 28050 28000 28050 2110
20200603 1340 28050 28100 28000 28050 828
20200603 1341 28050 28100 28000 28000 1488
20200603 1342 28000 28100 28000 28100 838
20200603 1343 28050 28100 28000 28050 1274
20200603 1344 28050 28100 28050 28100 917
20200603 1345 28050 28100 28050 28100 861
20200603 1346 28050 28150 28050 28050 1710
20200603 1347 28100 28150 28050 28100 1209
20200603 1348 28100 28150 28050 28150 932
20200603 1349 28100 28150 28100 28150 3261
20200603 1350 28150 28150 28050 28100 1802
20200603 1351 28100 28150 28050 28100 1144
20200603 1352 28100 28150 28050 28100 1807
20200603 1353 28100 28150 28100 28100 912
20200603 1354 28150 28200 28100 28150 1766
20200603 1355 28100 28200 28100 28150 1581
20200603 1356 28200 28200 28100 28150 1394
20200603 1357 28150 28150 28100 28100 1258
20200603 1358 28150 28200 28150 28200 1579
20200603 1359 28150 28200 28150 28150 1859
20200603 1400 28200 28200 28150 28150 1938
20200603 1401 28150 28250 28150 28150 4687
20200603 1402 28150 28250 28150 28250 3784
20200603 1403 28200 28250 28150 28200 2611
20200603 1404 28150 28250 28150 28200 3255
20200603 1405 28150 28250 28150 28150 3643
20200603 1406 28200 28250 28150 28200 2604
20200603 1407 28200 28200 28150 28200 2018
20200603 1408 28150 28250 28150 28200 5434
20200603 1409 28200 28250 28150 28250 2488
20200603 1410 28200 28250 28200 28200 1177
20200603 1411 28250 28250 28200 28250 978
20200603 1412 28250 28300 28200 28300 3959
20200603 1413 28250 28300 28200 28250 1523
20200603 1414 28250 28300 28250 28300 827
20200603 1415 28300 28300 28250 28250 1683
20200603 1416 28250 28300 28200 28200 2439
20200603 1417 28250 28250 28200 28250 1828
20200603 1418 28250 28400 28250 28350 15967
20200603 1419 28350 28400 28350 28400 2794
20200603 1420 28400 28400 28350 28400 5479
20200603 1421 28350 28450 28350 28400 7387
20200603 1422 28400 28400 28350 28400 2725
20200603 1423 28400 28400 28350 28400 2139
20200603 1424 28350 28400 28200 28200 7599
20200603 1425 28200 28300 28200 28250 1452
20200603 1426 28250 28300 28200 28200 1868
20200603 1427 28200 28300 28200 28250 2098
20200603 1428 28250 28250 28150 28150 3895
20200603 1429 28150 28200 28150 28150 2041
20200603 1430 28150 28200 28100 28150 2136
20200603 1431 28150 28200 28100 28150 2709
20200603 1432 28150 28200 28100 28200 2438
20200603 1433 28200 28200 28100 28150 1605
20200603 1434 28150 28200 28100 28150 2502
20200603 1435 28150 28200 28100 28200 1368
20200603 1436 28150 28200 28100 28150 1244
20200603 1437 28150 28200 28100 28150 1544
20200603 1438 28200 28200 28100 28150 1790
20200603 1439 28150 28200 28100 28150 1230
20200603 1440 28200 28200 28100 28100 1568
20200603 1441 28100 28200 28100 28100 1685
20200603 1442 28100 28200 28100 28150 1202
20200603 1443 28150 28250 28150 28250 2129
20200603 1444 28200 28300 28200 28250 3280
20200603 1445 28200 28300 28200 28250 996
20200603 1446 28300 28300 28250 28300 1408
20200603 1447 28250 28300 28250 28300 2434
20200603 1448 28300 28300 28200 28250 1614
20200603 1449 28250 28300 28200 28300 1268
20200603 1450 28250 28300 28250 28300 1229
20200603 1451 28300 28300 28150 28200 2094
20200603 1452 28150 28250 28150 28200 1128
20200603 1453 28200 28250 28150 28200 1821
20200603 1454 28200 28200 28150 28150 1959
20200603 1455 28150 28200 28150 28200 1790
20200603 1456 28200 28250 28150 28250 1934
20200603 1457 28200 28250 28150 28250 3028
20200603 1458 28250 28250 28150 28250 1266
20200603 1459 28250 28250 28150 28200 1659
20200603 1500 28200 28250 28150 28200 2415
20200603 1501 28200 28250 28200 28200 2246
20200603 1502 28200 28250 28150 28200 3990
20200603 1503 28200 28250 28100 28150 3960
20200603 1504 28200 28250 28150 28150 849
20200603 1505 28200 28200 28150 28150 752
20200603 1506 28150 28200 28150 28200 1689
20200603 1507 28200 28200 28150 28200 2623
20200603 1508 28200 28200 28150 28150 2631
20200603 1509 28150 28200 28100 28150 2172
20200603 1510 28100 28150 28100 28150 1021
20200603 1511 28150 28150 28050 28100 3499
20200603 1512 28050 28100 28000 28050 9767
20200603 1513 28050 28100 28000 28000 2550
20200603 1514 28000 28100 28000 28050 2372
20200603 1515 28050 28100 28050 28050 2917
20200603 1516 28100 28150 28050 28100 2720
20200603 1517 28100 28150 28050 28100 1303
20200603 1518 28100 28100 28050 28100 684
20200603 1519 28050 28100 28050 28100 969
20200603 1520 28100 28200 28050 28050 3759
20200603 1530 28050 28050 28050 28050 13613
20200604 901 28450 28500 28300 28450 13753
20200604 902 28450 28550 28350 28400 7452
20200604 903 28450 28650 28400 28650 10018
20200604 904 28600 28650 28450 28500 8869
20200604 905 28450 28500 28400 28450 5037
20200604 906 28450 28500 28400 28400 3761
20200604 907 28500 28500 28450 28500 2397
20200604 908 28500 28500 28400 28500 4784
20200604 909 28500 28650 28500 28600 8046
20200604 910 28600 28650 28550 28550 5676
20200604 911 28550 28550 28350 28350 10556
20200604 912 28400 28400 28250 28250 6205
20200604 913 28300 28350 28200 28300 2766
20200604 914 28350 28350 28200 28250 4427
20200604 915 28250 28250 28200 28250 632
20200604 916 28250 28300 28200 28250 4252
20200604 917 28300 28300 28100 28100 15324
20200604 918 28050 28050 28000 28050 5126
20200604 919 28000 28000 27950 28000 2841
20200604 920 27950 28000 27850 27850 3222
20200604 921 27850 27850 27500 27650 18932
20200604 922 27700 27700 27550 27700 7623
20200604 923 27650 27700 27550 27650 4777
20200604 924 27650 27700 27550 27550 6246
20200604 925 27600 27600 27450 27550 11856
20200604 926 27500 27700 27500 27650 4642
20200604 927 27650 27700 27650 27700 2132
20200604 928 27650 27750 27650 27750 2932
20200604 929 27700 27750 27700 27750 1152
20200604 930 27750 27750 27700 27700 1456
20200604 931 27750 27750 27700 27700 2719
20200604 932 27650 27700 27650 27650 2891
20200604 933 27700 27700 27600 27650 4943
20200604 934 27650 27700 27600 27650 4456
20200604 935 27600 27650 27600 27600 3161
20200604 936 27650 27650 27550 27600 10695
20200604 937 27600 27650 27550 27650 1563
20200604 938 27600 27650 27600 27650 1129
20200604 939 27650 27650 27600 27650 1172
20200604 940 27650 27650 27600 27650 1737
20200604 941 27650 27700 27650 27650 543
20200604 942 27650 27700 27600 27700 2333
20200604 943 27700 27700 27650 27650 120
20200604 944 27700 27700 27650 27700 4058
20200604 945 27700 27750 27700 27700 1037
20200604 946 27750 27800 27700 27750 1666
20200604 947 27800 27850 27800 27800 2500
20200604 948 27850 27850 27800 27850 889
20200604 949 27800 27800 27750 27750 1642
20200604 950 27750 27800 27750 27750 1122
20200604 951 27800 27800 27700 27700 3559
20200604 952 27700 27750 27700 27700 2276
20200604 953 27650 27700 27600 27600 7529
20200604 954 27600 27700 27600 27650 230
20200604 955 27650 27700 27650 27650 336
20200604 956 27650 27700 27650 27700 519
20200604 957 27650 27700 27650 27700 2007
20200604 958 27650 27700 27650 27700 215
20200604 959 27700 27700 27650 27700 2019
20200604 1000 27650 27700 27600 27650 2183
20200604 1001 27600 27700 27600 27700 2729
20200604 1002 27700 27750 27650 27750 5188
20200604 1003 27700 27750 27700 27750 1082
20200604 1004 27750 27800 27750 27750 793
20200604 1005 27700 27750 27700 27750 552
20200604 1006 27750 27800 27700 27750 2273
20200604 1007 27750 27850 27750 27850 202
20200604 1008 27850 27900 27800 27850 1355
20200604 1009 27850 27950 27850 27900 2606
20200604 1010 27900 28000 27900 28000 3202
20200604 1011 27950 27950 27900 27950 1892
20200604 1012 27950 28000 27950 28000 886
20200604 1013 27950 28000 27950 28000 2806
20200604 1014 27950 28000 27900 27950 4124
20200604 1015 27950 28000 27950 27950 863
20200604 1016 27950 28000 27950 27950 348
20200604 1017 27950 28000 27950 27950 341
20200604 1018 27950 28000 27950 28000 683
20200604 1019 27950 27950 27900 27900 744
20200604 1020 27900 27950 27900 27900 1703
20200604 1021 27900 27950 27850 27850 2343
20200604 1022 27850 27900 27850 27850 249
20200604 1023 27850 27900 27850 27850 1022
20200604 1024 27850 27900 27850 27850 349
20200604 1025 27850 27850 27800 27850 1292
20200604 1026 27850 27850 27800 27850 697
20200604 1027 27850 27900 27850 27900 1259
20200604 1028 27850 27900 27850 27850 934
20200604 1029 27850 27900 27800 27800 1085
20200604 1030 27800 27850 27800 27800 784
20200604 1031 27800 27850 27800 27800 1363
20200604 1032 27800 27850 27800 27800 332
20200604 1033 27850 27900 27800 27900 1369
20200604 1034 27850 27900 27850 27850 509
20200604 1035 27850 27900 27850 27850 397
20200604 1036 27850 27850 27750 27750 6341
20200604 1037 27800 27800 27750 27750 506
20200604 1038 27750 27850 27750 27800 402
20200604 1039 27800 27850 27800 27800 416
20200604 1040 27800 27850 27800 27800 396
20200604 1041 27800 27850 27800 27800 1394
20200604 1042 27800 27800 27750 27750 605
20200604 1043 27750 27800 27750 27800 924
20200604 1044 27800 27800 27750 27750 580
20200604 1045 27750 27800 27750 27750 4532
20200604 1046 27750 27750 27700 27750 628
20200604 1047 27750 27750 27700 27700 1307
20200604 1048 27750 27750 27700 27750 485
20200604 1049 27700 27750 27700 27750 336
20200604 1050 27750 27750 27700 27750 577
20200604 1051 27700 27850 27700 27850 1186
20200604 1052 27800 27850 27800 27800 446
20200604 1053 27800 27850 27800 27800 414
20200604 1054 27750 27800 27750 27750 450
20200604 1055 27750 27800 27750 27750 302
20200604 1056 27750 27800 27750 27750 754
20200604 1057 27800 27800 27750 27750 584
20200604 1058 27750 27800 27700 27700 1004
20200604 1059 27700 27750 27650 27650 4893
20200604 1100 27650 27750 27650 27700 1462
20200604 1101 27700 27700 27700 27700 216
20200604 1102 27750 27750 27700 27750 1293
20200604 1103 27750 27750 27700 27700 1950
20200604 1104 27700 27750 27700 27700 321
20200604 1105 27700 27700 27700 27700 693
20200604 1106 27700 27750 27700 27750 1720
20200604 1107 27700 27750 27650 27700 2796
20200604 1108 27700 27750 27650 27700 1429
20200604 1109 27650 27750 27650 27700 327
20200604 1110 27700 27700 27650 27650 466
20200604 1111 27700 27700 27600 27600 5129
20200604 1112 27650 27650 27600 27600 358
20200604 1113 27650 27700 27600 27650 1930
20200604 1114 27650 27650 27600 27600 1190
20200604 1115 27650 27650 27600 27600 597
20200604 1116 27600 27650 27600 27600 396
20200604 1117 27600 27600 27550 27550 9977
20200604 1118 27550 27600 27500 27550 396
20200604 1119 27500 27550 27500 27550 956
20200604 1120 27500 27600 27500 27550 2521
20200604 1121 27550 27550 27500 27550 769
20200604 1122 27500 27550 27500 27500 927
20200604 1123 27550 27550 27500 27550 880
20200604 1124 27500 27550 27500 27500 820
20200604 1125 27500 27550 27500 27500 1150
20200604 1126 27500 27550 27500 27500 496
20200604 1127 27500 27550 27500 27550 886
20200604 1128 27500 27550 27500 27550 888
20200604 1129 27550 27550 27500 27550 1413
20200604 1130 27500 27550 27500 27500 1524
20200604 1131 27500 27600 27500 27550 3862
20200604 1132 27500 27600 27500 27500 420
20200604 1133 27550 27550 27350 27350 18029
20200604 1134 27350 27400 27300 27400 6485
20200604 1135 27400 27450 27350 27400 1838
20200604 1136 27450 27450 27350 27350 2144
20200604 1137 27400 27500 27350 27450 2629
20200604 1138 27450 27500 27400 27400 1889
20200604 1139 27400 27450 27350 27400 1413
20200604 1140 27350 27450 27350 27400 470
20200604 1141 27400 27500 27400 27450 953
20200604 1142 27500 27550 27450 27450 1333
20200604 1143 27500 27500 27400 27500 782
20200604 1144 27450 27500 27400 27500 854
20200604 1145 27550 27550 27450 27450 330
20200604 1146 27500 27500 27450 27500 1001
20200604 1147 27550 27550 27450 27500 124
20200604 1148 27450 27500 27450 27450 599
20200604 1149 27500 27500 27450 27450 956
20200604 1150 27450 27450 27400 27400 2744
20200604 1151 27450 27450 27400 27400 908
20200604 1152 27450 27450 27400 27400 1059
20200604 1153 27450 27450 27350 27400 759
20200604 1154 27400 27450 27350 27350 817
20200604 1155 27350 27400 27350 27350 1183
20200604 1156 27350 27400 27350 27350 839
20200604 1157 27350 27400 27350 27350 1061
20200604 1158 27350 27400 27300 27350 2521
20200604 1159 27350 27350 27300 27300 601
20200604 1200 27350 27350 27300 27300 400
20200604 1201 27300 27350 27300 27300 172
20200604 1202 27350 27350 27300 27350 578
20200604 1203 27350 27450 27300 27350 897
20200604 1204 27400 27400 27300 27350 491
20200604 1205 27400 27500 27350 27450 958
20200604 1206 27400 27500 27400 27500 259
20200604 1207 27450 27500 27400 27400 465
20200604 1208 27450 27500 27400 27450 378
20200604 1209 27500 27500 27450 27450 287
20200604 1210 27450 27500 27400 27500 990
20200604 1211 27400 27450 27400 27400 177
20200604 1212 27450 27450 27400 27400 207
20200604 1213 27400 27450 27350 27400 1521
20200604 1214 27400 27500 27400 27400 189
20200604 1215 27450 27450 27400 27400 161
20200604 1216 27400 27450 27400 27400 301
20200604 1217 27400 27450 27350 27400 794
20200604 1218 27400 27450 27400 27400 206
20200604 1219 27450 27450 27350 27450 545
20200604 1220 27400 27450 27350 27350 517
20200604 1221 27350 27450 27350 27450 351
20200604 1222 27400 27500 27400 27450 1998
20200604 1223 27450 27450 27400 27400 761
20200604 1224 27450 27450 27400 27400 231
20200604 1225 27400 27500 27400 27450 453
20200604 1226 27450 27450 27450 27450 198
20200604 1227 27500 27500 27450 27450 144
20200604 1228 27450 27500 27450 27500 1605
20200604 1229 27500 27500 27450 27450 253
20200604 1230 27450 27500 27450 27500 317
20200604 1231 27450 27450 27450 27450 337
20200604 1232 27450 27500 27450 27450 243
20200604 1233 27450 27500 27450 27450 401
20200604 1234 27450 27500 27450 27450 256
20200604 1235 27450 27500 27450 27500 122
20200604 1236 27500 27500 27450 27450 450
20200604 1237 27450 27500 27450 27500 540
20200604 1238 27450 27500 27450 27500 323
20200604 1239 27500 27500 27500 27500 350
20200604 1240 27500 27550 27500 27500 476
20200604 1241 27500 27550 27500 27550 241
20200604 1242 27500 27550 27500 27500 851
20200604 1243 27550 27600 27500 27550 1603
20200604 1244 27550 27600 27550 27550 363
20200604 1245 27550 27550 27550 27550 317
20200604 1246 27550 27600 27550 27600 341
20200604 1247 27550 27600 27500 27500 3374
20200604 1248 27500 27550 27500 27550 229
20200604 1249 27500 27600 27500 27550 326
20200604 1250 27550 27600 27500 27600 191
20200604 1251 27500 27600 27500 27500 471
20200604 1252 27500 27600 27500 27550 283
20200604 1253 27600 27600 27550 27550 556
20200604 1254 27550 27600 27550 27550 163
20200604 1255 27550 27600 27550 27550 271
20200604 1256 27550 27600 27550 27550 353
20200604 1257 27550 27650 27550 27650 781
20200604 1258 27600 27650 27550 27550 1012
20200604 1259 27600 27600 27550 27600 597
20200604 1300 27550 27600 27550 27550 892
20200604 1301 27550 27650 27500 27600 1604
20200604 1302 27600 27650 27550 27550 1076
20200604 1303 27550 27600 27550 27550 840
20200604 1304 27550 27650 27550 27600 542
20200604 1305 27550 27650 27550 27550 617
20200604 1306 27550 27650 27550 27600 893
20200604 1307 27600 27650 27600 27650 1748
20200604 1308 27700 27700 27600 27600 687
20200604 1309 27600 27650 27600 27650 1114
20200604 1310 27700 27700 27550 27600 832
20200604 1311 27550 27650 27550 27550 1115
20200604 1312 27550 27650 27550 27650 1201
20200604 1313 27650 27700 27600 27600 985
20200604 1314 27600 27700 27600 27600 587
20200604 1315 27600 27650 27550 27550 1327
20200604 1316 27600 27650 27550 27550 973
20200604 1317 27600 27750 27550 27700 8868
20200604 1318 27700 27750 27700 27700 5857
20200604 1319 27750 27750 27700 27700 1780
20200604 1320 27700 27750 27650 27700 1120
20200604 1321 27750 27750 27700 27700 1515
20200604 1322 27750 27750 27650 27650 850
20200604 1323 27650 27700 27650 27700 791
20200604 1324 27650 27700 27650 27650 384
20200604 1325 27650 27700 27650 27650 837
20200604 1326 27650 27700 27650 27650 623
20200604 1327 27700 27700 27650 27650 473
20200604 1328 27650 27700 27650 27700 640
20200604 1329 27650 27650 27600 27650 315
20200604 1330 27600 27650 27600 27650 410
20200604 1331 27600 27650 27600 27600 1708
20200604 1332 27600 27700 27600 27650 419
20200604 1333 27650 27700 27650 27650 395
20200604 1334 27650 27700 27650 27650 704
20200604 1335 27650 27800 27650 27750 7803
20200604 1336 27800 27900 27750 27750 6256
20200604 1337 27750 27750 27700 27750 410
20200604 1338 27750 27850 27700 27800 585
20200604 1339 27850 27850 27800 27800 941
20200604 1340 27850 27900 27800 27850 647
20200604 1341 27900 27900 27800 27850 1464
20200604 1342 27900 27900 27800 27800 870
20200604 1343 27850 27850 27750 27800 1783
20200604 1344 27850 27850 27750 27750 808
20200604 1345 27800 27850 27800 27850 1289
20200604 1346 27850 27900 27800 27800 877
20200604 1347 27800 27900 27800 27800 1481
20200604 1348 27850 27850 27800 27800 1175
20200604 1349 27800 27850 27750 27750 1002
20200604 1350 27750 27800 27750 27750 971
20200604 1351 27750 27750 27700 27700 567
20200604 1352 27700 27800 27700 27700 412
20200604 1353 27700 27700 27650 27650 2430
20200604 1354 27700 27750 27650 27700 3361
20200604 1355 27650 27700 27650 27650 225
20200604 1356 27650 27700 27600 27600 932
20200604 1357 27600 27650 27600 27650 928
20200604 1358 27650 27650 27600 27650 657
20200604 1359 27650 27750 27600 27600 958
20200604 1400 27600 27700 27600 27700 627
20200604 1401 27700 27800 27700 27750 432
20200604 1402 27750 27800 27750 27750 334
20200604 1403 27750 27800 27750 27750 417
20200604 1404 27800 27800 27750 27750 237
20200604 1405 27750 27800 27750 27750 404
20200604 1406 27750 27800 27750 27750 292
20200604 1407 27750 27800 27750 27750 529
20200604 1408 27750 27800 27750 27750 363
20200604 1409 27750 27800 27700 27700 712
20200604 1410 27750 27800 27700 27700 538
20200604 1411 27700 27800 27650 27700 1026
20200604 1412 27700 27750 27650 27700 1648
20200604 1413 27700 27750 27650 27700 558
20200604 1414 27700 27750 27700 27700 271
20200604 1415 27700 27750 27700 27700 342
20200604 1416 27700 27750 27650 27700 592
20200604 1417 27700 27750 27700 27700 431
20200604 1418 27700 27750 27700 27700 254
20200604 1419 27700 27750 27650 27650 1966
20200604 1420 27650 27750 27650 27700 478
20200604 1421 27700 27750 27650 27650 2915
20200604 1422 27650 27700 27650 27650 385
20200604 1423 27650 27700 27600 27700 1650
20200604 1424 27700 27700 27600 27600 765
20200604 1425 27600 27650 27600 27600 1858
20200604 1426 27600 27650 27600 27600 896
20200604 1427 27600 27650 27600 27600 830
20200604 1428 27600 27650 27600 27600 991
20200604 1429 27600 27650 27550 27600 899
20200604 1430 27600 27700 27600 27600 882
20200604 1431 27600 27650 27600 27600 516
20200604 1432 27650 27700 27600 27650 929
20200604 1433 27600 27650 27600 27600 277
20200604 1434 27600 27650 27600 27650 518
20200604 1435 27600 27650 27600 27600 281
20200604 1436 27600 27700 27600 27650 1292
20200604 1437 27650 27750 27650 27750 325
20200604 1438 27750 27750 27700 27750 620
20200604 1439 27700 27750 27650 27650 377
20200604 1440 27650 27650 27600 27650 565
20200604 1441 27600 27700 27600 27700 2016
20200604 1442 27650 27650 27600 27650 2499
20200604 1443 27600 27650 27600 27600 709
20200604 1444 27600 27650 27600 27600 672
20200604 1445 27600 27650 27600 27600 1347
20200604 1446 27600 27650 27550 27650 873
20200604 1447 27650 27650 27600 27600 523
20200604 1448 27600 27650 27600 27650 768
20200604 1449 27600 27650 27600 27650 310
20200604 1450 27600 27650 27550 27600 2635
20200604 1451 27550 27600 27550 27550 668
20200604 1452 27550 27650 27550 27600 739
20200604 1453 27600 27650 27550 27650 767
20200604 1454 27600 27650 27600 27600 505
20200604 1455 27600 27650 27600 27600 1237
20200604 1456 27600 27650 27600 27650 619
20200604 1457 27650 27650 27550 27600 1014
20200604 1458 27600 27650 27550 27550 651
20200604 1459 27550 27600 27550 27550 416
20200604 1500 27550 27650 27550 27600 1817
20200604 1501 27600 27700 27600 27650 2370
20200604 1502 27650 27700 27600 27600 476
20200604 1503 27600 27650 27600 27600 338
20200604 1504 27600 27650 27600 27650 174
20200604 1505 27650 27700 27600 27650 1095
20200604 1506 27650 27700 27650 27650 290
20200604 1507 27650 27700 27600 27600 668
20200604 1508 27600 27700 27600 27650 821
20200604 1509 27650 27700 27600 27650 280
20200604 1510 27600 27650 27600 27650 964
20200604 1511 27650 27700 27600 27600 892
20200604 1512 27600 27700 27600 27700 1663
20200604 1513 27700 27700 27650 27650 1356
20200604 1514 27650 27700 27650 27650 1780
20200604 1515 27650 27750 27650 27650 1708
20200604 1516 27650 27750 27650 27750 1542
20200604 1517 27700 27750 27650 27650 1769
20200604 1518 27650 27700 27650 27700 461
20200604 1519 27650 27700 27650 27700 391
20200604 1520 27700 27700 27650 27700 1015
20200604 1530 27800 27800 27800 27800 15443
