날짜 시간 시가 고가 저가 종가 거래량
20190304 901 23640 23640 23640 23640 42
20190304 902 23700 23800 23700 23800 3
20190304 903 23900 23900 23900 23900 2
20190304 904 23900 23905 23900 23905 41
20190304 905 23900 23945 23900 23945 27
20190304 906 23945 23945 23945 23945 205
20190304 907 23945 23945 23900 23900 327
20190304 909 23850 23850 23850 23850 1
20190304 910 23795 23795 23750 23750 326
20190304 911 23740 23765 23740 23755 35
20190304 913 23755 23755 23755 23755 150
20190304 914 23755 23755 23755 23755 179
20190304 915 23755 23755 23755 23755 163
20190304 916 23755 23755 23755 23755 9
20190304 917 23750 23755 23750 23755 31
20190304 919 23755 23780 23755 23780 220
20190304 921 23700 23700 23700 23700 89
20190304 922 23695 23695 23695 23695 10
20190304 923 23650 23650 23650 23650 37
20190304 925 23690 23700 23690 23700 111
20190304 926 23700 23700 23700 23700 109
20190304 927 23700 23735 23700 23735 151
20190304 929 23730 23730 23730 23730 36
20190304 930 23730 23770 23730 23770 71
20190304 931 23770 23770 23770 23770 70
20190304 932 23775 23780 23775 23780 7
20190304 933 23780 23780 23780 23780 50
20190304 934 23785 23790 23785 23790 3
20190304 935 23795 23840 23795 23840 191
20190304 936 23840 23840 23810 23810 15
20190304 937 23840 23840 23835 23835 70
20190304 941 23800 23800 23800 23800 40
20190304 942 23775 23775 23775 23775 10
20190304 943 23775 23775 23775 23775 45
20190304 945 23800 23805 23800 23805 80
20190304 946 23780 23780 23780 23780 20
20190304 947 23710 23780 23710 23780 111
20190304 948 23710 23725 23710 23710 19
20190304 949 23650 23650 23650 23650 300
20190304 952 23705 23705 23705 23705 10
20190304 953 23705 23705 23705 23705 1
20190304 954 23705 23725 23705 23725 11
20190304 1001 23650 23650 23650 23650 8
20190304 1002 23650 23650 23650 23650 10
20190304 1005 23650 23650 23650 23650 17
20190304 1008 23580 23580 23565 23565 242
20190304 1009 23505 23505 23505 23505 40
20190304 1010 23505 23505 23500 23500 50
20190304 1012 23470 23470 23470 23470 10
20190304 1013 23465 23465 23465 23465 5
20190304 1015 23445 23450 23430 23430 90
20190304 1016 23410 23410 23380 23380 500
20190304 1017 23380 23430 23380 23430 1470
20190304 1018 23375 23375 23375 23375 2122
20190304 1022 23440 23455 23440 23455 16
20190304 1028 23405 23405 23405 23405 14
20190304 1031 23455 23455 23455 23455 1
20190304 1035 23455 23470 23455 23470 40
20190304 1036 23480 23500 23480 23480 13
20190304 1037 23480 23480 23480 23480 6
20190304 1039 23465 23465 23465 23465 10
20190304 1043 23460 23460 23460 23460 3
20190304 1044 23405 23405 23405 23405 50
20190304 1045 23420 23420 23420 23420 5
20190304 1049 23375 23375 23375 23375 40
20190304 1103 23455 23455 23455 23455 3
20190304 1109 23445 23445 23445 23445 15
20190304 1112 23445 23445 23445 23445 13
20190304 1113 23445 23445 23445 23445 3
20190304 1114 23445 23445 23445 23445 43
20190304 1118 23445 23445 23445 23445 2
20190304 1122 23430 23445 23430 23445 38
20190304 1129 23400 23400 23400 23400 27
20190304 1132 23400 23400 23400 23400 40
20190304 1133 23400 23400 23400 23400 30
20190304 1134 23400 23400 23380 23380 55
20190304 1135 23390 23390 23390 23390 100
20190304 1136 23390 23390 23390 23390 40
20190304 1138 23390 23390 23390 23390 11
20190304 1140 23385 23385 23375 23375 4
20190304 1144 23355 23355 23355 23355 1
20190304 1145 23340 23340 23340 23340 301
20190304 1146 23300 23300 23300 23300 70
20190304 1148 23315 23315 23315 23315 119
20190304 1150 23315 23315 23315 23315 25
20190304 1159 23370 23370 23370 23370 3
20190304 1204 23365 23365 23365 23365 9
20190304 1213 23360 23365 23360 23365 57
20190304 1216 23365 23365 23365 23365 4
20190304 1224 23330 23330 23325 23325 80
20190304 1225 23325 23325 23325 23325 25
20190304 1227 23325 23325 23325 23325 46
20190304 1231 23320 23320 23320 23320 2
20190304 1232 23315 23315 23315 23315 16
20190304 1233 23310 23310 23285 23285 217
20190304 1235 23295 23295 23295 23295 773
20190304 1236 23360 23360 23360 23360 45
20190304 1238 23360 23360 23330 23330 216
20190304 1241 23385 23385 23385 23385 40
20190304 1242 23395 23395 23395 23395 1
20190304 1243 23405 23410 23405 23410 7
20190304 1244 23415 23430 23415 23430 4
20190304 1245 23435 23435 23435 23435 41
20190304 1246 23440 23445 23440 23445 2
20190304 1247 23450 23455 23450 23455 3
20190304 1248 23455 23455 23455 23455 10
20190304 1249 23455 23455 23455 23455 5
20190304 1252 23455 23455 23455 23455 60
20190304 1253 23455 23455 23455 23455 11
20190304 1255 23460 23470 23460 23470 3
20190304 1257 23475 23480 23475 23480 2
20190304 1258 23485 23490 23485 23490 2
20190304 1259 23495 23510 23495 23510 154
20190304 1300 23515 23515 23515 23515 24
20190304 1303 23500 23515 23500 23515 66
20190304 1307 23510 23510 23510 23510 1
20190304 1311 23445 23455 23445 23455 6
20190304 1314 23455 23500 23455 23500 500
20190304 1317 23435 23435 23435 23435 45
20190304 1319 23420 23420 23420 23420 1
20190304 1320 23400 23400 23400 23400 5
20190304 1336 23365 23365 23360 23360 45
20190304 1337 23360 23365 23360 23365 6
20190304 1344 23365 23365 23365 23365 25
20190304 1345 23365 23365 23365 23365 24
20190304 1347 23365 23365 23365 23365 5
20190304 1349 23355 23355 23355 23355 20
20190304 1351 23355 23355 23355 23355 20
20190304 1352 23355 23355 23355 23355 13
20190304 1353 23355 23355 23355 23355 1
20190304 1355 23330 23330 23330 23330 12
20190304 1356 23330 23330 23330 23330 10
20190304 1402 23350 23350 23350 23350 15
20190304 1407 23330 23330 23330 23330 28
20190304 1412 23290 23290 23290 23290 13
20190304 1413 23285 23325 23285 23325 37
20190304 1415 23305 23305 23305 23305 15
20190304 1417 23305 23305 23305 23305 20
20190304 1424 23260 23260 23240 23240 504
20190304 1426 23220 23220 23180 23180 41
20190304 1427 23175 23175 23175 23175 21
20190304 1429 23180 23180 23180 23180 10
20190304 1431 23160 23160 23160 23160 6
20190304 1433 23155 23155 23145 23145 25
20190304 1436 23145 23155 23145 23155 21
20190304 1438 23155 23155 23155 23155 2
20190304 1439 23155 23155 23155 23155 1
20190304 1442 23125 23125 23125 23125 43
20190304 1445 23125 23160 23125 23160 237
20190304 1448 23255 23255 23255 23255 1
20190304 1452 23240 23240 23240 23240 10
20190304 1453 23240 23240 23240 23240 1
20190304 1457 23225 23225 23225 23225 40
20190304 1458 23225 23225 23225 23225 1
20190304 1504 23170 23170 23170 23170 14
20190304 1505 23160 23160 23100 23100 863
20190304 1509 23175 23175 23175 23175 1
20190304 1515 23170 23170 23160 23160 20
20190304 1516 23105 23105 23095 23095 248
20190304 1518 23095 23095 23085 23085 200
20190304 1519 23105 23105 23105 23105 100
20190304 1520 23105 23105 23105 23105 200
20190304 1530 23105 23105 23105 23105 125
20190305 901 22850 22850 22700 22700 104
20190305 902 22690 22690 22615 22615 968
20190305 903 22600 22600 22485 22485 1013
20190305 905 22650 22650 22650 22650 20
20190305 906 22620 22620 22570 22580 546
20190305 907 22570 22605 22510 22510 82
20190305 908 22525 22525 22525 22525 100
20190305 909 22525 22525 22525 22525 50
20190305 910 22525 22525 22505 22505 19
20190305 911 22495 22495 22495 22495 33
20190305 912 22550 22550 22550 22550 10
20190305 915 22550 22550 22550 22550 2
20190305 916 22550 22550 22550 22550 1
20190305 919 22550 22550 22550 22550 112
20190305 920 22500 22535 22500 22535 2
20190305 921 22535 22535 22535 22535 13
20190305 922 22540 22570 22540 22565 51
20190305 923 22605 22620 22605 22620 308
20190305 926 22625 22625 22625 22625 4
20190305 928 22630 22630 22620 22620 61
20190305 929 22650 22650 22650 22650 10
20190305 934 22790 22800 22790 22800 68
20190305 940 22845 22845 22835 22835 401
20190305 942 22805 22805 22800 22800 34
20190305 943 22780 22795 22780 22795 30
20190305 944 22790 22790 22790 22790 10
20190305 945 22790 22790 22790 22790 25
20190305 946 22775 22775 22775 22775 1
20190305 947 22730 22730 22730 22730 16
20190305 948 22765 22765 22730 22730 101
20190305 949 22705 22705 22705 22705 30
20190305 952 22705 22760 22705 22760 250
20190305 957 22710 22710 22710 22710 4
20190305 958 22690 22725 22690 22725 2
20190305 959 22705 22705 22705 22705 20
20190305 1001 22735 22735 22735 22735 1
20190305 1002 22735 22735 22735 22735 4
20190305 1003 22735 22740 22735 22740 11
20190305 1005 22745 22810 22745 22810 18
20190305 1006 22815 22835 22815 22835 5
20190305 1007 22840 22840 22840 22840 10
20190305 1009 22790 22840 22790 22840 6
20190305 1013 22840 22840 22840 22840 2
20190305 1014 22840 22840 22840 22840 2
20190305 1018 22840 22840 22840 22840 11
20190305 1019 22840 22840 22840 22840 11
20190305 1020 22840 22840 22840 22840 1
20190305 1021 22790 22790 22790 22790 15
20190305 1023 22790 22790 22790 22790 219
20190305 1024 22780 22780 22780 22780 2
20190305 1025 22780 22780 22780 22780 1
20190305 1026 22770 22770 22770 22770 1
20190305 1028 22750 22750 22750 22750 1
20190305 1029 22740 22740 22735 22735 3
20190305 1031 22705 22705 22705 22705 42
20190305 1032 22700 22700 22700 22700 1
20190305 1035 22690 22690 22690 22690 9
20190305 1038 22680 22680 22680 22680 10
20190305 1040 22705 22705 22705 22705 58
20190305 1041 22745 22745 22745 22745 1
20190305 1043 22730 22730 22730 22730 1
20190305 1044 22680 22680 22680 22680 9
20190305 1045 22650 22650 22645 22645 65
20190305 1048 22620 22620 22610 22610 20
20190305 1052 22610 22610 22600 22600 67
20190305 1053 22585 22585 22550 22550 76
20190305 1054 22530 22530 22505 22505 38
20190305 1055 22505 22510 22505 22510 2
20190305 1056 22515 22515 22500 22500 110
20190305 1057 22520 22530 22520 22530 3
20190305 1058 22535 22540 22535 22540 2
20190305 1059 22555 22565 22555 22565 2
20190305 1100 22575 22575 22575 22575 1
20190305 1102 22590 22595 22590 22595 2
20190305 1103 22610 22610 22610 22610 1
20190305 1105 22615 22615 22615 22615 1
20190305 1106 22610 22610 22585 22585 145
20190305 1107 22620 22620 22620 22620 1
20190305 1108 22630 22630 22630 22630 4
20190305 1113 22630 22630 22630 22630 5
20190305 1114 22630 22630 22620 22620 2
20190305 1126 22620 22620 22595 22595 142
20190305 1135 22650 22650 22650 22650 1
20190305 1142 22655 22675 22655 22675 5
20190305 1143 22680 22680 22680 22680 1
20190305 1146 22670 22670 22670 22670 1
20190305 1150 22670 22670 22670 22670 3
20190305 1155 22680 22680 22680 22680 41
20190305 1158 22685 22685 22685 22685 13
20190305 1201 22690 22740 22690 22740 77
20190305 1203 22750 22750 22750 22750 1
20190305 1204 22760 22800 22760 22800 50
20190305 1206 22800 22800 22800 22800 20
20190305 1210 22755 22755 22755 22755 3
20190305 1215 22715 22715 22645 22645 50
20190305 1216 22735 22735 22720 22720 4
20190305 1223 22690 22690 22665 22665 63
20190305 1227 22665 22665 22665 22665 1
20190305 1233 22715 22715 22715 22715 4
20190305 1241 22715 22715 22715 22715 1
20190305 1251 22715 22715 22715 22715 15
20190305 1300 22730 22735 22730 22735 5
20190305 1301 22740 22740 22740 22740 5
20190305 1314 22740 22740 22740 22740 15
20190305 1318 22730 22730 22730 22730 10
20190305 1320 22750 22750 22750 22750 1
20190305 1329 22750 22750 22750 22750 10
20190305 1330 22750 22750 22750 22750 1
20190305 1331 22730 22730 22730 22730 2
20190305 1335 22715 22715 22715 22715 12
20190305 1339 22710 22710 22710 22710 1
20190305 1344 22710 22710 22710 22710 2
20190305 1351 22710 22710 22710 22710 18
20190305 1352 22700 22700 22695 22695 500
20190305 1354 22750 22790 22750 22790 100
20190305 1356 22780 22780 22780 22780 1
20190305 1401 22760 22760 22760 22760 1
20190305 1403 22690 22690 22690 22690 5
20190305 1404 22690 22690 22680 22680 96
20190305 1405 22665 22665 22650 22650 30
20190305 1408 22605 22605 22605 22605 21
20190305 1410 22605 22605 22605 22605 1
20190305 1411 22605 22605 22600 22600 91
20190305 1413 22605 22605 22600 22600 11
20190305 1415 22600 22600 22590 22590 27
20190305 1420 22590 22590 22590 22590 1
20190305 1423 22590 22590 22585 22585 37
20190305 1425 22585 22585 22585 22585 50
20190305 1437 22600 22600 22600 22600 10
20190305 1439 22600 22665 22575 22665 234
20190305 1448 22665 22665 22665 22665 10
20190305 1449 22585 22585 22585 22585 11
20190305 1456 22585 22585 22585 22585 46
20190305 1457 22585 22585 22585 22585 4
20190305 1516 22610 22610 22585 22585 222
20190305 1517 22585 22585 22585 22585 50
20190305 1518 22585 22585 22585 22585 5
20190305 1519 22585 22585 22585 22585 72
20190305 1520 22585 22585 22570 22570 150
20190305 1530 22610 22610 22610 22610 309
20190306 901 22485 22485 22485 22485 33
20190306 904 22500 22500 22500 22500 44
20190306 905 22600 22600 22600 22600 10
20190306 906 22590 22590 22590 22590 1015
20190306 910 22570 22570 22555 22555 15
20190306 911 22535 22535 22525 22525 6
20190306 912 22525 22525 22525 22525 4
20190306 914 22595 22635 22595 22635 13
20190306 916 22640 22640 22640 22640 1
20190306 918 22640 22645 22640 22645 41
20190306 919 22650 22650 22650 22650 1
20190306 921 22655 22655 22655 22655 1
20190306 922 22640 22640 22640 22640 7
20190306 923 22640 22650 22640 22650 3
20190306 924 22655 22685 22655 22685 8
20190306 925 22690 22705 22690 22705 4
20190306 926 22710 22720 22710 22720 3
20190306 927 22720 22720 22715 22715 30
20190306 928 22715 22715 22715 22715 14
20190306 930 22720 22720 22720 22720 1
20190306 932 22720 22720 22720 22720 1
20190306 933 22720 22720 22720 22720 9
20190306 934 22720 22720 22715 22715 11
20190306 935 22695 22695 22695 22695 7
20190306 937 22640 22650 22640 22650 253
20190306 938 22640 22640 22640 22640 1
20190306 939 22625 22625 22625 22625 63
20190306 1005 22635 22635 22635 22635 25
20190306 1006 22635 22635 22635 22635 10
20190306 1011 22635 22635 22635 22635 10
20190306 1015 22695 22695 22695 22695 1
20190306 1017 22685 22685 22685 22685 20
20190306 1025 22635 22635 22635 22635 20
20190306 1026 22625 22625 22625 22625 40
20190306 1031 22580 22580 22580 22580 1
20190306 1033 22580 22580 22580 22580 5
20190306 1034 22580 22580 22580 22580 5
20190306 1037 22580 22580 22580 22580 90
20190306 1045 22580 22580 22580 22580 166
20190306 1051 22550 22550 22550 22550 305
20190306 1101 22550 22555 22545 22555 202
20190306 1111 22540 22540 22540 22540 2
20190306 1112 22540 22540 22540 22540 10
20190306 1113 22525 22525 22515 22515 124
20190306 1119 22515 22515 22515 22515 42
20190306 1129 22500 22500 22485 22485 25
20190306 1136 22505 22510 22505 22510 332
20190306 1137 22510 22515 22510 22515 164
20190306 1155 22515 22515 22510 22510 6
20190306 1223 22580 22580 22580 22580 1
20190306 1229 22580 22580 22580 22580 5
20190306 1232 22580 22580 22580 22580 2
20190306 1247 22510 22510 22510 22510 17
20190306 1259 22530 22530 22530 22530 1
20190306 1304 22515 22515 22515 22515 10
20190306 1305 22510 22510 22505 22505 9
20190306 1307 22500 22500 22480 22480 402
20190306 1308 22480 22480 22480 22480 1
20190306 1310 22470 22470 22470 22470 20
20190306 1312 22470 22470 22470 22470 1
20190306 1313 22480 22480 22480 22480 5
20190306 1319 22480 22480 22480 22480 1
20190306 1320 22475 22475 22460 22460 18
20190306 1324 22460 22460 22460 22460 1
20190306 1327 22460 22460 22440 22440 408
20190306 1339 22480 22580 22480 22580 250
20190306 1342 22580 22580 22580 22580 1
20190306 1346 22575 22575 22575 22575 1
20190306 1349 22565 22570 22565 22570 5
20190306 1354 22540 22540 22540 22540 41
20190306 1413 22515 22515 22515 22515 1
20190306 1419 22540 22550 22540 22550 2
20190306 1420 22580 22580 22580 22580 148
20190306 1429 22660 22660 22575 22575 6
20190306 1441 22585 22585 22585 22585 1
20190306 1452 22640 22640 22640 22640 15
20190306 1453 22640 22640 22640 22640 16
20190306 1458 22660 22660 22660 22660 1
20190306 1504 22610 22610 22610 22610 60
20190306 1507 22610 22610 22610 22610 20
20190306 1516 22575 22575 22570 22570 29
20190306 1517 22575 22610 22575 22610 7
20190306 1518 22625 22625 22625 22625 2
20190306 1530 22675 22675 22675 22675 815
20190307 901 22350 22495 22350 22495 23
20190307 902 22515 22515 22515 22515 21
20190307 903 22545 22545 22545 22545 5
20190307 905 22555 22555 22555 22555 4
20190307 906 22565 22665 22565 22665 26
20190307 907 22665 22665 22665 22665 8
20190307 908 22665 22665 22665 22665 1
20190307 913 22665 22685 22665 22685 60
20190307 916 22685 22685 22685 22685 1
20190307 922 22675 22675 22675 22675 11
20190307 930 22685 22685 22685 22685 64
20190307 933 22720 22720 22720 22720 1
20190307 936 22735 22735 22735 22735 2
20190307 937 22755 22755 22755 22755 8
20190307 939 22770 22825 22770 22825 137
20190307 940 22850 22850 22850 22850 1
20190307 941 22860 22860 22860 22860 78
20190307 943 22850 22860 22850 22860 50
20190307 944 22825 22825 22825 22825 50
20190307 947 22715 22715 22715 22715 42
20190307 948 22715 22715 22715 22715 34
20190307 949 22730 22730 22730 22730 20
20190307 1000 22665 22665 22665 22665 50
20190307 1003 22755 22755 22755 22755 41
20190307 1008 22820 22880 22820 22880 250
20190307 1013 22880 22915 22880 22900 13
20190307 1014 22940 22940 22940 22940 21
20190307 1015 22995 23030 22995 23030 250
20190307 1016 23030 23035 23030 23035 500
20190307 1021 23035 23035 23035 23035 42
20190307 1022 23035 23035 23035 23035 58
20190307 1026 22995 22995 22995 22995 100
20190307 1027 22965 22965 22965 22965 2
20190307 1029 22895 22895 22865 22865 21
20190307 1039 22865 22865 22865 22865 4
20190307 1047 22795 22795 22795 22795 10
20190307 1054 22770 22770 22755 22755 100
20190307 1056 22775 22775 22775 22775 4
20190307 1058 22755 22755 22755 22755 306
20190307 1105 22675 22675 22675 22675 100
20190307 1143 22680 22680 22680 22680 3
20190307 1147 22675 22675 22675 22675 109
20190307 1207 22645 22645 22645 22645 20
20190307 1209 22610 22610 22580 22580 37
20190307 1213 22580 22590 22580 22590 19
20190307 1216 22570 22570 22570 22570 13
20190307 1227 22575 22575 22575 22575 5
20190307 1237 22580 22580 22580 22580 5
20190307 1238 22580 22580 22580 22580 2
20190307 1240 22580 22580 22570 22570 479
20190307 1246 22560 22560 22555 22555 47
20190307 1305 22625 22625 22625 22625 1
20190307 1311 22555 22555 22555 22555 1
20190307 1315 22555 22555 22555 22555 5
20190307 1341 22560 22560 22530 22530 101
20190307 1343 22525 22525 22525 22525 3
20190307 1353 22525 22525 22525 22525 2
20190307 1358 22525 22525 22525 22525 1
20190307 1400 22520 22520 22510 22510 16
20190307 1401 22500 22500 22495 22495 29
20190307 1404 22480 22480 22425 22425 200
20190307 1409 22445 22445 22445 22445 1690
20190307 1412 22455 22455 22455 22455 15
20190307 1413 22460 22460 22460 22460 15
20190307 1422 22460 22460 22460 22460 1
20190307 1425 22455 22455 22425 22425 36
20190307 1428 22400 22400 22400 22400 1
20190307 1429 22400 22400 22400 22400 2
20190307 1433 22420 22420 22420 22420 1
20190307 1434 22400 22400 22350 22350 149
20190307 1436 22350 22350 22350 22350 20
20190307 1438 22350 22350 22330 22330 14
20190307 1440 22315 22315 22300 22300 34
20190307 1451 22305 22305 22305 22305 50
20190307 1452 22305 22305 22305 22305 50
20190307 1456 22375 22375 22375 22375 3
20190307 1457 22375 22375 22375 22375 12
20190307 1458 22375 22375 22375 22375 10
20190307 1459 22375 22375 22375 22375 12
20190307 1500 22360 22360 22360 22360 3
20190307 1501 22375 22375 22375 22375 7
20190307 1502 22375 22375 22375 22375 10
20190307 1503 22375 22375 22375 22375 10
20190307 1504 22375 22375 22375 22375 5
20190307 1506 22375 22375 22375 22375 5
20190307 1507 22375 22375 22375 22375 6
20190307 1508 22375 22375 22375 22375 20
20190307 1511 22435 22435 22435 22435 4
20190307 1512 22435 22435 22435 22435 13
20190307 1513 22445 22445 22445 22445 4
20190307 1514 22445 22445 22445 22445 3
20190307 1516 22390 22390 22390 22390 4
20190307 1530 22430 22430 22430 22430 5
20190308 901 21615 22270 21615 22270 443
20190308 903 22025 22025 22025 22025 1
20190308 904 22265 22270 22245 22245 272
20190308 905 22265 22265 22265 22265 20
20190308 906 22255 22255 22220 22220 91
20190308 907 22200 22205 22110 22110 491
20190308 908 22150 22170 22150 22155 72
20190308 909 22155 22160 22155 22160 90
20190308 911 22155 22155 22135 22135 111
20190308 912 22110 22110 22050 22050 46
20190308 914 22080 22080 22060 22060 18
20190308 916 22060 22060 22060 22060 75
20190308 918 22040 22060 22040 22060 11
20190308 919 22060 22060 22055 22055 35
20190308 920 22040 22040 22010 22010 134
20190308 922 22010 22010 22010 22010 82
20190308 925 22030 22030 22030 22030 1
20190308 928 22060 22060 22060 22060 280
20190308 929 22075 22075 22075 22075 53
20190308 930 22110 22110 22110 22110 10
20190308 935 22110 22110 22110 22110 65
20190308 937 22095 22095 22095 22095 526
20190308 938 22080 22080 22080 22080 5
20190308 939 22080 22080 22080 22080 1
20190308 943 22080 22080 22080 22080 1
20190308 946 22080 22080 22030 22030 54
20190308 950 22030 22035 22030 22035 11
20190308 951 22010 22015 22000 22000 91
20190308 952 22000 22000 22000 22000 1
20190308 953 21985 21995 21985 21995 10
20190308 955 21930 21930 21930 21930 12
20190308 956 21935 21935 21935 21935 2
20190308 957 21900 21900 21900 21900 25
20190308 959 21880 21880 21860 21860 13
20190308 1000 21800 21800 21800 21800 70
20190308 1002 21870 21870 21870 21870 1
20190308 1003 21860 21860 21860 21860 1
20190308 1006 21800 21800 21800 21800 111
20190308 1008 21800 21800 21800 21800 1
20190308 1010 21800 21800 21800 21800 31
20190308 1014 21860 21860 21860 21860 176
20190308 1015 21860 21860 21860 21860 45
20190308 1016 21870 21870 21870 21870 150
20190308 1017 21870 21870 21870 21870 55
20190308 1018 21860 21860 21860 21860 10
20190308 1025 21870 21870 21870 21870 4
20190308 1026 21850 21850 21850 21850 1
20190308 1029 21815 21815 21780 21780 219
20190308 1030 21750 21750 21750 21750 25
20190308 1031 21750 21750 21750 21750 50
20190308 1032 21720 21720 21720 21720 2
20190308 1039 21785 21785 21785 21785 290
20190308 1045 21785 21785 21785 21785 2
20190308 1058 21785 21785 21785 21785 20
20190308 1102 21785 21790 21765 21765 227
20190308 1103 21765 21765 21765 21765 4
20190308 1104 21750 21750 21750 21750 30
20190308 1106 21750 21750 21750 21750 1
20190308 1110 21805 21805 21805 21805 1
20190308 1112 21795 21795 21795 21795 10
20190308 1113 21740 21740 21725 21725 120
20190308 1115 21740 21740 21740 21740 80
20190308 1116 21740 21740 21740 21740 150
20190308 1123 21740 21740 21740 21740 5
20190308 1135 21805 21805 21805 21805 1
20190308 1136 21805 21805 21805 21805 30
20190308 1137 21790 21790 21790 21790 1
20190308 1138 21790 21790 21790 21790 10
20190308 1139 21790 21790 21790 21790 25
20190308 1142 21790 21790 21790 21790 1
20190308 1143 21790 21790 21790 21790 14
20190308 1148 21790 21790 21790 21790 25
20190308 1149 21790 21790 21790 21790 150
20190308 1150 21790 21790 21790 21790 100
20190308 1154 21790 21790 21790 21790 3
20190308 1155 21790 21790 21790 21790 1
20190308 1212 21790 21790 21790 21790 10
20190308 1231 21785 21785 21770 21770 85
20190308 1234 21740 21740 21720 21720 25
20190308 1235 21710 21710 21710 21710 34
20190308 1244 21710 21710 21710 21710 193
20190308 1248 21715 21715 21705 21705 617
20190308 1305 21705 21705 21700 21700 192
20190308 1313 21700 21700 21680 21680 136
20190308 1317 21685 21685 21685 21685 6
20190308 1319 21680 21680 21680 21680 1
20190308 1320 21680 21680 21680 21680 1
20190308 1321 21680 21680 21650 21650 179
20190308 1323 21650 21650 21650 21650 20
20190308 1332 21750 21750 21750 21750 1
20190308 1339 21750 21750 21750 21750 1
20190308 1341 21750 21750 21750 21750 30
20190308 1342 21750 21750 21750 21750 15
20190308 1343 21740 21750 21740 21750 58
20190308 1344 21750 21750 21750 21750 438
20190308 1348 21760 21760 21760 21760 36
20190308 1349 21780 21790 21755 21755 60
20190308 1355 21810 21810 21810 21810 10
20190308 1358 21810 21810 21810 21810 2
20190308 1421 21810 21810 21810 21810 7
20190308 1423 21810 21810 21790 21790 200
20190308 1424 21810 21810 21810 21810 50
20190308 1425 21810 21810 21810 21810 2
20190308 1426 21770 21770 21770 21770 43
20190308 1428 21770 21770 21770 21770 1
20190308 1429 21770 21785 21770 21785 200
20190308 1439 21790 21790 21790 21790 5
20190308 1445 21755 21755 21755 21755 42
20190308 1447 21755 21755 21755 21755 8
20190308 1448 21790 21790 21790 21790 2
20190308 1449 21790 21790 21790 21790 1
20190308 1453 21790 21790 21790 21790 2
20190308 1500 21790 21790 21790 21790 1
20190308 1501 21790 21790 21790 21790 5
20190308 1506 21790 21790 21790 21790 7
20190308 1507 21790 21790 21790 21790 10
20190308 1515 21765 21765 21760 21760 285
20190308 1516 21790 21790 21790 21790 110
20190308 1517 21790 21790 21790 21790 1
20190308 1520 21785 21785 21785 21785 60
20190308 1530 21790 21790 21790 21790 87
20190311 901 21790 21790 21790 21790 5
20190311 903 21790 21790 21790 21790 77
20190311 904 21800 21900 21800 21900 2
20190311 905 21900 21900 21900 21900 15
20190311 906 21900 21900 21900 21900 20
20190311 907 21880 21880 21870 21870 20
20190311 908 21870 21870 21870 21870 2
20190311 909 21895 21895 21895 21895 6
20190311 911 21895 21895 21895 21895 40
20190311 912 21895 21895 21895 21895 50
20190311 913 21870 21870 21855 21870 450
20190311 914 21870 21870 21870 21870 93
20190311 915 21870 21870 21870 21870 3
20190311 917 21840 21840 21840 21840 1
20190311 918 21800 21800 21715 21715 560
20190311 920 21715 21715 21715 21715 8
20190311 921 21715 21715 21715 21715 200
20190311 923 21690 21690 21685 21685 152
20190311 924 21615 21615 21600 21600 158
20190311 925 21600 21600 21600 21600 344
20190311 926 21650 21650 21650 21650 53
20190311 929 21715 21715 21715 21715 10
20190311 932 21650 21650 21650 21650 8
20190311 935 21650 21650 21650 21650 4
20190311 937 21650 21650 21575 21575 163
20190311 941 21510 21510 21510 21510 100
20190311 944 21505 21505 21500 21500 256
20190311 945 21465 21465 21465 21465 52
20190311 946 21485 21485 21485 21485 5
20190311 947 21415 21415 21415 21415 200
20190311 950 21505 21505 21505 21505 9
20190311 952 21525 21525 21525 21525 900
20190311 954 21565 21565 21565 21565 100
20190311 956 21580 21580 21580 21580 1000
20190311 958 21565 21565 21550 21550 131
20190311 1004 21540 21540 21540 21540 450
20190311 1015 21635 21635 21635 21635 50
20190311 1020 21665 21665 21665 21665 1
20190311 1023 21685 21690 21685 21690 4
20190311 1027 21690 21690 21690 21690 5
20190311 1031 21690 21690 21690 21690 7
20190311 1033 21690 21690 21685 21685 2
20190311 1034 21685 21685 21665 21665 9
20190311 1037 21630 21630 21630 21630 15
20190311 1038 21630 21630 21630 21630 1
20190311 1041 21565 21565 21565 21565 1
20190311 1049 21700 21700 21700 21700 1
20190311 1053 21700 21700 21700 21700 1
20190311 1054 21700 21700 21700 21700 5
20190311 1056 21695 21695 21695 21695 2
20190311 1101 21685 21685 21685 21685 25
20190311 1103 21720 21720 21720 21720 5
20190311 1104 21705 21705 21705 21705 2
20190311 1105 21705 21705 21705 21705 10
20190311 1108 21685 21685 21685 21685 51
20190311 1114 21660 21660 21655 21655 12
20190311 1115 21635 21635 21635 21635 1
20190311 1118 21625 21625 21625 21625 1
20190311 1122 21630 21630 21630 21630 1
20190311 1133 21630 21630 21630 21630 1
20190311 1209 21700 21700 21700 21700 30
20190311 1231 21755 21755 21755 21755 12
20190311 1237 21755 21755 21755 21755 2
20190311 1240 21755 21755 21755 21755 1
20190311 1241 21755 21755 21755 21755 1
20190311 1248 21755 21755 21755 21755 1
20190311 1249 21755 21755 21755 21755 1
20190311 1307 21755 21755 21755 21755 5
20190311 1309 21755 21755 21755 21755 1
20190311 1311 21755 21755 21755 21755 10
20190311 1316 21755 21755 21755 21755 10
20190311 1317 21755 21755 21755 21755 1
20190311 1318 21755 21755 21755 21755 105
20190311 1319 21760 21760 21760 21760 6
20190311 1322 21765 21765 21765 21765 1
20190311 1325 21765 21765 21765 21765 53
20190311 1326 21765 21765 21765 21765 10
20190311 1329 21765 21770 21765 21770 61
20190311 1330 21800 21800 21800 21800 78
20190311 1331 21800 21800 21800 21800 22
20190311 1336 21810 21810 21810 21810 22
20190311 1338 21810 21810 21810 21810 38
20190311 1351 21815 21815 21815 21815 1
20190311 1353 21810 21810 21810 21810 40
20190311 1417 21850 21850 21850 21850 100
20190311 1428 21850 21850 21850 21850 40
20190311 1429 21830 21830 21830 21830 19
20190311 1431 21830 21830 21830 21830 60
20190311 1438 21830 21830 21830 21830 26
20190311 1441 21830 21830 21830 21830 4
20190311 1505 21865 21865 21865 21865 1
20190311 1508 21855 21855 21855 21855 1
20190311 1513 21850 21850 21850 21850 5
20190311 1514 21835 21835 21830 21830 71
20190311 1516 21825 21825 21825 21825 160
20190311 1518 21810 21810 21790 21790 38
20190311 1530 21815 21815 21815 21815 559
20190312 901 22175 22300 22175 22285 1064
20190312 902 22295 22295 22295 22295 20
20190312 905 22295 22295 22295 22295 20
20190312 906 22295 22295 22200 22200 16
20190312 907 22275 22275 22275 22275 7
20190312 909 22275 22275 22275 22275 1
20190312 910 22355 22355 22355 22355 75
20190312 911 22365 22430 22365 22430 71
20190312 913 22430 22430 22430 22430 143
20190312 914 22430 22430 22430 22430 17
20190312 915 22440 22440 22440 22440 2
20190312 916 22415 22415 22410 22410 84
20190312 917 22410 22410 22410 22410 10
20190312 918 22410 22410 22400 22400 30
20190312 921 22400 22400 22400 22400 207
20190312 923 22350 22370 22350 22370 60
20190312 924 22345 22345 22340 22340 24
20190312 925 22325 22325 22305 22305 45
20190312 926 22275 22275 22225 22225 50
20190312 928 22245 22245 22245 22245 2
20190312 929 22325 22325 22325 22325 1
20190312 930 22325 22365 22325 22365 250
20190312 932 22325 22325 22325 22325 4
20190312 933 22325 22355 22325 22355 520
20190312 935 22320 22320 22320 22320 50
20190312 937 22310 22310 22300 22300 6
20190312 940 22245 22245 22240 22240 11
20190312 941 22240 22240 22240 22240 50
20190312 946 22175 22175 22100 22100 913
20190312 948 22125 22125 22125 22125 1
20190312 949 22135 22135 22135 22135 70
20190312 952 22195 22195 22195 22195 3
20190312 956 22245 22245 22245 22245 45
20190312 1001 22195 22195 22195 22195 3
20190312 1002 22195 22195 22195 22195 1
20190312 1004 22200 22200 22195 22195 16
20190312 1005 22190 22190 22190 22190 50
20190312 1007 22150 22150 22150 22150 50
20190312 1008 22135 22135 22135 22135 50
20190312 1022 22205 22205 22205 22205 1
20190312 1029 22200 22200 22200 22200 1
20190312 1030 22200 22200 22200 22200 5
20190312 1031 22200 22200 22200 22200 5
20190312 1038 22200 22200 22200 22200 10
20190312 1044 22170 22170 22170 22170 115
20190312 1047 22200 22205 22200 22205 500
20190312 1053 22155 22155 22155 22155 50
20190312 1101 22155 22155 22155 22155 50
20190312 1102 22150 22150 22150 22150 40
20190312 1118 22155 22155 22155 22155 51
20190312 1121 22150 22150 22150 22150 30
20190312 1125 22150 22150 22150 22150 21
20190312 1128 22235 22235 22235 22235 500
20190312 1130 22235 22235 22235 22235 500
20190312 1135 22240 22245 22240 22245 1000
20190312 1145 22230 22230 22230 22230 1000
20190312 1151 22230 22230 22230 22230 1
20190312 1201 22245 22270 22245 22270 500
20190312 1211 22270 22270 22270 22270 1
20190312 1223 22230 22230 22230 22230 2
20190312 1224 22200 22200 22200 22200 10
20190312 1232 22200 22200 22200 22200 1
20190312 1236 22150 22150 22150 22150 31
20190312 1239 22175 22175 22175 22175 1
20190312 1245 22195 22195 22195 22195 11
20190312 1251 22175 22175 22150 22150 44
20190312 1252 22150 22150 22150 22150 2
20190312 1307 22175 22175 22175 22175 500
20190312 1311 22195 22195 22195 22195 1
20190312 1313 22195 22215 22195 22215 1500
20190312 1315 22185 22185 22185 22185 1000
20190312 1318 22195 22195 22195 22195 500
20190312 1319 22195 22195 22195 22195 253
20190312 1335 22195 22195 22195 22195 80
20190312 1336 22160 22160 22160 22160 16
20190312 1338 22160 22160 22160 22160 14
20190312 1348 22150 22150 22150 22150 10
20190312 1349 22150 22150 22150 22150 5
20190312 1415 22180 22180 22180 22180 102
20190312 1417 22215 22215 22215 22215 30
20190312 1428 22220 22220 22220 22220 1
20190312 1453 22210 22215 22210 22215 300
20190312 1458 22215 22215 22215 22215 5
20190312 1459 22215 22215 22215 22215 45
20190312 1512 22220 22225 22220 22225 31
20190312 1514 22240 22270 22240 22270 500
20190312 1515 22270 22280 22270 22280 250
20190312 1516 22280 22280 22280 22280 199
20190312 1517 22270 22270 22270 22270 250
20190312 1518 22270 22270 22270 22270 1
20190312 1519 22270 22270 22270 22270 20
20190312 1520 22260 22260 22260 22260 40
20190312 1530 22215 22215 22215 22215 876
20190313 901 22100 22100 22100 22100 57
20190313 902 22100 22100 22100 22100 49
20190313 903 22080 22080 22070 22070 214
20190313 904 22115 22115 22115 22115 11
20190313 906 22115 22115 22070 22070 109
20190313 907 22000 22000 22000 22000 402
20190313 913 22075 22075 22075 22075 1
20190313 917 22070 22070 22070 22070 1
20190313 919 22090 22090 22070 22070 3
20190313 921 22070 22070 22070 22070 1
20190313 928 22070 22070 22070 22070 2
20190313 930 22050 22050 22050 22050 5
20190313 932 22030 22030 22030 22030 1
20190313 934 22055 22055 22055 22055 66
20190313 935 22030 22030 22020 22020 12
20190313 936 22015 22015 21995 21995 189
20190313 937 21995 21995 21970 21970 39
20190313 939 21965 21965 21965 21965 3
20190313 942 21965 21965 21965 21965 47
20190313 944 21950 21950 21950 21950 1
20190313 948 21965 21995 21965 21995 52
20190313 949 21995 21995 21995 21995 10
20190313 952 21990 21990 21990 21990 18
20190313 953 21980 21980 21965 21970 231
20190313 954 21985 21985 21985 21985 2
20190313 1006 21980 21980 21980 21980 18
20190313 1008 21965 21965 21965 21965 93
20190313 1011 21950 21950 21940 21940 39
20190313 1012 21910 21910 21885 21885 561
20190313 1013 21875 21875 21875 21875 400
20190313 1015 21805 21805 21805 21805 40
20190313 1019 21805 21805 21805 21805 5
20190313 1020 21850 21850 21850 21850 100
20190313 1021 21850 21850 21850 21850 11
20190313 1023 21850 21850 21850 21850 1
20190313 1025 21830 21830 21810 21810 230
20190313 1026 21810 21810 21800 21800 32
20190313 1028 21805 21805 21805 21805 23
20190313 1031 21835 21835 21835 21835 1
20190313 1032 21835 21835 21800 21800 242
20190313 1035 21820 21820 21770 21770 79
20190313 1036 21765 21765 21765 21765 1
20190313 1037 21750 21750 21750 21750 6
20190313 1039 21750 21750 21750 21750 8
20190313 1040 21745 21745 21745 21745 10
20190313 1041 21745 21745 21720 21720 53
20190313 1042 21700 21700 21700 21700 13
20190313 1044 21710 21710 21710 21710 1
20190313 1045 21705 21705 21700 21700 53
20190313 1046 21700 21700 21700 21700 100
20190313 1049 21705 21705 21705 21705 5
20190313 1100 21765 21765 21765 21765 15
20190313 1103 21770 21775 21770 21775 24
20190313 1106 21770 21770 21770 21770 50
20190313 1107 21770 21770 21760 21760 21
20190313 1108 21755 21755 21740 21740 4
20190313 1111 21735 21735 21735 21735 1
20190313 1113 21735 21735 21735 21735 9
20190313 1114 21765 21765 21760 21760 2
20190313 1115 21765 21765 21750 21750 3
20190313 1117 21730 21730 21730 21730 1
20190313 1119 21750 21750 21750 21750 83
20190313 1121 21760 21760 21760 21760 17
20190313 1122 21760 21760 21745 21745 101
20190313 1124 21725 21725 21660 21660 6937
20190313 1125 21660 21660 21660 21660 6
20190313 1130 21660 21660 21660 21660 1
20190313 1131 21655 21655 21655 21655 1
20190313 1132 21650 21650 21650 21650 11
20190313 1138 21660 21660 21660 21660 1
20190313 1139 21660 21660 21660 21660 10
20190313 1141 21660 21660 21660 21660 2
20190313 1142 21660 21660 21660 21660 100
20190313 1144 21660 21660 21660 21660 4
20190313 1149 21660 21660 21660 21660 5
20190313 1150 21660 21660 21660 21660 1
20190313 1151 21660 21680 21660 21675 6678
20190313 1152 21660 21660 21660 21660 1
20190313 1153 21660 21660 21660 21660 22
20190313 1154 21660 21660 21660 21660 2
20190313 1157 21660 21660 21660 21660 10
20190313 1158 21660 21660 21660 21660 101
20190313 1201 21655 21655 21655 21655 1
20190313 1206 21660 21660 21660 21660 101
20190313 1207 21660 21660 21660 21660 425
20190313 1211 21675 21675 21675 21675 10
20190313 1212 21675 21675 21675 21675 10
20190313 1214 21760 21760 21760 21760 1
20190313 1217 21755 21755 21755 21755 56
20190313 1224 21755 21755 21755 21755 229
20190313 1226 21755 21755 21755 21755 20
20190313 1229 21745 21745 21745 21745 1
20190313 1237 21745 21745 21745 21745 30
20190313 1241 21745 21745 21745 21745 6
20190313 1256 21725 21725 21725 21725 1
20190313 1337 21820 21890 21820 21890 56
20190313 1338 21890 21890 21890 21890 23
20190313 1340 21890 21890 21890 21890 7
20190313 1343 21890 21890 21890 21890 1
20190313 1344 21890 21890 21890 21890 40
20190313 1349 21880 21880 21880 21880 2
20190313 1359 21880 21880 21880 21880 2
20190313 1401 21860 21860 21840 21840 402
20190313 1402 21845 21845 21735 21735 89
20190313 1414 21860 21860 21860 21860 1
20190313 1432 21850 21855 21850 21855 136
20190313 1434 21890 21890 21890 21890 2
20190313 1438 21870 21870 21870 21870 230
20190313 1439 21870 21870 21870 21870 4
20190313 1440 21965 21965 21965 21965 1
20190313 1443 22000 22000 22000 22000 4
20190313 1444 22000 22000 22000 22000 4
20190313 1448 22000 22000 22000 22000 2
20190313 1453 22000 22000 22000 22000 10
20190313 1454 22000 22000 22000 22000 10
20190313 1455 22000 22000 22000 22000 5
20190313 1456 22000 22000 22000 22000 258
20190313 1459 22015 22015 22015 22015 21
20190313 1500 22020 22025 22020 22025 2
20190313 1502 22030 22035 22030 22035 22
20190313 1506 22040 22050 22040 22050 3
20190313 1507 22055 22065 22055 22065 43
20190313 1509 22070 22095 22070 22095 24
20190313 1510 22100 22125 22100 22125 132
20190313 1511 22125 22125 22125 22125 15
20190313 1513 22130 22130 22130 22130 1
20190313 1514 22130 22130 22120 22120 44
20190313 1516 22130 22130 22060 22060 247
20190313 1530 22050 22050 22050 22050 144
20190314 901 22270 22270 22180 22180 58
20190314 907 22070 22070 22070 22070 50
20190314 909 22050 22050 22000 22000 46
20190314 918 22090 22090 22090 22090 2
20190314 919 22090 22090 22090 22090 1
20190314 921 22090 22090 22090 22090 97
20190314 923 22000 22000 22000 22000 7
20190314 931 22000 22000 21945 21945 827
20190314 935 21945 21945 21940 21940 32
20190314 936 21920 21920 21910 21910 13
20190314 937 21930 21930 21900 21900 103
20190314 948 21900 21900 21900 21900 558
20190314 952 21875 21875 21860 21865 9
20190314 953 21865 21865 21865 21865 3
20190314 954 21885 21885 21885 21885 1
20190314 955 21885 21885 21885 21885 1
20190314 956 21935 21935 21935 21935 250
20190314 1001 21910 21910 21910 21910 100
20190314 1002 21875 21875 21870 21870 25
20190314 1003 21890 21890 21890 21890 77
20190314 1007 21890 21890 21890 21890 5
20190314 1010 21890 21890 21890 21890 1
20190314 1011 21890 21890 21890 21890 1
20190314 1019 21890 21890 21890 21890 13
20190314 1020 21890 21890 21890 21890 2
20190314 1022 21890 21890 21890 21890 1
20190314 1023 21890 21890 21890 21890 88
20190314 1025 21940 21940 21940 21940 100
20190314 1027 21950 21950 21950 21950 1
20190314 1028 21955 21955 21955 21955 50
20190314 1038 21915 21915 21915 21915 2
20190314 1042 21950 21950 21950 21950 100
20190314 1139 22020 22020 22020 22020 1
20190314 1143 22000 22000 22000 22000 4
20190314 1144 22000 22000 22000 22000 5
20190314 1157 22000 22000 22000 22000 5
20190314 1159 22000 22000 22000 22000 50
20190314 1204 21955 21955 21955 21955 24
20190314 1227 21955 21955 21955 21955 222
20190314 1233 21955 21955 21955 21955 1
20190314 1235 21955 21955 21950 21950 193
20190314 1236 21915 21915 21915 21915 2
20190314 1239 21910 21910 21905 21905 3
20190314 1251 21905 21905 21905 21905 1
20190314 1259 21905 21905 21905 21905 1
20190314 1300 21900 21900 21900 21900 103
20190314 1302 21895 21895 21890 21890 22
20190314 1306 21890 21890 21890 21890 2
20190314 1307 21875 21875 21875 21875 3
20190314 1308 21870 21870 21865 21865 151
20190314 1309 21865 21865 21865 21865 4
20190314 1310 21865 21865 21865 21865 196
20190314 1311 21865 21865 21865 21865 10
20190314 1312 21885 21885 21885 21885 30
20190314 1326 21885 21885 21885 21885 5
20190314 1333 21885 21885 21885 21885 22
20190314 1346 21905 21985 21905 21985 80
20190314 1348 21985 21985 21985 21985 44
20190314 1358 21985 21985 21985 21985 109
20190314 1401 21885 21885 21885 21885 50
20190314 1402 21910 21910 21910 21910 30
20190314 1404 21885 21885 21880 21880 50
20190314 1406 21880 21880 21855 21855 333
20190314 1411 21855 21855 21850 21850 201
20190314 1415 21860 21860 21860 21860 1
20190314 1416 21860 21860 21860 21860 2
20190314 1422 21860 21860 21860 21860 20
20190314 1456 21865 21865 21865 21865 24
20190314 1501 22005 22005 22005 22005 5
20190314 1502 22005 22005 22005 22005 1
20190314 1508 22010 22010 22010 22010 30
20190314 1516 22065 22065 22065 22065 172
20190314 1517 22045 22045 22045 22045 100
20190314 1530 22015 22015 22015 22015 685
20190315 901 22015 22015 22015 22015 5
20190315 903 22015 22065 22015 22065 56
20190315 904 22070 22105 22070 22105 8
20190315 905 22110 22115 22110 22115 4
20190315 906 22115 22115 22115 22115 2
20190315 907 22115 22115 22115 22115 4
20190315 909 22120 22165 22120 22165 11
20190315 910 22170 22170 22170 22170 1
20190315 911 22175 22175 22175 22175 1
20190315 912 22180 22225 22180 22225 13
20190315 914 22225 22245 22225 22240 64
20190315 915 22240 22240 22240 22240 10
20190315 916 22250 22285 22250 22285 103
20190315 917 22300 22300 22300 22300 20
20190315 919 22300 22300 22300 22300 1
20190315 921 22285 22285 22285 22285 1
20190315 922 22255 22255 22255 22255 1
20190315 923 22235 22235 22235 22235 5
20190315 941 22100 22100 22100 22100 11
20190315 942 22105 22105 22105 22105 1
20190315 943 22105 22105 22105 22105 2
20190315 945 22105 22105 22105 22105 6
20190315 948 22195 22195 22195 22195 500
20190315 953 22235 22235 22235 22235 16
20190315 954 22235 22250 22235 22250 107
20190315 957 22250 22265 22250 22265 500
20190315 959 22230 22230 22230 22230 251
20190315 1011 22220 22220 22220 22220 17
20190315 1018 22225 22225 22225 22225 250
20190315 1025 22195 22195 22195 22195 5
20190315 1032 22140 22140 22140 22140 10
20190315 1033 22140 22140 22140 22140 40
20190315 1050 22140 22140 22140 22140 12
20190315 1051 22140 22140 22140 22140 1
20190315 1052 22140 22140 22140 22140 37
20190315 1057 22180 22180 22180 22180 40
20190315 1102 22220 22220 22220 22220 24
20190315 1103 22225 22225 22225 22225 7
20190315 1105 22225 22225 22225 22225 24
20190315 1109 22265 22265 22265 22265 12
20190315 1113 22265 22335 22265 22335 250
20190315 1114 22335 22335 22335 22335 250
20190315 1119 22330 22330 22330 22330 1
20190315 1124 22330 22350 22330 22350 121
20190315 1125 22350 22350 22350 22350 20
20190315 1126 22350 22350 22350 22350 1
20190315 1129 22350 22350 22350 22350 20
20190315 1130 22390 22390 22390 22390 5
20190315 1133 22385 22385 22385 22385 1
20190315 1137 22385 22385 22385 22385 1
20190315 1138 22390 22390 22390 22390 4
20190315 1139 22390 22395 22390 22395 11
20190315 1141 22405 22405 22405 22405 72
20190315 1142 22415 22415 22415 22415 2
20190315 1147 22425 22425 22425 22425 2
20190315 1149 22420 22425 22420 22425 11
20190315 1153 22405 22425 22405 22425 5
20190315 1154 22425 22425 22425 22425 1
20190315 1205 22405 22405 22400 22400 39
20190315 1212 22385 22385 22385 22385 3
20190315 1215 22380 22385 22380 22385 100
20190315 1216 22325 22325 22325 22325 37
20190315 1219 22300 22300 22300 22300 1
20190315 1222 22230 22230 22230 22230 24
20190315 1223 22225 22225 22225 22225 76
20190315 1227 22230 22230 22230 22230 1
20190315 1230 22200 22200 22190 22190 43
20190315 1233 22190 22200 22180 22180 35
20190315 1235 22200 22200 22200 22200 7
20190315 1243 22200 22200 22200 22200 5
20190315 1253 22200 22200 22200 22200 123
20190315 1304 22230 22230 22230 22230 9
20190315 1308 22230 22230 22230 22230 67
20190315 1309 22230 22230 22230 22230 1
20190315 1312 22230 22230 22230 22230 23
20190315 1314 22220 22220 22220 22220 48
20190315 1315 22220 22220 22220 22220 124
20190315 1316 22220 22220 22220 22220 26
20190315 1323 22205 22205 22205 22205 65
20190315 1325 22205 22205 22205 22205 1
20190315 1329 22205 22205 22205 22205 10
20190315 1330 22155 22155 22120 22120 150
20190315 1331 22200 22200 22200 22200 1
20190315 1332 22170 22170 22170 22170 1
20190315 1340 22170 22170 22170 22170 10
20190315 1347 22165 22165 22165 22165 13
20190315 1348 22165 22165 22165 22165 1
20190315 1349 22165 22165 22165 22165 12
20190315 1351 22165 22165 22165 22165 10
20190315 1355 22165 22165 22165 22165 10
20190315 1357 22165 22165 22165 22165 40
20190315 1400 22165 22165 22165 22165 14
20190315 1402 22170 22170 22170 22170 10
20190315 1411 22170 22170 22170 22170 6
20190315 1429 22165 22165 22165 22165 24
20190315 1431 22165 22165 22165 22165 26
20190315 1447 22165 22170 22165 22170 125
20190315 1448 22200 22205 22200 22205 69
20190315 1449 22280 22300 22280 22300 500
20190315 1457 22135 22135 22135 22135 10
20190315 1516 22170 22170 22170 22170 200
20190315 1519 22220 22255 22220 22255 10
20190315 1520 22255 22255 22255 22255 12
20190315 1530 22325 22325 22325 22325 61
20190318 901 22445 22445 22445 22445 10
20190318 902 22335 22335 22335 22335 1
20190318 903 22335 22335 22335 22335 17
20190318 905 22325 22350 22305 22305 13
20190318 907 22360 22370 22360 22370 14
20190318 908 22305 22305 22305 22305 13
20190318 909 22255 22265 22255 22265 76
20190318 913 22215 22215 22215 22215 4
20190318 915 22215 22215 22215 22215 1
20190318 916 22210 22210 22210 22210 20
20190318 918 22215 22215 22210 22210 101
20190318 919 22210 22210 22210 22210 1900
20190318 922 22210 22210 22210 22210 95
20190318 930 22250 22250 22250 22250 9
20190318 936 22305 22305 22305 22305 180
20190318 940 22330 22330 22330 22330 2
20190318 941 22315 22330 22315 22330 3
20190318 947 22260 22260 22250 22250 233
20190318 954 22265 22265 22265 22265 250
20190318 956 22225 22225 22200 22200 297
20190318 1001 22205 22205 22205 22205 150
20190318 1004 22190 22190 22190 22190 1
20190318 1009 22155 22155 22155 22155 1
20190318 1012 22150 22150 22150 22150 1
20190318 1013 22135 22135 22135 22135 21
20190318 1018 22135 22135 22135 22135 1
20190318 1022 22120 22120 22120 22120 2
20190318 1023 22110 22110 22100 22100 200
20190318 1026 22100 22100 22100 22100 420
20190318 1029 22120 22120 22120 22120 2
20190318 1031 22100 22100 22100 22100 435
20190318 1033 22095 22095 22095 22095 1
20190318 1038 22080 22080 22055 22055 24
20190318 1040 22050 22050 22050 22050 5
20190318 1041 22050 22050 22050 22050 1
20190318 1042 22050 22050 22050 22050 1
20190318 1043 22045 22045 22045 22045 20
20190318 1045 22040 22040 22025 22025 26
20190318 1050 22015 22015 22015 22015 14
20190318 1052 22015 22015 22010 22010 94
20190318 1053 22005 22005 22005 22005 6
20190318 1057 22025 22025 22025 22025 5
20190318 1101 22025 22025 22025 22025 1
20190318 1108 22025 22025 22025 22025 1
20190318 1111 22025 22025 22025 22025 1
20190318 1113 22005 22005 22005 22005 8
20190318 1115 22025 22025 22025 22025 3
20190318 1117 22025 22025 22025 22025 1
20190318 1118 22025 22025 22020 22020 2
20190318 1119 22015 22015 22015 22015 1
20190318 1120 22005 22005 22005 22005 24
20190318 1121 22000 22000 22000 22000 58
20190318 1122 22000 22000 21965 21965 334
20190318 1127 21950 21950 21950 21950 3
20190318 1130 21985 21985 21985 21985 5
20190318 1154 22115 22115 22115 22115 5
20190318 1158 22105 22105 22105 22105 200
20190318 1204 22050 22050 22050 22050 1
20190318 1210 22115 22115 22115 22115 3
20190318 1211 22125 22125 22125 22125 15
20190318 1226 22120 22120 22120 22120 10
20190318 1228 22120 22120 22120 22120 1
20190318 1231 22100 22100 22040 22040 253
20190318 1256 22040 22040 22035 22035 535
20190318 1302 22035 22035 22035 22035 50
20190318 1313 22035 22035 22035 22035 3
20190318 1315 22035 22035 22035 22035 5
20190318 1322 22035 22035 22035 22035 5
20190318 1324 22035 22035 22035 22035 46
20190318 1326 22030 22030 22030 22030 10
20190318 1327 22020 22020 22020 22020 3
20190318 1328 22000 22000 22000 22000 60
20190318 1331 22030 22030 22030 22030 1
20190318 1332 22035 22035 22035 22035 1
20190318 1333 22025 22025 22025 22025 1
20190318 1354 22005 22005 22005 22005 20
20190318 1358 22025 22025 22025 22025 30
20190318 1401 22020 22020 22020 22020 15
20190318 1403 22005 22005 22000 22000 41
20190318 1405 22000 22000 22000 22000 2
20190318 1406 22010 22010 22010 22010 1
20190318 1415 22030 22030 22030 22030 2
20190318 1421 22035 22035 22035 22035 1
20190318 1430 22035 22035 22035 22035 5
20190318 1450 22035 22035 22035 22035 3
20190318 1455 22035 22035 22035 22035 4
20190318 1456 22035 22035 22035 22035 5
20190318 1457 22035 22035 22035 22035 20
20190318 1458 22035 22035 22035 22035 551
20190318 1503 22070 22080 22070 22080 25
20190318 1506 22080 22080 22080 22080 17
20190318 1507 22080 22080 22080 22080 10
20190318 1513 22170 22170 22170 22170 50
20190318 1516 22175 22175 22170 22170 160
20190318 1520 22190 22190 22190 22190 10
20190318 1530 22080 22080 22080 22080 30
20190319 901 22080 22090 22080 22090 88
20190319 903 22070 22070 22025 22025 104
20190319 904 22000 22000 21935 21935 245
20190319 906 21990 21990 21965 21965 52
20190319 907 21915 21915 21900 21900 271
20190319 908 21865 21900 21865 21900 4
20190319 909 21900 21900 21900 21900 1
20190319 910 21870 21870 21865 21865 71
20190319 911 21875 21875 21875 21875 1
20190319 913 21900 21900 21900 21900 18
20190319 915 21960 21960 21960 21960 2
20190319 918 21960 21960 21960 21960 15
20190319 920 22000 22050 22000 22050 51
20190319 925 22050 22100 22050 22100 245
20190319 930 22100 22100 22100 22100 3
20190319 942 22100 22100 22100 22100 50
20190319 944 22100 22100 22100 22100 84
20190319 948 22100 22100 22100 22100 50
20190319 951 22130 22130 22130 22130 1
20190319 956 22130 22130 22130 22130 10
20190319 1004 22130 22130 22130 22130 50
20190319 1008 22140 22140 22140 22140 1
20190319 1013 22150 22150 22150 22150 250
20190319 1018 22185 22185 22185 22185 1
20190319 1028 22200 22200 22200 22200 45
20190319 1044 22200 22200 22200 22200 60
20190319 1045 22200 22210 22200 22210 100
20190319 1046 22190 22190 22190 22190 1
20190319 1049 22140 22140 22140 22140 1
20190319 1052 22115 22115 22115 22115 459
20190319 1056 22115 22115 22115 22115 453
20190319 1101 22105 22105 22105 22105 3
20190319 1111 22100 22100 22100 22100 3
20190319 1112 22095 22095 22095 22095 3
20190319 1116 22050 22050 22050 22050 1
20190319 1119 22020 22020 22020 22020 1
20190319 1121 22000 22000 22000 22000 46
20190319 1147 22030 22030 22030 22030 1
20190319 1236 22030 22030 21990 21990 253
20190319 1251 22025 22025 22025 22025 10
20190319 1254 21990 21990 21990 21990 21
20190319 1255 21975 21975 21970 21970 5
20190319 1258 21965 21965 21965 21965 2
20190319 1301 21950 21950 21950 21950 665
20190319 1302 21900 21900 21900 21900 68
20190319 1308 21900 21900 21900 21900 518
20190319 1316 21955 21955 21955 21955 1
20190319 1333 21900 21900 21900 21900 5
20190319 1334 21890 21890 21890 21890 11
20190319 1341 21870 21870 21870 21870 1
20190319 1448 22030 22030 22030 22030 46
20190319 1504 22035 22035 22035 22035 5
20190319 1507 22020 22020 22020 22020 20
20190319 1511 22010 22010 22010 22010 1
20190319 1515 22000 22000 22000 22000 1
20190319 1516 21935 21935 21905 21905 160
20190319 1519 21905 21905 21905 21905 62
20190319 1530 21975 21975 21975 21975 275
20190320 901 21925 21925 21925 21925 4
20190320 903 22000 22000 22000 22000 2
20190320 906 22000 22000 22000 22000 200
20190320 908 22000 22000 22000 22000 310
20190320 910 22000 22000 21995 21995 11
20190320 911 21995 21995 21995 21995 20
20190320 913 21890 21890 21850 21850 144
20190320 915 21890 21890 21890 21890 1
20190320 917 21810 21810 21790 21790 132
20190320 918 21760 21760 21760 21760 52
20190320 919 21750 21750 21695 21700 580
20190320 920 21740 21740 21740 21740 3
20190320 930 21740 21740 21740 21740 17
20190320 936 21880 21880 21880 21880 1
20190320 942 21880 21880 21880 21880 2
20190320 944 21860 21860 21860 21860 10
20190320 952 21800 21800 21800 21800 5
20190320 953 21795 21795 21795 21795 1
20190320 954 21745 21745 21740 21740 21
20190320 1002 21695 21695 21670 21670 1400
20190320 1008 21670 21670 21670 21670 19
20190320 1009 21665 21665 21665 21665 10
20190320 1011 21665 21665 21665 21665 41
20190320 1016 21660 21660 21585 21585 1516
20190320 1019 21635 21635 21620 21620 2
20190320 1022 21605 21605 21605 21605 108
20190320 1024 21560 21560 21530 21530 600
20190320 1028 21575 21575 21575 21575 107
20190320 1031 21540 21540 21540 21540 45
20190320 1050 21580 21580 21580 21580 5
20190320 1102 21620 21620 21620 21620 20
20190320 1104 21650 21650 21650 21650 1
20190320 1111 21620 21620 21620 21620 13
20190320 1116 21620 21620 21620 21620 5
20190320 1117 21620 21620 21620 21620 5
20190320 1118 21605 21605 21605 21605 4
20190320 1120 21605 21605 21605 21605 1
20190320 1128 21605 21605 21605 21605 5
20190320 1129 21590 21590 21570 21570 1200
20190320 1131 21605 21605 21605 21605 3
20190320 1132 21605 21605 21605 21605 4
20190320 1133 21605 21605 21605 21605 1
20190320 1135 21605 21605 21605 21605 1
20190320 1140 21605 21605 21605 21605 10
20190320 1141 21605 21605 21605 21605 1
20190320 1146 21605 21605 21605 21605 5
20190320 1152 21605 21605 21605 21605 18
20190320 1224 21605 21605 21605 21605 1
20190320 1240 21605 21605 21605 21605 100
20190320 1244 21640 21640 21605 21605 17
20190320 1251 21655 21655 21605 21605 13
20190320 1258 21665 21670 21665 21670 50
20190320 1311 21650 21650 21650 21650 100
20190320 1316 21645 21645 21645 21645 20
20190320 1320 21645 21645 21645 21645 1
20190320 1321 21640 21640 21635 21635 40
20190320 1333 21635 21635 21635 21635 3
20190320 1335 21635 21635 21635 21635 46
20190320 1342 21635 21635 21635 21635 6
20190320 1344 21635 21635 21635 21635 10
20190320 1345 21635 21635 21635 21635 1
20190320 1352 21620 21620 21620 21620 20
20190320 1419 21845 21845 21845 21845 5
20190320 1432 21900 21900 21900 21900 794
20190320 1440 21950 21950 21950 21950 222
20190320 1441 21950 21950 21950 21950 78
20190320 1448 22035 22035 22035 22035 1
20190320 1449 22060 22070 22060 22070 36
20190320 1450 22070 22070 22070 22070 1
20190320 1451 22075 22080 22075 22080 3
20190320 1453 22070 22070 22070 22070 20
20190320 1454 22095 22160 22095 22160 46
20190320 1455 22190 22210 22190 22210 3
20190320 1456 22250 22280 22250 22280 120
20190320 1458 22250 22250 22250 22250 50
20190320 1459 22215 22215 22215 22215 150
20190320 1500 22190 22190 22190 22190 400
20190320 1508 22280 22295 22280 22295 100
20190320 1510 22195 22195 22195 22195 246
20190320 1511 22290 22290 22290 22290 43
20190320 1513 22300 22300 22300 22300 1
20190320 1516 22300 22325 22300 22325 200
20190320 1530 22325 22325 22325 22325 56
20190321 901 22600 22600 22600 22600 106
20190321 903 22500 23200 22430 23200 152
20190321 904 23195 23200 23195 23200 200
20190321 905 23190 23200 23175 23175 405
20190321 906 23135 23200 23100 23110 695
20190321 907 23110 23110 23065 23075 59
20190321 908 23075 23205 23075 23205 961
20190321 909 23200 23200 23140 23175 240
20190321 910 23195 23220 23195 23215 429
20190321 911 23205 23205 23170 23170 25
20190321 912 23140 23155 23140 23145 121
20190321 913 23145 23145 23145 23145 10
20190321 914 23180 23225 23180 23225 248
20190321 915 23250 23250 23200 23200 103
20190321 916 23230 23250 23225 23250 2053
20190321 917 23295 23330 23295 23330 209
20190321 918 23320 23390 23320 23325 1841
20190321 919 23325 23325 23325 23325 20
20190321 920 23325 23325 23325 23325 51
20190321 921 23335 23360 23335 23360 212
20190321 922 23360 23360 23350 23350 112
20190321 923 23350 23380 23350 23350 92
20190321 924 23350 23390 23350 23390 504
20190321 925 23390 23395 23390 23395 275
20190321 926 23400 23430 23400 23430 220
20190321 927 23460 23505 23460 23505 352
20190321 928 23525 23640 23525 23640 621
20190321 929 23515 23630 23515 23630 1408
20190321 930 23630 23630 23510 23610 1885
20190321 932 23600 23665 23600 23665 250
20190321 933 23605 23605 23545 23545 300
20190321 934 23545 23545 23535 23545 449
20190321 935 23545 23545 23545 23545 422
20190321 937 23545 23545 23545 23545 106
20190321 938 23550 23550 23545 23545 46
20190321 939 23545 23580 23545 23580 46
20190321 940 23585 23605 23585 23605 27
20190321 941 23610 23635 23610 23635 247
20190321 942 23635 23635 23590 23610 205
20190321 943 23585 23620 23585 23620 30
20190321 944 23620 23620 23620 23620 17
20190321 945 23620 23620 23620 23620 224
20190321 946 23620 23625 23620 23625 664
20190321 948 23615 23615 23615 23615 286
20190321 951 23585 23595 23585 23595 161
20190321 952 23595 23595 23595 23595 5
20190321 953 23570 23600 23570 23600 65
20190321 954 23600 23640 23600 23640 775
20190321 955 23650 23655 23650 23655 183
20190321 956 23655 23660 23655 23660 17
20190321 957 23665 23665 23665 23665 32
20190321 958 23665 23665 23665 23665 187
20190321 959 23665 23665 23665 23665 2
20190321 1000 23675 23675 23675 23675 223
20190321 1001 23675 23675 23665 23665 35
20190321 1002 23665 23665 23665 23665 281
20190321 1005 23655 23665 23655 23665 101
20190321 1007 23605 23605 23605 23605 20
20190321 1008 23605 23605 23605 23605 55
20190321 1009 23605 23605 23605 23605 21
20190321 1010 23605 23605 23605 23605 2
20190321 1011 23650 23650 23650 23650 2
20190321 1013 23610 23610 23610 23610 44
20190321 1014 23610 23610 23610 23610 156
20190321 1015 23605 23605 23600 23600 25
20190321 1016 23600 23600 23600 23600 26
20190321 1017 23600 23620 23600 23620 214
20190321 1018 23620 23625 23620 23625 87
20190321 1019 23625 23625 23625 23625 300
20190321 1020 23645 23645 23645 23645 61
20190321 1021 23650 23670 23650 23670 91
20190321 1022 23670 23670 23670 23670 60
20190321 1024 23670 23700 23670 23700 277
20190321 1025 23700 23705 23700 23705 94
20190321 1026 23710 23715 23710 23715 58
20190321 1028 23715 23720 23715 23720 775
20190321 1030 23665 23665 23665 23665 30
20190321 1031 23680 23680 23680 23680 7
20190321 1033 23685 23690 23680 23685 25
20190321 1034 23685 23685 23685 23685 34
20190321 1035 23700 23700 23700 23700 114
20190321 1038 23700 23700 23690 23690 619
20190321 1039 23680 23680 23680 23680 2
20190321 1043 23685 23700 23685 23700 336
20190321 1044 23700 23715 23700 23715 168
20190321 1045 23720 23725 23720 23725 20
20190321 1047 23725 23725 23725 23725 11
20190321 1048 23735 23770 23735 23770 639
20190321 1049 23775 23775 23775 23775 1
20190321 1050 23780 23780 23780 23780 28
20190321 1052 23775 23785 23775 23785 249
20190321 1054 23785 23805 23785 23805 370
20190321 1057 23800 23800 23800 23800 10
20190321 1100 23785 23785 23785 23785 42
20190321 1102 23785 23785 23785 23785 2
20190321 1103 23785 23785 23785 23785 15
20190321 1104 23785 23790 23785 23785 87
20190321 1108 23785 23785 23785 23785 1
20190321 1109 23785 23785 23785 23785 149
20190321 1110 23775 23775 23775 23775 2
20190321 1111 23775 23775 23770 23770 396
20190321 1113 23765 23765 23765 23765 2
20190321 1115 23740 23740 23740 23740 13
20190321 1116 23735 23740 23735 23740 17
20190321 1118 23740 23740 23740 23740 947
20190321 1120 23740 23740 23740 23740 1
20190321 1122 23745 23745 23745 23745 51
20190321 1123 23745 23745 23745 23745 6
20190321 1124 23745 23745 23745 23745 11
20190321 1125 23745 23745 23745 23745 1
20190321 1128 23745 23745 23745 23745 25
20190321 1130 23745 23745 23745 23745 909
20190321 1131 23745 23745 23745 23745 160
20190321 1132 23740 23740 23740 23740 5
20190321 1133 23740 23740 23730 23730 699
20190321 1134 23735 23745 23730 23740 2521
20190321 1135 23740 23740 23740 23740 51
20190321 1139 23740 23740 23725 23740 44
20190321 1141 23740 23740 23740 23740 51
20190321 1143 23745 23745 23745 23745 1382
20190321 1148 23740 23745 23740 23745 421
20190321 1153 23745 23745 23745 23745 70
20190321 1155 23730 23730 23730 23730 202
20190321 1156 23730 23730 23730 23730 12
20190321 1157 23715 23715 23715 23715 70
20190321 1158 23685 23685 23685 23685 1
20190321 1203 23655 23655 23645 23645 61
20190321 1206 23635 23635 23635 23635 1
20190321 1207 23670 23670 23640 23640 7
20190321 1210 23660 23660 23660 23660 133
20190321 1212 23665 23665 23665 23665 230
20190321 1216 23645 23645 23630 23630 240
20190321 1217 23615 23615 23615 23615 10
20190321 1222 23600 23600 23600 23600 6
20190321 1223 23585 23585 23565 23565 41
20190321 1226 23545 23545 23545 23545 13
20190321 1231 23545 23545 23545 23545 5
20190321 1235 23545 23545 23540 23540 5
20190321 1236 23540 23540 23540 23540 7
20190321 1237 23540 23540 23515 23515 51
20190321 1238 23510 23510 23510 23510 1
20190321 1239 23490 23490 23465 23465 20
20190321 1241 23475 23475 23475 23475 10
20190321 1242 23480 23480 23480 23480 40
20190321 1243 23480 23530 23480 23530 100
20190321 1246 23465 23465 23465 23465 3
20190321 1249 23450 23450 23450 23450 50
20190321 1250 23420 23420 23420 23420 21
20190321 1252 23450 23465 23450 23465 56
20190321 1253 23430 23430 23430 23430 50
20190321 1259 23420 23420 23420 23420 82
20190321 1303 23375 23375 23305 23305 232
20190321 1304 23300 23300 23300 23300 131
20190321 1307 23300 23300 23300 23300 431
20190321 1308 23275 23275 23275 23275 20
20190321 1310 23250 23255 23250 23255 2
20190321 1312 23240 23240 23235 23235 1002
20190321 1316 23200 23200 23200 23200 3
20190321 1317 23200 23200 23200 23200 43
20190321 1318 23200 23200 23145 23145 43
20190321 1319 23195 23200 23195 23200 315
20190321 1320 23310 23315 23310 23315 100
20190321 1321 23280 23280 23280 23280 9
20190321 1322 23280 23280 23280 23280 7
20190321 1323 23255 23255 23255 23255 361
20190321 1324 23255 23255 23255 23255 3
20190321 1327 23255 23255 23255 23255 30
20190321 1329 23255 23255 23255 23255 41
20190321 1330 23245 23245 23245 23245 63
20190321 1331 23280 23300 23280 23300 1152
20190321 1332 23310 23340 23310 23340 59
20190321 1334 23340 23340 23340 23340 50
20190321 1346 23400 23400 23400 23400 1
20190321 1351 23400 23400 23400 23400 1
20190321 1353 23425 23435 23425 23435 9
20190321 1356 23435 23435 23435 23435 9
20190321 1358 23440 23440 23440 23440 1
20190321 1400 23435 23435 23435 23435 2
20190321 1401 23465 23465 23465 23465 2
20190321 1402 23475 23475 23475 23475 1
20190321 1408 23475 23475 23475 23475 2
20190321 1412 23475 23475 23465 23465 923
20190321 1413 23465 23465 23465 23465 78
20190321 1414 23485 23485 23485 23485 3
20190321 1416 23495 23500 23495 23500 31
20190321 1418 23495 23495 23495 23495 3
20190321 1419 23490 23490 23490 23490 10
20190321 1422 23530 23545 23530 23545 149
20190321 1423 23550 23585 23550 23585 17
20190321 1424 23595 23595 23595 23595 41
20190321 1425 23600 23600 23600 23600 1
20190321 1427 23600 23600 23600 23600 159
20190321 1428 23600 23600 23545 23545 13
20190321 1429 23545 23560 23545 23560 13
20190321 1431 23570 23570 23570 23570 3
20190321 1433 23570 23570 23570 23570 1
20190321 1438 23585 23585 23585 23585 2
20190321 1440 23585 23585 23585 23585 15
20190321 1442 23600 23615 23595 23615 98
20190321 1443 23620 23640 23620 23640 4
20190321 1444 23645 23660 23645 23660 68
20190321 1445 23660 23660 23660 23660 21
20190321 1446 23660 23670 23660 23670 61
20190321 1447 23670 23705 23670 23705 105
20190321 1448 23715 23725 23715 23725 8
20190321 1449 23720 23720 23720 23720 10
20190321 1450 23720 23720 23720 23720 25
20190321 1456 23720 23720 23690 23690 4
20190321 1458 23695 23730 23685 23685 218
20190321 1459 23660 23660 23660 23660 1
20190321 1500 23660 23660 23660 23660 8
20190321 1509 23580 23600 23580 23600 45
20190321 1510 23600 23660 23600 23660 202
20190321 1511 23615 23615 23615 23615 2
20190321 1512 23640 23640 23640 23640 2
20190321 1513 23640 23640 23640 23640 15
20190321 1514 23640 23665 23640 23640 20
20190321 1515 23635 23635 23635 23635 6
20190321 1516 23650 23730 23635 23635 143
20190321 1518 23700 23705 23700 23705 3
20190321 1530 23635 23635 23635 23635 110
20190322 901 24395 24395 24190 24190 1347
20190322 902 24200 24200 24160 24170 234
20190322 903 24170 24170 24170 24170 212
20190322 904 24140 24140 24140 24140 91
20190322 905 24155 24155 24155 24155 11
20190322 906 24150 24150 24135 24135 77
20190322 907 24135 24170 24040 24170 558
20190322 908 24170 24200 24170 24200 152
20190322 909 24200 24230 24195 24200 492
20190322 910 24220 24230 24220 24225 107
20190322 911 24225 24225 24150 24150 30
20190322 912 24150 24150 24150 24150 128
20190322 913 24155 24155 23960 23960 1448
20190322 914 23970 24000 23970 24000 793
20190322 915 24010 24130 24010 24130 188
20190322 916 24070 24070 24040 24040 169
20190322 917 24045 24045 24040 24045 120
20190322 918 24060 24060 24060 24060 72
20190322 919 24030 24030 23950 24000 115
20190322 920 23950 24000 23950 24000 40
20190322 921 24000 24000 24000 24000 28
20190322 923 24000 24000 24000 24000 15
20190322 924 23950 23950 23950 23950 185
20190322 925 24000 24000 24000 24000 175
20190322 926 24000 24050 24000 24050 151
20190322 927 24050 24050 24050 24050 14
20190322 928 24050 24055 24050 24055 87
20190322 929 24060 24060 24060 24060 14
20190322 930 24060 24070 24060 24070 54
20190322 931 24070 24100 24070 24100 101
20190322 932 24110 24125 24070 24070 201
20190322 933 24005 24005 24005 24005 52
20190322 936 24020 24020 23970 23970 244
20190322 937 23970 23970 23970 23970 2
20190322 938 23970 23970 23970 23970 100
20190322 939 23970 23970 23970 23970 43
20190322 940 23970 23970 23970 23970 164
20190322 941 23950 23950 23950 23950 54
20190322 942 23950 23950 23930 23930 201
20190322 943 23885 23885 23885 23885 45
20190322 944 23885 23885 23885 23885 55
20190322 947 23945 23945 23945 23945 34
20190322 948 23945 23945 23945 23945 14
20190322 950 23945 23945 23945 23945 83
20190322 951 23940 23945 23940 23945 38
20190322 953 23945 23945 23945 23945 50
20190322 954 23925 23925 23925 23925 20
20190322 955 23945 23950 23945 23950 16
20190322 959 23950 23950 23950 23950 3
20190322 1000 23995 23995 23995 23995 1
20190322 1001 23995 23995 23995 23995 8
20190322 1004 23980 23980 23960 23960 243
20190322 1005 23950 23950 23950 23950 37
20190322 1007 23945 23945 23945 23945 200
20190322 1009 23940 23940 23940 23940 4500
20190322 1013 23975 23975 23975 23975 85
20190322 1019 23960 23960 23960 23960 45
20190322 1022 23925 23925 23920 23920 63
20190322 1023 23920 23920 23920 23920 87
20190322 1025 23905 23905 23905 23905 68
20190322 1026 23905 23905 23900 23900 15
20190322 1028 23900 23900 23900 23900 43
20190322 1029 23900 23900 23900 23900 18
20190322 1030 23920 23920 23920 23920 9
20190322 1031 23920 23920 23920 23920 18
20190322 1039 23885 23885 23885 23885 65
20190322 1048 23835 23835 23800 23800 200
20190322 1049 23800 23800 23800 23800 100
20190322 1051 23840 23840 23840 23840 7
20190322 1053 23810 23810 23800 23800 70
20190322 1054 23800 23800 23800 23800 5
20190322 1055 23800 23800 23800 23800 11
20190322 1056 23830 23830 23830 23830 1
20190322 1057 23800 23800 23800 23800 120
20190322 1058 23800 23800 23800 23800 1
20190322 1059 23800 23800 23800 23800 83
20190322 1102 23800 23800 23800 23800 10
20190322 1104 23800 23800 23800 23800 30
20190322 1106 23800 23800 23800 23800 10
20190322 1109 23800 23800 23800 23800 77
20190322 1115 23750 23750 23735 23735 77
20190322 1119 23735 23735 23735 23735 15
20190322 1132 23740 23740 23710 23710 26
20190322 1134 23700 23700 23700 23700 66
20190322 1141 23690 23690 23690 23690 20
20190322 1142 23690 23690 23690 23690 30
20190322 1143 23690 23690 23690 23690 15
20190322 1145 23690 23690 23690 23690 5
20190322 1146 23690 23705 23690 23705 348
20190322 1154 23670 23670 23670 23670 4
20190322 1156 23670 23670 23670 23670 10
20190322 1204 23675 23675 23675 23675 1
20190322 1207 23680 23680 23680 23680 5
20190322 1216 23685 23685 23685 23685 10
20190322 1220 23780 23780 23780 23780 1
20190322 1228 23780 23780 23780 23780 2
20190322 1229 23780 23780 23780 23780 30
20190322 1230 23780 23780 23780 23780 42
20190322 1234 23745 23745 23745 23745 1
20190322 1236 23760 23760 23760 23760 3
20190322 1237 23760 23760 23760 23760 100
20190322 1248 23800 23800 23800 23800 2
20190322 1249 23795 23795 23775 23795 15
20190322 1251 23795 23795 23795 23795 4
20190322 1252 23795 23795 23795 23795 15
20190322 1255 23795 23795 23795 23795 3
20190322 1256 23795 23800 23795 23800 18
20190322 1258 23830 23830 23830 23830 5
20190322 1301 23830 23830 23830 23830 1
20190322 1302 23820 23820 23820 23820 1
20190322 1306 23820 23820 23820 23820 7
20190322 1308 23820 23820 23820 23820 4
20190322 1313 23815 23815 23810 23810 49
20190322 1314 23800 23800 23800 23800 15
20190322 1319 23785 23785 23785 23785 25
20190322 1325 23820 23820 23820 23820 20
20190322 1326 23830 23830 23830 23830 151
20190322 1328 23840 23840 23840 23840 6
20190322 1329 23840 23850 23840 23850 201
20190322 1331 23850 23850 23850 23850 8
20190322 1338 23835 23840 23835 23840 65
20190322 1341 23825 23825 23825 23825 117
20190322 1343 23825 23825 23825 23825 321
20190322 1344 23800 23800 23755 23755 369
20190322 1346 23800 23800 23800 23800 102
20190322 1348 23785 23785 23785 23785 5
20190322 1350 23760 23760 23760 23760 100
20190322 1351 23775 23775 23775 23775 111
20190322 1352 23785 23790 23785 23790 102
20190322 1401 23790 23795 23790 23795 80
20190322 1402 23850 23880 23850 23880 744
20190322 1403 23865 23865 23865 23865 398
20190322 1405 23855 23855 23855 23855 102
20190322 1407 23880 23885 23880 23885 102
20190322 1410 23880 23880 23880 23880 10
20190322 1415 23870 23870 23870 23870 408
20190322 1417 23810 23880 23810 23880 103
20190322 1418 23870 23870 23870 23870 100
20190322 1419 23880 23880 23880 23880 102
20190322 1420 23870 23870 23870 23870 134
20190322 1426 23875 23875 23870 23870 557
20190322 1427 23870 23870 23870 23870 201
20190322 1428 23875 23875 23870 23870 302
20190322 1429 23870 23870 23870 23870 503
20190322 1432 23835 23835 23835 23835 10
20190322 1433 23830 23830 23830 23830 50
20190322 1436 23835 23835 23835 23835 10
20190322 1437 23880 23890 23880 23890 631
20190322 1438 23900 23900 23900 23900 20
20190322 1439 23890 23890 23890 23890 5
20190322 1440 23890 23890 23890 23890 200
20190322 1441 23890 23890 23890 23890 11
20190322 1442 23890 23920 23890 23920 725
20190322 1443 23920 23920 23920 23920 102
20190322 1446 23920 23920 23920 23920 320
20190322 1447 23920 23925 23920 23920 341
20190322 1448 23920 23920 23920 23920 42
20190322 1449 23930 23935 23930 23935 102
20190322 1452 23935 23935 23935 23935 453
20190322 1453 23940 23950 23940 23950 20
20190322 1454 23940 23940 23940 23940 102
20190322 1455 23900 23900 23900 23900 4
20190322 1456 23930 23930 23930 23930 102
20190322 1457 23930 23930 23900 23915 699
20190322 1458 23900 23900 23900 23900 86
20190322 1459 23900 23900 23890 23890 332
20190322 1500 23880 23880 23880 23880 1
20190322 1501 23870 23870 23870 23870 110
20190322 1502 23870 23870 23870 23870 100
20190322 1504 23870 23870 23870 23870 110
20190322 1505 23890 23900 23890 23900 13
20190322 1506 23900 23900 23900 23900 35
20190322 1508 23890 23905 23890 23905 556
20190322 1509 23890 23890 23890 23890 150
20190322 1510 23915 23915 23915 23915 102
20190322 1511 23915 23915 23890 23890 767
20190322 1513 23885 23890 23885 23890 107
20190322 1515 23890 23890 23890 23890 169
20190322 1516 23915 23915 23885 23885 323
20190322 1517 23885 23885 23885 23885 102
20190322 1518 23885 23915 23885 23915 237
20190322 1519 23940 23980 23940 23980 585
20190322 1530 23930 23930 23930 23930 573
20190325 901 22775 22865 22775 22865 1315
20190325 903 22880 22880 22880 22880 10
20190325 904 22900 22920 22900 22920 405
20190325 905 22920 22960 22920 22960 35
20190325 906 22960 22960 22955 22955 6
20190325 907 22920 22920 22885 22885 256
20190325 909 22900 22900 22900 22900 1
20190325 910 22900 22900 22890 22890 118
20190325 911 22890 22890 22885 22885 472
20190325 912 22880 22880 22845 22845 304
20190325 913 22860 22860 22860 22860 110
20190325 914 22860 22860 22860 22860 7
20190325 915 22885 22885 22820 22820 136
20190325 916 22805 22815 22805 22815 26
20190325 917 22860 22860 22860 22860 55
20190325 918 22860 22930 22860 22930 100
20190325 919 22850 22850 22785 22785 267
20190325 920 22785 22785 22760 22760 66
20190325 921 22775 22775 22775 22775 10
20190325 922 22805 22805 22805 22805 5
20190325 923 22775 22775 22770 22770 198
20190325 924 22760 22760 22755 22755 25
20190325 925 22755 22755 22735 22735 174
20190325 926 22715 22715 22700 22705 475
20190325 927 22705 22705 22695 22695 96
20190325 928 22655 22655 22620 22620 240
20190325 936 22805 22805 22805 22805 1
20190325 937 22800 22800 22800 22800 1
20190325 938 22805 22805 22700 22700 282
20190325 939 22705 22705 22705 22705 7
20190325 941 22705 22705 22705 22705 1
20190325 942 22705 22705 22705 22705 11
20190325 943 22705 22705 22685 22685 28
20190325 944 22685 22685 22650 22650 118
20190325 945 22650 22650 22620 22630 568
20190325 949 22640 22640 22630 22630 15
20190325 950 22655 22655 22645 22645 2
20190325 951 22635 22635 22605 22605 165
20190325 952 22600 22600 22600 22600 50
20190325 954 22605 22605 22585 22585 165
20190325 956 22585 22585 22585 22585 5
20190325 957 22610 22610 22610 22610 5
20190325 958 22600 22600 22600 22600 1
20190325 1000 22585 22585 22540 22540 689
20190325 1001 22530 22530 22515 22515 22
20190325 1005 22515 22515 22515 22515 110
20190325 1008 22515 22515 22515 22515 40
20190325 1009 22550 22550 22550 22550 5
20190325 1010 22550 22550 22550 22550 46
20190325 1013 22610 22610 22610 22610 41
20190325 1014 22610 22610 22610 22610 46
20190325 1015 22610 22610 22610 22610 5
20190325 1020 22610 22715 22610 22700 118
20190325 1021 22700 22700 22700 22700 5
20190325 1022 22670 22670 22670 22670 10
20190325 1024 22670 22670 22670 22670 10
20190325 1030 22670 22670 22670 22670 24
20190325 1031 22670 22670 22670 22670 38
20190325 1032 22665 22665 22665 22665 57
20190325 1033 22685 22685 22685 22685 50
20190325 1034 22685 22685 22665 22665 96
20190325 1035 22630 22630 22625 22625 173
20190325 1039 22645 22645 22645 22645 1
20190325 1044 22695 22695 22695 22695 55
20190325 1047 22695 22695 22675 22675 212
20190325 1058 22745 22745 22745 22745 30
20190325 1102 22730 22730 22730 22730 2
20190325 1104 22690 22690 22690 22690 50
20190325 1105 22690 22690 22690 22690 50
20190325 1109 22660 22660 22640 22640 415
20190325 1111 22625 22625 22625 22625 100
20190325 1112 22620 22620 22620 22620 1
20190325 1113 22610 22610 22600 22600 385
20190325 1114 22570 22570 22570 22570 20
20190325 1118 22615 22615 22615 22615 73
20190325 1119 22595 22595 22575 22575 208
20190325 1120 22575 22575 22575 22575 5
20190325 1121 22575 22575 22570 22570 70
20190325 1122 22570 22570 22555 22555 136
20190325 1125 22555 22555 22550 22550 104
20190325 1126 22550 22550 22540 22540 131
20190325 1131 22595 22595 22595 22595 19
20190325 1135 22655 22655 22655 22655 3
20190325 1136 22655 22655 22655 22655 10
20190325 1140 22645 22645 22645 22645 1
20190325 1141 22615 22615 22600 22600 20
20190325 1142 22600 22600 22600 22600 1
20190325 1144 22585 22585 22585 22585 5
20190325 1148 22585 22585 22585 22585 5
20190325 1149 22585 22585 22585 22585 5
20190325 1150 22585 22585 22585 22585 5
20190325 1152 22585 22585 22585 22585 50
20190325 1154 22560 22560 22560 22560 15
20190325 1156 22560 22560 22560 22560 20
20190325 1157 22560 22560 22560 22560 20
20190325 1204 22570 22570 22570 22570 5
20190325 1207 22570 22570 22545 22545 73
20190325 1208 22540 22540 22535 22535 163
20190325 1210 22545 22545 22545 22545 1
20190325 1212 22540 22540 22540 22540 10
20190325 1220 22540 22540 22540 22540 42
20190325 1222 22545 22545 22535 22535 15
20190325 1228 22535 22535 22535 22535 15
20190325 1229 22590 22590 22590 22590 15
20190325 1231 22590 22590 22590 22590 5
20190325 1233 22600 22600 22600 22600 71
20190325 1234 22610 22610 22600 22600 8
20190325 1235 22610 22610 22610 22610 20
20190325 1236 22610 22610 22610 22610 40
20190325 1237 22610 22610 22610 22610 61
20190325 1239 22600 22600 22600 22600 10
20190325 1241 22535 22535 22535 22535 1
20190325 1244 22600 22600 22600 22600 50
20190325 1249 22625 22625 22625 22625 30
20190325 1251 22610 22610 22610 22610 20
20190325 1252 22610 22610 22610 22610 29
20190325 1257 22625 22625 22625 22625 1
20190325 1303 22600 22600 22600 22600 557
20190325 1304 22600 22600 22600 22600 10
20190325 1311 22595 22595 22595 22595 4
20190325 1313 22565 22565 22565 22565 21
20190325 1321 22570 22570 22570 22570 20
20190325 1323 22570 22570 22570 22570 11
20190325 1326 22565 22565 22565 22565 1
20190325 1329 22565 22565 22565 22565 11
20190325 1331 22575 22575 22575 22575 2
20190325 1332 22575 22575 22575 22575 10
20190325 1334 22550 22550 22550 22550 9
20190325 1339 22555 22555 22550 22550 163
20190325 1340 22550 22550 22530 22530 209
20190325 1343 22530 22530 22515 22515 264
20190325 1348 22515 22515 22515 22515 100
20190325 1405 22520 22575 22520 22575 275
20190325 1408 22555 22555 22555 22555 2
20190325 1411 22585 22585 22585 22585 226
20190325 1412 22585 22585 22585 22585 1
20190325 1420 22545 22545 22545 22545 32
20190325 1422 22545 22545 22545 22545 5
20190325 1437 22640 22640 22630 22630 10
20190325 1439 22615 22615 22615 22615 35
20190325 1440 22600 22600 22600 22600 10
20190325 1441 22585 22585 22585 22585 30
20190325 1442 22585 22585 22585 22585 5
20190325 1449 22595 22595 22580 22580 105
20190325 1451 22590 22590 22590 22590 15
20190325 1455 22580 22580 22580 22580 70
20190325 1456 22575 22575 22555 22555 31
20190325 1457 22560 22560 22560 22560 5
20190325 1458 22560 22565 22560 22560 28
20190325 1459 22550 22565 22550 22550 34
20190325 1501 22565 22565 22565 22565 20
20190325 1503 22550 22550 22525 22525 225
20190325 1504 22525 22525 22525 22525 150
20190325 1505 22540 22560 22540 22560 100
20190325 1507 22545 22545 22545 22545 5
20190325 1508 22525 22525 22500 22500 2365
20190325 1509 22495 22495 22490 22490 22
20190325 1510 22490 22490 22460 22460 38
20190325 1511 22455 22455 22435 22435 73
20190325 1512 22430 22430 22430 22430 1
20190325 1513 22430 22430 22430 22430 49
20190325 1515 22465 22465 22465 22465 100
20190325 1516 22490 22490 22480 22480 251
20190325 1517 22465 22465 22465 22465 6
20190325 1518 22465 22470 22465 22470 11
20190325 1519 22470 22470 22470 22470 199
20190325 1520 22480 22480 22465 22465 51
20190325 1530 22400 22400 22400 22400 723
20190326 901 22400 22510 22400 22510 210
20190326 903 22620 22700 22620 22700 75
20190326 904 22725 22725 22725 22725 2
20190326 906 22635 22635 22600 22600 323
20190326 907 22505 22580 22505 22580 14
20190326 908 22555 22555 22555 22555 5
20190326 909 22555 22555 22555 22555 45
20190326 913 22555 22555 22555 22555 45
20190326 914 22520 22520 22520 22520 2
20190326 923 22535 22535 22535 22535 3
20190326 926 22535 22535 22535 22535 68
20190326 927 22525 22525 22485 22485 5
20190326 929 22445 22445 22415 22415 9
20190326 932 22480 22480 22480 22480 11
20190326 934 22435 22435 22425 22425 20
20190326 935 22425 22425 22390 22390 149
20190326 936 22380 22380 22380 22380 1048
20190326 937 22380 22380 22380 22380 8
20190326 939 22330 22330 22330 22330 102
20190326 941 22360 22360 22360 22360 1
20190326 949 22370 22370 22365 22365 22
20190326 958 22435 22435 22435 22435 2
20190326 1001 22435 22435 22435 22435 92
20190326 1002 22425 22425 22425 22425 4
20190326 1007 22435 22435 22435 22435 56
20190326 1008 22435 22435 22420 22420 1080
20190326 1020 22530 22530 22530 22530 25
20190326 1021 22530 22530 22530 22530 16
20190326 1022 22550 22550 22550 22550 500
20190326 1024 22550 22550 22550 22550 10
20190326 1025 22550 22550 22550 22550 30
20190326 1026 22550 22550 22550 22550 20
20190326 1037 22550 22550 22550 22550 26
20190326 1038 22550 22550 22550 22550 90
20190326 1103 22535 22535 22535 22535 20
20190326 1114 22550 22550 22550 22550 47
20190326 1139 22595 22595 22595 22595 122
20190326 1148 22545 22545 22545 22545 108
20190326 1155 22615 22625 22615 22625 100
20190326 1156 22625 22625 22625 22625 50
20190326 1225 22535 22535 22535 22535 50
20190326 1226 22535 22535 22535 22535 70
20190326 1237 22540 22540 22540 22540 39
20190326 1240 22565 22565 22565 22565 1
20190326 1258 22540 22540 22540 22540 25
20190326 1314 22565 22565 22550 22550 101
20190326 1329 22550 22550 22550 22550 1
20190326 1330 22550 22550 22550 22550 3
20190326 1404 22600 22630 22600 22630 500
20190326 1413 22625 22625 22625 22625 2
20190326 1422 22615 22615 22615 22615 1
20190326 1437 22630 22630 22630 22630 1
20190326 1454 22605 22605 22605 22605 52
20190326 1455 22555 22555 22555 22555 30
20190326 1458 22555 22555 22555 22555 10
20190326 1500 22575 22575 22550 22550 430
20190326 1502 22550 22550 22550 22550 402
20190326 1508 22555 22555 22555 22555 418
20190326 1512 22565 22565 22555 22555 200
20190326 1516 22545 22545 22520 22520 200
20190326 1530 22560 22560 22560 22560 10
20190327 901 22425 22425 22425 22425 80
20190327 903 22370 22370 22370 22370 1
20190327 904 22370 22370 22350 22350 2
20190327 905 22340 22340 22300 22300 74
20190327 906 22270 22270 22200 22200 111
20190327 910 22200 22200 22180 22180 25
20190327 911 22155 22155 22105 22105 274
20190327 912 22100 22100 22050 22050 89
20190327 914 22050 22050 22020 22020 736
20190327 916 22085 22085 22085 22085 1
20190327 919 22100 22100 22075 22075 300
20190327 922 22075 22110 22075 22110 16
20190327 926 22180 22180 22180 22180 17
20190327 928 22185 22185 22185 22185 10
20190327 929 22185 22185 22185 22185 10
20190327 931 22185 22185 22185 22185 5
20190327 933 22175 22175 22170 22170 27
20190327 938 22170 22170 22170 22170 88
20190327 940 22170 22170 22170 22170 25
20190327 942 22190 22190 22190 22190 70
20190327 950 22190 22190 22190 22190 4
20190327 1000 22280 22280 22280 22280 1
20190327 1004 22345 22345 22345 22345 3
20190327 1006 22345 22345 22345 22345 20
20190327 1007 22345 22345 22345 22345 10
20190327 1022 22425 22425 22425 22425 1
20190327 1027 22600 22600 22600 22600 1
20190327 1028 22600 22600 22600 22600 50
20190327 1029 22600 22600 22595 22595 50
20190327 1034 22600 22600 22600 22600 21
20190327 1037 22645 22645 22645 22645 3
20190327 1038 22645 22650 22635 22635 89
20190327 1042 22635 22635 22635 22635 25
20190327 1043 22635 22635 22635 22635 12
20190327 1044 22635 22680 22635 22680 194
20190327 1045 22680 22680 22680 22680 1
20190327 1046 22680 22700 22680 22700 15
20190327 1047 22700 22700 22700 22700 4
20190327 1057 22635 22635 22630 22630 11
20190327 1108 22550 22550 22550 22550 25
20190327 1110 22545 22545 22460 22460 118
20190327 1114 22530 22530 22530 22530 100
20190327 1118 22625 22625 22625 22625 1
20190327 1122 22630 22630 22630 22630 100
20190327 1123 22650 22650 22650 22650 100
20190327 1124 22690 22690 22690 22690 2
20190327 1125 22680 22700 22680 22700 609
20190327 1128 22700 22700 22700 22700 10
20190327 1130 22725 22725 22725 22725 104
20190327 1132 22750 22800 22750 22800 804
20190327 1135 22820 22820 22820 22820 2
20190327 1139 22850 22850 22850 22850 50
20190327 1145 22850 22850 22850 22850 88
20190327 1148 22825 22825 22825 22825 5
20190327 1149 22835 22835 22835 22835 4
20190327 1150 22835 22835 22835 22835 40
20190327 1153 22835 22835 22835 22835 1
20190327 1154 22805 22805 22805 22805 1
20190327 1200 22815 22815 22815 22815 5
20190327 1210 22820 22820 22820 22820 50
20190327 1214 22820 22820 22820 22820 225
20190327 1215 22820 22820 22820 22820 1
20190327 1216 22820 22845 22820 22845 16
20190327 1228 22845 22845 22845 22845 1
20190327 1237 22845 22845 22845 22845 9
20190327 1246 22840 22840 22840 22840 1
20190327 1258 22830 22850 22830 22850 389
20190327 1259 22850 22850 22850 22850 1
20190327 1301 22850 22850 22850 22850 25
20190327 1304 22850 22850 22850 22850 2
20190327 1323 22790 22790 22790 22790 20
20190327 1328 22840 22855 22840 22855 154
20190327 1329 22860 22875 22860 22875 28
20190327 1330 22880 22880 22880 22880 10
20190327 1332 22885 22905 22885 22905 372
20190327 1334 22910 22910 22910 22910 190
20190327 1344 22910 22910 22910 22910 100
20190327 1346 22925 22925 22925 22925 360
20190327 1400 22885 22885 22885 22885 2000
20190327 1401 22885 22885 22885 22885 41
20190327 1406 22885 22885 22885 22885 137
20190327 1407 22890 22890 22890 22890 17
20190327 1411 22890 22890 22890 22890 5
20190327 1420 22890 22890 22805 22805 12
20190327 1425 22810 22810 22810 22810 100
20190327 1428 22800 22800 22800 22800 1
20190327 1430 22785 22800 22785 22800 149
20190327 1432 22830 22830 22830 22830 3
20190327 1433 22885 22885 22885 22885 1
20190327 1444 22830 22830 22830 22830 2
20190327 1445 22885 22885 22885 22885 2
20190327 1447 22830 22830 22830 22830 20
20190327 1500 22885 22885 22885 22885 32
20190327 1501 22900 22915 22900 22915 50
20190327 1503 22915 23000 22915 23000 920
20190327 1504 23000 23000 23000 23000 100
20190327 1505 23000 23000 23000 23000 5
20190327 1506 22920 22920 22920 22920 1
20190327 1507 22920 22920 22920 22920 1
20190327 1509 22950 22950 22950 22950 100
20190327 1516 22950 22950 22950 22950 33
20190327 1517 22905 22905 22860 22860 920
20190327 1520 22880 22880 22880 22880 1
20190327 1530 22825 22825 22825 22825 719
20190328 901 22215 22895 22215 22895 101
20190328 902 22415 22415 22415 22415 15
20190328 905 22415 22415 22415 22415 40
20190328 906 22415 22415 22415 22415 11
20190328 912 22550 22550 22550 22550 1
20190328 914 22500 22500 22500 22500 1
20190328 915 22585 22585 22580 22580 22
20190328 916 22500 22500 22500 22500 10
20190328 920 22505 22505 22505 22505 1
20190328 922 22525 22525 22525 22525 2
20190328 925 22525 22525 22525 22525 5
20190328 927 22555 22555 22555 22555 1
20190328 928 22580 22580 22580 22580 3
20190328 930 22620 22620 22620 22620 1
20190328 938 22640 22640 22640 22640 30
20190328 939 22585 22585 22585 22585 10
20190328 940 22565 22565 22525 22525 22
20190328 941 22525 22525 22495 22495 197
20190328 942 22485 22485 22485 22485 4
20190328 943 22485 22485 22485 22485 46
20190328 944 22585 22585 22585 22585 40
20190328 946 22585 22585 22585 22585 40
20190328 947 22585 22585 22585 22585 11
20190328 949 22525 22525 22525 22525 50
20190328 951 22550 22550 22550 22550 50
20190328 954 22550 22550 22550 22550 60
20190328 955 22580 22580 22550 22550 74
20190328 956 22550 22580 22540 22540 67
20190328 958 22580 22580 22580 22580 10
20190328 959 22580 22580 22580 22580 25
20190328 1000 22580 22580 22580 22580 19
20190328 1001 22585 22585 22585 22585 16
20190328 1002 22585 22590 22585 22590 35
20190328 1004 22635 22640 22635 22640 100
20190328 1005 22675 22675 22675 22675 42
20190328 1017 22630 22630 22630 22630 10
20190328 1021 22585 22585 22575 22575 264
20190328 1022 22575 22575 22480 22480 241
20190328 1024 22490 22490 22490 22490 50
20190328 1025 22490 22490 22490 22490 195
20190328 1031 22585 22585 22585 22585 1
20190328 1035 22585 22595 22585 22595 149
20190328 1037 22675 22675 22675 22675 2
20190328 1038 22675 22675 22675 22675 40
20190328 1039 22685 22700 22685 22700 107
20190328 1040 22795 22795 22795 22795 1
20190328 1042 22700 22700 22665 22665 43
20190328 1047 22710 22710 22710 22710 1
20190328 1056 22710 22710 22710 22710 60
20190328 1100 22710 22710 22710 22710 10
20190328 1101 22710 22710 22710 22710 4
20190328 1102 22710 22710 22710 22710 1
20190328 1103 22800 22825 22800 22825 2
20190328 1104 22825 22825 22825 22825 49
20190328 1105 22895 22895 22895 22895 1
20190328 1112 22895 22895 22895 22895 10
20190328 1113 22855 22880 22855 22880 33
20190328 1114 22855 22855 22855 22855 11
20190328 1125 22855 22875 22855 22875 55
20190328 1131 22870 22875 22870 22875 61
20190328 1133 22875 22875 22875 22875 1
20190328 1138 22875 22875 22875 22875 7
20190328 1150 22855 22855 22855 22855 50
20190328 1152 22840 22840 22840 22840 6
20190328 1156 22840 22840 22840 22840 50
20190328 1205 22875 22875 22875 22875 1
20190328 1207 22860 22860 22860 22860 50
20190328 1208 22875 22875 22875 22875 33
20190328 1209 22875 22875 22875 22875 42
20190328 1210 22875 22880 22875 22880 9
20190328 1221 22880 22880 22880 22880 1
20190328 1224 22830 22830 22830 22830 40
20190328 1228 22880 22895 22880 22895 67
20190328 1235 22895 22900 22895 22900 34
20190328 1236 22910 22910 22910 22910 3
20190328 1239 22930 22930 22930 22930 1
20190328 1251 22900 22900 22900 22900 6
20190328 1252 22865 22865 22865 22865 500
20190328 1253 22865 22865 22865 22865 20
20190328 1255 22900 22900 22900 22900 1
20190328 1257 22900 22900 22900 22900 11
20190328 1300 22925 22925 22925 22925 1
20190328 1311 22890 22925 22860 22925 391
20190328 1312 22865 22865 22865 22865 7
20190328 1313 22880 22880 22880 22880 100
20190328 1318 22925 22930 22925 22930 101
20190328 1321 22930 22935 22930 22935 42
20190328 1332 22905 22905 22845 22845 2502
20190328 1333 22845 22845 22845 22845 178
20190328 1337 22910 22910 22910 22910 1
20190328 1401 22790 22790 22780 22780 8
20190328 1402 22720 22720 22720 22720 7
20190328 1403 22720 22720 22720 22720 9
20190328 1405 22720 22720 22720 22720 1
20190328 1410 22720 22720 22720 22720 1
20190328 1412 22810 22810 22810 22810 2
20190328 1417 22790 22790 22790 22790 50
20190328 1423 22730 22730 22720 22720 79
20190328 1431 22710 22710 22710 22710 1
20190328 1437 22705 22705 22705 22705 50
20190328 1450 22665 22665 22640 22640 158
20190328 1456 22600 22600 22600 22600 50
20190328 1458 22590 22590 22590 22590 100
20190328 1500 22570 22570 22570 22570 50
20190328 1503 22580 22580 22570 22570 150
20190328 1505 22570 22570 22570 22570 51
20190328 1506 22560 22560 22555 22555 3
20190328 1509 22580 22580 22580 22580 100
20190328 1511 22555 22555 22550 22550 182
20190328 1513 22550 22550 22550 22550 24
20190328 1515 22545 22545 22545 22545 10
20190328 1516 22600 22600 22600 22600 191
20190328 1519 22605 22605 22605 22605 2
20190328 1530 22620 22620 22620 22620 116
20190329 902 22620 22620 22620 22620 1
20190329 905 22730 22730 22730 22730 71
20190329 906 22730 22730 22730 22730 219
20190329 910 22730 22730 22730 22730 10
20190329 913 22730 22730 22730 22730 56
20190329 942 22620 22620 22535 22535 101
20190329 946 22540 22540 22540 22540 200
20190329 956 22730 22730 22730 22730 1
20190329 1013 22600 22600 22600 22600 99
20190329 1019 22600 22600 22600 22600 1
20190329 1021 22590 22590 22525 22525 20
20190329 1024 22525 22525 22525 22525 20
20190329 1025 22525 22525 22525 22525 10
20190329 1052 22560 22560 22560 22560 1
20190329 1102 22530 22530 22530 22530 326
20190329 1108 22530 22530 22530 22530 225
20190329 1118 22575 22575 22575 22575 219
20190329 1119 22645 22645 22645 22645 10
20190329 1121 22685 22685 22685 22685 100
20190329 1123 22685 22685 22685 22685 30
20190329 1125 22720 22730 22720 22730 317
20190329 1126 22750 22750 22750 22750 50
20190329 1129 22800 22800 22800 22800 51
20190329 1130 22825 22825 22825 22825 74
20190329 1131 22825 22825 22825 22825 5
20190329 1134 22830 22830 22830 22830 3
20190329 1135 22825 22825 22825 22825 64
20190329 1137 22840 22935 22840 22935 250
20190329 1146 22815 22815 22815 22815 4
20190329 1152 22915 22915 22915 22915 57
20190329 1236 22920 22920 22920 22920 1
20190329 1250 22890 22900 22890 22900 63
20190329 1254 22900 22900 22870 22870 2
20190329 1307 22870 22870 22870 22870 1
20190329 1322 22870 22870 22870 22870 8
20190329 1328 22870 22870 22870 22870 100
20190329 1334 22895 23010 22895 23010 4643
20190329 1335 23010 23010 23010 23010 2
20190329 1351 23000 23000 23000 23000 89
20190329 1353 22980 22980 22980 22980 4
20190329 1403 22980 22980 22980 22980 50
20190329 1404 23000 23000 23000 23000 90
20190329 1406 23000 23010 23000 23010 15
20190329 1407 23010 23010 23010 23010 106
20190329 1408 23040 23040 23040 23040 105
20190329 1414 23005 23005 23005 23005 30
20190329 1415 23005 23005 23005 23005 650
20190329 1418 23030 23030 23030 23030 50
20190329 1425 23015 23015 23015 23015 41
20190329 1427 23020 23020 23020 23020 50
20190329 1432 23035 23055 23035 23055 73
20190329 1436 23070 23070 23070 23070 95
20190329 1437 23100 23100 23100 23100 153
20190329 1438 23110 23115 23110 23115 182
20190329 1440 23145 23150 23145 23150 155
20190329 1441 23180 23180 23180 23180 211
20190329 1442 23180 23180 23180 23180 2
20190329 1444 23180 23180 23180 23180 1
20190329 1446 23180 23180 23100 23100 1654
20190329 1447 23085 23085 23085 23085 250
20190329 1448 23085 23085 23085 23085 200
20190329 1449 23095 23095 23095 23095 1000
20190329 1450 23195 23195 23195 23195 1000
20190329 1451 23100 23100 23100 23100 40
20190329 1452 23060 23070 23060 23065 2000
20190329 1454 23060 23060 23060 23060 1500
20190329 1458 23035 23135 23035 23135 1004
20190329 1507 22980 22980 22980 22980 1
20190329 1516 22995 22995 22990 22990 200
20190329 1519 23070 23095 23070 23095 1000
20190329 1530 23035 23035 23035 23035 208
