날짜 시간 시가 고가 저가 종가 거래량
20180502 901 10860 10860 10860 10860 87
20180502 902 10855 10855 10855 10855 1
20180502 903 10855 10855 10775 10855 122
20180502 914 10865 10865 10865 10865 4
20180502 925 10860 10860 10860 10860 10
20180502 932 10855 10855 10855 10855 10
20180502 1009 10810 10810 10810 10810 51
20180502 1140 10800 10810 10800 10810 6
20180502 1201 10830 10830 10830 10830 1
20180502 1351 10830 10830 10830 10830 1
20180502 1406 10835 10835 10835 10835 1
20180502 1408 10835 10835 10835 10835 10
20180502 1410 10830 10830 10830 10830 4
20180502 1426 10830 10830 10830 10830 95
20180502 1428 10825 10825 10825 10825 50
20180502 1444 10785 10785 10785 10785 2
20180502 1517 10785 10785 10785 10785 1
20180502 1530 10825 10825 10825 10825 65
20180503 901 10745 10745 10705 10705 11
20180503 902 10735 10735 10735 10735 1
20180503 913 10720 10720 10720 10720 4
20180503 918 10720 10720 10715 10715 20
20180503 919 10710 10710 10710 10710 1
20180503 920 10705 10705 10705 10705 132
20180503 929 10705 10705 10705 10705 2
20180503 934 10700 10700 10700 10700 2
20180503 942 10705 10705 10705 10705 10
20180503 949 10705 10705 10705 10705 10
20180503 1010 10705 10705 10705 10705 15
20180503 1017 10705 10705 10705 10705 5
20180503 1018 10705 10705 10705 10705 2
20180503 1022 10700 10700 10700 10700 5
20180503 1222 10700 10700 10700 10700 6
20180503 1241 10700 10700 10700 10700 1
20180503 1344 10705 10705 10705 10705 10
20180503 1446 10700 10700 10700 10700 2
20180503 1530 10705 10705 10705 10705 110
20180504 908 10735 10735 10735 10735 2690
20180504 1106 10735 10735 10735 10735 1
20180504 1250 10760 10760 10760 10760 40
20180504 1251 10760 10760 10760 10760 9
20180504 1329 10745 10745 10745 10745 9
20180504 1336 10745 10745 10745 10745 6
20180504 1458 10745 10745 10745 10745 1
20180508 901 10415 10415 10415 10415 2042
20180508 902 10415 10415 10415 10415 107
20180508 903 10420 10420 10420 10420 4
20180508 904 10420 10420 10420 10420 11
20180508 905 10420 10420 10420 10420 10
20180508 906 10420 10420 10420 10420 201
20180508 907 10420 10420 10420 10420 204
20180508 909 10420 10420 10420 10420 46
20180508 910 10420 10420 10420 10420 9
20180508 912 10425 10425 10425 10425 10
20180508 915 10425 10425 10425 10425 100
20180508 916 10425 10425 10425 10425 10
20180508 917 10425 10425 10425 10425 1
20180508 919 10425 10425 10425 10425 502
20180508 920 10425 10425 10425 10425 1
20180508 940 10425 10425 10425 10425 30
20180508 943 10425 10425 10425 10425 20
20180508 944 10425 10425 10425 10425 10
20180508 950 10425 10425 10425 10425 500
20180508 952 10425 10425 10425 10425 20
20180508 957 10425 10425 10425 10425 10
20180508 1001 10425 10425 10425 10425 10
20180508 1009 10425 10425 10425 10425 30
20180508 1014 10425 10425 10425 10425 10
20180508 1015 10425 10425 10425 10425 10
20180508 1019 10425 10425 10425 10425 10
20180508 1023 10425 10425 10425 10425 100
20180508 1024 10425 10425 10425 10425 5
20180508 1032 10425 10425 10425 10425 100
20180508 1034 10425 10425 10425 10425 1
20180508 1051 10425 10425 10425 10425 95
20180508 1115 10420 10420 10420 10420 100
20180508 1119 10425 10425 10425 10425 10
20180508 1122 10425 10425 10425 10425 80
20180508 1124 10425 10425 10425 10425 5
20180508 1126 10425 10425 10425 10425 1
20180508 1129 10425 10425 10425 10425 100
20180508 1133 10425 10425 10425 10425 5
20180508 1147 10425 10425 10425 10425 10
20180508 1152 10425 10425 10425 10425 460
20180508 1210 10420 10425 10420 10425 14
20180508 1211 10420 10420 10420 10420 2
20180508 1216 10425 10425 10425 10425 100
20180508 1235 10425 10425 10425 10425 37
20180508 1246 10425 10425 10425 10425 20
20180508 1302 10425 10425 10425 10425 2
20180508 1311 10425 10425 10425 10425 100
20180508 1313 10425 10425 10425 10425 2
20180508 1314 10425 10425 10425 10425 100
20180508 1322 10425 10425 10425 10425 65
20180508 1324 10425 10425 10425 10425 31
20180508 1332 10425 10425 10425 10425 100
20180508 1336 10425 10425 10425 10425 5
20180508 1347 10425 10425 10425 10425 10
20180508 1349 10420 10420 10420 10420 11
20180508 1356 10425 10425 10425 10425 11
20180508 1358 10425 10425 10425 10425 10
20180508 1402 10425 10425 10425 10425 39
20180508 1406 10425 10425 10425 10425 5
20180508 1407 10425 10425 10425 10425 3
20180508 1408 10425 10425 10425 10425 2
20180508 1409 10425 10425 10425 10425 2
20180508 1423 10420 10420 10420 10420 19
20180508 1425 10425 10425 10425 10425 3
20180508 1426 10425 10425 10425 10425 1
20180508 1441 10420 10420 10420 10420 27
20180508 1512 10425 10425 10425 10425 40
20180508 1530 10425 10425 10425 10425 132
20180509 901 10505 10515 10505 10515 110
20180509 905 10515 10515 10515 10515 3
20180509 907 10510 10510 10510 10510 4
20180509 922 10510 10520 10510 10520 100
20180509 923 10520 10520 10520 10520 1
20180509 934 10480 10480 10480 10480 1026
20180509 1010 10480 10480 10480 10480 16
20180509 1022 10480 10480 10470 10470 100
20180509 1024 10485 10500 10485 10500 13
20180509 1116 10505 10505 10505 10505 6
20180509 1130 10500 10500 10500 10500 3
20180509 1207 10500 10500 10500 10500 5
20180509 1215 10500 10500 10500 10500 5
20180509 1222 10500 10500 10500 10500 1
20180509 1332 10500 10500 10500 10500 9
20180509 1349 10500 10500 10500 10500 10
20180509 1354 10500 10500 10500 10500 11
20180509 1418 10500 10500 10500 10500 500
20180509 1445 10505 10520 10505 10520 54
20180509 1514 10500 10500 10500 10500 20
20180510 901 10410 10410 10410 10410 180
20180510 914 10415 10415 10415 10415 10
20180510 923 10425 10425 10420 10420 10
20180510 950 10425 10425 10425 10425 4
20180510 1013 10450 10455 10450 10455 90
20180510 1014 10455 10455 10455 10455 19
20180510 1054 10455 10455 10455 10455 1
20180510 1121 10465 10465 10465 10465 10
20180510 1139 10465 10465 10465 10465 27
20180510 1211 10475 10475 10475 10475 300
20180510 1221 10455 10455 10455 10455 1
20180510 1223 10455 10455 10455 10455 2
20180510 1241 10455 10455 10455 10455 19
20180510 1315 10500 10500 10500 10500 400
20180510 1420 10500 10500 10500 10500 1
20180510 1530 10495 10495 10495 10495 2
20180511 902 10530 10530 10530 10530 5
20180511 932 10485 10485 10485 10485 20
20180511 941 10485 10485 10485 10485 10
20180511 1007 10460 10460 10460 10460 105
20180511 1010 10460 10460 10460 10460 10
20180511 1013 10460 10460 10460 10460 26
20180511 1032 10465 10465 10465 10465 10
20180511 1033 10465 10465 10465 10465 28
20180511 1038 10465 10465 10465 10465 5
20180511 1057 10470 10470 10470 10470 30
20180511 1118 10465 10465 10465 10465 10
20180511 1125 10465 10465 10465 10465 10
20180511 1205 10470 10470 10470 10470 9
20180511 1206 10465 10465 10465 10465 3
20180511 1210 10465 10465 10465 10465 4
20180511 1242 10450 10450 10450 10450 1
20180511 1256 10455 10455 10455 10455 2
20180511 1302 10455 10455 10455 10455 10
20180511 1306 10450 10450 10450 10450 5
20180511 1515 10480 10480 10480 10480 10
20180511 1518 10480 10480 10480 10480 10
20180511 1530 10465 10465 10465 10465 2
20180514 901 10330 10335 10330 10335 147
20180514 903 10335 10335 10335 10335 5
20180514 907 10330 10330 10330 10330 22
20180514 908 10330 10330 10330 10330 14
20180514 910 10330 10330 10330 10330 20
20180514 911 10330 10330 10330 10330 1
20180514 918 10330 10330 10330 10330 10
20180514 925 10330 10330 10330 10330 100
20180514 932 10330 10330 10330 10330 2
20180514 937 10330 10330 10330 10330 5
20180514 945 10330 10330 10330 10330 1
20180514 946 10330 10330 10330 10330 1
20180514 947 10330 10330 10330 10330 1
20180514 948 10330 10330 10330 10330 10
20180514 949 10330 10330 10330 10330 10
20180514 955 10325 10325 10325 10325 8
20180514 957 10325 10325 10325 10325 1
20180514 1006 10325 10325 10325 10325 1
20180514 1012 10320 10320 10310 10310 1517
20180514 1013 10310 10310 10310 10310 90
20180514 1017 10315 10315 10315 10315 3
20180514 1023 10315 10315 10315 10315 5
20180514 1045 10330 10330 10330 10330 2
20180514 1046 10330 10330 10330 10330 7
20180514 1047 10330 10330 10330 10330 3
20180514 1051 10330 10330 10330 10330 1
20180514 1052 10330 10330 10330 10330 100
20180514 1057 10330 10330 10330 10330 100
20180514 1105 10330 10330 10330 10330 48
20180514 1107 10330 10330 10330 10330 99
20180514 1135 10380 10380 10380 10380 100
20180514 1138 10380 10380 10380 10380 10
20180514 1241 10335 10335 10335 10335 6
20180514 1245 10335 10335 10335 10335 1
20180514 1345 10380 10380 10380 10380 40
20180514 1346 10380 10380 10380 10380 20
20180514 1350 10380 10380 10380 10380 1794
20180514 1403 10380 10380 10380 10380 1
20180514 1405 10385 10385 10385 10385 10
20180514 1444 10380 10380 10380 10380 10
20180514 1449 10380 10380 10380 10380 5
20180514 1502 10375 10375 10375 10375 2
20180514 1530 10360 10360 10360 10360 11
20180515 901 10405 10405 10405 10405 1796
20180515 911 10425 10425 10425 10425 40
20180515 914 10425 10425 10425 10425 59
20180515 922 10425 10430 10425 10430 8
20180515 924 10445 10445 10445 10445 2
20180515 928 10440 10440 10440 10440 9
20180515 931 10450 10455 10450 10455 6
20180515 936 10460 10470 10460 10470 18
20180515 937 10470 10470 10470 10470 2
20180515 942 10470 10475 10470 10475 93
20180515 947 10475 10475 10475 10475 20
20180515 959 10475 10475 10475 10475 1
20180515 1001 10475 10475 10475 10475 141
20180515 1002 10480 10485 10480 10485 46
20180515 1004 10480 10480 10480 10480 1
20180515 1006 10485 10485 10485 10485 64
20180515 1007 10490 10490 10490 10490 3
20180515 1008 10490 10490 10490 10490 1
20180515 1112 10475 10475 10475 10475 2
20180515 1113 10480 10485 10480 10485 2
20180515 1122 10485 10485 10485 10485 1
20180515 1155 10485 10485 10485 10485 5
20180515 1217 10490 10490 10490 10490 8
20180515 1227 10485 10485 10480 10480 10
20180515 1234 10480 10480 10480 10480 5
20180515 1307 10475 10475 10475 10475 7
20180515 1320 10475 10475 10475 10475 3
20180515 1346 10475 10475 10475 10475 1
20180515 1425 10475 10475 10475 10475 1
20180515 1443 10490 10490 10490 10490 1
20180515 1517 10485 10485 10485 10485 1
20180515 1530 10490 10490 10490 10490 10
20180516 917 10530 10530 10530 10530 1
20180516 936 10405 10405 10405 10405 3
20180516 1012 10410 10410 10405 10405 5
20180516 1136 10420 10420 10420 10420 2
20180516 1155 10420 10420 10420 10420 1
20180516 1321 10525 10530 10525 10530 4
20180516 1503 10515 10515 10515 10515 1
20180516 1530 10515 10515 10515 10515 2
20180517 921 10510 10510 10510 10510 2
20180517 933 10500 10500 10500 10500 2
20180517 941 10505 10515 10505 10515 8
20180517 946 10500 10500 10500 10500 1
20180517 952 10500 10500 10500 10500 1
20180517 1039 10555 10555 10555 10555 3
20180517 1055 10590 10590 10590 10590 1
20180517 1212 10570 10570 10570 10570 1
20180517 1332 10570 10575 10570 10575 5
20180517 1348 10575 10575 10575 10575 7
20180517 1350 10510 10510 10510 10510 6
20180517 1357 10510 10510 10505 10505 16
20180517 1428 10505 10505 10505 10505 1
20180518 901 10270 10275 10270 10275 224
20180518 902 10275 10275 10260 10260 152
20180518 903 10265 10265 10265 10265 5
20180518 904 10260 10265 10255 10255 56
20180518 905 10260 10260 10260 10260 1
20180518 906 10260 10260 10260 10260 1
20180518 908 10260 10260 10260 10260 1
20180518 912 10260 10260 10260 10260 2
20180518 913 10260 10260 10260 10260 20
20180518 916 10255 10255 10255 10255 4
20180518 918 10255 10255 10255 10255 1
20180518 919 10255 10255 10255 10255 3
20180518 920 10250 10250 10250 10250 66
20180518 921 10250 10250 10250 10250 5
20180518 922 10260 10260 10260 10260 24
20180518 923 10260 10260 10260 10260 4
20180518 927 10255 10255 10255 10255 1
20180518 929 10255 10260 10255 10260 402
20180518 930 10260 10260 10260 10260 11
20180518 931 10260 10260 10260 10260 38
20180518 932 10260 10260 10260 10260 4
20180518 934 10260 10260 10260 10260 1
20180518 935 10260 10260 10260 10260 9
20180518 936 10270 10270 10270 10270 5
20180518 945 10270 10270 10270 10270 1
20180518 1004 10320 10320 10320 10320 2
20180518 1010 10315 10315 10315 10315 10
20180518 1019 10320 10330 10320 10330 37
20180518 1033 10330 10330 10330 10330 2
20180518 1044 10330 10330 10330 10330 6
20180518 1045 10330 10330 10330 10330 94
20180518 1049 10330 10330 10330 10330 89
20180518 1052 10330 10330 10330 10330 10
20180518 1058 10325 10330 10325 10330 2
20180518 1116 10325 10325 10325 10325 15
20180518 1134 10320 10320 10320 10320 1
20180518 1204 10320 10320 10320 10320 1
20180518 1225 10320 10320 10320 10320 1
20180518 1239 10320 10320 10320 10320 4
20180518 1258 10310 10310 10310 10310 1
20180518 1300 10310 10310 10310 10310 50
20180518 1306 10310 10310 10310 10310 8
20180518 1332 10325 10325 10325 10325 2
20180518 1334 10310 10310 10310 10310 1
20180518 1335 10310 10310 10310 10310 3
20180518 1346 10315 10325 10315 10320 6
20180518 1356 10330 10330 10330 10330 160
20180518 1357 10330 10330 10330 10330 341
20180518 1410 10340 10340 10340 10340 2
20180518 1411 10340 10345 10340 10345 4
20180518 1426 10345 10345 10345 10345 5
20180518 1511 10355 10355 10355 10355 300
20180518 1519 10345 10345 10345 10345 3
20180518 1530 10360 10360 10360 10360 2
20180521 901 10410 10410 10410 10410 1
20180521 903 10440 10440 10440 10440 100
20180521 904 10445 10445 10445 10445 50
20180521 905 10450 10455 10360 10360 135
20180521 911 10440 10440 10440 10440 2
20180521 921 10445 10445 10445 10445 1
20180521 926 10445 10445 10445 10445 5
20180521 947 10475 10480 10475 10480 50
20180521 954 10475 10480 10475 10480 40
20180521 1000 10480 10480 10480 10480 67
20180521 1005 10480 10480 10480 10480 1
20180521 1015 10480 10480 10480 10480 32
20180521 1034 10480 10480 10480 10480 5
20180521 1035 10480 10480 10480 10480 40
20180521 1141 10480 10480 10480 10480 11
20180521 1142 10485 10505 10485 10505 63
20180521 1217 10505 10505 10505 10505 52
20180521 1244 10505 10505 10505 10505 48
20180521 1255 10480 10480 10480 10480 1
20180521 1256 10485 10485 10485 10485 1
20180521 1300 10490 10495 10490 10495 2
20180521 1510 10455 10455 10450 10450 31
20180521 1530 10495 10495 10495 10495 100
20180523 904 10575 10575 10575 10575 4
20180523 905 10565 10565 10565 10565 1
20180523 907 10570 10585 10570 10585 22
20180523 908 10585 10590 10585 10590 2
20180523 909 10595 10600 10595 10600 19
20180523 917 10595 10595 10595 10595 60
20180523 918 10590 10595 10590 10595 50
20180523 921 10595 10595 10595 10595 73
20180523 932 10600 10600 10600 10600 1
20180523 936 10545 10545 10545 10545 8
20180523 943 10550 10550 10550 10550 6
20180523 1018 10550 10550 10530 10530 280
20180523 1022 10530 10530 10530 10530 10
20180523 1043 10530 10530 10530 10530 95
20180523 1116 10570 10570 10570 10570 20
20180523 1130 10570 10570 10570 10570 30
20180523 1133 10565 10565 10565 10565 50
20180523 1138 10585 10585 10585 10585 30
20180523 1143 10585 10585 10585 10585 30
20180523 1145 10590 10590 10590 10590 30
20180523 1154 10595 10595 10595 10595 100
20180523 1209 10595 10595 10595 10595 341
20180523 1225 10595 10595 10595 10595 10
20180523 1232 10595 10595 10595 10595 20
20180523 1241 10595 10595 10595 10595 7
20180523 1316 10595 10595 10595 10595 5
20180523 1348 10595 10600 10595 10600 39
20180523 1349 10605 10605 10605 10605 60
20180523 1416 10595 10595 10595 10595 5
20180523 1425 10595 10595 10595 10595 5
20180523 1426 10595 10595 10595 10595 7
20180523 1429 10595 10595 10595 10595 10
20180523 1455 10600 10600 10600 10600 5
20180523 1505 10595 10595 10595 10595 1
20180523 1510 10595 10595 10595 10595 1
20180523 1511 10595 10595 10595 10595 1
20180523 1512 10595 10595 10595 10595 50
20180523 1530 10605 10605 10605 10605 15
20180524 901 10630 10630 10630 10630 3
20180524 907 10630 10675 10630 10675 85
20180524 909 10630 10630 10630 10630 10
20180524 926 10635 10635 10635 10635 15
20180524 927 10640 10640 10640 10640 15
20180524 936 10640 10640 10635 10635 150
20180524 949 10670 10690 10670 10690 386
20180524 956 10685 10685 10685 10685 32
20180524 1034 10680 10685 10680 10685 5
20180524 1036 10685 10690 10685 10690 95
20180524 1038 10690 10690 10690 10690 1
20180524 1043 10690 10715 10690 10715 18
20180524 1048 10670 10670 10670 10670 282
20180524 1110 10680 10680 10680 10680 16
20180524 1113 10685 10685 10685 10685 70
20180524 1125 10685 10685 10685 10685 63
20180524 1129 10685 10685 10685 10685 10
20180524 1133 10685 10685 10685 10685 3
20180524 1200 10685 10685 10685 10685 3
20180524 1213 10690 10690 10690 10690 1
20180524 1225 10690 10690 10690 10690 7
20180524 1230 10710 10710 10710 10710 35
20180524 1233 10705 10705 10705 10705 20
20180524 1237 10705 10705 10705 10705 11
20180524 1239 10715 10715 10715 10715 13
20180524 1241 10710 10710 10710 10710 1
20180524 1245 10710 10710 10710 10710 18
20180524 1248 10710 10710 10710 10710 20
20180524 1250 10710 10710 10710 10710 5
20180524 1306 10705 10715 10705 10715 27
20180524 1312 10720 10720 10720 10720 10
20180524 1318 10720 10720 10720 10720 8
20180524 1341 10720 10720 10720 10720 25
20180524 1350 10700 10700 10700 10700 245
20180524 1454 10700 10700 10700 10700 1
20180524 1530 10710 10710 10710 10710 51
20180525 901 10655 10655 10655 10655 97
20180525 910 10655 10655 10625 10625 200
20180525 911 10675 10695 10675 10695 92
20180525 923 10625 10625 10615 10615 300
20180525 1021 10625 10625 10625 10625 5
20180525 1022 10690 10690 10690 10690 10
20180525 1247 10670 10670 10670 10670 5
20180525 1409 10660 10660 10660 10660 4
20180525 1418 10625 10625 10625 10625 1
20180525 1506 10625 10625 10600 10600 134
20180525 1512 10600 10600 10600 10600 51
20180528 913 10660 10660 10660 10660 14
20180528 914 10660 10660 10660 10660 15
20180528 915 10660 10660 10660 10660 32
20180528 934 10675 10740 10675 10740 100
20180528 943 10740 10740 10740 10740 1
20180528 945 10740 10740 10740 10740 3
20180528 1024 10660 10660 10660 10660 1
20180528 1111 10660 10660 10660 10660 6
20180528 1131 10660 10660 10660 10660 30
20180528 1148 10730 10730 10730 10730 1
20180528 1237 10660 10660 10660 10660 1
20180528 1254 10660 10660 10660 10660 30
20180528 1324 10660 10660 10660 10660 40
20180528 1332 10660 10660 10660 10660 138
20180528 1352 10660 10660 10660 10660 100
20180528 1427 10660 10660 10660 10660 100
20180528 1530 10720 10720 10720 10720 4
20180529 901 10690 10690 10690 10690 2
20180529 1027 10705 10705 10705 10705 40
20180529 1042 10710 10710 10710 10710 1
20180529 1102 10720 10720 10720 10720 206
20180529 1105 10715 10715 10715 10715 1
20180529 1121 10715 10715 10715 10715 10
20180529 1122 10720 10720 10720 10720 10
20180529 1154 10720 10720 10720 10720 1
20180529 1245 10720 10720 10720 10720 60
20180529 1433 10725 10725 10725 10725 12
20180529 1459 10750 10755 10750 10755 26
20180529 1507 10770 10790 10770 10790 21
20180529 1530 10785 10785 10785 10785 89
20180530 901 10600 10600 10600 10600 7
20180530 904 10600 10600 10600 10600 1
20180530 908 10615 10615 10615 10615 4
20180530 910 10605 10605 10605 10605 1
20180530 911 10600 10600 10600 10600 5
20180530 923 10600 10600 10600 10600 90
20180530 924 10600 10600 10600 10600 60
20180530 936 10585 10585 10585 10585 1
20180530 937 10585 10585 10585 10585 10
20180530 944 10565 10565 10565 10565 1
20180530 948 10560 10560 10560 10560 2
20180530 956 10560 10560 10560 10560 5
20180530 957 10555 10555 10555 10555 1
20180530 1000 10550 10550 10550 10550 939
20180530 1006 10545 10545 10545 10545 21
20180530 1010 10540 10540 10540 10540 10
20180530 1012 10535 10535 10535 10535 21
20180530 1033 10525 10525 10525 10525 1
20180530 1036 10525 10525 10525 10525 20
20180530 1049 10530 10530 10520 10520 101
20180530 1051 10525 10525 10525 10525 10
20180530 1103 10535 10535 10535 10535 1
20180530 1127 10535 10535 10535 10535 6
20180530 1204 10525 10525 10525 10525 1
20180530 1206 10520 10520 10515 10515 16
20180530 1208 10515 10515 10515 10515 1
20180530 1213 10515 10515 10515 10515 3
20180530 1215 10510 10510 10500 10500 54
20180530 1224 10505 10505 10505 10505 1
20180530 1227 10510 10510 10510 10510 1
20180530 1231 10490 10490 10490 10490 2
20180530 1246 10525 10525 10490 10490 31
20180530 1309 10515 10515 10515 10515 1
20180530 1310 10515 10515 10515 10515 10
20180530 1340 10520 10520 10520 10520 8
20180530 1341 10500 10500 10500 10500 16
20180530 1346 10500 10500 10500 10500 2
20180530 1440 10535 10535 10535 10535 1
20180530 1503 10525 10525 10525 10525 20
20180530 1516 10525 10525 10525 10525 1
20180530 1530 10510 10510 10510 10510 11
20180531 945 10545 10545 10545 10545 20
20180531 946 10540 10540 10540 10540 50
20180531 1008 10540 10540 10540 10540 1
20180531 1009 10545 10545 10545 10545 94
20180531 1120 10535 10535 10535 10535 3
20180531 1121 10530 10530 10530 10530 1
20180531 1248 10535 10535 10535 10535 1
20180531 1414 10530 10530 10530 10530 1
20180531 1438 10530 10530 10530 10530 4
20180531 1448 10530 10530 10525 10525 406
20180531 1456 10520 10520 10520 10520 10
