날짜 시간 시가 고가 저가 종가 거래량
20191101 902 11235 11235 11235 11235 1
20191101 907 11235 11235 11235 11235 1
20191101 909 11235 11250 11235 11250 31
20191101 911 11250 11250 11250 11250 3
20191101 917 11285 11285 11285 11285 1
20191101 925 11285 11285 11285 11285 1
20191101 933 11260 11260 11260 11260 1
20191101 934 11260 11260 11260 11260 11998
20191101 935 11260 11260 11260 11260 1162
20191101 940 11280 11280 11280 11280 1
20191101 945 11265 11275 11265 11275 14997
20191101 948 11285 11285 11285 11285 1
20191101 955 11285 11310 11285 11310 7
20191101 956 11310 11310 11310 11310 1
20191101 1003 11330 11330 11330 11330 1
20191101 1010 11330 11330 11330 11330 9
20191101 1011 11350 11350 11350 11350 13
20191101 1019 11340 11340 11340 11340 1
20191101 1020 11335 11335 11335 11335 1
20191101 1026 11340 11340 11340 11340 1
20191101 1034 11345 11345 11345 11345 1
20191101 1035 11340 11340 11340 11340 70
20191101 1038 11350 11350 11350 11350 5
20191101 1042 11350 11350 11350 11350 1
20191101 1050 11350 11350 11350 11350 1
20191101 1057 11350 11350 11350 11350 1
20191101 1105 11330 11330 11330 11330 1
20191101 1113 11320 11320 11320 11320 1
20191101 1117 11285 11285 11285 11285 1
20191101 1120 11320 11320 11320 11320 1
20191101 1128 11335 11335 11335 11335 1
20191101 1130 11325 11325 11325 11325 18
20191101 1136 11335 11335 11335 11335 1
20191101 1144 11345 11345 11345 11345 1
20191101 1151 11340 11340 11340 11340 1
20191101 1159 11335 11335 11335 11335 1
20191101 1207 11335 11335 11335 11335 1
20191101 1213 11335 11335 11335 11335 12
20191101 1214 11335 11335 11335 11335 1
20191101 1222 11335 11335 11335 11335 1
20191101 1230 11345 11345 11345 11345 1
20191101 1232 11345 11345 11345 11345 1
20191101 1234 11350 11350 11350 11350 1
20191101 1238 11345 11345 11345 11345 1
20191101 1245 11340 11340 11340 11340 1
20191101 1253 11345 11345 11345 11345 1
20191101 1256 11345 11345 11345 11345 9
20191101 1301 11345 11345 11345 11345 1
20191101 1308 11335 11335 11335 11335 1
20191101 1316 11335 11335 11335 11335 1
20191101 1324 11335 11335 11335 11335 1
20191101 1332 11335 11335 11335 11335 1
20191101 1339 11345 11345 11345 11345 1
20191101 1347 11350 11350 11350 11350 1
20191101 1350 11350 11350 11350 11350 1
20191101 1355 11350 11350 11350 11350 1
20191101 1402 11350 11350 11350 11350 1
20191101 1406 11345 11345 11345 11345 9
20191101 1410 11345 11345 11345 11345 1
20191101 1418 11350 11350 11350 11350 1
20191101 1426 11350 11350 11350 11350 1
20191101 1430 11350 11350 11350 11350 1538
20191101 1433 11365 11365 11365 11365 1
20191101 1439 11365 11365 11365 11365 29
20191101 1441 11375 11375 11375 11375 1
20191101 1449 11375 11375 11375 11375 7
20191101 1456 11400 11400 11400 11400 1
20191101 1504 11400 11400 11400 11400 1
20191101 1512 11400 11400 11400 11400 1
20191101 1517 11400 11400 11400 11400 1
20191101 1520 11390 11390 11390 11390 1
20191104 901 11390 11390 11390 11390 1
20191104 906 11380 11380 11380 11380 20
20191104 912 11380 11380 11380 11380 1
20191104 916 11380 11380 11380 11380 201
20191104 920 11400 11400 11400 11400 36
20191104 928 11380 11380 11380 11380 3
20191104 929 11375 11375 11375 11375 15
20191104 935 11400 11400 11400 11400 90
20191104 940 11410 11410 11410 11410 48
20191104 950 11425 11425 11425 11425 1
20191104 1000 11425 11425 11425 11425 158
20191104 1011 11445 11445 11445 11445 10
20191104 1017 11440 11440 11440 11440 1
20191104 1046 11440 11440 11440 11440 6
20191104 1125 11440 11440 11440 11440 1
20191104 1135 11455 11455 11455 11455 35
20191104 1225 11440 11440 11440 11440 36
20191104 1239 11450 11450 11450 11450 1
20191104 1240 11440 11440 11440 11440 324
20191104 1241 11430 11430 11425 11425 1023
20191104 1349 11425 11425 11425 11425 1
20191104 1411 11425 11425 11425 11425 154
20191104 1425 11445 11445 11445 11445 53
20191104 1520 11425 11425 11425 11425 5
20191105 903 11425 11425 11425 11425 20
20191105 906 11425 11425 11425 11425 5
20191105 915 11445 11445 11445 11445 18
20191105 944 11370 11370 11370 11370 10
20191105 953 11380 11380 11380 11380 1
20191105 955 11385 11385 11385 11385 2
20191105 957 11385 11385 11385 11385 1
20191105 959 11390 11390 11370 11370 13160
20191105 1013 11390 11390 11390 11390 15
20191105 1033 11420 11420 11420 11420 1
20191105 1034 11415 11415 11415 11415 1
20191105 1037 11415 11415 11415 11415 1
20191105 1157 11440 11440 11440 11440 52
20191105 1212 11435 11435 11435 11435 19
20191105 1351 11450 11450 11450 11450 9
20191105 1420 11450 11450 11450 11450 3
20191105 1422 11445 11445 11445 11445 3
20191105 1446 11440 11440 11440 11440 1
20191106 905 11455 11455 11455 11455 100
20191106 909 11495 11495 11495 11495 100
20191106 915 11510 11510 11510 11510 5
20191106 930 11520 11520 11520 11520 1
20191106 935 11525 11525 11525 11525 3
20191106 946 11525 11525 11525 11525 2
20191106 1005 11440 11440 11440 11440 15
20191106 1009 11440 11440 11440 11440 5
20191106 1049 11450 11450 11450 11450 200
20191106 1053 11445 11445 11445 11445 2805
20191106 1113 11460 11460 11460 11460 1
20191106 1114 11455 11455 11455 11455 1
20191106 1146 11450 11450 11450 11450 1
20191106 1148 11445 11445 11445 11445 940
20191106 1149 11440 11440 11440 11440 3
20191106 1232 11460 11465 11460 11465 249
20191106 1258 11460 11460 11460 11460 1
20191106 1312 11465 11465 11465 11465 1
20191106 1322 11470 11470 11470 11470 1
20191106 1325 11475 11475 11475 11475 1
20191106 1335 11480 11480 11480 11480 1
20191106 1340 11480 11480 11480 11480 1
20191106 1342 11480 11485 11480 11485 7
20191106 1437 11465 11465 11465 11465 2
20191106 1450 11485 11485 11485 11485 3
20191106 1451 11485 11485 11485 11485 50
20191106 1510 11480 11480 11480 11480 1
20191107 901 11480 11480 11480 11480 1
20191107 911 11480 11480 11480 11480 2
20191107 1005 11375 11375 11375 11375 111
20191107 1009 11400 11400 11400 11400 70
20191107 1039 11440 11440 11440 11440 2
20191107 1040 11445 11445 11445 11445 9
20191107 1237 11400 11400 11400 11400 5
20191107 1422 11485 11485 11485 11485 10
20191107 1426 11485 11485 11485 11485 500
20191107 1458 11465 11465 11465 11465 1
20191107 1517 11465 11465 11465 11465 20
20191108 904 11460 11460 11460 11460 2
20191108 913 11470 11470 11470 11470 360
20191108 932 11500 11500 11500 11500 981
20191108 1003 11500 11500 11500 11500 1
20191108 1011 11490 11490 11490 11490 1
20191108 1016 11500 11500 11500 11500 100
20191108 1107 11485 11485 11485 11485 1
20191108 1155 11500 11500 11500 11500 5
20191108 1203 11495 11495 11495 11495 3
20191108 1301 11500 11500 11500 11500 70
20191108 1323 11485 11485 11485 11485 7
20191108 1413 11520 11520 11520 11520 6
20191108 1435 11480 11480 11480 11480 100
20191108 1455 11475 11475 11475 11475 2
20191108 1500 11460 11460 11460 11460 43
20191108 1515 11430 11430 11430 11430 5
20191108 1530 11445 11445 11445 11445 12
20191111 902 11510 11510 11510 11510 1
20191111 909 11495 11545 11495 11545 25
20191111 915 11480 11480 11480 11480 44
20191111 917 11490 11490 11490 11490 1
20191111 918 11490 11490 11490 11490 3
20191111 922 11475 11475 11475 11475 8
20191111 925 11475 11475 11475 11475 1
20191111 932 11475 11505 11475 11505 54
20191111 937 11490 11490 11490 11490 10
20191111 940 11490 11490 11490 11490 1
20191111 941 11490 11490 11490 11490 88
20191111 947 11500 11500 11500 11500 1
20191111 949 11480 11480 11480 11480 1
20191111 950 11450 11450 11450 11450 157
20191111 955 11485 11485 11485 11485 1
20191111 1003 11460 11460 11460 11460 1
20191111 1010 11450 11450 11450 11450 1
20191111 1016 11425 11425 11425 11425 43
20191111 1018 11430 11430 11430 11430 1
20191111 1026 11425 11425 11425 11425 1
20191111 1033 11425 11425 11425 11425 1
20191111 1041 11425 11425 11425 11425 1
20191111 1046 11400 11400 11400 11400 5
20191111 1049 11425 11425 11425 11425 1
20191111 1056 11425 11425 11425 11425 1
20191111 1102 11400 11400 11400 11400 10
20191111 1104 11415 11415 11415 11415 1
20191111 1105 11400 11400 11400 11400 1060
20191111 1111 11405 11405 11405 11405 1
20191111 1119 11425 11425 11425 11425 1
20191111 1127 11430 11430 11430 11430 1
20191111 1134 11420 11420 11420 11420 1
20191111 1142 11415 11415 11415 11415 1
20191111 1150 11420 11420 11420 11420 1
20191111 1157 11405 11405 11405 11405 1
20191111 1205 11415 11415 11415 11415 1
20191111 1212 11420 11420 11420 11420 1
20191111 1220 11420 11420 11420 11420 1
20191111 1228 11415 11415 11415 11415 1
20191111 1235 11415 11415 11415 11415 1
20191111 1243 11410 11410 11410 11410 1
20191111 1251 11420 11420 11420 11420 1
20191111 1258 11390 11390 11390 11390 1
20191111 1306 11395 11395 11395 11395 1
20191111 1314 11400 11400 11400 11400 1
20191111 1321 11420 11420 11420 11420 1
20191111 1329 11420 11420 11420 11420 1
20191111 1336 11425 11425 11425 11425 1
20191111 1340 11400 11400 11400 11400 67
20191111 1344 11435 11435 11435 11435 1
20191111 1352 11420 11420 11420 11420 1
20191111 1359 11440 11440 11440 11440 1
20191111 1407 11435 11435 11435 11435 1
20191111 1415 11425 11425 11425 11425 1
20191111 1422 11420 11420 11420 11420 1
20191111 1430 11440 11460 11440 11460 44
20191111 1438 11450 11450 11450 11450 1
20191111 1445 11445 11445 11445 11445 1
20191111 1453 11445 11445 11445 11445 1
20191111 1500 11445 11445 11445 11445 1
20191111 1502 11405 11405 11405 11405 6
20191111 1508 11440 11440 11440 11440 1
20191111 1517 11405 11410 11405 11410 2
20191111 1520 11415 11415 11415 11415 1
20191112 901 11350 11370 11350 11370 2
20191112 902 11390 11390 11390 11390 1
20191112 909 11385 11385 11385 11385 1
20191112 917 11380 11380 11380 11380 1
20191112 924 11385 11385 11385 11385 108
20191112 925 11380 11380 11380 11380 1
20191112 933 11405 11405 11405 11405 1
20191112 937 11415 11415 11415 11415 20
20191112 940 11415 11415 11415 11415 1
20191112 948 11415 11415 11415 11415 1
20191112 956 11405 11405 11405 11405 1
20191112 1003 11370 11370 11370 11370 1
20191112 1006 11380 11380 11380 11380 1
20191112 1011 11380 11380 11380 11380 1
20191112 1019 11360 11360 11360 11360 1
20191112 1026 11365 11365 11365 11365 1
20191112 1034 11350 11350 11350 11350 1
20191112 1042 11370 11370 11370 11370 1
20191112 1043 11385 11385 11385 11385 50
20191112 1050 11340 11340 11340 11340 1
20191112 1057 11340 11340 11340 11340 1
20191112 1105 11340 11340 11340 11340 1
20191112 1113 11335 11335 11335 11335 1
20191112 1121 11355 11355 11355 11355 1
20191112 1128 11350 11350 11350 11350 1
20191112 1136 11355 11355 11355 11355 1
20191112 1144 11335 11335 11335 11335 1
20191112 1151 11345 11345 11345 11345 1
20191112 1159 11330 11330 11330 11330 1
20191112 1207 11315 11315 11315 11315 1
20191112 1214 11320 11320 11320 11320 1
20191112 1222 11325 11325 11325 11325 1
20191112 1230 11325 11325 11325 11325 1
20191112 1238 11340 11340 11340 11340 1
20191112 1245 11340 11340 11340 11340 1
20191112 1253 11345 11345 11345 11345 1
20191112 1301 11355 11355 11355 11355 1
20191112 1308 11345 11345 11345 11345 1
20191112 1316 11345 11345 11345 11345 1
20191112 1324 11355 11355 11355 11355 1
20191112 1332 11360 11360 11360 11360 1
20191112 1339 11365 11365 11365 11365 1
20191112 1347 11390 11390 11390 11390 1
20191112 1350 11390 11390 11390 11390 344
20191112 1354 11400 11400 11400 11400 138
20191112 1355 11365 11365 11365 11365 1
20191112 1402 11375 11375 11375 11375 1
20191112 1410 11380 11380 11380 11380 1
20191112 1418 11405 11410 11405 11410 88
20191112 1426 11410 11410 11410 11410 1
20191112 1433 11395 11395 11395 11395 1
20191112 1441 11405 11405 11405 11405 1
20191112 1449 11425 11425 11425 11425 1
20191112 1456 11415 11415 11415 11415 1
20191112 1504 11420 11420 11420 11420 1
20191112 1512 11410 11410 11410 11410 1
20191112 1520 11445 11445 11445 11445 1
20191113 902 11300 11300 11300 11300 2
20191113 909 11295 11295 11295 11295 1
20191113 917 11245 11245 11245 11245 1
20191113 925 11270 11270 11270 11270 1
20191113 933 11250 11250 11250 11250 1
20191113 940 11245 11245 11245 11245 1
20191113 948 11225 11225 11225 11225 1
20191113 956 11200 11200 11200 11200 1
20191113 1003 11205 11205 11205 11205 1
20191113 1007 11215 11215 11215 11215 4
20191113 1011 11200 11200 11200 11200 1
20191113 1019 11200 11200 11200 11200 1
20191113 1026 11200 11200 11200 11200 1
20191113 1034 11205 11205 11205 11205 1
20191113 1042 11200 11200 11200 11200 1
20191113 1049 11200 11200 11200 11200 107
20191113 1050 11190 11190 11190 11190 1
20191113 1052 11190 11190 11190 11190 9
20191113 1054 11175 11175 11175 11175 10
20191113 1057 11170 11170 11170 11170 1
20191113 1105 11170 11170 11170 11170 1
20191113 1113 11200 11200 11200 11200 1
20191113 1120 11225 11225 11225 11225 1
20191113 1128 11230 11230 11230 11230 1
20191113 1136 11220 11220 11220 11220 1
20191113 1144 11235 11235 11235 11235 1
20191113 1151 11225 11225 11225 11225 1
20191113 1159 11225 11225 11225 11225 1
20191113 1207 11220 11220 11220 11220 1
20191113 1214 11240 11240 11240 11240 1
20191113 1222 11230 11230 11230 11230 1
20191113 1230 11235 11235 11235 11235 1
20191113 1238 11230 11230 11230 11230 1
20191113 1245 11230 11230 11230 11230 1
20191113 1253 11230 11230 11230 11230 1
20191113 1301 11230 11230 11230 11230 1
20191113 1308 11215 11215 11215 11215 1
20191113 1316 11215 11215 11215 11215 1
20191113 1321 11215 11215 11215 11215 1
20191113 1324 11200 11200 11200 11200 1
20191113 1332 11205 11205 11205 11205 1
20191113 1339 11205 11205 11205 11205 1
20191113 1347 11215 11215 11215 11215 1
20191113 1355 11220 11220 11220 11220 1
20191113 1402 11225 11225 11225 11225 1
20191113 1410 11235 11235 11235 11235 1
20191113 1418 11230 11230 11230 11230 1
20191113 1426 11230 11230 11230 11230 1
20191113 1433 11240 11240 11240 11240 1
20191113 1441 11245 11245 11245 11245 1
20191113 1449 11240 11240 11240 11240 1
20191113 1450 11275 11275 11275 11275 50
20191113 1456 11250 11250 11250 11250 1
20191113 1504 11240 11240 11240 11240 1
20191113 1506 11250 11250 11250 11250 7
20191113 1512 11245 11285 11245 11285 3970
20191113 1513 11285 11290 11270 11275 7086
20191113 1514 11285 11290 11270 11275 8218
20191113 1515 11285 11285 11270 11270 7084
20191113 1516 11285 11285 11265 11265 7087
20191113 1517 11270 11270 11260 11270 7084
20191113 1518 11275 11275 11265 11275 6230
20191113 1519 11270 11275 11265 11265 4246
20191113 1520 11245 11245 11245 11245 1
20191113 1530 11245 11245 11245 11245 23
20191114 1001 11480 11550 11480 11550 4
20191114 1002 11585 11585 11585 11585 1
20191114 1009 11515 11515 11515 11515 1
20191114 1017 11530 11530 11530 11530 1
20191114 1025 11525 11525 11525 11525 1
20191114 1029 11530 11530 11530 11530 11
20191114 1033 11570 11570 11570 11570 1
20191114 1040 11565 11565 11565 11565 1
20191114 1043 11540 11540 11540 11540 13
20191114 1048 11565 11565 11565 11565 1
20191114 1056 11540 11540 11540 11540 1
20191114 1103 11540 11540 11540 11540 1
20191114 1111 11525 11525 11525 11525 1
20191114 1115 11530 11535 11530 11535 10
20191114 1119 11535 11535 11535 11535 1
20191114 1122 11525 11525 11525 11525 31
20191114 1126 11545 11545 11545 11545 1
20191114 1134 11540 11540 11540 11540 1
20191114 1139 11515 11515 11515 11515 26
20191114 1140 11505 11505 11505 11505 26
20191114 1142 11500 11500 11500 11500 1
20191114 1150 11515 11515 11515 11515 1
20191114 1157 11515 11515 11515 11515 1
20191114 1205 11515 11515 11515 11515 1
20191114 1213 11515 11515 11515 11515 1
20191114 1220 11505 11505 11505 11505 1
20191114 1228 11510 11510 11510 11510 1
20191114 1236 11545 11545 11545 11545 1
20191114 1243 11555 11555 11555 11555 1
20191114 1244 11555 11555 11555 11555 1
20191114 1251 11555 11555 11555 11555 1
20191114 1259 11530 11530 11530 11530 1
20191114 1307 11540 11540 11540 11540 1
20191114 1314 11540 11540 11540 11540 1
20191114 1322 11530 11530 11530 11530 1
20191114 1330 11535 11535 11535 11535 1
20191114 1338 11530 11530 11530 11530 1
20191114 1345 11530 11530 11530 11530 1
20191114 1353 11530 11530 11530 11530 1
20191114 1400 11540 11545 11540 11545 2
20191114 1401 11550 11550 11550 11550 1
20191114 1402 11550 11550 11550 11550 2
20191114 1404 11565 11580 11565 11580 59
20191114 1408 11580 11580 11580 11580 1
20191114 1415 11580 11585 11580 11585 942
20191114 1416 11585 11585 11585 11585 6
20191114 1424 11590 11590 11590 11590 1
20191114 1432 11570 11570 11570 11570 1
20191114 1439 11595 11595 11595 11595 1
20191114 1447 11585 11585 11585 11585 1
20191114 1455 11580 11580 11580 11580 1
20191114 1457 11575 11575 11575 11575 1
20191114 1458 11580 11580 11580 11580 4
20191114 1459 11585 11585 11585 11585 10
20191114 1502 11595 11595 11595 11595 1
20191114 1510 11595 11595 11595 11595 1
20191114 1518 11585 11585 11585 11585 38
20191114 1526 11570 11570 11570 11570 1
20191114 1531 11560 11560 11560 11560 37
20191114 1533 11585 11585 11585 11585 1
20191114 1541 11585 11585 11585 11585 1
20191114 1544 11585 11585 11585 11585 29
20191114 1545 11595 11595 11595 11595 328
20191114 1549 11600 11600 11600 11600 1
20191114 1551 11595 11595 11595 11595 1
20191114 1552 11600 11600 11600 11600 1960
20191114 1553 11610 11610 11610 11610 9
20191114 1556 11645 11645 11645 11645 1
20191114 1604 11635 11635 11635 11635 1
20191114 1612 11635 11635 11635 11635 1
20191114 1620 11635 11635 11635 11635 1
20191114 1630 11635 11635 11635 11635 2
20191115 902 11685 11685 11685 11685 1
20191115 909 11640 11640 11640 11640 1
20191115 917 11620 11620 11620 11620 1
20191115 925 11625 11625 11625 11625 1
20191115 932 11630 11630 11630 11630 1
20191115 938 11630 11630 11630 11630 8
20191115 940 11675 11675 11675 11675 1
20191115 947 11675 11675 11675 11675 1
20191115 955 11685 11685 11685 11685 1
20191115 958 11700 11700 11700 11700 5
20191115 1001 11700 11700 11700 11700 1000
20191115 1003 11730 11730 11730 11730 1
20191115 1010 11725 11725 11725 11725 1
20191115 1018 11735 11735 11735 11735 1
20191115 1026 11715 11715 11715 11715 1
20191115 1028 11715 11715 11715 11715 30
20191115 1029 11715 11715 11715 11715 1
20191115 1033 11720 11720 11720 11720 1
20191115 1041 11730 11730 11730 11730 1
20191115 1042 11700 11700 11700 11700 1
20191115 1049 11730 11730 11730 11730 1
20191115 1056 11725 11725 11725 11725 1
20191115 1104 11725 11725 11725 11725 1
20191115 1105 11700 11720 11700 11720 2
20191115 1111 11725 11725 11725 11725 1
20191115 1119 11710 11710 11710 11710 1
20191115 1127 11720 11720 11720 11720 1
20191115 1134 11730 11730 11730 11730 1
20191115 1142 11730 11730 11730 11730 1
20191115 1148 11700 11700 11700 11700 18
20191115 1150 11710 11710 11710 11710 1
20191115 1157 11725 11725 11725 11725 1
20191115 1205 11720 11720 11720 11720 1
20191115 1212 11720 11720 11720 11720 1
20191115 1220 11720 11720 11720 11720 1
20191115 1228 11720 11720 11720 11720 1
20191115 1235 11720 11720 11720 11720 1
20191115 1243 11715 11715 11715 11715 1
20191115 1244 11695 11695 11695 11695 10
20191115 1247 11700 11700 11700 11700 1
20191115 1251 11715 11715 11715 11715 1
20191115 1256 11720 11720 11720 11720 5
20191115 1258 11725 11725 11725 11725 1
20191115 1259 11720 11720 11720 11720 10
20191115 1306 11730 11730 11730 11730 1
20191115 1314 11730 11730 11730 11730 1
20191115 1317 11730 11730 11730 11730 5
20191115 1321 11720 11720 11720 11720 1
20191115 1329 11730 11730 11730 11730 1
20191115 1336 11725 11725 11720 11720 11
20191115 1344 11725 11725 11725 11725 1
20191115 1349 11715 11715 11715 11715 1
20191115 1352 11730 11730 11730 11730 1
20191115 1353 11715 11715 11715 11715 1
20191115 1359 11720 11720 11720 11720 1
20191115 1407 11725 11725 11725 11725 1
20191115 1415 11730 11730 11730 11730 1
20191115 1422 11735 11735 11735 11735 1
20191115 1430 11730 11730 11730 11730 1
20191115 1438 11735 11735 11710 11710 11
20191115 1445 11710 11710 11710 11710 1
20191115 1453 11710 11710 11710 11710 1
20191115 1500 11710 11710 11710 11710 1
20191115 1501 11700 11700 11700 11700 11
20191115 1508 11700 11700 11700 11700 1
20191115 1520 11700 11700 11700 11700 1
