날짜 시간 시가 고가 저가 종가 거래량
20190701 901 15100 15100 15050 15100 11359
20190701 902 15100 15100 15000 15100 2962
20190701 903 15100 15100 15100 15100 922
20190701 904 15100 15100 15050 15050 225
20190701 905 15000 15050 14950 14950 3255
20190701 906 14950 15000 14950 15000 1978
20190701 907 15000 15050 15000 15000 6306
20190701 908 15000 15000 15000 15000 266
20190701 909 14900 15000 14900 15000 584
20190701 910 15000 15000 15000 15000 205
20190701 911 15000 15000 14950 15000 872
20190701 912 14950 14950 14950 14950 829
20190701 913 14950 14950 14900 14900 150
20190701 914 14950 14950 14900 14900 2119
20190701 915 14900 14900 14900 14900 722
20190701 916 14850 14900 14850 14900 2910
20190701 917 14900 14900 14850 14850 232
20190701 918 14850 14900 14850 14900 158
20190701 919 14900 14900 14900 14900 96
20190701 920 14900 14900 14900 14900 81
20190701 921 14900 14950 14900 14950 26
20190701 922 14900 14950 14900 14900 88
20190701 923 14950 14950 14900 14950 64
20190701 924 14950 14950 14900 14900 119
20190701 925 14900 14900 14900 14900 493
20190701 926 14950 14950 14900 14950 204
20190701 927 14900 14950 14900 14950 41
20190701 928 14900 14900 14900 14900 4584
20190701 929 14850 14900 14850 14900 2042
20190701 930 14900 14900 14900 14900 10
20190701 931 14900 14950 14900 14900 418
20190701 932 14950 14950 14900 14950 34
20190701 933 14950 14950 14900 14900 475
20190701 934 14900 14900 14850 14850 304
20190701 935 14850 14900 14850 14850 25
20190701 936 14850 14900 14850 14850 22
20190701 937 14850 14850 14850 14850 12
20190701 938 14850 14900 14850 14900 1916
20190701 939 14900 14950 14900 14950 100
20190701 940 14950 14950 14950 14950 1619
20190701 941 14950 14950 14950 14950 332
20190701 942 14950 14950 14950 14950 11
20190701 943 14950 15000 14950 15000 612
20190701 944 14950 14950 14950 14950 13
20190701 945 14950 15000 14950 15000 103
20190701 946 14950 14950 14950 14950 3
20190701 947 14950 14950 14950 14950 425
20190701 948 14950 14950 14950 14950 513
20190701 949 15000 15000 14950 15000 116
20190701 950 14950 14950 14950 14950 43
20190701 951 14950 14950 14950 14950 15
20190701 952 14950 14950 14950 14950 20
20190701 953 14950 14950 14950 14950 363
20190701 954 14950 14950 14950 14950 104
20190701 955 14950 14950 14950 14950 66
20190701 956 14950 14950 14950 14950 154
20190701 957 15000 15000 14950 15000 275
20190701 958 14950 14950 14950 14950 19
20190701 959 14950 14950 14950 14950 65
20190701 1000 14950 14950 14950 14950 14
20190701 1001 15000 15000 14950 14950 248
20190701 1002 14950 15000 14950 14950 8
20190701 1003 14950 15000 14950 14950 88
20190701 1004 15000 15000 14950 14950 2132
20190701 1005 14950 15000 14950 14950 83
20190701 1006 14950 14950 14950 14950 3
20190701 1007 14950 15000 14950 15000 444
20190701 1008 14950 14950 14950 14950 4222
20190701 1009 14950 14950 14950 14950 90
20190701 1010 14950 14950 14900 14950 1565
20190701 1011 14900 14900 14900 14900 14
20190701 1012 14900 14900 14900 14900 14
20190701 1013 14900 14900 14900 14900 65
20190701 1014 14900 14900 14900 14900 13
20190701 1015 14900 14900 14900 14900 1018
20190701 1016 14900 14950 14900 14950 2632
20190701 1017 14900 14950 14900 14950 12
20190701 1018 14900 14900 14900 14900 56
20190701 1019 14900 14900 14900 14900 122
20190701 1020 14900 14900 14900 14900 67
20190701 1021 14900 14900 14900 14900 99
20190701 1022 14900 14950 14900 14950 399
20190701 1023 14900 14950 14900 14950 114
20190701 1024 14900 14900 14900 14900 16
20190701 1025 14900 14950 14900 14900 15
20190701 1026 14950 14950 14900 14950 917
20190701 1028 14900 14900 14900 14900 4
20190701 1029 14900 14900 14900 14900 43
20190701 1030 14900 14950 14900 14900 481
20190701 1031 14900 14900 14900 14900 4
20190701 1032 14900 14900 14900 14900 16
20190701 1033 14900 14900 14900 14900 20
20190701 1034 14950 14950 14950 14950 409
20190701 1035 14900 14900 14900 14900 4
20190701 1036 14900 14950 14900 14900 34
20190701 1037 14950 14950 14900 14950 264
20190701 1038 14950 14950 14950 14950 754
20190701 1039 14950 14950 14950 14950 4
20190701 1040 14950 14950 14900 14900 269
20190701 1041 14950 14950 14950 14950 380
20190701 1042 14900 14950 14900 14900 307
20190701 1043 14900 14900 14900 14900 124
20190701 1044 14900 14900 14900 14900 90
20190701 1045 14900 14950 14900 14950 390
20190701 1046 14900 14900 14900 14900 15
20190701 1047 14900 14900 14900 14900 16
20190701 1048 14900 14900 14900 14900 4
20190701 1049 14900 14900 14900 14900 34
20190701 1050 14900 14900 14900 14900 15
20190701 1051 14900 14900 14900 14900 151
20190701 1052 14900 14900 14900 14900 171
20190701 1053 14950 14950 14900 14900 398
20190701 1054 14900 14900 14900 14900 17
20190701 1055 14900 14900 14900 14900 299
20190701 1056 14900 14950 14900 14950 383
20190701 1057 14900 14950 14900 14950 124
20190701 1058 14900 14900 14900 14900 200
20190701 1059 14900 14900 14900 14900 17
20190701 1100 14900 14950 14900 14900 767
20190701 1101 14900 14900 14900 14900 12
20190701 1102 14900 14900 14900 14900 3045
20190701 1103 14900 14950 14900 14900 707
20190701 1104 14900 14950 14900 14900 481
20190701 1105 14900 14900 14900 14900 98
20190701 1106 14900 14900 14900 14900 71
20190701 1107 14900 14900 14900 14900 5
20190701 1108 14900 14950 14900 14900 630
20190701 1109 14900 14900 14900 14900 147
20190701 1110 14900 14900 14900 14900 71
20190701 1111 14900 14900 14900 14900 148
20190701 1112 14950 14950 14900 14900 528
20190701 1113 14900 14900 14900 14900 63
20190701 1114 14900 14900 14900 14900 147
20190701 1115 14900 14950 14900 14900 477
20190701 1116 14900 14950 14900 14950 100
20190701 1117 14950 14950 14900 14900 146
20190701 1118 14900 14950 14900 14950 40
20190701 1119 14950 14950 14900 14900 413
20190701 1120 14900 14950 14900 14900 87
20190701 1121 14950 14950 14900 14900 116
20190701 1122 14900 14950 14900 14950 519
20190701 1123 14900 14950 14900 14900 542
20190701 1124 14900 14900 14900 14900 158
20190701 1125 14900 14950 14900 14950 49
20190701 1126 14900 14950 14900 14900 263
20190701 1127 14900 14950 14900 14950 640
20190701 1128 14950 14950 14900 14900 143
20190701 1129 14900 14950 14900 14950 24
20190701 1130 14950 14950 14900 14900 173
20190701 1131 14900 14950 14900 14900 487
20190701 1132 14950 14950 14900 14900 85
20190701 1133 14900 14900 14900 14900 189
20190701 1134 14950 14950 14900 14900 50
20190701 1135 14900 14900 14900 14900 147
20190701 1136 14900 14950 14900 14950 59
20190701 1137 14900 14900 14900 14900 2551
20190701 1138 14900 14950 14900 14900 1274
20190701 1139 14950 14950 14900 14900 192
20190701 1140 14900 14950 14900 14950 225
20190701 1141 14950 14950 14850 14850 75
20190701 1142 14850 14850 14850 14850 4588
20190701 1143 14850 14900 14850 14850 1186
20190701 1144 14850 14850 14850 14850 1007
20190701 1145 14850 14900 14850 14850 191
20190701 1146 14850 14850 14850 14850 16
20190701 1147 14850 14850 14800 14850 2381
20190701 1148 14850 14850 14800 14800 21
20190701 1149 14800 14850 14800 14850 496
20190701 1150 14800 14850 14800 14800 392
20190701 1151 14800 14800 14800 14800 3
20190701 1152 14800 14850 14800 14800 190
20190701 1153 14800 14800 14800 14800 97
20190701 1154 14850 14850 14800 14850 1269
20190701 1155 14850 14850 14800 14800 115
20190701 1156 14800 14850 14800 14800 1174
20190701 1157 14850 14850 14850 14850 594
20190701 1158 14800 14850 14800 14850 72
20190701 1159 14850 14850 14800 14800 132
20190701 1200 14800 14800 14800 14800 60
20190701 1201 14850 14850 14800 14800 615
20190701 1202 14800 14800 14800 14800 52
20190701 1203 14800 14850 14800 14800 132
20190701 1204 14800 14800 14800 14800 105
20190701 1205 14850 14850 14800 14850 469
20190701 1206 14850 14850 14800 14850 2234
20190701 1207 14850 14900 14800 14800 468
20190701 1208 14800 14900 14800 14900 2512
20190701 1209 14800 14900 14800 14850 504
20190701 1210 14850 14900 14850 14850 444
20190701 1211 14850 14850 14850 14850 147
20190701 1212 14850 14900 14850 14850 432
20190701 1213 14850 14850 14850 14850 144
20190701 1214 14850 14900 14850 14850 43
20190701 1215 14900 14900 14850 14850 240
20190701 1216 14850 14900 14850 14900 484
20190701 1217 14900 14900 14850 14850 43
20190701 1218 14850 14900 14850 14850 156
20190701 1219 14900 14900 14850 14900 48
20190701 1220 14850 14850 14850 14850 146
20190701 1221 14900 14900 14850 14850 55
20190701 1222 14850 14850 14800 14800 3228
20190701 1223 14800 14850 14800 14850 523
20190701 1224 14800 14850 14800 14800 72
20190701 1225 14800 14850 14800 14850 101
20190701 1226 14850 14850 14800 14800 103
20190701 1227 14800 14850 14800 14850 88
20190701 1228 14850 14850 14800 14800 96
20190701 1229 14800 14850 14800 14850 210
20190701 1230 14850 14900 14800 14800 775
20190701 1231 14800 14800 14800 14800 7
20190701 1232 14850 14850 14800 14800 190
20190701 1233 14800 14800 14800 14800 66
20190701 1234 14850 14850 14800 14850 530
20190701 1235 14850 14850 14800 14800 80
20190701 1236 14800 14800 14800 14800 314
20190701 1237 14850 14850 14800 14800 190
20190701 1238 14800 14850 14800 14800 78
20190701 1239 14850 14850 14800 14800 562
20190701 1240 14800 14800 14800 14800 13
20190701 1241 14800 14850 14800 14850 182
20190701 1242 14800 14850 14800 14800 481
20190701 1243 14800 14850 14800 14850 162
20190701 1244 14850 14850 14800 14800 115
20190701 1245 14800 14850 14800 14850 75
20190701 1246 14850 14850 14800 14800 568
20190701 1247 14800 14800 14800 14800 3
20190701 1248 14800 14850 14800 14850 202
20190701 1249 14850 14850 14800 14800 117
20190701 1250 14800 14850 14800 14850 867
20190701 1251 14800 14850 14800 14800 132
20190701 1252 14800 14850 14800 14850 87
20190701 1253 14850 14850 14800 14800 95
20190701 1254 14800 14850 14800 14850 453
20190701 1255 14850 14850 14800 14800 133
20190701 1256 14800 14800 14800 14800 140
20190701 1257 14850 14850 14800 14850 961
20190701 1258 14850 14900 14850 14850 990
20190701 1259 14800 14850 14800 14850 58
20190701 1300 14800 14800 14800 14800 150
20190701 1301 14800 14900 14800 14900 226
20190701 1302 14850 14850 14850 14850 104
20190701 1303 14850 14900 14800 14850 210
20190701 1304 14850 14850 14800 14800 133
20190701 1305 14800 14850 14800 14800 697
20190701 1306 14850 14900 14850 14850 55
20190701 1307 14800 14850 14800 14850 320
20190701 1308 14850 14850 14800 14800 469
20190701 1309 14800 14800 14800 14800 84
20190701 1310 14800 14850 14800 14850 186
20190701 1311 14800 14800 14800 14800 166
20190701 1312 14800 14850 14800 14850 128
20190701 1313 14850 14850 14800 14800 513
20190701 1314 14800 14800 14800 14800 102
20190701 1315 14800 14850 14800 14800 276
20190701 1316 14800 14850 14800 14850 322
20190701 1317 14850 14850 14800 14800 174
20190701 1318 14800 14800 14800 14800 164
20190701 1319 14800 14850 14800 14850 248
20190701 1320 14850 14850 14800 14800 662
20190701 1321 14800 14850 14800 14800 136
20190701 1322 14850 14850 14800 14800 220
20190701 1323 14800 14850 14800 14800 123
20190701 1324 14850 14850 14800 14800 225
20190701 1325 14800 14800 14800 14800 134
20190701 1326 14800 14850 14800 14800 307
20190701 1327 14800 14850 14800 14800 51
20190701 1328 14800 14850 14800 14800 866
20190701 1329 14800 14850 14800 14800 119
20190701 1330 14800 14850 14800 14850 258
20190701 1331 14850 14850 14800 14800 198
20190701 1332 14800 14850 14800 14800 316
20190701 1333 14850 14850 14800 14800 214
20190701 1334 14800 14850 14800 14800 365
20190701 1335 14800 14850 14800 14850 736
20190701 1336 14800 14850 14800 14800 294
20190701 1337 14800 14850 14800 14800 184
20190701 1338 14800 14800 14800 14800 133
20190701 1339 14850 14850 14750 14800 3731
20190701 1340 14800 14800 14750 14750 52
20190701 1341 14750 14800 14750 14800 946
20190701 1342 14850 14850 14800 14800 91
20190701 1343 14800 14800 14750 14750 547
20190701 1344 14800 14800 14750 14800 120
20190701 1345 14750 14800 14750 14800 286
20190701 1346 14800 14850 14800 14800 141
20190701 1347 14800 14800 14800 14800 215
20190701 1348 14800 14850 14800 14850 221
20190701 1349 14800 14800 14800 14800 35
20190701 1350 14800 14800 14800 14800 171
20190701 1351 14850 14850 14800 14850 469
20190701 1352 14800 14850 14800 14850 184
20190701 1353 14850 14850 14800 14800 192
20190701 1354 14800 14850 14800 14800 564
20190701 1355 14800 14850 14800 14800 184
20190701 1356 14850 14850 14800 14800 100
20190701 1357 14800 14850 14800 14850 624
20190701 1358 14800 14850 14800 14850 883
20190701 1359 14800 14850 14800 14850 1604
20190701 1400 14850 14900 14800 14800 527
20190701 1401 14800 14900 14800 14800 4239
20190701 1402 14800 14900 14800 14850 1412
20190701 1403 14900 14900 14800 14850 1071
20190701 1404 14850 14900 14850 14900 666
20190701 1405 14850 14900 14850 14850 37
20190701 1406 14850 14900 14850 14900 103
20190701 1407 14900 14900 14850 14850 130
20190701 1408 14900 14900 14850 14900 71
20190701 1409 14900 14900 14850 14850 466
20190701 1410 14850 14900 14850 14850 111
20190701 1411 14850 14900 14850 14850 64
20190701 1412 14850 14900 14850 14850 99
20190701 1413 14850 14900 14800 14900 2555
20190701 1414 14950 14950 14800 14900 141
20190701 1415 14850 14900 14800 14800 99
20190701 1416 14850 14850 14800 14800 31
20190701 1417 14800 14900 14800 14900 197
20190701 1418 14900 14900 14850 14850 46
20190701 1419 14850 14900 14850 14900 1051
20190701 1420 14900 14900 14850 14900 99
20190701 1421 14900 14900 14850 14850 154
20190701 1422 14900 14900 14850 14850 97
20190701 1423 14850 14900 14850 14850 48
20190701 1424 14850 14900 14850 14900 110
20190701 1425 14850 14900 14850 14900 219
20190701 1426 14850 14900 14850 14900 113
20190701 1427 14850 14900 14850 14850 48
20190701 1428 14850 14900 14850 14850 141
20190701 1429 14900 14900 14850 14850 92
20190701 1430 14850 14900 14850 14850 56
20190701 1431 14900 14900 14850 14900 104
20190701 1432 14850 14900 14850 14900 615
20190701 1433 14850 14900 14850 14850 88
20190701 1434 14900 14900 14850 14850 72
20190701 1435 14850 14900 14850 14900 274
20190701 1436 14850 14900 14850 14850 664
20190701 1437 14900 14900 14850 14850 104
20190701 1438 14900 14900 14850 14850 1080
20190701 1439 14850 14900 14850 14850 29
20190701 1440 14850 14900 14850 14850 103
20190701 1441 14850 14900 14850 14850 101
20190701 1442 14850 14900 14850 14850 172
20190701 1443 14900 14900 14850 14900 1077
20190701 1444 14850 14850 14800 14850 1873
20190701 1445 14800 14850 14800 14850 1073
20190701 1446 14800 14850 14800 14800 1543
20190701 1447 14800 14850 14800 14800 1564
20190701 1448 14800 14850 14800 14800 2071
20190701 1449 14800 14850 14800 14800 2245
20190701 1450 14850 14850 14750 14800 1954
20190701 1451 14800 14850 14800 14800 1731
20190701 1452 14800 14800 14750 14750 380
20190701 1453 14750 14800 14750 14750 793
20190701 1454 14800 14800 14800 14800 2772
20190701 1455 14750 14800 14750 14750 460
20190701 1456 14750 14800 14750 14750 201
20190701 1457 14800 14800 14750 14800 60
20190701 1458 14800 14800 14750 14750 219
20190701 1459 14750 14800 14700 14750 10814
20190701 1500 14750 14800 14750 14750 476
20190701 1501 14800 14800 14750 14750 615
20190701 1502 14800 14800 14750 14750 962
20190701 1503 14800 14850 14750 14800 1120
20190701 1504 14800 14850 14800 14800 3039
20190701 1505 14750 14800 14750 14750 22
20190701 1506 14800 14850 14800 14850 1740
20190701 1507 14800 14850 14800 14800 27
20190701 1508 14850 14850 14750 14800 6592
20190701 1509 14800 14850 14800 14850 534
20190701 1510 14850 14850 14800 14800 485
20190701 1511 14800 14850 14800 14850 3928
20190701 1512 14850 14900 14850 14850 3978
20190701 1513 14850 14900 14850 14900 6875
20190701 1514 14900 14950 14850 14850 1381
20190701 1515 14900 14900 14850 14900 414
20190701 1516 14900 14900 14850 14850 13
20190701 1517 14850 14900 14850 14900 2260
20190701 1518 14900 14900 14850 14900 1004
20190701 1519 14950 14950 14900 14900 10
20190701 1520 14950 14950 14900 14900 1185
20190701 1530 14900 14900 14900 14900 5258
20190702 901 14850 14850 14800 14800 794
20190702 902 14850 14850 14800 14800 2627
20190702 903 14850 14850 14750 14750 5510
20190702 904 14750 14750 14750 14750 371
20190702 905 14700 14750 14700 14750 9986
20190702 906 14750 14750 14700 14700 1008
20190702 907 14750 14750 14700 14750 212
20190702 908 14750 14750 14750 14750 5
20190702 909 14750 14750 14750 14750 36
20190702 910 14750 14800 14750 14800 874
20190702 911 14750 14800 14750 14800 180
20190702 912 14800 14800 14750 14800 1903
20190702 913 14850 14850 14850 14850 31
20190702 914 14850 14850 14850 14850 5
20190702 915 14850 14850 14850 14850 16
20190702 916 14800 14850 14800 14850 319
20190702 917 14850 14850 14800 14800 31
20190702 919 14850 14850 14800 14850 10
20190702 920 14850 14850 14850 14850 31
20190702 921 14800 14800 14800 14800 100
20190702 922 14850 14850 14800 14850 438
20190702 923 14850 14850 14800 14800 4382
20190702 924 14800 14850 14800 14850 150
20190702 925 14850 14850 14850 14850 230
20190702 926 14850 14850 14850 14850 29
20190702 927 14850 14850 14800 14800 1542
20190702 928 14850 14850 14800 14800 103
20190702 929 14800 14800 14800 14800 31
20190702 930 14800 14800 14800 14800 290
20190702 931 14800 14800 14800 14800 124
20190702 932 14800 14850 14800 14850 322
20190702 933 14850 14850 14800 14800 313
20190702 934 14800 14800 14800 14800 1386
20190702 935 14800 14800 14800 14800 388
20190702 936 14800 14800 14800 14800 127
20190702 937 14800 14800 14800 14800 252
20190702 938 14800 14800 14750 14750 290
20190702 939 14800 14800 14750 14750 129
20190702 940 14750 14750 14750 14750 477
20190702 941 14750 14750 14750 14750 412
20190702 942 14800 14850 14750 14800 1168
20190702 943 14800 14850 14750 14750 980
20190702 944 14750 14750 14750 14750 222
20190702 945 14750 14750 14750 14750 460
20190702 946 14750 14800 14750 14750 224
20190702 947 14750 14750 14750 14750 202
20190702 948 14750 14750 14750 14750 397
20190702 949 14750 14750 14750 14750 165
20190702 950 14750 14800 14750 14800 426
20190702 951 14750 14750 14750 14750 5288
20190702 952 14750 14750 14700 14700 642
20190702 953 14750 14750 14700 14750 376
20190702 954 14750 14750 14750 14750 313
20190702 955 14750 14750 14750 14750 384
20190702 956 14750 14850 14750 14750 5124
20190702 957 14850 14900 14750 14850 121
20190702 958 14900 14900 14850 14850 846
20190702 959 14850 14900 14800 14800 215
20190702 1000 14850 14850 14800 14850 186
20190702 1001 14850 14850 14800 14850 475
20190702 1002 14850 14850 14800 14800 184
20190702 1003 14800 14800 14800 14800 742
20190702 1004 14850 14850 14800 14800 431
20190702 1005 14800 14850 14800 14800 615
20190702 1006 14800 14850 14750 14850 1651
20190702 1007 14750 14850 14750 14800 124
20190702 1008 14800 14800 14800 14800 510
20190702 1009 14800 14800 14750 14750 81
20190702 1010 14750 14850 14750 14750 187
20190702 1011 14750 14800 14750 14750 415
20190702 1012 14750 14800 14750 14750 127
20190702 1013 14750 14800 14750 14750 268
20190702 1014 14750 14750 14750 14750 262
20190702 1015 14800 14800 14750 14750 171
20190702 1016 14750 14800 14750 14750 323
20190702 1017 14800 14850 14750 14800 2154
20190702 1018 14800 14850 14800 14800 470
20190702 1019 14800 14800 14800 14800 113
20190702 1020 14800 14800 14750 14750 190
20190702 1021 14750 14800 14750 14800 645
20190702 1022 14800 14850 14800 14800 200
20190702 1023 14800 14850 14800 14800 345
20190702 1024 14800 14850 14750 14800 305
20190702 1025 14750 14800 14750 14750 210
20190702 1026 14750 14750 14750 14750 237
20190702 1027 14750 14800 14750 14750 337
20190702 1028 14750 14800 14750 14750 1288
20190702 1029 14800 14850 14750 14750 955
20190702 1030 14750 14800 14750 14750 189
20190702 1031 14750 14800 14750 14750 529
20190702 1032 14750 14750 14750 14750 150
20190702 1033 14750 14800 14750 14750 216
20190702 1034 14750 14800 14750 14800 242
20190702 1035 14750 14800 14750 14750 431
20190702 1036 14750 14800 14750 14750 799
20190702 1037 14800 14800 14750 14750 610
20190702 1038 14750 14800 14750 14800 292
20190702 1039 14750 14800 14750 14750 688
20190702 1040 14750 14800 14750 14800 450
20190702 1041 14800 14800 14750 14750 335
20190702 1042 14800 14800 14750 14800 436
20190702 1043 14750 14800 14750 14750 519
20190702 1044 14750 14750 14750 14750 313
20190702 1045 14750 14800 14750 14750 279
20190702 1046 14800 14800 14750 14750 826
20190702 1047 14750 14800 14750 14750 142
20190702 1048 14800 14800 14750 14750 578
20190702 1049 14750 14800 14750 14750 572
20190702 1050 14750 14800 14750 14800 372
20190702 1051 14750 14800 14750 14800 645
20190702 1052 14800 14800 14750 14750 250
20190702 1053 14750 14800 14750 14750 364
20190702 1054 14750 14800 14750 14750 751
20190702 1055 14750 14800 14750 14750 817
20190702 1056 14750 14750 14750 14750 297
20190702 1057 14750 14800 14750 14800 4074
20190702 1058 14800 14850 14750 14850 1268
20190702 1059 14750 14850 14750 14800 391
20190702 1100 14800 14850 14800 14800 707
20190702 1101 14800 14850 14800 14850 3111
20190702 1102 14800 14850 14800 14850 4383
20190702 1103 14850 14850 14800 14850 239
20190702 1104 14800 14800 14800 14800 355
20190702 1105 14800 14900 14800 14800 655
20190702 1106 14800 14850 14800 14850 226
20190702 1107 14800 14900 14800 14850 434
20190702 1108 14850 14900 14850 14850 619
20190702 1109 14850 14850 14850 14850 457
20190702 1110 14850 14850 14850 14850 213
20190702 1111 14850 14900 14850 14850 603
20190702 1112 14900 14900 14850 14900 772
20190702 1113 14850 14900 14850 14850 164
20190702 1114 14850 14900 14850 14850 850
20190702 1115 14850 14850 14850 14850 178
20190702 1116 14850 14850 14800 14800 717
20190702 1117 14800 14800 14800 14800 411
20190702 1118 14800 14850 14800 14850 209
20190702 1119 14800 14850 14800 14800 823
20190702 1120 14800 14850 14800 14800 1815
20190702 1121 14800 14850 14800 14800 128
20190702 1122 14800 14850 14800 14800 834
20190702 1123 14800 14800 14750 14750 340
20190702 1124 14750 14850 14750 14800 504
20190702 1125 14800 14850 14750 14800 488
20190702 1126 14800 14800 14750 14750 339
20190702 1127 14750 14800 14750 14800 584
20190702 1128 14850 14850 14800 14800 497
20190702 1129 14800 14800 14750 14750 388
20190702 1130 14750 14850 14750 14800 710
20190702 1131 14800 14850 14800 14800 687
20190702 1132 14800 14850 14750 14800 389
20190702 1133 14750 14800 14750 14800 368
20190702 1134 14800 14850 14800 14850 199
20190702 1135 14800 14800 14750 14750 206
20190702 1136 14800 14850 14750 14800 623
20190702 1137 14750 14800 14750 14750 337
20190702 1138 14750 14800 14750 14750 112
20190702 1139 14750 14800 14750 14750 592
20190702 1140 14750 14800 14750 14750 307
20190702 1141 14750 14800 14750 14750 1121
20190702 1142 14800 14850 14800 14850 372
20190702 1143 14800 14850 14800 14800 287
20190702 1144 14850 14850 14800 14850 587
20190702 1145 14850 14850 14750 14750 377
20190702 1146 14750 14800 14750 14800 143
20190702 1147 14750 14800 14750 14800 808
20190702 1148 14750 14750 14750 14750 198
20190702 1149 14750 14800 14750 14750 214
20190702 1150 14750 14800 14750 14750 716
20190702 1151 14750 14800 14750 14800 173
20190702 1152 14750 14800 14750 14750 384
20190702 1153 14750 14800 14750 14800 554
20190702 1154 14750 14800 14750 14750 203
20190702 1155 14750 14800 14750 14750 537
20190702 1156 14800 14800 14750 14750 563
20190702 1157 14750 14800 14750 14750 363
20190702 1158 14750 14800 14750 14800 623
20190702 1159 14800 14800 14750 14750 105
20190702 1200 14750 14800 14750 14750 406
20190702 1201 14750 14850 14750 14850 362
20190702 1202 14850 14850 14800 14800 71
20190702 1203 14800 14800 14750 14750 347
20190702 1204 14750 14800 14750 14800 349
20190702 1205 14800 14800 14800 14800 123
20190702 1206 14800 14800 14750 14750 286
20190702 1207 14750 14850 14750 14800 337
20190702 1208 14800 14850 14750 14800 393
20190702 1209 14750 14750 14750 14750 275
20190702 1210 14750 14800 14750 14800 378
20190702 1211 14800 14850 14750 14750 232
20190702 1212 14800 14800 14750 14800 332
20190702 1213 14800 14850 14800 14800 243
20190702 1214 14850 14850 14750 14750 208
20190702 1215 14750 14800 14750 14800 332
20190702 1216 14800 14850 14800 14800 130
20190702 1217 14800 14800 14750 14750 265
20190702 1218 14750 14800 14750 14800 521
20190702 1219 14800 14850 14750 14850 327
20190702 1220 14850 14850 14750 14750 450
20190702 1221 14750 14850 14750 14800 188
20190702 1222 14800 14800 14750 14750 488
20190702 1223 14750 14750 14750 14750 165
20190702 1224 14750 14850 14750 14800 330
20190702 1225 14800 14800 14750 14750 247
20190702 1226 14750 14800 14750 14800 337
20190702 1227 14800 14850 14750 14750 339
20190702 1228 14800 14800 14750 14750 202
20190702 1229 14750 14800 14750 14800 361
20190702 1230 14800 14800 14750 14800 916
20190702 1231 14750 14800 14750 14750 177
20190702 1232 14750 14800 14750 14800 524
20190702 1233 14750 14800 14750 14750 240
20190702 1234 14750 14800 14750 14800 188
20190702 1235 14750 14800 14750 14800 377
20190702 1236 14800 14850 14750 14750 190
20190702 1237 14750 14800 14750 14750 225
20190702 1238 14800 14850 14800 14850 364
20190702 1239 14850 14850 14750 14750 216
20190702 1240 14800 14800 14750 14750 795
20190702 1241 14750 14800 14750 14750 158
20190702 1242 14750 14850 14750 14800 451
20190702 1243 14800 14850 14800 14800 431
20190702 1244 14800 14850 14750 14800 354
20190702 1245 14850 14850 14750 14750 117
20190702 1246 14750 14800 14750 14750 477
20190702 1247 14750 14800 14750 14750 284
20190702 1248 14750 14750 14750 14750 410
20190702 1249 14750 14800 14750 14800 348
20190702 1250 14800 14850 14800 14850 431
20190702 1251 14800 14850 14800 14800 344
20190702 1252 14800 14850 14800 14800 466
20190702 1253 14850 14850 14800 14800 226
20190702 1254 14800 14850 14800 14850 519
20190702 1255 14850 14850 14800 14800 228
20190702 1256 14800 14800 14800 14800 255
20190702 1257 14850 14850 14800 14850 499
20190702 1258 14850 14850 14800 14800 226
20190702 1259 14800 14800 14800 14800 199
20190702 1300 14800 14850 14800 14800 498
20190702 1301 14800 14800 14750 14800 1644
20190702 1302 14750 14800 14750 14750 233
20190702 1303 14750 14850 14750 14800 803
20190702 1304 14800 14800 14750 14750 347
20190702 1305 14750 14800 14750 14750 205
20190702 1306 14800 14800 14800 14800 363
20190702 1307 14800 14800 14800 14800 198
20190702 1308 14800 14850 14800 14850 493
20190702 1309 14850 14850 14800 14800 105
20190702 1310 14800 14850 14750 14850 1612
20190702 1311 14800 14850 14800 14800 1129
20190702 1312 14850 14850 14800 14800 2507
20190702 1313 14800 14850 14800 14850 2889
20190702 1314 14800 14850 14800 14800 1361
20190702 1315 14850 14900 14800 14850 565
20190702 1316 14800 14900 14800 14900 586
20190702 1317 14800 14900 14800 14850 1979
20190702 1318 14850 14900 14850 14900 1721
20190702 1319 14900 14900 14850 14900 1636
20190702 1320 14900 14900 14850 14850 2119
20190702 1321 14850 14900 14850 14900 2438
20190702 1322 14850 14950 14850 14950 951
20190702 1323 14900 14900 14850 14850 194
20190702 1324 14850 14900 14800 14850 353
20190702 1325 14850 14900 14850 14850 423
20190702 1326 14850 14850 14800 14850 199
20190702 1327 14850 14900 14850 14850 221
20190702 1328 14900 14900 14800 14850 630
20190702 1329 14850 14900 14850 14850 511
20190702 1330 14850 14900 14850 14850 131
20190702 1331 14850 14900 14800 14800 609
20190702 1332 14850 14850 14800 14800 229
20190702 1333 14800 14850 14800 14850 51
20190702 1334 14800 14850 14800 14800 679
20190702 1335 14800 14850 14800 14800 357
20190702 1336 14800 14850 14800 14850 707
20190702 1337 14800 14850 14800 14800 340
20190702 1338 14800 14800 14800 14800 392
20190702 1339 14800 14900 14800 14850 813
20190702 1340 14850 14900 14850 14850 405
20190702 1341 14850 14850 14850 14850 293
20190702 1342 14850 14900 14850 14850 552
20190702 1343 14850 14850 14850 14850 296
20190702 1344 14850 14850 14850 14850 311
20190702 1345 14850 14900 14850 14850 799
20190702 1346 14850 14900 14850 14850 200
20190702 1347 14850 14900 14850 14850 841
20190702 1348 14850 14850 14850 14850 394
20190702 1349 14850 14850 14850 14850 370
20190702 1350 14850 14850 14800 14800 526
20190702 1351 14800 14850 14800 14800 579
20190702 1352 14800 14850 14800 14850 281
20190702 1353 14850 14850 14800 14850 634
20190702 1354 14800 14850 14800 14800 379
20190702 1355 14800 14850 14800 14800 340
20190702 1356 14800 14850 14800 14850 735
20190702 1357 14850 14850 14800 14850 300
20190702 1358 14850 14900 14800 14850 597
20190702 1359 14800 14850 14800 14850 531
20190702 1400 14850 14900 14850 14900 305
20190702 1401 14850 14850 14800 14800 413
20190702 1402 14800 14850 14800 14800 529
20190702 1403 14800 14850 14800 14850 340
20190702 1404 14800 14850 14800 14800 174
20190702 1405 14850 14900 14850 14900 498
20190702 1406 14850 14850 14850 14850 281
20190702 1407 14850 14900 14850 14900 855
20190702 1408 14850 14900 14850 14850 508
20190702 1409 14850 14850 14800 14850 728
20190702 1410 14850 14900 14850 14850 771
20190702 1411 14900 14900 14850 14850 456
20190702 1412 14850 14850 14800 14800 562
20190702 1413 14800 14850 14800 14800 744
20190702 1414 14800 14850 14800 14800 561
20190702 1415 14800 14850 14800 14800 354
20190702 1416 14800 14850 14800 14850 819
20190702 1417 14850 14850 14800 14800 703
20190702 1418 14800 14850 14800 14800 477
20190702 1419 14800 14850 14800 14800 1178
20190702 1420 14800 14800 14800 14800 815
20190702 1421 14800 14850 14800 14850 427
20190702 1422 14850 14850 14800 14800 1003
20190702 1423 14850 14850 14800 14800 451
20190702 1424 14850 14850 14800 14800 893
20190702 1425 14800 14800 14800 14800 608
20190702 1426 14800 14850 14800 14800 454
20190702 1427 14800 14850 14750 14800 1337
20190702 1428 14750 14850 14750 14800 523
20190702 1429 14800 14850 14750 14750 547
20190702 1430 14750 14800 14750 14750 780
20190702 1431 14800 14800 14750 14750 456
20190702 1432 14750 14800 14750 14800 945
20190702 1433 14800 14850 14800 14800 688
20190702 1434 14800 14800 14750 14750 524
20190702 1435 14750 14800 14750 14750 349
20190702 1436 14750 14800 14750 14750 733
20190702 1437 14800 14800 14750 14750 296
20190702 1438 14750 14800 14750 14750 568
20190702 1439 14750 14800 14750 14800 810
20190702 1440 14750 14750 14750 14750 328
20190702 1441 14750 14850 14750 14850 3535
20190702 1442 14800 14900 14800 14800 1601
20190702 1443 14800 14800 14800 14800 432
20190702 1444 14800 14900 14800 14850 1258
20190702 1445 14850 14850 14850 14850 411
20190702 1446 14850 14850 14850 14850 851
20190702 1447 14850 14900 14800 14800 1887
20190702 1448 14800 14850 14800 14800 532
20190702 1449 14800 14800 14800 14800 647
20190702 1450 14800 14850 14800 14800 760
20190702 1451 14800 14850 14800 14850 566
20190702 1452 14850 14850 14800 14850 819
20190702 1453 14800 14850 14800 14800 525
20190702 1454 14800 14850 14800 14800 577
20190702 1455 14800 14850 14800 14800 781
20190702 1456 14800 14850 14800 14800 693
20190702 1457 14800 14850 14800 14850 537
20190702 1458 14800 14850 14800 14800 872
20190702 1459 14800 14800 14800 14800 485
20190702 1500 14800 14850 14800 14800 650
20190702 1501 14800 14850 14800 14800 1139
20190702 1502 14800 14850 14800 14850 170
20190702 1503 14800 14800 14800 14800 167
20190702 1504 14850 14850 14800 14800 746
20190702 1505 14800 14800 14800 14800 318
20190702 1506 14800 14850 14800 14800 125
20190702 1507 14800 14850 14800 14800 1956
20190702 1508 14800 14800 14800 14800 1299
20190702 1509 14850 14900 14800 14900 1587
20190702 1510 14850 14850 14850 14850 421
20190702 1511 14900 14900 14900 14900 234
20190702 1512 14850 14900 14850 14900 1031
20190702 1513 14900 14900 14850 14900 1807
20190702 1514 14900 14900 14850 14850 531
20190702 1515 14850 14900 14850 14850 473
20190702 1516 14900 14900 14850 14850 1184
20190702 1517 14850 14900 14850 14900 1190
20190702 1518 14900 14950 14900 14900 812
20190702 1519 14950 14950 14900 14950 1511
20190702 1520 14950 14950 14900 14950 4523
20190702 1530 14900 14900 14900 14900 3372
20190703 901 14900 14900 14900 14900 1297
20190703 902 14950 14950 14900 14900 181
20190703 903 14950 14950 14800 14800 287
20190703 904 14800 14800 14800 14800 121
20190703 905 14850 14850 14850 14850 44
20190703 906 14800 14850 14800 14850 678
20190703 907 14800 14850 14800 14850 522
20190703 908 14850 14850 14800 14850 52
20190703 910 14850 14850 14800 14800 64
20190703 911 14800 14850 14800 14850 3576
20190703 912 14800 14800 14800 14800 419
20190703 913 14750 14800 14750 14800 6268
20190703 914 14800 14800 14800 14800 125
20190703 915 14800 14800 14750 14800 486
20190703 916 14850 14850 14750 14800 663
20190703 917 14800 14800 14800 14800 820
20190703 918 14800 14800 14800 14800 46
20190703 919 14800 14800 14750 14750 100
20190703 920 14750 14800 14750 14800 106
20190703 921 14750 14750 14750 14750 200
20190703 922 14750 14800 14750 14800 33
20190703 923 14750 14750 14750 14750 39
20190703 924 14750 14800 14750 14800 179
20190703 925 14800 14800 14750 14800 258
20190703 926 14800 14800 14800 14800 79
20190703 927 14800 14800 14750 14800 86
20190703 928 14750 14800 14750 14800 54
20190703 929 14800 14800 14800 14800 243
20190703 930 14800 14800 14800 14800 21
20190703 931 14750 14750 14750 14750 16308
20190703 932 14750 14750 14750 14750 10017
20190703 933 14750 14800 14750 14800 483
20190703 934 14750 14800 14750 14750 27
20190703 935 14750 14800 14750 14750 363
20190703 936 14800 14800 14750 14800 28
20190703 937 14750 14800 14750 14750 200
20190703 938 14800 14800 14800 14800 356
20190703 939 14750 14750 14700 14700 1666
20190703 940 14750 14750 14700 14750 38
20190703 941 14750 14800 14700 14800 4913
20190703 942 14800 14800 14750 14750 40
20190703 943 14800 14800 14750 14800 5866
20190703 944 14850 14850 14800 14800 138
20190703 945 14800 14850 14800 14800 2795
20190703 946 14850 14850 14800 14850 2326
20190703 947 14850 14850 14750 14800 1008
20190703 948 14800 14800 14750 14800 253
20190703 949 14800 14800 14750 14750 577
20190703 950 14800 14800 14750 14750 212
20190703 951 14800 14800 14750 14800 30
20190703 952 14750 14800 14750 14800 178
20190703 953 14800 14800 14750 14750 223
20190703 954 14800 14800 14750 14750 209
20190703 955 14800 14800 14800 14800 38
20190703 956 14800 14800 14750 14800 210
20190703 957 14750 14800 14750 14800 186
20190703 958 14800 14800 14700 14700 1889
20190703 959 14750 14750 14700 14750 33
20190703 1000 14750 14750 14700 14750 275
20190703 1001 14700 14750 14700 14750 4056
20190703 1002 14700 14700 14700 14700 7660
20190703 1003 14700 14750 14700 14700 2020
20190703 1004 14700 14700 14650 14700 3121
20190703 1005 14750 14850 14700 14850 7794
20190703 1006 14750 14850 14750 14800 7300
20190703 1007 14850 14900 14750 14750 5463
20190703 1008 14800 14900 14800 14850 7551
20190703 1009 14850 14900 14800 14900 5533
20190703 1010 14950 14950 14850 14850 938
20190703 1011 14850 14900 14850 14900 49
20190703 1012 14850 14850 14800 14800 172
20190703 1013 14850 14850 14800 14800 311
20190703 1014 14800 14850 14800 14800 225
20190703 1015 14800 14850 14800 14850 254
20190703 1016 14800 14800 14800 14800 77
20190703 1017 14800 14850 14800 14800 246
20190703 1018 14800 14850 14800 14850 251
20190703 1019 14800 14800 14750 14750 4389
20190703 1020 14750 14800 14750 14800 100
20190703 1021 14750 14800 14750 14800 242
20190703 1022 14750 14750 14750 14750 182
20190703 1023 14750 14800 14700 14700 34304
20190703 1024 14700 14750 14700 14700 1941
20190703 1025 14650 14700 14650 14650 539
20190703 1026 14650 14700 14650 14700 103
20190703 1027 14650 14750 14650 14750 621
20190703 1028 14700 14750 14700 14700 139
20190703 1029 14700 14750 14700 14700 203
20190703 1030 14700 14800 14700 14800 3365
20190703 1031 14800 14850 14750 14750 7770
20190703 1032 14800 14850 14750 14750 10018
20190703 1033 14800 14850 14800 14850 499
20190703 1034 14800 14900 14800 14900 1859
20190703 1035 14850 14900 14800 14850 208
20190703 1036 14850 14850 14800 14850 97
20190703 1037 14800 14800 14800 14800 366
20190703 1038 14800 14850 14800 14800 513
20190703 1039 14800 14850 14800 14800 338
20190703 1040 14800 14800 14750 14800 291
20190703 1041 14750 14800 14750 14750 53
20190703 1042 14750 14800 14750 14750 1563
20190703 1043 14750 14800 14750 14800 244
20190703 1044 14750 14800 14750 14750 328
20190703 1045 14750 14800 14750 14750 131
20190703 1046 14800 14800 14750 14800 237
20190703 1047 14750 14800 14750 14750 329
20190703 1048 14750 14800 14750 14750 306
20190703 1049 14750 14750 14700 14700 1118
20190703 1050 14700 14750 14700 14700 735
20190703 1051 14750 14750 14700 14750 547
20190703 1052 14700 14750 14700 14700 226
20190703 1053 14700 14750 14700 14700 598
20190703 1054 14700 14750 14700 14700 1288
20190703 1055 14700 14750 14700 14700 220
20190703 1056 14750 14750 14700 14700 353
20190703 1057 14700 14750 14700 14750 164
20190703 1058 14700 14750 14700 14700 207
20190703 1059 14750 14750 14700 14700 291
20190703 1100 14700 14750 14700 14750 575
20190703 1101 14700 14750 14700 14700 202
20190703 1102 14700 14750 14700 14700 196
20190703 1103 14700 14750 14700 14700 390
20190703 1104 14750 14750 14700 14700 626
20190703 1105 14750 14750 14700 14700 274
20190703 1106 14750 14750 14700 14700 123
20190703 1107 14700 14750 14700 14750 332
20190703 1108 14750 14750 14700 14700 300
20190703 1109 14700 14750 14700 14700 259
20190703 1110 14700 14750 14700 14700 31
20190703 1111 14750 14750 14700 14700 331
20190703 1112 14700 14750 14700 14700 241
20190703 1113 14750 14750 14700 14700 320
20190703 1114 14750 14750 14700 14700 213
20190703 1115 14700 14750 14700 14700 12689
20190703 1116 14650 14700 14650 14650 252
20190703 1117 14650 14700 14650 14700 307
20190703 1118 14700 14700 14650 14700 651
20190703 1119 14650 14700 14650 14700 475
20190703 1120 14700 14750 14650 14700 215
20190703 1121 14650 14750 14650 14700 550
20190703 1122 14700 14750 14700 14700 150
20190703 1123 14700 14750 14700 14700 320
20190703 1124 14750 14750 14700 14750 210
20190703 1125 14700 14750 14700 14700 606
20190703 1126 14700 14750 14700 14700 339
20190703 1127 14700 14750 14700 14700 27
20190703 1128 14750 14750 14700 14700 293
20190703 1129 14750 14750 14700 14700 248
20190703 1130 14750 14750 14700 14700 297
20190703 1131 14750 14750 14700 14700 115
20190703 1132 14700 14750 14700 14700 211
20190703 1133 14700 14750 14700 14750 1256
20190703 1134 14700 14700 14700 14700 268
20190703 1135 14750 14750 14700 14700 102
20190703 1136 14700 14750 14700 14700 342
20190703 1137 14700 14700 14700 14700 416
20190703 1138 14700 14750 14700 14700 261
20190703 1139 14700 14750 14700 14700 215
20190703 1140 14700 14700 14700 14700 383
20190703 1141 14750 14750 14700 14700 339
20190703 1142 14700 14750 14700 14700 323
20190703 1143 14700 14750 14700 14700 1204
20190703 1144 14700 14750 14700 14700 387
20190703 1145 14700 14700 14700 14700 411
20190703 1146 14650 14700 14650 14650 295
20190703 1147 14700 14700 14650 14650 247
20190703 1148 14650 14700 14650 14650 210
20190703 1149 14650 14650 14650 14650 282
20190703 1150 14650 14700 14650 14650 212
20190703 1151 14650 14700 14650 14650 246
20190703 1152 14650 14650 14650 14650 123
20190703 1153 14700 14700 14650 14650 321
20190703 1154 14700 14700 14650 14650 220
20190703 1155 14650 14650 14650 14650 234
20190703 1156 14650 14700 14650 14700 105
20190703 1157 14650 14700 14650 14650 242
20190703 1158 14650 14650 14650 14650 282
20190703 1159 14700 14700 14650 14650 539
20190703 1200 14650 14700 14650 14650 472
20190703 1201 14650 14700 14650 14650 1826
20190703 1202 14650 14700 14650 14700 287
20190703 1203 14650 14700 14650 14650 218
20190703 1204 14700 14700 14650 14650 102
20190703 1205 14650 14700 14650 14700 687
20190703 1206 14650 14700 14650 14650 1370
20190703 1207 14650 14650 14650 14650 191
20190703 1208 14650 14700 14650 14700 567
20190703 1209 14700 14750 14650 14650 364
20190703 1210 14650 14650 14650 14650 166
20190703 1211 14650 14700 14650 14650 349
20190703 1212 14650 14700 14650 14650 234
20190703 1213 14650 14700 14650 14700 68
20190703 1214 14700 14700 14650 14650 215
20190703 1215 14650 14700 14650 14700 4902
20190703 1216 14650 14700 14650 14650 1550
20190703 1217 14700 14750 14650 14700 883
20190703 1218 14750 14750 14700 14700 3216
20190703 1219 14700 14750 14700 14700 226
20190703 1220 14700 14700 14700 14700 215
20190703 1221 14700 14750 14700 14700 1108
20190703 1222 14700 14700 14700 14700 576
20190703 1223 14700 14700 14700 14700 220
20190703 1224 14700 14750 14700 14700 264
20190703 1225 14700 14700 14700 14700 23
20190703 1226 14700 14750 14700 14700 233
20190703 1227 14700 14700 14700 14700 264
20190703 1228 14700 14700 14700 14700 300
20190703 1229 14700 14750 14700 14750 41
20190703 1230 14700 14700 14700 14700 247
20190703 1231 14700 14750 14700 14750 222
20190703 1232 14700 14750 14700 14700 256
20190703 1233 14700 14700 14700 14700 108
20190703 1234 14650 14700 14650 14650 212
20190703 1235 14650 14650 14650 14650 180
20190703 1236 14650 14700 14650 14700 353
20190703 1237 14650 14650 14650 14650 179
20190703 1238 14650 14750 14650 14750 4085
20190703 1239 14700 14800 14700 14700 2884
20190703 1240 14700 14750 14650 14750 772
20190703 1241 14700 14800 14700 14800 3274
20190703 1242 14700 14800 14700 14800 2510
20190703 1243 14750 14800 14700 14800 1755
20190703 1244 14750 14800 14700 14800 2583
20190703 1245 14800 14800 14700 14800 2137
20190703 1246 14750 14800 14750 14800 944
20190703 1247 14750 14750 14700 14700 152
20190703 1248 14700 14700 14700 14700 180
20190703 1249 14700 14750 14700 14700 235
20190703 1250 14700 14700 14700 14700 293
20190703 1251 14700 14750 14700 14700 321
20190703 1252 14700 14700 14700 14700 179
20190703 1253 14700 14700 14650 14650 1265
20190703 1254 14700 14700 14650 14650 44
20190703 1255 14650 14700 14650 14700 191
20190703 1256 14650 14700 14650 14700 199
20190703 1257 14650 14650 14650 14650 331
20190703 1258 14650 14650 14650 14650 372
20190703 1259 14650 14700 14650 14650 54
20190703 1300 14650 14650 14650 14650 321
20190703 1301 14650 14650 14600 14600 5722
20190703 1302 14650 14650 14600 14600 630
20190703 1303 14600 14600 14600 14600 236
20190703 1304 14650 14650 14600 14650 218
20190703 1305 14600 14600 14600 14600 249
20190703 1306 14600 14600 14600 14600 873
20190703 1307 14650 14650 14600 14600 159
20190703 1308 14600 14600 14600 14600 2970
20190703 1309 14600 14600 14550 14550 13790
20190703 1310 14550 14600 14550 14600 154
20190703 1311 14600 14600 14550 14550 577
20190703 1312 14550 14600 14550 14550 746
20190703 1313 14600 14600 14550 14550 3664
20190703 1314 14550 14550 14500 14500 1515
20190703 1315 14500 14550 14500 14500 3586
20190703 1316 14500 14550 14500 14550 13508
20190703 1317 14550 14550 14500 14500 398
20190703 1318 14500 14500 14500 14500 13
20190703 1319 14500 14550 14500 14500 7749
20190703 1320 14500 14500 14500 14500 225
20190703 1321 14550 14550 14550 14550 1160
20190703 1322 14500 14550 14500 14550 113
20190703 1323 14550 14550 14500 14550 57
20190703 1324 14500 14550 14500 14550 692
20190703 1325 14600 14600 14550 14550 134
20190703 1326 14600 14600 14550 14550 1144
20190703 1327 14600 14600 14550 14550 55
20190703 1328 14550 14600 14550 14600 65
20190703 1329 14550 14600 14550 14600 103
20190703 1330 14600 14600 14550 14550 619
20190703 1331 14550 14600 14550 14550 275
20190703 1332 14550 14600 14550 14550 109
20190703 1333 14550 14550 14550 14550 23
20190703 1334 14550 14600 14500 14500 1167
20190703 1335 14500 14550 14500 14500 703
20190703 1336 14500 14550 14500 14500 257
20190703 1337 14500 14550 14500 14550 158
20190703 1338 14500 14500 14500 14500 111
20190703 1339 14550 14600 14500 14600 7652
20190703 1340 14550 14650 14550 14550 4649
20190703 1341 14550 14600 14550 14550 1625
20190703 1342 14550 14600 14550 14550 42
20190703 1343 14550 14600 14550 14550 907
20190703 1344 14550 14600 14550 14600 54
20190703 1345 14600 14600 14550 14550 119
20190703 1346 14550 14600 14550 14600 82
20190703 1347 14600 14600 14550 14550 63
20190703 1348 14550 14600 14550 14550 1064
20190703 1349 14550 14600 14550 14550 695
20190703 1350 14550 14600 14550 14600 63
20190703 1351 14550 14600 14550 14600 120
20190703 1352 14550 14600 14550 14600 419
20190703 1353 14550 14600 14550 14600 3089
20190703 1354 14600 14600 14550 14550 216
20190703 1355 14550 14550 14500 14550 375
20190703 1356 14550 14550 14500 14550 178
20190703 1357 14500 14550 14500 14500 764
20190703 1358 14550 14550 14500 14500 614
20190703 1359 14550 14550 14500 14550 94
20190703 1400 14500 14550 14500 14550 229
20190703 1401 14550 14550 14500 14550 54
20190703 1402 14550 14550 14500 14550 97
20190703 1403 14500 14550 14500 14500 109
20190703 1404 14500 14550 14500 14550 66
20190703 1405 14500 14550 14500 14500 426
20190703 1406 14500 14550 14500 14550 279
20190703 1407 14500 14550 14500 14550 122
20190703 1408 14550 14550 14500 14500 1190
20190703 1409 14500 14550 14500 14550 73
20190703 1410 14550 14550 14500 14500 145
20190703 1411 14550 14550 14500 14500 219
20190703 1412 14550 14550 14500 14550 211
20190703 1413 14550 14550 14550 14550 59
20190703 1414 14500 14550 14500 14550 257
20190703 1415 14550 14550 14500 14550 111
20190703 1416 14500 14550 14500 14500 124
20190703 1417 14500 14550 14500 14500 312
20190703 1418 14500 14600 14500 14550 3146
20190703 1419 14550 14600 14550 14600 179
20190703 1420 14550 14600 14550 14550 456
20190703 1421 14600 14600 14550 14550 167
20190703 1422 14600 14600 14550 14600 182
20190703 1423 14550 14600 14550 14600 181
20190703 1424 14600 14600 14550 14550 282
20190703 1425 14600 14600 14550 14600 1165
20190703 1426 14600 14600 14500 14600 4613
20190703 1427 14550 14600 14500 14550 1352
20190703 1428 14600 14600 14500 14600 5020
20190703 1429 14500 14600 14500 14600 3701
20190703 1430 14600 14600 14500 14550 239
20190703 1431 14550 14600 14550 14600 50
20190703 1432 14600 14600 14550 14600 143
20190703 1433 14550 14600 14550 14550 69
20190703 1434 14550 14600 14550 14550 245
20190703 1435 14550 14600 14550 14550 221
20190703 1436 14550 14650 14550 14550 1514
20190703 1437 14550 14600 14500 14550 928
20190703 1438 14550 14550 14500 14550 62
20190703 1439 14550 14550 14500 14500 72
20190703 1440 14550 14600 14500 14500 177
20190703 1441 14550 14550 14500 14500 85
20190703 1442 14550 14550 14500 14500 100
20190703 1443 14500 14600 14500 14550 164
20190703 1444 14550 14600 14550 14550 370
20190703 1445 14600 14600 14550 14600 3396
20190703 1446 14600 14650 14600 14600 535
20190703 1447 14650 14650 14600 14600 84
20190703 1448 14600 14650 14600 14650 1419
20190703 1449 14650 14650 14550 14550 970
20190703 1450 14600 14600 14550 14550 102
20190703 1451 14550 14600 14550 14550 150
20190703 1452 14550 14600 14550 14550 259
20190703 1453 14550 14650 14550 14600 2277
20190703 1454 14600 14600 14550 14550 59
20190703 1455 14550 14650 14550 14550 1091
20190703 1456 14550 14650 14550 14650 1770
20190703 1457 14650 14650 14600 14600 1473
20190703 1458 14600 14650 14550 14550 2158
20190703 1459 14600 14650 14550 14550 942
20190703 1500 14550 14650 14550 14600 2004
20190703 1501 14600 14700 14600 14700 2269
20190703 1502 14700 14700 14650 14700 1949
20190703 1503 14700 14700 14600 14650 1863
20190703 1504 14650 14700 14650 14700 1665
20190703 1505 14700 14700 14650 14700 2312
20190703 1506 14700 14700 14600 14650 1201
20190703 1507 14650 14700 14600 14600 1784
20190703 1508 14650 14650 14600 14650 1764
20190703 1509 14600 14650 14550 14650 4321
20190703 1510 14650 14700 14600 14700 1890
20190703 1511 14700 14750 14650 14750 3273
20190703 1512 14750 14750 14750 14750 1786
20190703 1513 14700 14700 14650 14700 2480
20190703 1514 14700 14750 14650 14700 840
20190703 1515 14700 14700 14650 14700 2624
20190703 1516 14700 14700 14700 14700 4511
20190703 1517 14700 14700 14650 14700 1328
20190703 1518 14700 14700 14650 14700 1924
20190703 1519 14700 14700 14650 14700 5154
20190703 1520 14700 14750 14650 14750 7450
20190703 1530 14750 14750 14750 14750 11543
20190704 901 14750 14750 14750 14750 1117
20190704 902 14750 14750 14750 14750 1
20190704 903 14750 14750 14750 14750 60
20190704 904 14750 14750 14750 14750 4
20190704 907 14750 14750 14750 14750 50
20190704 908 14750 14750 14750 14750 4
20190704 909 14700 14700 14700 14700 5
20190704 910 14700 14700 14700 14700 1393
20190704 911 14700 14700 14650 14650 126
20190704 912 14650 14650 14650 14650 56
20190704 913 14650 14650 14650 14650 2656
20190704 914 14650 14650 14600 14650 539
20190704 915 14650 14650 14650 14650 284
20190704 916 14650 14650 14650 14650 111
20190704 917 14600 14650 14600 14650 265
20190704 918 14600 14650 14600 14650 771
20190704 919 14650 14650 14600 14600 223
20190704 920 14600 14600 14600 14600 56
20190704 921 14600 14650 14600 14600 242
20190704 922 14600 14600 14600 14600 742
20190704 924 14600 14650 14600 14600 292
20190704 925 14600 14600 14600 14600 2470
20190704 926 14600 14600 14550 14550 335
20190704 927 14550 14550 14550 14550 166
20190704 928 14550 14600 14550 14600 471
20190704 929 14600 14600 14600 14600 252
20190704 930 14600 14600 14600 14600 258
20190704 931 14600 14600 14600 14600 185
20190704 932 14550 14550 14550 14550 56
20190704 933 14550 14550 14550 14550 56
20190704 934 14550 14600 14550 14550 145
20190704 935 14550 14600 14550 14550 3947
20190704 936 14550 14600 14550 14600 413
20190704 937 14550 14600 14550 14550 116
20190704 938 14600 14600 14550 14550 578
20190704 939 14550 14600 14550 14550 1745
20190704 940 14550 14600 14500 14500 441
20190704 941 14500 14550 14500 14550 1375
20190704 942 14550 14600 14550 14550 237
20190704 943 14550 14600 14550 14600 487
20190704 944 14600 14650 14600 14600 768
20190704 945 14550 14600 14550 14550 1563
20190704 946 14600 14600 14550 14550 97
20190704 947 14550 14600 14550 14600 372
20190704 948 14600 14600 14550 14550 101
20190704 949 14600 14600 14550 14550 227
20190704 950 14550 14600 14550 14600 14
20190704 951 14550 14600 14550 14550 266
20190704 952 14550 14600 14550 14550 279
20190704 953 14550 14600 14550 14550 288
20190704 954 14550 14600 14550 14550 148
20190704 955 14600 14600 14550 14550 156
20190704 956 14550 14600 14550 14550 497
20190704 957 14550 14600 14550 14550 97
20190704 958 14550 14550 14550 14550 74
20190704 959 14550 14600 14550 14550 250
20190704 1000 14600 14600 14550 14550 338
20190704 1001 14550 14600 14550 14550 87
20190704 1002 14550 14600 14550 14550 77
20190704 1003 14550 14600 14550 14550 267
20190704 1004 14550 14600 14550 14550 297
20190704 1005 14550 14600 14550 14550 79
20190704 1006 14550 14600 14550 14550 317
20190704 1007 14600 14600 14550 14600 96
20190704 1008 14550 14600 14550 14550 378
20190704 1009 14600 14600 14550 14550 150
20190704 1010 14600 14600 14550 14550 638
20190704 1011 14550 14600 14550 14550 40
20190704 1012 14550 14600 14550 14550 337
20190704 1013 14550 14600 14550 14550 260
20190704 1014 14550 14600 14550 14550 97
20190704 1015 14550 14600 14550 14550 83
20190704 1016 14550 14600 14550 14550 325
20190704 1017 14550 14550 14500 14500 992
20190704 1018 14500 14550 14500 14550 1000
20190704 1019 14500 14550 14500 14500 8848
20190704 1020 14550 14550 14450 14450 3191
20190704 1021 14500 14500 14500 14500 3132
20190704 1022 14500 14550 14500 14500 521
20190704 1023 14500 14550 14500 14500 4715
20190704 1024 14500 14550 14500 14500 267
20190704 1025 14500 14550 14450 14500 1713
20190704 1026 14500 14500 14450 14500 708
20190704 1027 14500 14550 14500 14500 601
20190704 1028 14500 14550 14500 14500 372
20190704 1029 14500 14500 14450 14450 384
20190704 1030 14500 14500 14450 14500 210
20190704 1031 14500 14500 14450 14450 165
20190704 1032 14450 14500 14450 14500 122
20190704 1033 14450 14450 14450 14450 313
20190704 1034 14500 14500 14450 14450 788
20190704 1035 14450 14550 14450 14500 2610
20190704 1036 14500 14500 14450 14500 153
20190704 1037 14550 14550 14500 14500 252
20190704 1038 14450 14500 14450 14450 130
20190704 1039 14500 14500 14450 14450 177
20190704 1040 14450 14500 14450 14450 655
20190704 1041 14450 14500 14450 14500 1026
20190704 1042 14450 14500 14450 14450 777
20190704 1043 14450 14600 14450 14600 4048
20190704 1044 14550 14600 14500 14550 2461
20190704 1045 14550 14600 14550 14550 1909
20190704 1046 14550 14600 14500 14500 661
20190704 1047 14500 14550 14500 14500 362
20190704 1048 14500 14550 14500 14500 407
20190704 1049 14500 14550 14500 14500 377
20190704 1050 14500 14550 14500 14500 547
20190704 1051 14500 14500 14500 14500 174
20190704 1052 14500 14550 14500 14500 245
20190704 1053 14500 14550 14500 14550 205
20190704 1054 14500 14500 14500 14500 295
20190704 1055 14500 14550 14500 14500 112
20190704 1056 14500 14550 14500 14550 900
20190704 1057 14500 14500 14500 14500 129
20190704 1058 14500 14550 14500 14500 376
20190704 1059 14500 14550 14500 14500 218
20190704 1100 14550 14550 14500 14500 158
20190704 1101 14500 14550 14500 14500 130
20190704 1102 14500 14500 14500 14500 412
20190704 1103 14550 14550 14450 14450 2088
20190704 1104 14450 14500 14450 14450 30
20190704 1105 14450 14500 14450 14450 134
20190704 1106 14500 14500 14450 14450 1444
20190704 1107 14450 14500 14450 14450 160
20190704 1108 14450 14450 14450 14450 47
20190704 1109 14450 14500 14450 14450 96
20190704 1110 14450 14500 14450 14450 67
20190704 1111 14450 14500 14450 14450 1968
20190704 1112 14450 14500 14450 14450 211
20190704 1113 14500 14500 14450 14500 429
20190704 1114 14450 14450 14450 14450 20
20190704 1115 14450 14500 14450 14450 148
20190704 1116 14450 14500 14450 14500 83
20190704 1117 14500 14500 14450 14450 153
20190704 1118 14450 14500 14450 14450 374
20190704 1119 14450 14500 14450 14500 922
20190704 1120 14500 14500 14450 14450 66
20190704 1121 14450 14500 14450 14500 119
20190704 1122 14500 14500 14450 14450 360
20190704 1123 14450 14500 14450 14500 204
20190704 1124 14500 14500 14450 14450 386
20190704 1125 14450 14500 14450 14500 251
20190704 1126 14450 14500 14450 14450 260
20190704 1127 14450 14500 14450 14500 2203
20190704 1128 14500 14500 14450 14500 203
20190704 1129 14450 14450 14450 14450 232
20190704 1130 14500 14500 14450 14450 87
20190704 1131 14500 14500 14450 14500 112
20190704 1132 14450 14500 14450 14450 547
20190704 1133 14450 14500 14450 14500 2352
20190704 1134 14450 14500 14450 14500 151
20190704 1135 14450 14500 14450 14450 87
20190704 1136 14450 14500 14450 14450 1264
20190704 1137 14450 14500 14450 14450 405
20190704 1138 14450 14500 14400 14400 2720
20190704 1139 14400 14450 14400 14400 97
20190704 1140 14400 14450 14400 14400 61
20190704 1141 14400 14450 14400 14400 359
20190704 1142 14400 14450 14400 14400 103
20190704 1143 14400 14450 14400 14400 222
20190704 1144 14450 14450 14400 14450 1318
20190704 1145 14450 14450 14400 14400 80
20190704 1146 14400 14500 14400 14500 3970
20190704 1147 14450 14450 14400 14450 106
20190704 1148 14400 14450 14400 14450 302
20190704 1149 14400 14450 14400 14450 123
20190704 1150 14400 14450 14400 14450 175
20190704 1151 14400 14450 14400 14400 37
20190704 1152 14400 14450 14400 14400 103
20190704 1153 14400 14450 14400 14400 146
20190704 1154 14400 14450 14400 14400 95
20190704 1155 14400 14450 14400 14450 155
20190704 1156 14400 14450 14400 14400 298
20190704 1157 14400 14450 14400 14450 268
20190704 1158 14400 14450 14400 14400 131
20190704 1159 14400 14450 14400 14400 165
20190704 1200 14450 14450 14400 14400 114
20190704 1201 14400 14450 14400 14400 192
20190704 1202 14400 14450 14400 14400 77
20190704 1203 14450 14450 14400 14450 288
20190704 1204 14400 14450 14400 14400 118
20190704 1205 14400 14450 14400 14400 200
20190704 1206 14400 14450 14400 14400 117
20190704 1207 14400 14450 14400 14450 95
20190704 1208 14400 14450 14400 14400 95
20190704 1209 14450 14500 14450 14450 1908
20190704 1210 14450 14500 14450 14500 101
20190704 1211 14450 14500 14450 14450 311
20190704 1212 14450 14500 14450 14500 111
20190704 1213 14500 14500 14450 14450 83
20190704 1214 14450 14500 14450 14450 110
20190704 1215 14450 14500 14450 14450 126
20190704 1216 14500 14500 14450 14450 108
20190704 1217 14450 14500 14450 14450 100
20190704 1218 14450 14500 14450 14450 357
20190704 1219 14450 14500 14450 14500 59
20190704 1220 14450 14500 14450 14450 152
20190704 1221 14450 14500 14450 14500 135
20190704 1222 14500 14500 14450 14450 89
20190704 1223 14450 14500 14450 14450 76
20190704 1224 14450 14500 14450 14450 80
20190704 1225 14450 14500 14450 14500 122
20190704 1226 14450 14500 14450 14450 354
20190704 1227 14450 14500 14450 14500 87
20190704 1228 14450 14500 14400 14400 712
20190704 1229 14400 14450 14400 14400 90
20190704 1230 14450 14450 14400 14400 93
20190704 1231 14400 14450 14400 14400 79
20190704 1232 14400 14450 14400 14450 122
20190704 1233 14400 14450 14400 14450 342
20190704 1234 14400 14400 14400 14400 112
20190704 1235 14400 14450 14400 14400 185
20190704 1236 14400 14450 14400 14400 120
20190704 1237 14400 14450 14400 14400 85
20190704 1238 14400 14450 14400 14400 115
20190704 1239 14400 14450 14400 14400 112
20190704 1240 14400 14400 14400 14400 114
20190704 1241 14400 14450 14400 14450 831
20190704 1242 14400 14450 14400 14400 4429
20190704 1243 14400 14450 14400 14400 118
20190704 1244 14400 14450 14400 14400 132
20190704 1245 14450 14450 14400 14400 96
20190704 1246 14400 14450 14400 14450 82
20190704 1247 14400 14450 14400 14400 29
20190704 1248 14400 14450 14400 14450 381
20190704 1249 14400 14450 14400 14400 178
20190704 1250 14450 14450 14400 14450 58
20190704 1251 14450 14450 14400 14400 1001
20190704 1252 14450 14500 14400 14400 155
20190704 1253 14450 14450 14400 14450 292
20190704 1254 14400 14500 14400 14450 130
20190704 1255 14450 14500 14450 14450 124
20190704 1256 14450 14450 14450 14450 1044
20190704 1257 14500 14500 14400 14400 51
20190704 1258 14400 14450 14400 14450 312
20190704 1259 14450 14500 14400 14450 293
20190704 1300 14450 14500 14450 14450 99
20190704 1301 14450 14500 14450 14450 995
20190704 1302 14450 14500 14450 14500 11
20190704 1303 14500 14500 14400 14450 360
20190704 1304 14450 14500 14450 14500 725
20190704 1305 14450 14450 14450 14450 116
20190704 1306 14500 14500 14450 14450 170
20190704 1307 14500 14500 14500 14500 1
20190704 1308 14500 14500 14450 14500 6310
20190704 1309 14500 14550 14450 14500 10723
20190704 1310 14500 14500 14450 14500 1229
20190704 1311 14450 14500 14450 14450 277
20190704 1312 14450 14500 14450 14450 113
20190704 1313 14500 14500 14450 14450 5
20190704 1314 14450 14500 14450 14500 3669
20190704 1315 14500 14550 14500 14500 3614
20190704 1316 14500 14550 14500 14500 468
20190704 1317 14500 14550 14500 14500 1187
20190704 1318 14500 14550 14500 14550 886
20190704 1319 14550 14550 14500 14500 216
20190704 1320 14500 14550 14500 14550 406
20190704 1321 14500 14550 14500 14500 216
20190704 1322 14500 14550 14500 14500 186
20190704 1323 14500 14550 14500 14550 93
20190704 1324 14500 14550 14500 14500 964
20190704 1325 14500 14550 14500 14550 167
20190704 1326 14500 14550 14500 14550 486
20190704 1327 14500 14500 14500 14500 221
20190704 1328 14500 14550 14500 14550 156
20190704 1329 14500 14550 14500 14500 480
20190704 1330 14550 14550 14500 14500 82
20190704 1331 14500 14550 14500 14550 192
20190704 1332 14550 14550 14500 14500 919
20190704 1333 14500 14550 14500 14500 782
20190704 1334 14500 14500 14450 14450 1450
20190704 1335 14450 14500 14450 14450 48
20190704 1336 14450 14500 14450 14450 98
20190704 1337 14500 14500 14450 14500 109
20190704 1338 14450 14500 14450 14500 1752
20190704 1339 14450 14500 14450 14500 62
20190704 1340 14500 14500 14450 14500 162
20190704 1341 14450 14500 14450 14500 1833
20190704 1342 14500 14500 14450 14450 654
20190704 1343 14500 14500 14450 14450 56
20190704 1344 14450 14500 14450 14450 55
20190704 1345 14500 14500 14450 14500 120
20190704 1346 14500 14550 14450 14450 4608
20190704 1347 14550 14600 14450 14600 1662
20190704 1348 14500 14600 14500 14600 1873
20190704 1349 14550 14600 14550 14550 2885
20190704 1350 14550 14650 14550 14550 2375
20190704 1351 14600 14650 14600 14650 3064
20190704 1352 14650 14650 14550 14550 2337
20190704 1353 14550 14650 14550 14600 4454
20190704 1354 14600 14700 14550 14700 5539
20190704 1355 14700 14700 14650 14650 2297
20190704 1356 14650 14700 14650 14700 404
20190704 1357 14650 14700 14650 14650 228
20190704 1358 14650 14700 14650 14650 533
20190704 1359 14650 14700 14650 14650 203
20190704 1400 14650 14700 14650 14650 150
20190704 1401 14650 14700 14650 14650 300
20190704 1402 14700 14700 14650 14700 348
20190704 1403 14650 14700 14650 14700 1521
20190704 1404 14700 14700 14650 14650 1910
20190704 1405 14700 14700 14650 14700 147
20190704 1406 14700 14700 14650 14700 3458
20190704 1407 14650 14700 14650 14700 440
20190704 1408 14650 14700 14650 14700 1431
20190704 1409 14700 14750 14700 14750 179
20190704 1410 14700 14750 14700 14750 1435
20190704 1411 14700 14750 14700 14700 998
20190704 1412 14650 14700 14650 14700 161
20190704 1413 14700 14700 14650 14650 499
20190704 1414 14650 14700 14600 14600 784
20190704 1415 14600 14650 14600 14600 302
20190704 1416 14600 14650 14600 14650 147
20190704 1417 14600 14650 14600 14600 330
20190704 1418 14600 14650 14600 14650 1357
20190704 1419 14650 14650 14600 14650 524
20190704 1420 14650 14650 14600 14600 282
20190704 1421 14600 14650 14600 14600 156
20190704 1422 14650 14650 14600 14600 139
20190704 1423 14600 14650 14600 14600 421
20190704 1424 14600 14650 14600 14650 647
20190704 1425 14600 14650 14600 14650 232
20190704 1426 14600 14650 14600 14600 560
20190704 1427 14650 14650 14600 14600 346
20190704 1428 14650 14650 14600 14600 140
20190704 1429 14600 14650 14600 14600 867
20190704 1430 14650 14650 14550 14600 329
20190704 1431 14600 14600 14550 14550 795
20190704 1432 14550 14600 14550 14550 1735
20190704 1433 14550 14600 14550 14550 401
20190704 1434 14600 14650 14550 14550 667
20190704 1435 14600 14650 14550 14550 566
20190704 1436 14550 14600 14550 14600 178
20190704 1437 14600 14600 14550 14600 325
20190704 1438 14600 14600 14550 14550 264
20190704 1439 14600 14600 14550 14600 175
20190704 1440 14550 14600 14550 14550 347
20190704 1441 14600 14600 14550 14550 460
20190704 1442 14550 14600 14550 14550 213
20190704 1443 14550 14650 14550 14550 2328
20190704 1444 14550 14650 14550 14600 4403
20190704 1445 14600 14650 14600 14650 620
20190704 1446 14650 14650 14600 14600 176
20190704 1447 14600 14650 14600 14600 996
20190704 1448 14650 14650 14600 14600 549
20190704 1449 14600 14700 14600 14700 525
20190704 1450 14600 14700 14600 14600 263
20190704 1451 14600 14650 14600 14600 164
20190704 1452 14600 14700 14600 14700 914
20190704 1453 14650 14700 14650 14650 281
20190704 1454 14600 14700 14600 14650 256
20190704 1455 14700 14700 14600 14600 338
20190704 1456 14600 14650 14550 14550 887
20190704 1457 14550 14650 14550 14600 520
20190704 1458 14600 14650 14600 14600 107
20190704 1459 14600 14650 14600 14600 784
20190704 1500 14600 14700 14600 14650 504
20190704 1501 14650 14700 14650 14650 309
20190704 1502 14700 14700 14650 14650 674
20190704 1503 14650 14650 14600 14600 466
20190704 1504 14600 14650 14600 14600 1300
20190704 1505 14600 14650 14600 14600 2779
20190704 1506 14550 14600 14550 14600 234
20190704 1507 14600 14600 14550 14550 90
20190704 1508 14550 14600 14550 14600 748
20190704 1509 14650 14650 14600 14600 24
20190704 1510 14650 14650 14600 14600 449
20190704 1511 14600 14650 14600 14600 753
20190704 1512 14650 14700 14600 14650 6120
20190704 1513 14650 14700 14650 14650 104
20190704 1514 14650 14700 14650 14650 191
20190704 1515 14700 14700 14650 14650 264
20190704 1516 14650 14700 14650 14700 542
20190704 1517 14700 14700 14650 14700 165
20190704 1518 14650 14700 14650 14650 39
20190704 1519 14700 14700 14650 14650 7
20190704 1520 14650 14700 14650 14700 1228
20190704 1530 14700 14700 14700 14700 8208
20190705 901 14700 14700 14650 14650 938
20190705 902 14650 14650 14600 14650 218
20190705 903 14650 14650 14650 14650 56
20190705 904 14650 14650 14650 14650 14
20190705 905 14650 14650 14650 14650 35
20190705 906 14650 14650 14600 14600 519
20190705 907 14650 14700 14600 14700 1050
20190705 909 14700 14700 14700 14700 1998
20190705 910 14700 14750 14700 14750 315
20190705 911 14700 14700 14700 14700 156
20190705 912 14750 14750 14700 14700 401
20190705 913 14700 14700 14650 14650 1267
20190705 914 14650 14650 14650 14650 85
20190705 916 14650 14650 14650 14650 50
20190705 917 14650 14650 14650 14650 109
20190705 918 14650 14650 14650 14650 57
20190705 920 14700 14700 14650 14650 1531
20190705 922 14600 14600 14600 14600 100
20190705 925 14600 14600 14600 14600 1542
20190705 926 14600 14650 14600 14650 75
20190705 927 14600 14600 14600 14600 107
20190705 929 14650 14650 14600 14600 53
20190705 930 14650 14650 14600 14600 133
20190705 931 14650 14650 14650 14650 21
20190705 932 14650 14650 14650 14650 1
20190705 934 14650 14650 14600 14600 126
20190705 935 14650 14650 14650 14650 17
20190705 937 14650 14650 14600 14600 152
20190705 938 14600 14600 14600 14600 46
20190705 939 14600 14600 14600 14600 436
20190705 940 14600 14600 14550 14550 291
20190705 942 14600 14600 14600 14600 2041
20190705 943 14600 14600 14600 14600 76
20190705 944 14550 14600 14550 14600 539
20190705 945 14650 14650 14650 14650 21
20190705 946 14650 14650 14600 14600 397
20190705 947 14650 14650 14600 14600 315
20190705 948 14600 14650 14600 14650 121
20190705 949 14650 14650 14650 14650 215
20190705 950 14650 14650 14650 14650 27
20190705 951 14600 14650 14600 14650 344
20190705 952 14650 14650 14650 14650 1
20190705 953 14650 14650 14650 14650 51
20190705 954 14650 14650 14600 14650 347
20190705 956 14600 14650 14600 14650 360
20190705 957 14650 14700 14600 14700 698
20190705 958 14700 14700 14700 14700 2
20190705 959 14700 14700 14700 14700 339
20190705 1001 14650 14700 14650 14700 642
20190705 1002 14700 14700 14700 14700 70
20190705 1004 14650 14700 14650 14700 423
20190705 1005 14700 14700 14700 14700 48
20190705 1006 14700 14700 14700 14700 215
20190705 1007 14700 14700 14650 14650 219
20190705 1009 14700 14700 14700 14700 244
20190705 1010 14700 14700 14700 14700 21
20190705 1011 14700 14700 14650 14700 818
20190705 1012 14700 14700 14700 14700 48
20190705 1013 14700 14700 14650 14700 529
20190705 1014 14700 14700 14650 14650 333
20190705 1015 14650 14650 14650 14650 520
20190705 1016 14700 14700 14700 14700 238
20190705 1017 14650 14700 14650 14650 226
20190705 1018 14700 14700 14700 14700 20
20190705 1019 14700 14700 14700 14700 215
20190705 1020 14650 14650 14650 14650 451
20190705 1021 14650 14650 14600 14650 863
20190705 1023 14700 14700 14700 14700 215
20190705 1024 14700 14700 14650 14700 184
20190705 1025 14700 14700 14700 14700 27
20190705 1026 14700 14700 14650 14650 231
20190705 1027 14700 14700 14700 14700 21
20190705 1028 14650 14650 14650 14650 386
20190705 1029 14650 14700 14650 14700 54
20190705 1030 14700 14700 14700 14700 1
20190705 1031 14700 14700 14650 14650 266
20190705 1032 14650 14650 14650 14650 24
20190705 1033 14650 14700 14650 14650 277
20190705 1035 14650 14650 14650 14650 22
20190705 1036 14650 14650 14600 14600 6697
20190705 1037 14650 14650 14650 14650 29
20190705 1038 14650 14650 14600 14650 316
20190705 1039 14650 14650 14600 14600 1109
20190705 1040 14600 14600 14600 14600 268
20190705 1041 14650 14650 14600 14650 341
20190705 1043 14650 14650 14650 14650 235
20190705 1044 14650 14650 14600 14600 102
20190705 1045 14600 14650 14600 14650 279
20190705 1046 14650 14650 14650 14650 233
20190705 1048 14600 14600 14550 14600 347
20190705 1049 14600 14600 14600 14600 47
20190705 1050 14600 14600 14600 14600 218
20190705 1051 14600 14600 14600 14600 2395
20190705 1052 14600 14600 14600 14600 19
20190705 1053 14600 14650 14600 14650 243
20190705 1054 14650 14650 14600 14600 2
20190705 1055 14600 14650 14600 14650 314
20190705 1057 14600 14600 14600 14600 346
20190705 1058 14600 14600 14550 14550 320
20190705 1100 14600 14600 14600 14600 235
20190705 1101 14600 14600 14550 14550 157
20190705 1102 14550 14600 14550 14600 70
20190705 1103 14600 14600 14600 14600 236
20190705 1105 14600 14600 14550 14600 364
20190705 1106 14600 14600 14600 14600 7
20190705 1107 14550 14600 14550 14550 47
20190705 1108 14600 14600 14550 14550 339
20190705 1109 14600 14600 14550 14550 32
20190705 1110 14550 14600 14550 14550 422
20190705 1111 14600 14600 14550 14550 124
20190705 1112 14600 14600 14550 14550 7
20190705 1113 14600 14600 14550 14550 269
20190705 1114 14600 14600 14600 14600 21
20190705 1115 14550 14600 14550 14550 368
20190705 1116 14550 14600 14550 14600 6
20190705 1117 14600 14600 14550 14600 265
20190705 1118 14600 14600 14550 14600 115
20190705 1119 14550 14600 14550 14600 25
20190705 1120 14550 14600 14550 14600 1168
20190705 1121 14600 14650 14600 14600 160
20190705 1122 14600 14650 14600 14600 523
20190705 1123 14600 14650 14600 14650 57
20190705 1124 14600 14650 14600 14600 62
20190705 1125 14600 14650 14600 14600 383
20190705 1126 14600 14600 14600 14600 1068
20190705 1127 14600 14650 14550 14650 64
20190705 1128 14600 14600 14600 14600 148
20190705 1129 14600 14650 14550 14550 145
20190705 1130 14600 14650 14600 14600 75
20190705 1131 14600 14650 14600 14600 44
20190705 1132 14600 14650 14600 14600 371
20190705 1133 14600 14600 14600 14600 51
20190705 1134 14600 14600 14600 14600 3
20190705 1135 14600 14650 14600 14600 258
20190705 1136 14600 14650 14600 14600 140
20190705 1137 14600 14650 14600 14600 262
20190705 1138 14600 14650 14600 14650 121
20190705 1139 14600 14600 14600 14600 41
20190705 1140 14650 14650 14600 14600 251
20190705 1141 14600 14650 14600 14650 85
20190705 1142 14600 14650 14600 14600 340
20190705 1143 14600 14650 14600 14650 22
20190705 1144 14600 14650 14600 14650 605
20190705 1145 14600 14600 14550 14550 163
20190705 1146 14600 14600 14600 14600 8
20190705 1147 14550 14600 14550 14600 106
20190705 1148 14600 14650 14600 14600 140
20190705 1149 14600 14650 14600 14650 264
20190705 1150 14650 14650 14600 14600 70
20190705 1151 14600 14650 14550 14600 273
20190705 1152 14600 14650 14600 14600 332
20190705 1153 14550 14600 14550 14600 35
20190705 1154 14600 14600 14600 14600 59
20190705 1155 14650 14650 14600 14600 119
20190705 1156 14650 14650 14600 14600 45
20190705 1157 14600 14650 14600 14600 302
20190705 1158 14650 14650 14550 14550 92
20190705 1159 14550 14600 14550 14600 330
20190705 1200 14600 14600 14550 14550 304
20190705 1201 14600 14650 14600 14600 51
20190705 1202 14600 14650 14600 14600 139
20190705 1203 14600 14650 14550 14550 189
20190705 1204 14550 14650 14550 14650 28
20190705 1205 14600 14650 14600 14600 247
20190705 1206 14600 14600 14550 14550 28
20190705 1207 14600 14650 14600 14650 236
20190705 1208 14600 14600 14550 14600 8
20190705 1209 14600 14650 14550 14600 384
20190705 1210 14600 14600 14600 14600 3
20190705 1211 14600 14600 14550 14600 136
20190705 1212 14600 14650 14550 14550 248
20190705 1213 14600 14650 14600 14600 69
20190705 1214 14600 14650 14600 14650 252
20190705 1215 14600 14650 14600 14600 55
20190705 1216 14550 14600 14550 14600 209
20190705 1217 14600 14650 14550 14600 501
20190705 1218 14600 14600 14600 14600 92
20190705 1219 14600 14650 14550 14600 128
20190705 1220 14600 14650 14600 14600 29
20190705 1221 14600 14650 14600 14600 287
20190705 1222 14600 14650 14550 14600 178
20190705 1223 14600 14600 14550 14550 40
20190705 1224 14600 14650 14600 14650 155
20190705 1225 14600 14650 14600 14600 149
20190705 1226 14600 14650 14600 14600 259
20190705 1227 14600 14650 14600 14600 32
20190705 1228 14550 14600 14550 14600 16
20190705 1229 14600 14600 14550 14550 268
20190705 1230 14550 14600 14550 14600 13
20190705 1231 14600 14600 14550 14600 116
20190705 1232 14600 14650 14550 14550 322
20190705 1233 14600 14600 14600 14600 40
20190705 1234 14600 14600 14550 14600 251
20190705 1235 14600 14600 14550 14600 24
20190705 1236 14600 14600 14550 14550 323
20190705 1237 14600 14600 14550 14600 58
20190705 1238 14600 14600 14550 14600 231
20190705 1239 14600 14600 14550 14600 108
20190705 1240 14600 14600 14550 14600 20
20190705 1241 14600 14600 14550 14550 273
20190705 1242 14600 14600 14550 14550 112
20190705 1243 14550 14600 14550 14600 220
20190705 1244 14600 14600 14550 14550 33
20190705 1245 14550 14600 14550 14600 54
20190705 1246 14550 14600 14550 14550 319
20190705 1247 14550 14600 14550 14550 2043
20190705 1248 14600 14650 14600 14650 2948
20190705 1249 14600 14650 14550 14600 186
20190705 1250 14600 14650 14600 14600 15
20190705 1251 14650 14700 14600 14700 3790
20190705 1252 14650 14700 14650 14650 227
20190705 1253 14650 14700 14650 14650 3272
20190705 1254 14700 14700 14650 14700 2810
20190705 1255 14650 14700 14650 14650 2780
20190705 1256 14650 14700 14650 14650 268
20190705 1257 14650 14700 14650 14700 78
20190705 1258 14650 14700 14650 14650 249
20190705 1259 14650 14700 14650 14650 114
20190705 1300 14650 14700 14650 14650 37
20190705 1301 14650 14700 14650 14700 275
20190705 1302 14700 14700 14700 14700 22
20190705 1303 14650 14700 14650 14700 325
20190705 1304 14700 14700 14700 14700 3
20190705 1305 14700 14700 14700 14700 266
20190705 1306 14650 14650 14650 14650 445
20190705 1307 14700 14700 14700 14700 13
20190705 1308 14700 14700 14700 14700 237
20190705 1309 14700 14700 14650 14700 198
20190705 1310 14700 14700 14700 14700 287
20190705 1311 14700 14700 14700 14700 2
20190705 1312 14700 14700 14700 14700 22
20190705 1313 14650 14700 14650 14700 670
20190705 1314 14700 14700 14650 14700 671
20190705 1315 14700 14700 14700 14700 222
20190705 1316 14700 14700 14650 14650 418
20190705 1317 14650 14650 14650 14650 37
20190705 1318 14650 14700 14650 14700 37
20190705 1319 14700 14700 14650 14650 118
20190705 1320 14700 14700 14700 14700 220
20190705 1321 14700 14700 14700 14700 42
20190705 1322 14700 14700 14700 14700 19
20190705 1323 14700 14700 14650 14700 317
20190705 1324 14700 14700 14700 14700 21
20190705 1325 14700 14700 14700 14700 245
20190705 1326 14700 14700 14650 14650 114
20190705 1327 14650 14650 14650 14650 60
20190705 1328 14650 14700 14650 14700 5
20190705 1329 14700 14700 14700 14700 29
20190705 1330 14650 14700 14650 14700 343
20190705 1331 14700 14700 14700 14700 3
20190705 1332 14700 14700 14700 14700 219
20190705 1333 14700 14700 14650 14700 149
20190705 1334 14700 14700 14700 14700 3
20190705 1335 14700 14700 14700 14700 259
20190705 1336 14650 14650 14650 14650 349
20190705 1337 14650 14650 14600 14650 577
20190705 1338 14650 14700 14650 14700 35
20190705 1339 14700 14700 14700 14700 21
20190705 1340 14650 14700 14650 14700 148
20190705 1341 14700 14700 14700 14700 59
20190705 1342 14700 14700 14700 14700 219
20190705 1343 14700 14700 14650 14700 108
20190705 1344 14700 14700 14700 14700 31
20190705 1345 14700 14700 14700 14700 243
20190705 1346 14700 14700 14650 14700 178
20190705 1347 14700 14700 14700 14700 233
20190705 1348 14700 14700 14700 14700 8
20190705 1349 14700 14700 14700 14700 59
20190705 1350 14700 14700 14700 14700 1066
20190705 1351 14700 14700 14700 14700 8
20190705 1352 14700 14700 14700 14700 237
20190705 1353 14700 14700 14650 14700 128
20190705 1354 14700 14700 14700 14700 17
20190705 1355 14700 14700 14700 14700 245
20190705 1356 14700 14700 14650 14700 104
20190705 1357 14700 14700 14700 14700 297
20190705 1358 14700 14700 14700 14700 38
20190705 1359 14700 14700 14700 14700 233
20190705 1400 14700 14700 14650 14700 226
20190705 1401 14700 14700 14700 14700 101
20190705 1402 14700 14700 14700 14700 231
20190705 1403 14700 14750 14650 14700 608
20190705 1404 14750 14750 14750 14750 220
20190705 1405 14750 14750 14700 14750 12
20190705 1406 14750 14750 14750 14750 4
20190705 1407 14750 14750 14700 14750 339
20190705 1408 14750 14750 14700 14700 50
20190705 1409 14750 14750 14750 14750 418
20190705 1410 14700 14700 14700 14700 114
20190705 1411 14750 14750 14750 14750 3
20190705 1412 14700 14750 14700 14750 235
20190705 1413 14700 14700 14700 14700 99
20190705 1414 14750 14750 14700 14700 219
20190705 1415 14700 14750 14700 14750 18
20190705 1416 14700 14700 14700 14700 5
20190705 1417 14700 14750 14700 14700 335
20190705 1418 14700 14700 14700 14700 11
20190705 1419 14700 14750 14700 14750 234
20190705 1420 14700 14750 14700 14750 114
20190705 1421 14700 14750 14700 14700 18
20190705 1422 14750 14750 14700 14700 278
20190705 1423 14700 14700 14700 14700 109
20190705 1424 14700 14750 14700 14700 1389
20190705 1425 14700 14750 14700 14700 275
20190705 1426 14700 14750 14700 14750 233
20190705 1427 14700 14750 14700 14750 102
20190705 1429 14750 14750 14700 14700 228
20190705 1430 14700 14750 14700 14750 251
20190705 1431 14700 14750 14700 14750 299
20190705 1432 14700 14700 14700 14700 167
20190705 1433 14700 14700 14700 14700 226
20190705 1434 14700 14750 14650 14650 486
20190705 1435 14650 14650 14650 14650 213
20190705 1436 14650 14700 14650 14650 376
20190705 1437 14650 14700 14650 14650 363
20190705 1438 14650 14650 14650 14650 250
20190705 1439 14650 14700 14650 14650 443
20190705 1440 14650 14650 14650 14650 325
20190705 1441 14650 14700 14650 14650 436
20190705 1442 14650 14700 14650 14650 276
20190705 1443 14650 14700 14650 14650 286
20190705 1444 14650 14700 14650 14650 529
20190705 1445 14650 14650 14650 14650 308
20190705 1446 14650 14700 14650 14650 612
20190705 1447 14650 14700 14650 14650 382
20190705 1448 14650 14650 14650 14650 220
20190705 1449 14650 14700 14650 14650 453
20190705 1450 14650 14650 14600 14600 321
20190705 1451 14600 14650 14600 14600 1406
20190705 1452 14600 14650 14600 14600 221
20190705 1453 14600 14650 14600 14650 455
20190705 1454 14600 14600 14600 14600 327
20190705 1455 14600 14650 14600 14600 242
20190705 1456 14600 14650 14600 14600 414
20190705 1457 14600 14650 14600 14600 368
20190705 1458 14600 14650 14600 14650 488
20190705 1459 14650 14650 14600 14600 630
20190705 1500 14600 14600 14600 14600 128
20190705 1501 14600 14700 14600 14700 2251
20190705 1502 14700 14700 14700 14700 923
20190705 1503 14700 14700 14700 14700 215
20190705 1504 14700 14700 14700 14700 29
20190705 1505 14700 14700 14700 14700 923
20190705 1506 14700 14700 14700 14700 1665
20190705 1507 14700 14700 14700 14700 738
20190705 1508 14750 14750 14750 14750 5240
20190705 1509 14750 14800 14750 14750 7233
20190705 1510 14750 14750 14750 14750 1146
20190705 1511 14700 14750 14700 14700 826
20190705 1512 14700 14700 14700 14700 3
20190705 1513 14700 14750 14700 14700 249
20190705 1514 14700 14750 14700 14700 163
20190705 1515 14750 14750 14700 14700 38
20190705 1516 14700 14750 14700 14700 249
20190705 1517 14750 14750 14700 14700 65
20190705 1518 14750 14750 14650 14700 1272
20190705 1519 14700 14700 14700 14700 115
20190705 1520 14700 14700 14650 14650 106
20190705 1530 14650 14650 14650 14650 4308
