날짜 시간 시가 고가 저가 종가 거래량
20190603 901 14050 14250 14050 14250 9649
20190603 902 14250 14250 14150 14250 14952
20190603 903 14150 14400 14150 14400 13882
20190603 904 14350 14450 14250 14300 17992
20190603 905 14300 14350 14250 14300 12722
20190603 906 14350 14350 14300 14350 4387
20190603 907 14350 14400 14300 14350 14881
20190603 908 14350 14450 14350 14350 15374
20190603 909 14350 14400 14350 14400 12868
20190603 910 14400 14550 14400 14500 40317
20190603 911 14500 14500 14400 14400 13166
20190603 912 14400 14500 14400 14450 10919
20190603 913 14450 14450 14400 14450 16154
20190603 914 14450 14450 14400 14400 6461
20190603 915 14400 14400 14350 14350 1238
20190603 916 14350 14450 14350 14450 3264
20190603 917 14450 14450 14400 14400 10973
20190603 918 14400 14400 14350 14400 2794
20190603 919 14400 14400 14350 14350 2865
20190603 920 14400 14450 14350 14450 5020
20190603 921 14450 14450 14400 14400 7624
20190603 922 14400 14400 14350 14400 1549
20190603 923 14350 14400 14350 14350 918
20190603 924 14400 14400 14350 14400 5428
20190603 925 14350 14400 14350 14400 2418
20190603 926 14400 14400 14350 14400 4199
20190603 927 14400 14400 14350 14400 2840
20190603 928 14400 14450 14400 14450 5611
20190603 929 14450 14550 14400 14550 22061
20190603 930 14550 14600 14500 14550 15442
20190603 931 14550 14550 14450 14450 7573
20190603 932 14500 14500 14450 14450 4600
20190603 933 14500 14500 14450 14500 3908
20190603 934 14500 14550 14500 14500 4171
20190603 935 14500 14550 14500 14550 1318
20190603 936 14500 14550 14500 14550 2150
20190603 937 14500 14550 14500 14550 2741
20190603 938 14550 14550 14500 14500 1882
20190603 939 14550 14550 14500 14550 1007
20190603 940 14550 14550 14500 14550 2024
20190603 941 14500 14550 14500 14550 3938
20190603 942 14550 14600 14500 14600 7996
20190603 943 14600 14650 14600 14600 14483
20190603 944 14650 14650 14550 14600 11059
20190603 945 14600 14600 14550 14550 7690
20190603 946 14550 14600 14500 14500 1195
20190603 947 14500 14550 14500 14500 3390
20190603 948 14550 14550 14550 14550 1843
20190603 949 14550 14550 14500 14550 1365
20190603 950 14550 14550 14550 14550 914
20190603 951 14500 14500 14450 14500 3655
20190603 952 14500 14550 14450 14550 2816
20190603 953 14550 14550 14500 14500 2461
20190603 954 14500 14550 14500 14550 2545
20190603 955 14550 14550 14500 14550 243
20190603 956 14500 14550 14500 14550 846
20190603 957 14550 14550 14550 14550 359
20190603 958 14500 14550 14450 14500 3892
20190603 959 14450 14500 14450 14450 5810
20190603 1000 14450 14450 14450 14450 1156
20190603 1001 14500 14500 14450 14500 2221
20190603 1002 14500 14550 14500 14550 4652
20190603 1003 14550 14550 14550 14550 228
20190603 1004 14500 14550 14500 14550 277
20190603 1005 14550 14550 14550 14550 1293
20190603 1006 14550 14550 14500 14500 1474
20190603 1007 14500 14550 14500 14550 198
20190603 1008 14550 14550 14500 14550 2244
20190603 1009 14550 14550 14500 14500 483
20190603 1010 14550 14550 14500 14500 1775
20190603 1011 14500 14550 14500 14550 1723
20190603 1012 14550 14600 14550 14600 4971
20190603 1013 14550 14600 14550 14600 948
20190603 1014 14600 14650 14600 14600 20197
20190603 1015 14600 14650 14550 14600 9225
20190603 1016 14600 14600 14500 14550 4637
20190603 1017 14600 14600 14550 14600 1250
20190603 1018 14600 14650 14600 14650 2659
20190603 1019 14600 14650 14600 14650 2068
20190603 1020 14600 14650 14600 14650 2806
20190603 1021 14650 14650 14600 14650 3611
20190603 1022 14600 14650 14550 14600 5158
20190603 1023 14600 14650 14600 14650 2049
20190603 1024 14650 14650 14550 14600 869
20190603 1025 14600 14650 14550 14600 1721
20190603 1026 14650 14650 14600 14600 885
20190603 1027 14600 14700 14600 14650 11953
20190603 1028 14700 14700 14650 14700 1399
20190603 1029 14700 14700 14650 14650 2655
20190603 1030 14700 14700 14650 14650 1000
20190603 1031 14650 14650 14650 14650 2397
20190603 1032 14700 14700 14650 14700 910
20190603 1033 14650 14700 14600 14600 4575
20190603 1034 14650 14650 14650 14650 414
20190603 1035 14650 14650 14600 14650 1769
20190603 1036 14600 14650 14600 14650 548
20190603 1037 14650 14650 14600 14650 949
20190603 1038 14650 14650 14600 14600 1515
20190603 1039 14650 14650 14600 14650 1055
20190603 1040 14650 14650 14600 14650 511
20190603 1041 14650 14650 14600 14650 6784
20190603 1042 14650 14700 14600 14650 4623
20190603 1043 14650 14650 14600 14600 2708
20190603 1044 14650 14650 14600 14650 7515
20190603 1045 14650 14650 14650 14650 637
20190603 1046 14700 14700 14650 14650 1667
20190603 1047 14650 14700 14650 14650 4110
20190603 1048 14650 14650 14600 14600 189
20190603 1049 14650 14650 14550 14600 6177
20190603 1050 14600 14600 14550 14600 1322
20190603 1051 14600 14600 14600 14600 706
20190603 1052 14550 14600 14550 14550 1979
20190603 1053 14550 14600 14550 14600 3078
20190603 1054 14600 14600 14600 14600 552
20190603 1055 14600 14600 14550 14600 592
20190603 1056 14600 14600 14550 14600 1235
20190603 1057 14600 14600 14550 14600 557
20190603 1058 14600 14600 14600 14600 484
20190603 1059 14600 14600 14550 14600 1026
20190603 1100 14600 14600 14550 14600 544
20190603 1101 14600 14600 14600 14600 494
20190603 1102 14550 14600 14550 14600 460
20190603 1103 14600 14600 14550 14600 1013
20190603 1104 14550 14600 14550 14600 515
20190603 1105 14550 14600 14550 14550 1062
20190603 1106 14550 14600 14550 14550 839
20190603 1107 14550 14600 14550 14600 1426
20190603 1108 14550 14600 14550 14600 812
20190603 1109 14600 14600 14550 14600 670
20190603 1110 14600 14600 14550 14600 448
20190603 1111 14550 14600 14550 14600 115
20190603 1112 14600 14600 14550 14600 676
20190603 1113 14600 14600 14550 14600 636
20190603 1114 14600 14600 14550 14550 167
20190603 1115 14550 14600 14550 14600 1512
20190603 1116 14600 14600 14550 14550 1363
20190603 1117 14600 14600 14550 14550 1970
20190603 1118 14550 14550 14500 14500 1149
20190603 1119 14550 14550 14500 14550 374
20190603 1120 14550 14550 14550 14550 1668
20190603 1121 14550 14550 14500 14500 2129
20190603 1122 14550 14550 14500 14500 232
20190603 1123 14550 14550 14450 14500 5185
20190603 1124 14500 14500 14450 14450 978
20190603 1125 14500 14500 14450 14500 127
20190603 1126 14500 14500 14450 14500 1190
20190603 1127 14500 14500 14500 14500 861
20190603 1128 14500 14500 14450 14450 93
20190603 1129 14450 14500 14450 14500 1211
20190603 1130 14500 14500 14500 14500 751
20190603 1131 14500 14500 14450 14500 623
20190603 1132 14450 14500 14450 14500 900
20190603 1133 14500 14500 14450 14450 459
20190603 1134 14450 14500 14450 14450 2355
20190603 1135 14450 14500 14450 14500 331
20190603 1136 14500 14500 14450 14450 859
20190603 1137 14450 14450 14450 14450 328
20190603 1138 14500 14500 14450 14450 425
20190603 1139 14500 14500 14450 14500 1007
20190603 1140 14450 14500 14450 14500 1452
20190603 1141 14500 14500 14450 14450 79
20190603 1142 14450 14500 14450 14450 952
20190603 1143 14450 14500 14450 14450 307
20190603 1144 14500 14500 14450 14450 347
20190603 1145 14450 14500 14450 14500 780
20190603 1146 14450 14500 14400 14400 6097
20190603 1147 14400 14400 14400 14400 1763
20190603 1148 14400 14400 14300 14350 19518
20190603 1149 14350 14350 14300 14350 2381
20190603 1150 14300 14350 14300 14300 1684
20190603 1151 14300 14350 14300 14350 2445
20190603 1152 14350 14350 14350 14350 1533
20190603 1153 14350 14400 14350 14350 1443
20190603 1154 14400 14400 14350 14350 680
20190603 1155 14350 14400 14350 14350 289
20190603 1156 14350 14400 14350 14400 219
20190603 1157 14400 14400 14350 14350 752
20190603 1158 14350 14400 14350 14350 954
20190603 1159 14350 14400 14350 14350 477
20190603 1200 14350 14400 14350 14350 532
20190603 1201 14350 14400 14350 14350 447
20190603 1202 14350 14400 14350 14400 131
20190603 1203 14350 14400 14350 14350 1313
20190603 1204 14400 14400 14350 14400 327
20190603 1205 14400 14400 14350 14400 496
20190603 1206 14350 14400 14350 14400 636
20190603 1207 14350 14400 14350 14350 238
20190603 1208 14400 14400 14350 14350 723
20190603 1209 14400 14400 14350 14350 1375
20190603 1210 14350 14400 14350 14400 327
20190603 1211 14350 14400 14350 14350 268
20190603 1212 14350 14400 14350 14400 800
20190603 1213 14350 14400 14350 14400 239
20190603 1214 14350 14400 14350 14350 585
20190603 1215 14350 14400 14350 14400 523
20190603 1216 14350 14400 14350 14350 407
20190603 1217 14350 14400 14350 14350 266
20190603 1218 14350 14400 14350 14400 678
20190603 1219 14350 14400 14350 14400 334
20190603 1220 14350 14400 14350 14350 448
20190603 1221 14400 14400 14350 14350 364
20190603 1222 14400 14400 14350 14400 684
20190603 1223 14350 14400 14350 14350 341
20190603 1224 14350 14400 14350 14350 974
20190603 1225 14400 14400 14350 14400 261
20190603 1226 14350 14400 14350 14400 394
20190603 1227 14350 14400 14350 14400 628
20190603 1228 14400 14400 14350 14350 1194
20190603 1229 14350 14400 14350 14350 323
20190603 1230 14400 14400 14350 14400 729
20190603 1231 14400 14400 14350 14400 281
20190603 1232 14350 14400 14350 14400 2225
20190603 1233 14400 14400 14350 14350 609
20190603 1234 14400 14400 14350 14350 905
20190603 1235 14350 14400 14350 14400 464
20190603 1236 14400 14400 14350 14350 318
20190603 1237 14350 14400 14350 14350 691
20190603 1238 14350 14400 14350 14400 274
20190603 1239 14350 14400 14350 14400 363
20190603 1240 14400 14400 14350 14400 2235
20190603 1241 14400 14400 14350 14400 1363
20190603 1242 14400 14400 14350 14400 257
20190603 1243 14350 14400 14350 14350 7883
20190603 1244 14300 14350 14300 14300 236
20190603 1245 14300 14350 14300 14350 415
20190603 1246 14300 14350 14300 14300 579
20190603 1247 14300 14350 14300 14350 1966
20190603 1248 14300 14350 14300 14350 229
20190603 1249 14350 14350 14300 14300 807
20190603 1250 14300 14350 14300 14300 691
20190603 1251 14300 14350 14300 14300 2204
20190603 1252 14300 14350 14300 14300 2999
20190603 1253 14300 14350 14300 14300 562
20190603 1254 14300 14300 14250 14250 18803
20190603 1255 14300 14300 14250 14250 1278
20190603 1256 14300 14300 14250 14300 2953
20190603 1257 14250 14300 14250 14250 679
20190603 1258 14250 14300 14250 14250 5912
20190603 1259 14300 14300 14250 14250 1113
20190603 1300 14250 14300 14250 14300 222
20190603 1301 14300 14300 14250 14250 850
20190603 1302 14300 14300 14250 14300 221
20190603 1303 14250 14300 14250 14250 583
20190603 1304 14250 14300 14250 14250 800
20190603 1305 14250 14300 14250 14300 1093
20190603 1306 14250 14300 14250 14250 2426
20190603 1307 14250 14300 14200 14200 8769
20190603 1308 14200 14250 14200 14200 3148
20190603 1309 14200 14250 14200 14250 470
20190603 1310 14200 14250 14200 14200 985
20190603 1311 14200 14250 14200 14250 329
20190603 1312 14200 14250 14200 14200 1770
20190603 1313 14200 14250 14200 14200 1367
20190603 1314 14250 14250 14200 14200 410
20190603 1315 14200 14250 14200 14250 845
20190603 1316 14200 14250 14200 14250 2268
20190603 1317 14200 14250 14200 14250 971
20190603 1318 14250 14250 14200 14250 1946
20190603 1319 14200 14250 14200 14250 701
20190603 1320 14200 14250 14200 14250 451
20190603 1321 14250 14250 14200 14200 654
20190603 1322 14250 14250 14200 14250 2912
20190603 1323 14250 14250 14200 14200 1386
20190603 1324 14200 14250 14200 14200 1787
20190603 1325 14200 14250 14200 14250 1333
20190603 1326 14200 14250 14200 14250 404
20190603 1327 14250 14250 14200 14250 947
20190603 1328 14200 14300 14200 14300 3242
20190603 1329 14300 14300 14250 14300 330
20190603 1330 14250 14300 14250 14250 352
20190603 1331 14300 14300 14250 14300 1192
20190603 1332 14250 14350 14250 14350 2519
20190603 1333 14350 14350 14300 14350 1141
20190603 1334 14350 14350 14300 14300 2343
20190603 1335 14350 14350 14300 14350 806
20190603 1336 14350 14350 14300 14350 439
20190603 1337 14350 14400 14300 14400 2230
20190603 1338 14400 14400 14350 14400 314
20190603 1339 14400 14400 14350 14400 166
20190603 1340 14400 14400 14350 14400 1058
20190603 1341 14400 14400 14350 14400 225
20190603 1342 14400 14400 14350 14350 485
20190603 1343 14350 14400 14350 14350 3002
20190603 1344 14350 14400 14350 14350 548
20190603 1345 14350 14400 14350 14350 585
20190603 1346 14400 14400 14350 14350 1050
20190603 1347 14400 14400 14350 14400 787
20190603 1348 14350 14400 14350 14350 543
20190603 1349 14400 14400 14350 14400 1226
20190603 1350 14350 14400 14350 14350 2877
20190603 1351 14400 14400 14350 14400 858
20190603 1352 14350 14400 14350 14400 1616
20190603 1353 14400 14400 14350 14400 794
20190603 1354 14350 14400 14350 14400 763
20190603 1355 14350 14400 14300 14350 3891
20190603 1356 14350 14350 14250 14250 8889
20190603 1357 14250 14300 14250 14250 615
20190603 1358 14300 14300 14250 14250 590
20190603 1359 14250 14300 14250 14250 1632
20190603 1400 14250 14300 14200 14200 2739
20190603 1401 14250 14250 14200 14200 1468
20190603 1402 14250 14250 14200 14250 1665
20190603 1403 14250 14250 14200 14200 337
20190603 1404 14200 14250 14200 14200 843
20190603 1405 14200 14250 14200 14200 1450
20190603 1406 14200 14250 14200 14200 578
20190603 1407 14200 14250 14200 14200 1068
20190603 1408 14250 14250 14200 14250 2963
20190603 1409 14200 14250 14200 14250 821
20190603 1410 14250 14250 14200 14250 1267
20190603 1411 14250 14300 14250 14300 1532
20190603 1412 14300 14300 14250 14250 621
20190603 1413 14250 14300 14250 14300 286
20190603 1414 14250 14300 14250 14300 988
20190603 1415 14250 14300 14200 14250 1074
20190603 1416 14200 14250 14200 14250 1086
20190603 1417 14250 14250 14200 14200 991
20190603 1418 14200 14250 14200 14200 707
20190603 1419 14200 14250 14200 14200 497
20190603 1420 14200 14250 14200 14200 878
20190603 1421 14200 14300 14200 14250 2754
20190603 1422 14250 14250 14200 14250 547
20190603 1423 14200 14250 14200 14200 1461
20190603 1424 14250 14250 14200 14200 423
20190603 1425 14250 14250 14200 14250 594
20190603 1426 14200 14250 14200 14200 1145
20190603 1427 14250 14250 14200 14250 608
20190603 1428 14200 14250 14200 14200 5144
20190603 1429 14200 14250 14150 14150 1782
20190603 1430 14150 14200 14150 14200 1260
20190603 1431 14150 14200 14150 14150 744
20190603 1432 14150 14250 14150 14250 5236
20190603 1433 14200 14250 14200 14250 526
20190603 1434 14200 14250 14200 14200 750
20190603 1435 14200 14250 14200 14200 898
20190603 1436 14200 14250 14200 14200 960
20190603 1437 14200 14250 14200 14200 540
20190603 1438 14200 14250 14200 14200 1094
20190603 1439 14200 14250 14200 14200 739
20190603 1440 14200 14250 14200 14200 539
20190603 1441 14200 14200 14150 14200 5204
20190603 1442 14150 14200 14150 14200 3266
20190603 1443 14200 14250 14200 14250 967
20190603 1444 14200 14250 14150 14250 3380
20190603 1445 14200 14250 14200 14200 743
20190603 1446 14200 14250 14150 14150 1665
20190603 1447 14200 14250 14150 14200 2193
20190603 1448 14200 14200 14150 14150 544
20190603 1449 14150 14200 14150 14150 1614
20190603 1450 14150 14200 14150 14150 1000
20190603 1451 14150 14250 14150 14200 2208
20190603 1452 14250 14250 14200 14200 674
20190603 1453 14250 14250 14200 14200 853
20190603 1454 14200 14250 14200 14250 1190
20190603 1455 14200 14250 14200 14200 677
20190603 1456 14250 14250 14150 14200 1311
20190603 1457 14200 14200 14150 14150 2083
20190603 1458 14150 14200 14150 14200 2120
20190603 1459 14200 14250 14150 14200 650
20190603 1500 14200 14250 14200 14200 1791
20190603 1501 14200 14200 14200 14200 1403
20190603 1502 14200 14250 14200 14250 281
20190603 1503 14250 14250 14200 14200 435
20190603 1504 14200 14250 14200 14250 1440
20190603 1505 14250 14250 14200 14200 606
20190603 1506 14200 14250 14200 14250 710
20190603 1507 14200 14250 14200 14200 655
20190603 1508 14200 14250 14200 14250 2806
20190603 1509 14200 14250 14200 14250 1104
20190603 1510 14200 14200 14200 14200 1470
20190603 1511 14200 14250 14200 14200 1874
20190603 1512 14200 14250 14200 14200 2999
20190603 1513 14200 14250 14200 14200 1247
20190603 1514 14250 14250 14200 14200 1571
20190603 1515 14200 14250 14150 14200 8559
20190603 1516 14200 14250 14150 14250 2371
20190603 1517 14250 14250 14200 14200 477
20190603 1518 14250 14250 14200 14250 1022
20190603 1519 14250 14300 14200 14250 4092
20190603 1520 14300 14300 14250 14300 4261
20190603 1530 14200 14200 14200 14200 21668
20190604 901 14150 14200 14100 14200 7187
20190604 902 14200 14200 14050 14150 6014
20190604 903 14150 14150 14100 14150 429
20190604 904 14150 14200 14150 14200 469
20190604 905 14150 14200 14150 14200 1106
20190604 906 14150 14150 14150 14150 425
20190604 907 14150 14200 14150 14150 438
20190604 908 14200 14200 14150 14200 2291
20190604 909 14200 14250 14150 14250 2934
20190604 910 14300 14300 14250 14250 1260
20190604 911 14300 14350 14300 14350 4810
20190604 912 14350 14350 14300 14300 2685
20190604 913 14350 14400 14350 14350 3314
20190604 914 14350 14400 14350 14350 1577
20190604 915 14350 14350 14350 14350 424
20190604 916 14350 14400 14300 14350 2051
20190604 917 14300 14350 14300 14350 2577
20190604 918 14350 14400 14350 14350 2955
20190604 919 14400 14400 14350 14350 361
20190604 920 14350 14400 14350 14400 2720
20190604 921 14350 14350 14300 14300 2173
20190604 922 14300 14300 14300 14300 661
20190604 923 14300 14300 14250 14300 1622
20190604 924 14250 14250 14250 14250 75
20190604 925 14250 14300 14250 14250 3878
20190604 926 14250 14250 14250 14250 104
20190604 927 14250 14250 14250 14250 947
20190604 928 14250 14250 14250 14250 2381
20190604 929 14250 14250 14200 14200 938
20190604 930 14200 14200 14200 14200 1047
20190604 931 14200 14200 14200 14200 453
20190604 932 14200 14200 14200 14200 3300
20190604 933 14250 14250 14150 14150 7104
20190604 934 14150 14200 14150 14150 1137
20190604 935 14150 14200 14150 14150 736
20190604 936 14150 14200 14150 14150 1928
20190604 937 14150 14150 14150 14150 67
20190604 938 14150 14200 14150 14200 3124
20190604 939 14200 14200 14200 14200 47
20190604 940 14200 14200 14200 14200 100
20190604 941 14250 14250 14200 14200 169
20190604 942 14250 14250 14250 14250 2456
20190604 943 14250 14250 14250 14250 160
20190604 944 14250 14300 14250 14300 435
20190604 945 14250 14300 14250 14300 215
20190604 946 14250 14300 14250 14300 1404
20190604 947 14300 14300 14250 14300 962
20190604 948 14350 14350 14250 14250 3198
20190604 949 14250 14250 14250 14250 2994
20190604 950 14250 14250 14200 14250 1611
20190604 951 14200 14250 14200 14200 172
20190604 952 14250 14300 14250 14300 890
20190604 953 14250 14300 14250 14300 404
20190604 954 14250 14300 14250 14300 136
20190604 955 14250 14300 14250 14300 86
20190604 956 14250 14300 14250 14300 588
20190604 957 14300 14300 14250 14300 991
20190604 958 14300 14300 14250 14300 1860
20190604 959 14300 14300 14250 14250 1488
20190604 1000 14250 14300 14250 14300 66
20190604 1001 14250 14300 14250 14250 274
20190604 1002 14300 14300 14250 14300 558
20190604 1003 14300 14300 14200 14250 1010
20190604 1004 14200 14300 14200 14250 471
20190604 1005 14200 14250 14200 14200 374
20190604 1006 14250 14250 14250 14250 862
20190604 1007 14250 14300 14200 14200 673
20190604 1008 14250 14300 14250 14250 518
20190604 1009 14250 14300 14250 14250 330
20190604 1010 14250 14300 14250 14300 191
20190604 1011 14300 14300 14250 14250 158
20190604 1012 14250 14250 14250 14250 149
20190604 1013 14250 14300 14250 14250 1515
20190604 1014 14300 14300 14250 14250 51
20190604 1015 14300 14300 14150 14200 5000
20190604 1016 14150 14200 14150 14150 94
20190604 1017 14150 14200 14150 14200 3498
20190604 1018 14150 14200 14150 14150 618
20190604 1019 14150 14150 14150 14150 3649
20190604 1020 14150 14200 14100 14200 3215
20190604 1021 14150 14200 14150 14150 880
20190604 1022 14200 14250 14150 14200 717
20190604 1023 14150 14200 14150 14200 267
20190604 1024 14200 14200 14150 14150 625
20190604 1025 14150 14200 14150 14200 28
20190604 1026 14200 14250 14150 14250 2191
20190604 1027 14200 14250 14200 14200 312
20190604 1028 14200 14250 14200 14250 381
20190604 1029 14250 14250 14200 14200 200
20190604 1030 14200 14250 14200 14250 297
20190604 1031 14250 14250 14200 14250 162
20190604 1032 14250 14250 14200 14200 3123
20190604 1033 14250 14250 14200 14250 1135
20190604 1034 14200 14250 14200 14200 41
20190604 1035 14250 14250 14200 14250 200
20190604 1036 14200 14250 14200 14200 169
20190604 1037 14200 14250 14200 14250 330
20190604 1038 14200 14250 14200 14200 1059
20190604 1039 14250 14250 14200 14200 12
20190604 1040 14200 14250 14200 14250 513
20190604 1041 14250 14250 14250 14250 102
20190604 1042 14200 14250 14200 14250 612
20190604 1043 14200 14250 14200 14250 65
20190604 1044 14250 14250 14200 14200 131
20190604 1045 14250 14250 14200 14250 68
20190604 1046 14200 14250 14200 14200 263
20190604 1047 14200 14250 14200 14200 768
20190604 1048 14200 14250 14200 14200 27
20190604 1049 14200 14250 14200 14250 877
20190604 1050 14200 14250 14200 14250 447
20190604 1051 14250 14250 14200 14250 431
20190604 1052 14250 14250 14200 14250 335
20190604 1053 14200 14250 14200 14250 495
20190604 1054 14250 14250 14200 14200 590
20190604 1055 14200 14250 14200 14250 164
20190604 1056 14200 14200 14200 14200 727
20190604 1057 14250 14250 14200 14250 3062
20190604 1058 14250 14250 14200 14250 195
20190604 1059 14250 14250 14200 14200 85
20190604 1100 14200 14250 14200 14200 181
20190604 1101 14200 14250 14200 14200 254
20190604 1102 14200 14250 14200 14250 518
20190604 1103 14250 14250 14200 14200 177
20190604 1104 14200 14250 14200 14250 59
20190604 1105 14250 14250 14200 14250 163
20190604 1106 14200 14250 14200 14200 71
20190604 1107 14200 14250 14200 14250 362
20190604 1108 14250 14250 14200 14250 204
20190604 1109 14250 14250 14200 14200 220
20190604 1110 14250 14250 14200 14200 183
20190604 1111 14250 14250 14200 14200 449
20190604 1112 14250 14250 14200 14250 657
20190604 1113 14250 14250 14200 14200 1345
20190604 1114 14200 14250 14200 14250 254
20190604 1115 14250 14250 14200 14200 279
20190604 1116 14250 14250 14200 14200 250
20190604 1117 14200 14250 14200 14250 74
20190604 1118 14250 14250 14200 14250 243
20190604 1119 14250 14250 14200 14200 443
20190604 1120 14200 14250 14200 14200 130
20190604 1121 14250 14250 14200 14250 195
20190604 1122 14250 14250 14200 14200 106
20190604 1123 14250 14250 14200 14250 302
20190604 1124 14200 14250 14200 14250 531
20190604 1125 14200 14250 14200 14250 447
20190604 1126 14250 14250 14200 14250 95
20190604 1127 14200 14250 14200 14200 4283
20190604 1128 14200 14250 14150 14150 879
20190604 1129 14150 14250 14150 14250 2704
20190604 1130 14250 14250 14200 14200 1084
20190604 1131 14200 14200 14150 14200 807
20190604 1132 14200 14200 14150 14200 237
20190604 1133 14200 14200 14150 14150 174
20190604 1134 14150 14200 14150 14200 194
20190604 1135 14200 14200 14150 14150 363
20190604 1136 14150 14200 14150 14200 79
20190604 1137 14200 14200 14150 14200 207
20190604 1138 14200 14200 14150 14150 87
20190604 1139 14150 14200 14150 14200 335
20190604 1140 14200 14200 14200 14200 209
20190604 1141 14200 14200 14150 14200 824
20190604 1142 14200 14200 14150 14200 367
20190604 1143 14150 14200 14150 14150 200
20190604 1144 14200 14200 14150 14200 652
20190604 1145 14200 14200 14150 14200 198
20190604 1146 14200 14200 14150 14150 238
20190604 1147 14150 14200 14150 14200 579
20190604 1148 14200 14200 14150 14200 1285
20190604 1149 14200 14250 14200 14250 130
20190604 1150 14250 14250 14200 14250 218
20190604 1151 14250 14250 14200 14200 351
20190604 1152 14250 14250 14200 14250 29
20190604 1153 14250 14250 14200 14250 406
20190604 1154 14200 14250 14200 14250 151
20190604 1155 14250 14250 14200 14250 751
20190604 1156 14250 14250 14200 14250 161
20190604 1157 14250 14250 14200 14250 160
20190604 1158 14200 14250 14200 14200 247
20190604 1159 14200 14250 14200 14250 191
20190604 1200 14250 14250 14200 14200 337
20190604 1201 14250 14250 14200 14250 162
20190604 1202 14250 14250 14200 14250 241
20190604 1203 14200 14250 14200 14250 302
20190604 1204 14250 14250 14200 14250 1033
20190604 1205 14250 14250 14200 14200 373
20190604 1206 14250 14250 14200 14250 1663
20190604 1207 14250 14250 14250 14250 527
20190604 1208 14250 14250 14200 14200 272
20190604 1209 14250 14250 14200 14250 333
20190604 1210 14250 14250 14200 14250 256
20190604 1211 14250 14250 14200 14200 164
20190604 1212 14250 14250 14200 14250 165
20190604 1213 14250 14300 14200 14300 2393
20190604 1214 14300 14300 14250 14300 579
20190604 1215 14250 14300 14250 14300 341
20190604 1216 14300 14300 14250 14250 428
20190604 1217 14250 14300 14250 14250 239
20190604 1218 14300 14300 14250 14300 430
20190604 1219 14300 14300 14250 14300 243
20190604 1220 14250 14300 14250 14300 3054
20190604 1221 14250 14300 14250 14300 50
20190604 1222 14250 14300 14250 14300 172
20190604 1223 14250 14300 14250 14300 98
20190604 1224 14250 14300 14250 14300 282
20190604 1225 14300 14350 14250 14250 2160
20190604 1226 14300 14300 14300 14300 340
20190604 1227 14300 14300 14250 14250 1153
20190604 1228 14250 14250 14200 14250 65
20190604 1229 14250 14250 14200 14250 255
20190604 1230 14250 14300 14250 14300 199
20190604 1231 14300 14300 14250 14250 380
20190604 1232 14300 14300 14250 14250 701
20190604 1233 14300 14300 14250 14300 87
20190604 1234 14300 14300 14250 14300 237
20190604 1235 14250 14300 14250 14300 20
20190604 1236 14300 14300 14250 14300 618
20190604 1237 14300 14300 14250 14300 171
20190604 1238 14300 14300 14250 14300 1211
20190604 1239 14250 14300 14250 14300 361
20190604 1240 14250 14300 14250 14300 1117
20190604 1241 14300 14300 14250 14300 318
20190604 1242 14300 14300 14250 14250 638
20190604 1243 14250 14300 14250 14250 764
20190604 1244 14250 14300 14250 14300 73
20190604 1245 14250 14300 14250 14300 188
20190604 1246 14300 14300 14250 14300 292
20190604 1247 14300 14300 14250 14300 202
20190604 1248 14300 14300 14250 14300 419
20190604 1249 14250 14300 14250 14250 160
20190604 1250 14300 14300 14250 14300 1378
20190604 1251 14300 14300 14250 14250 155
20190604 1252 14250 14300 14250 14300 154
20190604 1253 14300 14300 14250 14300 192
20190604 1254 14250 14300 14250 14250 374
20190604 1255 14250 14300 14250 14250 92
20190604 1256 14300 14300 14250 14300 275
20190604 1257 14250 14300 14250 14250 377
20190604 1258 14250 14300 14250 14300 401
20190604 1259 14250 14300 14250 14300 201
20190604 1300 14300 14300 14250 14300 223
20190604 1301 14250 14300 14250 14300 170
20190604 1302 14300 14300 14250 14250 261
20190604 1303 14300 14300 14250 14300 241
20190604 1304 14300 14300 14250 14300 237
20190604 1305 14250 14300 14250 14250 381
20190604 1306 14300 14300 14250 14250 269
20190604 1307 14300 14300 14250 14300 2736
20190604 1308 14250 14300 14250 14300 1040
20190604 1309 14300 14300 14250 14250 93
20190604 1310 14300 14300 14250 14300 789
20190604 1311 14300 14300 14250 14300 154
20190604 1312 14300 14300 14250 14300 226
20190604 1313 14300 14300 14300 14300 58
20190604 1314 14250 14300 14250 14300 291
20190604 1315 14300 14300 14250 14300 1351
20190604 1316 14300 14300 14250 14250 1083
20190604 1317 14300 14300 14250 14300 569
20190604 1318 14300 14350 14300 14350 232
20190604 1319 14300 14350 14300 14350 520
20190604 1320 14350 14350 14350 14350 187
20190604 1321 14350 14350 14300 14350 573
20190604 1322 14350 14350 14300 14300 390
20190604 1323 14350 14350 14300 14350 1680
20190604 1324 14300 14350 14300 14350 206
20190604 1325 14350 14350 14300 14350 615
20190604 1326 14350 14350 14300 14350 257
20190604 1327 14350 14350 14300 14350 404
20190604 1328 14350 14350 14300 14350 754
20190604 1329 14350 14350 14350 14350 569
20190604 1330 14300 14350 14300 14350 1042
20190604 1331 14350 14350 14300 14300 658
20190604 1332 14350 14350 14350 14350 458
20190604 1333 14350 14350 14300 14300 316
20190604 1334 14350 14350 14300 14350 440
20190604 1335 14350 14350 14300 14350 268
20190604 1336 14350 14350 14300 14350 789
20190604 1337 14350 14350 14300 14350 323
20190604 1338 14300 14350 14250 14250 1951
20190604 1339 14300 14300 14300 14300 199
20190604 1340 14300 14300 14250 14250 562
20190604 1341 14300 14300 14300 14300 71
20190604 1342 14300 14300 14250 14250 655
20190604 1343 14300 14300 14250 14250 159
20190604 1344 14300 14300 14250 14300 550
20190604 1345 14300 14300 14250 14300 525
20190604 1346 14300 14300 14250 14300 268
20190604 1347 14300 14300 14250 14300 620
20190604 1348 14300 14300 14250 14300 127
20190604 1349 14300 14300 14250 14300 605
20190604 1350 14250 14300 14250 14300 464
20190604 1351 14300 14300 14250 14300 550
20190604 1352 14250 14300 14250 14300 167
20190604 1353 14250 14300 14250 14300 583
20190604 1354 14250 14300 14250 14300 193
20190604 1355 14250 14300 14250 14300 601
20190604 1356 14300 14300 14250 14250 264
20190604 1357 14300 14300 14250 14300 496
20190604 1358 14300 14300 14250 14300 1621
20190604 1359 14350 14350 14300 14300 327
20190604 1400 14350 14350 14300 14350 848
20190604 1401 14350 14350 14300 14350 427
20190604 1402 14350 14350 14300 14350 551
20190604 1403 14350 14350 14300 14300 139
20190604 1404 14350 14350 14300 14350 1163
20190604 1405 14350 14350 14300 14350 389
20190604 1406 14350 14350 14300 14300 2850
20190604 1407 14350 14350 14300 14350 260
20190604 1408 14350 14350 14350 14350 422
20190604 1409 14300 14350 14300 14350 443
20190604 1410 14350 14350 14300 14300 645
20190604 1411 14350 14350 14300 14300 2682
20190604 1412 14300 14300 14250 14300 682
20190604 1413 14300 14300 14250 14300 578
20190604 1414 14300 14300 14250 14250 229
20190604 1415 14300 14300 14300 14300 518
20190604 1416 14300 14300 14250 14300 211
20190604 1417 14250 14300 14250 14300 409
20190604 1418 14250 14300 14250 14300 289
20190604 1419 14300 14300 14200 14250 2957
20190604 1420 14250 14250 14200 14200 498
20190604 1421 14250 14250 14200 14250 521
20190604 1422 14250 14250 14250 14250 19
20190604 1423 14250 14300 14250 14300 637
20190604 1424 14300 14300 14250 14300 2169
20190604 1425 14300 14300 14250 14300 294
20190604 1426 14300 14300 14250 14250 462
20190604 1427 14300 14300 14250 14250 232
20190604 1428 14300 14300 14250 14250 519
20190604 1429 14300 14300 14300 14300 163
20190604 1430 14300 14300 14250 14250 683
20190604 1431 14300 14300 14250 14300 113
20190604 1432 14300 14300 14250 14300 580
20190604 1433 14300 14300 14250 14250 310
20190604 1434 14300 14300 14250 14250 1291
20190604 1435 14250 14300 14250 14300 1687
20190604 1436 14300 14300 14250 14250 737
20190604 1437 14250 14300 14250 14250 591
20190604 1438 14300 14300 14250 14300 2015
20190604 1439 14300 14300 14250 14300 630
20190604 1440 14250 14300 14250 14300 250
20190604 1441 14300 14300 14250 14300 631
20190604 1442 14250 14300 14250 14300 81
20190604 1443 14300 14350 14250 14350 1096
20190604 1444 14350 14350 14200 14200 4439
20190604 1445 14250 14250 14250 14250 488
20190604 1446 14250 14250 14200 14250 317
20190604 1447 14250 14250 14250 14250 745
20190604 1448 14250 14250 14200 14250 142
20190604 1449 14250 14300 14250 14250 602
20190604 1450 14300 14300 14250 14300 1121
20190604 1451 14250 14300 14250 14300 558
20190604 1452 14300 14300 14250 14300 1536
20190604 1453 14350 14350 14300 14300 188
20190604 1454 14350 14350 14300 14350 568
20190604 1455 14350 14350 14200 14250 3551
20190604 1456 14250 14250 14200 14200 501
20190604 1457 14200 14250 14200 14250 176
20190604 1458 14250 14250 14200 14200 535
20190604 1459 14250 14250 14200 14250 711
20190604 1500 14300 14300 14250 14250 658
20190604 1501 14300 14300 14250 14300 295
20190604 1502 14300 14300 14300 14300 461
20190604 1503 14250 14300 14250 14300 532
20190604 1504 14300 14300 14250 14300 1204
20190604 1505 14300 14300 14250 14300 562
20190604 1506 14300 14300 14250 14300 304
20190604 1507 14300 14300 14300 14300 418
20190604 1508 14300 14300 14250 14300 162
20190604 1509 14300 14350 14300 14300 1662
20190604 1510 14350 14350 14300 14350 187
20190604 1511 14350 14350 14300 14350 657
20190604 1512 14300 14350 14300 14300 453
20190604 1513 14300 14350 14300 14350 395
20190604 1514 14350 14350 14300 14350 1210
20190604 1515 14350 14350 14300 14300 1414
20190604 1516 14350 14350 14300 14350 657
20190604 1517 14350 14350 14300 14300 707
20190604 1518 14350 14350 14300 14350 216
20190604 1519 14350 14350 14300 14300 205
20190604 1520 14300 14350 14300 14300 1876
20190604 1530 14350 14350 14350 14350 5419
20190605 901 14450 14500 14450 14500 4852
20190605 902 14500 14550 14450 14450 5741
20190605 903 14450 14500 14450 14500 526
20190605 904 14450 14500 14450 14500 4361
20190605 905 14450 14500 14450 14450 1465
20190605 906 14450 14450 14450 14450 2396
20190605 907 14450 14450 14400 14400 2797
20190605 908 14400 14400 14350 14350 5644
20190605 909 14300 14350 14300 14350 1213
20190605 910 14350 14350 14300 14350 1671
20190605 911 14350 14350 14300 14350 1246
20190605 912 14300 14350 14300 14300 1154
20190605 913 14350 14350 14300 14300 2330
20190605 914 14300 14350 14300 14300 3408
20190605 915 14300 14300 14250 14300 1862
20190605 916 14300 14300 14300 14300 68
20190605 917 14250 14300 14250 14300 3254
20190605 918 14300 14300 14300 14300 968
20190605 919 14350 14350 14300 14300 74
20190605 920 14300 14300 14250 14250 1981
20190605 921 14250 14300 14250 14300 3700
20190605 922 14300 14300 14250 14300 512
20190605 923 14300 14300 14300 14300 1314
20190605 924 14250 14300 14250 14300 1997
20190605 925 14300 14350 14300 14300 672
20190605 926 14350 14350 14300 14350 164
20190605 927 14300 14350 14300 14350 1116
20190605 928 14300 14350 14300 14350 349
20190605 929 14300 14350 14250 14250 3029
20190605 930 14250 14300 14250 14300 368
20190605 931 14250 14300 14250 14250 1186
20190605 932 14250 14300 14250 14250 325
20190605 933 14250 14350 14250 14350 1227
20190605 934 14350 14350 14250 14300 1679
20190605 935 14300 14300 14300 14300 668
20190605 936 14300 14300 14250 14300 406
20190605 937 14300 14350 14250 14350 3391
20190605 938 14300 14350 14300 14350 470
20190605 939 14300 14300 14250 14250 3550
20190605 940 14300 14300 14250 14300 475
20190605 941 14300 14300 14250 14300 314
20190605 942 14300 14300 14250 14300 85
20190605 943 14300 14300 14250 14250 565
20190605 944 14300 14300 14250 14300 341
20190605 945 14250 14300 14250 14250 366
20190605 946 14300 14300 14250 14300 1488
20190605 947 14250 14300 14250 14250 148
20190605 948 14300 14300 14250 14300 710
20190605 949 14300 14300 14250 14300 403
20190605 950 14250 14300 14250 14300 334
20190605 951 14250 14300 14250 14250 122
20190605 952 14250 14300 14250 14300 475
20190605 953 14300 14300 14200 14200 9920
20190605 954 14250 14250 14200 14250 146
20190605 955 14200 14250 14200 14250 664
20190605 956 14250 14250 14200 14250 723
20190605 957 14200 14250 14200 14250 1353
20190605 958 14250 14250 14200 14250 539
20190605 959 14200 14300 14200 14300 1195
20190605 1000 14250 14300 14250 14250 379
20190605 1001 14250 14300 14200 14250 813
20190605 1002 14250 14250 14200 14200 1685
20190605 1003 14250 14250 14200 14200 1509
20190605 1004 14200 14250 14200 14200 408
20190605 1005 14250 14250 14150 14150 9873
20190605 1006 14150 14250 14150 14200 2879
20190605 1007 14200 14200 14150 14150 491
20190605 1008 14200 14200 14150 14150 93
20190605 1009 14150 14200 14150 14200 2156
20190605 1010 14200 14200 14150 14150 1223
20190605 1011 14150 14200 14150 14150 1289
20190605 1012 14150 14200 14100 14100 6660
20190605 1013 14100 14150 14100 14150 5600
20190605 1014 14200 14200 14150 14150 443
20190605 1015 14150 14200 14150 14200 810
20190605 1016 14150 14200 14150 14150 853
20190605 1017 14200 14200 14150 14200 215
20190605 1018 14200 14200 14150 14200 366
20190605 1019 14150 14200 14150 14200 1064
20190605 1020 14150 14200 14150 14200 556
20190605 1021 14150 14250 14150 14200 1315
20190605 1022 14200 14250 14200 14200 329
20190605 1023 14200 14250 14200 14250 675
20190605 1024 14200 14250 14200 14200 910
20190605 1025 14200 14250 14200 14200 1171
20190605 1026 14250 14250 14150 14150 1091
20190605 1027 14150 14200 14150 14200 2190
20190605 1028 14200 14200 14150 14200 1977
20190605 1029 14250 14250 14200 14200 52
20190605 1030 14250 14250 14200 14250 651
20190605 1031 14200 14250 14200 14250 269
20190605 1032 14250 14250 14200 14250 599
20190605 1033 14200 14250 14200 14250 68
20190605 1034 14200 14250 14200 14250 606
20190605 1035 14250 14250 14200 14200 458
20190605 1036 14250 14250 14200 14200 154
20190605 1037 14250 14250 14200 14250 779
20190605 1038 14200 14250 14200 14250 93
20190605 1039 14250 14250 14150 14150 1890
20190605 1040 14150 14200 14150 14200 869
20190605 1041 14150 14250 14150 14250 603
20190605 1042 14250 14250 14200 14200 273
20190605 1043 14200 14250 14200 14250 224
20190605 1044 14250 14250 14200 14250 277
20190605 1045 14200 14250 14200 14250 430
20190605 1046 14200 14250 14200 14250 391
20190605 1047 14250 14250 14200 14200 225
20190605 1048 14200 14250 14200 14200 563
20190605 1049 14200 14250 14200 14200 337
20190605 1050 14200 14250 14200 14200 1015
20190605 1051 14250 14250 14200 14250 1967
20190605 1052 14300 14300 14250 14300 71
20190605 1053 14300 14300 14250 14300 1145
20190605 1054 14250 14250 14200 14250 848
20190605 1055 14200 14250 14200 14200 319
20190605 1056 14250 14250 14200 14250 1280
20190605 1057 14250 14250 14250 14250 33
20190605 1058 14200 14250 14200 14200 618
20190605 1059 14250 14250 14200 14250 755
20190605 1100 14250 14300 14200 14250 498
20190605 1101 14250 14250 14200 14200 99
20190605 1102 14200 14250 14200 14200 425
20190605 1103 14250 14250 14200 14250 1552
20190605 1104 14250 14300 14250 14250 77
20190605 1105 14250 14300 14200 14250 714
20190605 1106 14250 14300 14250 14250 93
20190605 1107 14250 14250 14200 14250 586
20190605 1108 14200 14250 14200 14250 401
20190605 1109 14200 14300 14200 14250 2102
20190605 1110 14250 14300 14250 14250 750
20190605 1111 14300 14300 14250 14250 283
20190605 1112 14250 14300 14200 14250 3483
20190605 1113 14250 14250 14200 14250 77
20190605 1114 14200 14250 14200 14250 465
20190605 1115 14200 14250 14200 14200 159
20190605 1116 14200 14250 14200 14200 743
20190605 1117 14200 14250 14200 14250 391
20190605 1118 14250 14250 14200 14200 387
20190605 1119 14200 14250 14200 14250 329
20190605 1120 14200 14300 14200 14250 552
20190605 1121 14300 14300 14250 14300 585
20190605 1122 14250 14300 14250 14250 128
20190605 1123 14250 14300 14250 14250 410
20190605 1124 14300 14300 14250 14300 409
20190605 1125 14300 14300 14250 14300 516
20190605 1126 14250 14300 14250 14250 542
20190605 1127 14300 14300 14250 14300 111
20190605 1128 14250 14300 14250 14250 364
20190605 1129 14300 14300 14250 14250 465
20190605 1130 14250 14250 14200 14250 1282
20190605 1131 14250 14250 14200 14200 409
20190605 1132 14250 14250 14200 14200 270
20190605 1133 14200 14250 14200 14200 305
20190605 1134 14200 14250 14200 14250 434
20190605 1135 14250 14250 14200 14250 431
20190605 1136 14200 14250 14200 14200 103
20190605 1137 14200 14250 14200 14250 445
20190605 1138 14250 14300 14250 14250 1958
20190605 1139 14250 14300 14250 14300 61
20190605 1140 14250 14300 14250 14250 390
20190605 1141 14250 14300 14250 14300 314
20190605 1142 14250 14300 14250 14250 313
20190605 1143 14300 14300 14250 14300 573
20190605 1144 14250 14300 14250 14300 495
20190605 1145 14250 14300 14250 14300 843
20190605 1146 14250 14300 14250 14250 87
20190605 1147 14300 14300 14250 14300 1851
20190605 1148 14300 14300 14250 14250 960
20190605 1149 14300 14300 14250 14300 692
20190605 1150 14250 14300 14250 14300 1317
20190605 1151 14250 14300 14250 14300 602
20190605 1152 14250 14300 14250 14300 632
20190605 1153 14250 14300 14250 14300 166
20190605 1154 14250 14300 14250 14250 423
20190605 1155 14300 14300 14200 14200 2086
20190605 1156 14250 14250 14200 14250 734
20190605 1157 14200 14250 14200 14200 74
20190605 1158 14200 14250 14200 14250 455
20190605 1159 14250 14250 14200 14200 253
20190605 1200 14200 14250 14200 14200 362
20190605 1201 14200 14250 14200 14200 357
20190605 1202 14200 14250 14200 14250 147
20190605 1203 14250 14250 14200 14200 197
20190605 1204 14250 14250 14200 14200 214
20190605 1205 14250 14250 14200 14250 515
20190605 1206 14250 14250 14200 14200 155
20190605 1207 14250 14250 14200 14250 209
20190605 1208 14250 14250 14200 14250 2862
20190605 1209 14250 14250 14200 14250 653
20190605 1210 14250 14250 14200 14200 289
20190605 1211 14200 14250 14200 14250 712
20190605 1212 14250 14250 14250 14250 115
20190605 1213 14250 14250 14200 14250 457
20190605 1214 14250 14250 14200 14250 252
20190605 1215 14250 14250 14200 14200 346
20190605 1216 14250 14250 14200 14200 423
20190605 1217 14200 14250 14200 14250 278
20190605 1218 14250 14250 14200 14250 544
20190605 1219 14200 14250 14200 14250 315
20190605 1220 14200 14250 14200 14250 129
20190605 1221 14250 14250 14200 14250 276
20190605 1222 14250 14250 14200 14250 1122
20190605 1223 14250 14250 14200 14200 765
20190605 1224 14250 14250 14200 14200 148
20190605 1225 14250 14250 14200 14200 266
20190605 1226 14250 14250 14200 14200 454
20190605 1227 14250 14300 14200 14200 826
20190605 1228 14250 14250 14200 14250 270
20190605 1229 14250 14250 14200 14250 77
20190605 1230 14200 14250 14200 14250 251
20190605 1231 14250 14250 14200 14200 364
20190605 1232 14200 14250 14200 14250 120
20190605 1233 14250 14250 14200 14250 307
20190605 1234 14250 14250 14200 14250 84
20190605 1235 14200 14250 14200 14250 368
20190605 1236 14200 14250 14200 14200 343
20190605 1237 14200 14250 14200 14250 708
20190605 1238 14300 14300 14250 14300 58
20190605 1239 14300 14300 14250 14300 237
20190605 1240 14250 14300 14250 14300 459
20190605 1241 14300 14300 14250 14300 173
20190605 1242 14300 14300 14250 14300 165
20190605 1243 14250 14300 14250 14250 226
20190605 1244 14250 14300 14250 14250 412
20190605 1245 14250 14300 14250 14300 192
20190605 1246 14250 14300 14250 14300 221
20190605 1247 14300 14300 14250 14250 427
20190605 1248 14250 14300 14250 14250 1289
20190605 1249 14300 14300 14250 14300 656
20190605 1250 14250 14300 14250 14300 69
20190605 1251 14300 14300 14250 14300 251
20190605 1252 14250 14300 14250 14300 145
20190605 1253 14250 14300 14250 14250 323
20190605 1254 14300 14300 14300 14300 131
20190605 1255 14250 14300 14250 14250 319
20190605 1256 14300 14300 14250 14300 92
20190605 1257 14300 14300 14250 14300 406
20190605 1258 14250 14300 14250 14250 756
20190605 1259 14300 14300 14250 14250 89
20190605 1300 14300 14300 14250 14300 232
20190605 1301 14250 14300 14250 14300 82
20190605 1302 14300 14300 14250 14250 502
20190605 1303 14250 14300 14250 14300 191
20190605 1304 14300 14300 14300 14300 7
20190605 1305 14250 14300 14250 14250 126
20190605 1306 14250 14300 14250 14300 501
20190605 1307 14250 14300 14250 14250 275
20190605 1308 14250 14300 14250 14300 130
20190605 1309 14250 14300 14250 14250 1700
20190605 1310 14250 14300 14200 14200 1929
20190605 1311 14250 14250 14200 14250 399
20190605 1312 14250 14250 14200 14200 150
20190605 1313 14200 14250 14200 14250 153
20190605 1314 14250 14250 14200 14200 33
20190605 1315 14200 14250 14200 14200 536
20190605 1316 14250 14300 14200 14200 2105
20190605 1317 14250 14250 14200 14200 39
20190605 1318 14250 14250 14200 14200 345
20190605 1319 14200 14250 14200 14250 426
20190605 1320 14300 14300 14250 14300 198
20190605 1321 14300 14300 14250 14300 199
20190605 1322 14300 14300 14250 14300 189
20190605 1323 14300 14300 14250 14300 872
20190605 1324 14300 14300 14250 14300 574
20190605 1325 14250 14300 14250 14250 110
20190605 1326 14250 14300 14250 14250 101
20190605 1327 14250 14300 14250 14300 1314
20190605 1328 14300 14300 14250 14250 426
20190605 1329 14250 14300 14250 14250 135
20190605 1330 14250 14300 14250 14250 164
20190605 1331 14250 14300 14250 14250 317
20190605 1332 14300 14300 14250 14250 254
20190605 1333 14300 14300 14250 14300 564
20190605 1334 14250 14300 14250 14250 192
20190605 1335 14250 14300 14250 14300 190
20190605 1336 14250 14300 14250 14300 506
20190605 1337 14300 14300 14250 14250 380
20190605 1338 14250 14300 14250 14250 145
20190605 1339 14250 14300 14250 14300 405
20190605 1340 14250 14300 14250 14250 158
20190605 1341 14250 14300 14250 14250 527
20190605 1342 14250 14300 14250 14300 452
20190605 1343 14300 14300 14250 14300 71
20190605 1344 14250 14300 14250 14300 271
20190605 1345 14250 14300 14250 14300 281
20190605 1346 14250 14300 14250 14250 482
20190605 1347 14250 14300 14250 14300 189
20190605 1348 14250 14300 14250 14250 152
20190605 1349 14300 14300 14250 14300 274
20190605 1350 14250 14300 14250 14300 395
20190605 1351 14300 14300 14250 14250 237
20190605 1352 14250 14300 14250 14250 225
20190605 1353 14300 14300 14250 14250 205
20190605 1354 14300 14300 14250 14250 1189
20190605 1355 14250 14300 14250 14250 491
20190605 1356 14300 14300 14250 14250 138
20190605 1357 14250 14300 14250 14300 349
20190605 1358 14300 14300 14250 14250 228
20190605 1359 14250 14300 14250 14300 803
20190605 1400 14250 14300 14250 14250 395
20190605 1401 14300 14300 14250 14300 471
20190605 1402 14250 14300 14250 14250 670
20190605 1403 14300 14300 14250 14250 403
20190605 1404 14300 14300 14250 14300 342
20190605 1405 14300 14300 14250 14300 338
20190605 1406 14300 14300 14250 14250 198
20190605 1407 14250 14300 14250 14250 345
20190605 1408 14250 14300 14250 14250 724
20190605 1409 14300 14300 14250 14250 383
20190605 1410 14300 14300 14250 14300 217
20190605 1411 14300 14300 14250 14250 192
20190605 1412 14250 14300 14250 14300 612
20190605 1413 14250 14300 14250 14250 273
20190605 1414 14250 14300 14250 14300 167
20190605 1415 14300 14300 14250 14250 758
20190605 1416 14250 14300 14250 14300 700
20190605 1417 14300 14300 14250 14250 549
20190605 1418 14250 14300 14250 14250 378
20190605 1419 14250 14300 14250 14250 248
20190605 1420 14250 14300 14250 14250 434
20190605 1421 14250 14300 14250 14300 439
20190605 1422 14250 14300 14250 14250 454
20190605 1423 14300 14300 14250 14300 226
20190605 1424 14250 14300 14250 14250 157
20190605 1425 14250 14300 14200 14250 7948
20190605 1426 14250 14250 14200 14250 971
20190605 1427 14200 14250 14200 14200 248
20190605 1428 14200 14250 14200 14200 321
20190605 1429 14250 14250 14200 14200 920
20190605 1430 14200 14250 14200 14250 600
20190605 1431 14200 14250 14200 14250 911
20190605 1432 14250 14250 14200 14200 229
20190605 1433 14250 14250 14200 14200 132
20190605 1434 14250 14250 14200 14200 489
20190605 1435 14200 14250 14200 14200 317
20190605 1436 14250 14250 14200 14200 555
20190605 1437 14250 14250 14200 14250 218
20190605 1438 14200 14250 14200 14200 164
20190605 1439 14250 14250 14200 14250 654
20190605 1440 14200 14250 14200 14250 418
20190605 1441 14200 14250 14200 14250 172
20190605 1442 14250 14250 14200 14250 578
20190605 1443 14200 14250 14200 14200 852
20190605 1444 14250 14250 14200 14200 193
20190605 1445 14200 14250 14200 14200 227
20190605 1446 14250 14250 14200 14200 1066
20190605 1447 14200 14250 14200 14250 737
20190605 1448 14250 14250 14250 14250 166
20190605 1449 14200 14250 14200 14200 250
20190605 1450 14250 14250 14200 14200 165
20190605 1451 14200 14250 14200 14250 1026
20190605 1452 14250 14250 14200 14200 1433
20190605 1453 14250 14250 14200 14200 168
20190605 1454 14200 14250 14200 14250 385
20190605 1455 14250 14250 14200 14250 166
20190605 1456 14200 14250 14200 14200 517
20190605 1457 14250 14250 14200 14250 751
20190605 1458 14250 14250 14200 14250 643
20190605 1459 14250 14250 14200 14250 306
20190605 1500 14200 14250 14200 14200 958
20190605 1501 14200 14250 14200 14250 621
20190605 1502 14250 14250 14200 14200 671
20190605 1503 14250 14250 14200 14200 2393
20190605 1504 14200 14250 14200 14250 2076
20190605 1505 14200 14250 14200 14200 1532
20190605 1506 14250 14250 14200 14250 648
20190605 1507 14250 14250 14200 14250 592
20190605 1508 14200 14250 14200 14250 1892
20190605 1509 14250 14250 14200 14250 936
20190605 1510 14200 14250 14200 14200 1221
20190605 1511 14250 14250 14200 14250 283
20190605 1512 14200 14250 14200 14250 293
20190605 1513 14200 14250 14200 14250 2258
20190605 1514 14250 14250 14200 14250 1143
20190605 1515 14250 14250 14200 14250 320
20190605 1516 14250 14250 14200 14250 245
20190605 1517 14250 14250 14200 14250 697
20190605 1518 14250 14250 14200 14250 768
20190605 1519 14200 14250 14200 14200 1721
20190605 1520 14200 14250 14200 14200 1865
20190605 1530 14250 14250 14250 14250 9363
20190607 901 14250 14250 14200 14200 7489
20190607 902 14200 14300 14200 14300 1511
20190607 903 14250 14300 14250 14300 472
20190607 904 14300 14300 14250 14300 804
20190607 905 14300 14300 14250 14250 364
20190607 906 14300 14300 14250 14250 1986
20190607 907 14200 14250 14200 14200 177
20190607 908 14200 14200 14200 14200 261
20190607 909 14200 14200 14200 14200 2414
20190607 910 14200 14200 14200 14200 337
20190607 911 14200 14250 14200 14200 964
20190607 912 14200 14200 14150 14150 1677
20190607 913 14200 14250 14150 14150 2236
20190607 914 14200 14350 14200 14350 7076
20190607 915 14400 14400 14350 14400 2162
20190607 916 14350 14400 14300 14350 2759
20190607 917 14350 14500 14350 14500 12724
20190607 918 14500 14500 14400 14400 10119
20190607 919 14400 14500 14400 14500 10620
20190607 920 14500 14550 14500 14500 10678
20190607 921 14500 14500 14400 14450 2333
20190607 922 14450 14450 14350 14350 1801
20190607 923 14350 14350 14300 14300 765
20190607 924 14300 14300 14300 14300 133
20190607 925 14300 14300 14300 14300 307
20190607 926 14300 14300 14300 14300 102
20190607 927 14300 14300 14300 14300 698
20190607 928 14300 14350 14300 14350 946
20190607 929 14350 14400 14350 14350 7419
20190607 930 14400 14400 14350 14400 2139
20190607 931 14400 14450 14400 14400 1454
20190607 932 14400 14400 14400 14400 300
20190607 933 14450 14450 14400 14450 1077
20190607 934 14450 14450 14400 14400 535
20190607 935 14450 14450 14350 14350 1884
20190607 936 14400 14400 14350 14350 273
20190607 937 14400 14550 14400 14500 13479
20190607 938 14500 14550 14450 14550 12334
20190607 939 14500 14550 14450 14500 11627
20190607 940 14450 14500 14450 14500 1473
20190607 941 14500 14500 14450 14450 1966
20190607 942 14450 14500 14450 14450 2125
20190607 943 14450 14450 14450 14450 968
20190607 944 14400 14400 14400 14400 2507
20190607 945 14400 14400 14350 14400 763
20190607 946 14350 14400 14350 14400 132
20190607 947 14400 14400 14350 14400 211
20190607 948 14350 14400 14350 14350 137
20190607 949 14350 14400 14350 14400 1229
20190607 950 14400 14400 14350 14350 517
20190607 951 14400 14400 14350 14350 1390
20190607 952 14400 14400 14400 14400 800
20190607 953 14400 14400 14350 14400 444
20190607 954 14400 14400 14350 14350 211
20190607 955 14350 14400 14350 14400 245
20190607 956 14350 14400 14350 14400 188
20190607 957 14350 14350 14350 14350 433
20190607 958 14350 14400 14350 14400 49
20190607 959 14400 14400 14350 14400 1847
20190607 1000 14400 14400 14350 14350 141
20190607 1001 14350 14400 14350 14400 460
20190607 1002 14350 14350 14350 14350 178
20190607 1003 14350 14350 14350 14350 509
20190607 1004 14400 14400 14350 14400 68
20190607 1005 14400 14400 14350 14350 2774
20190607 1006 14350 14350 14300 14300 245
20190607 1007 14300 14350 14300 14300 1478
20190607 1008 14350 14350 14300 14350 266
20190607 1009 14350 14350 14300 14350 1032
20190607 1010 14350 14350 14300 14350 1675
20190607 1011 14350 14400 14350 14400 1159
20190607 1012 14350 14400 14350 14400 473
20190607 1013 14400 14400 14350 14400 455
20190607 1014 14400 14400 14350 14400 178
20190607 1015 14350 14400 14350 14400 764
20190607 1016 14400 14400 14350 14350 496
20190607 1017 14400 14400 14350 14400 114
20190607 1018 14400 14400 14350 14400 538
20190607 1019 14350 14400 14350 14350 180
20190607 1020 14400 14400 14350 14350 576
20190607 1021 14400 14400 14400 14400 302
20190607 1022 14400 14400 14350 14400 52
20190607 1023 14350 14400 14350 14350 396
20190607 1024 14400 14400 14400 14400 115
20190607 1025 14400 14400 14350 14350 1809
20190607 1026 14350 14350 14300 14350 2110
20190607 1027 14350 14350 14300 14350 647
20190607 1028 14350 14350 14300 14300 521
20190607 1029 14350 14350 14300 14300 346
20190607 1030 14300 14350 14300 14350 499
20190607 1031 14300 14350 14300 14350 156
20190607 1032 14350 14350 14350 14350 114
20190607 1033 14350 14350 14300 14350 537
20190607 1034 14300 14350 14300 14350 426
20190607 1035 14350 14350 14300 14350 1602
20190607 1036 14350 14350 14300 14350 1691
20190607 1037 14350 14350 14300 14350 548
20190607 1038 14350 14350 14300 14350 165
20190607 1039 14300 14350 14250 14350 2259
20190607 1040 14300 14350 14300 14350 145
20190607 1041 14300 14350 14300 14350 592
20190607 1042 14350 14350 14300 14350 117
20190607 1043 14350 14350 14300 14300 1804
20190607 1044 14300 14300 14300 14300 241
20190607 1045 14300 14300 14250 14250 448
20190607 1046 14300 14300 14250 14300 325
20190607 1047 14300 14350 14300 14350 2601
20190607 1048 14350 14350 14300 14300 162
20190607 1049 14350 14350 14350 14350 21
20190607 1050 14350 14350 14300 14350 242
20190607 1051 14350 14350 14300 14350 286
20190607 1052 14350 14350 14300 14350 1126
20190607 1053 14350 14350 14300 14350 317
20190607 1054 14350 14350 14350 14350 84
20190607 1055 14300 14350 14300 14300 826
20190607 1056 14300 14350 14300 14350 984
20190607 1057 14350 14350 14350 14350 94
20190607 1058 14350 14350 14300 14300 453
20190607 1059 14350 14350 14350 14350 53
20190607 1100 14350 14350 14350 14350 156
20190607 1101 14350 14350 14300 14300 82
20190607 1102 14350 14350 14300 14350 291
20190607 1103 14350 14350 14350 14350 50
20190607 1104 14350 14350 14250 14300 1983
20190607 1105 14300 14350 14300 14350 1070
20190607 1106 14350 14350 14300 14300 186
20190607 1107 14350 14350 14300 14300 126
20190607 1108 14350 14350 14350 14350 131
20190607 1109 14350 14350 14300 14350 197
20190607 1110 14350 14350 14300 14350 194
20190607 1111 14350 14350 14300 14350 157
20190607 1112 14350 14350 14350 14350 24
20190607 1113 14350 14350 14300 14350 577
20190607 1114 14350 14350 14300 14350 77
20190607 1115 14350 14350 14300 14350 382
20190607 1116 14350 14350 14300 14350 317
20190607 1117 14300 14350 14300 14350 107
20190607 1118 14350 14350 14350 14350 209
20190607 1119 14350 14350 14300 14300 186
20190607 1120 14300 14350 14300 14350 990
20190607 1121 14350 14350 14350 14350 69
20190607 1122 14350 14350 14300 14300 621
20190607 1123 14350 14350 14300 14350 491
20190607 1124 14350 14350 14300 14300 145
20190607 1125 14350 14350 14300 14350 482
20190607 1126 14350 14350 14300 14350 569
20190607 1127 14300 14350 14300 14350 254
20190607 1128 14350 14350 14350 14350 63
20190607 1129 14350 14350 14350 14350 67
20190607 1130 14300 14350 14300 14350 442
20190607 1131 14350 14350 14300 14350 1585
20190607 1132 14350 14350 14350 14350 163
20190607 1133 14350 14350 14300 14350 117
20190607 1134 14350 14350 14300 14350 182
20190607 1135 14350 14350 14350 14350 103
20190607 1136 14300 14350 14300 14350 113
20190607 1137 14350 14350 14300 14300 157
20190607 1138 14300 14350 14300 14350 457
20190607 1139 14350 14350 14300 14300 94
20190607 1140 14350 14350 14250 14300 4241
20190607 1141 14300 14300 14250 14300 1115
20190607 1142 14300 14300 14250 14250 338
20190607 1143 14250 14300 14250 14300 2256
20190607 1144 14300 14300 14300 14300 93
20190607 1145 14300 14300 14250 14250 985
20190607 1146 14300 14300 14300 14300 199
20190607 1147 14300 14350 14300 14350 2668
20190607 1148 14350 14350 14350 14350 42
20190607 1149 14350 14350 14300 14300 184
20190607 1150 14350 14350 14350 14350 48
20190607 1151 14350 14350 14350 14350 110
20190607 1152 14350 14350 14300 14350 186
20190607 1153 14350 14350 14350 14350 41
20190607 1154 14350 14350 14350 14350 204
20190607 1155 14350 14350 14300 14350 101
20190607 1156 14350 14350 14300 14350 73
20190607 1157 14350 14350 14350 14350 60
20190607 1158 14350 14350 14300 14300 1019
20190607 1159 14350 14350 14300 14350 234
20190607 1200 14350 14350 14300 14350 268
20190607 1201 14350 14350 14300 14350 112
20190607 1202 14350 14350 14300 14350 121
20190607 1203 14350 14350 14300 14350 1115
20190607 1204 14350 14350 14300 14300 484
20190607 1205 14350 14350 14300 14350 1723
20190607 1206 14350 14350 14300 14300 207
20190607 1207 14300 14300 14300 14300 130
20190607 1208 14250 14300 14250 14300 189
20190607 1209 14300 14300 14250 14300 383
20190607 1210 14300 14300 14250 14250 375
20190607 1211 14300 14300 14250 14250 206
20190607 1212 14250 14300 14250 14300 123
20190607 1213 14300 14300 14300 14300 256
20190607 1214 14300 14300 14250 14300 324
20190607 1215 14300 14300 14250 14300 259
20190607 1216 14300 14300 14250 14300 136
20190607 1217 14300 14300 14250 14300 250
20190607 1218 14300 14300 14300 14300 2436
20190607 1219 14350 14350 14300 14300 588
20190607 1220 14300 14350 14300 14350 248
20190607 1221 14350 14350 14350 14350 118
20190607 1222 14350 14350 14350 14350 340
20190607 1223 14350 14350 14300 14300 85
20190607 1224 14350 14350 14350 14350 46
20190607 1225 14350 14350 14350 14350 62
20190607 1226 14350 14350 14350 14350 145
20190607 1227 14300 14350 14300 14350 82
20190607 1228 14350 14350 14300 14300 221
20190607 1229 14350 14350 14350 14350 53
20190607 1230 14350 14350 14300 14300 1103
20190607 1231 14350 14350 14350 14350 30
20190607 1232 14300 14350 14300 14350 347
20190607 1233 14350 14350 14300 14350 1237
20190607 1234 14350 14350 14350 14350 133
20190607 1235 14350 14350 14300 14350 944
20190607 1236 14350 14350 14300 14300 2005
20190607 1237 14300 14300 14300 14300 358
20190607 1238 14300 14300 14300 14300 278
20190607 1239 14250 14300 14250 14300 653
20190607 1240 14300 14300 14300 14300 167
20190607 1241 14300 14300 14250 14250 429
20190607 1242 14300 14300 14250 14250 294
20190607 1243 14300 14300 14300 14300 91
20190607 1244 14300 14300 14300 14300 116
20190607 1245 14300 14300 14300 14300 50
20190607 1246 14250 14300 14250 14300 1043
20190607 1247 14300 14300 14300 14300 127
20190607 1248 14300 14300 14300 14300 25
20190607 1249 14300 14300 14250 14250 326
20190607 1250 14300 14300 14300 14300 66
20190607 1251 14300 14300 14250 14250 197
20190607 1252 14300 14300 14250 14300 94
20190607 1253 14300 14350 14300 14350 2149
20190607 1254 14300 14300 14300 14300 388
20190607 1255 14300 14300 14250 14300 220
20190607 1256 14350 14350 14350 14350 117
20190607 1257 14350 14350 14300 14300 478
20190607 1258 14300 14300 14250 14250 6124
20190607 1259 14300 14300 14300 14300 45
20190607 1300 14300 14300 14300 14300 79
20190607 1301 14300 14300 14250 14250 237
20190607 1302 14250 14300 14250 14300 308
20190607 1303 14300 14300 14300 14300 96
20190607 1304 14300 14300 14250 14300 810
20190607 1305 14250 14300 14250 14300 79
20190607 1306 14300 14300 14250 14250 2277
20190607 1307 14300 14300 14250 14300 787
20190607 1308 14300 14300 14250 14300 1611
20190607 1309 14300 14300 14250 14300 414
20190607 1310 14300 14300 14300 14300 104
20190607 1311 14250 14300 14250 14300 483
20190607 1312 14300 14300 14250 14300 593
20190607 1313 14250 14300 14250 14250 271
20190607 1314 14300 14300 14250 14300 79
20190607 1315 14300 14300 14250 14250 2292
20190607 1316 14250 14300 14250 14250 194
20190607 1317 14300 14300 14250 14300 572
20190607 1318 14300 14300 14250 14250 881
20190607 1319 14300 14300 14250 14300 359
20190607 1320 14300 14300 14250 14300 1287
20190607 1321 14300 14350 14250 14350 6033
20190607 1322 14350 14350 14300 14350 577
20190607 1323 14350 14350 14350 14350 97
20190607 1324 14350 14350 14300 14350 404
20190607 1325 14350 14350 14300 14350 307
20190607 1326 14350 14350 14350 14350 66
20190607 1327 14300 14350 14300 14300 181
20190607 1328 14350 14350 14300 14350 80
20190607 1329 14350 14350 14350 14350 53
20190607 1330 14300 14350 14300 14350 63
20190607 1331 14350 14350 14300 14350 92
20190607 1332 14350 14350 14300 14300 228
20190607 1333 14350 14350 14300 14350 272
20190607 1334 14300 14350 14300 14350 641
20190607 1335 14350 14350 14300 14350 132
20190607 1336 14350 14350 14300 14350 119
20190607 1337 14350 14350 14300 14300 83
20190607 1338 14350 14350 14300 14350 578
20190607 1339 14350 14350 14300 14300 130
20190607 1340 14300 14350 14300 14350 472
20190607 1341 14350 14350 14300 14300 222
20190607 1342 14350 14350 14300 14350 589
20190607 1343 14300 14350 14300 14350 276
20190607 1344 14350 14350 14300 14300 73
20190607 1345 14350 14350 14350 14350 142
20190607 1346 14350 14350 14300 14350 627
20190607 1347 14350 14350 14300 14350 249
20190607 1348 14350 14350 14350 14350 111
20190607 1349 14350 14350 14300 14350 260
20190607 1350 14350 14350 14250 14250 1029
20190607 1351 14300 14300 14300 14300 326
20190607 1352 14300 14300 14250 14300 931
20190607 1353 14300 14300 14250 14300 252
20190607 1354 14300 14350 14250 14250 344
20190607 1355 14300 14300 14250 14250 31
20190607 1356 14300 14350 14250 14350 1206
20190607 1357 14350 14350 14300 14300 112
20190607 1358 14300 14350 14300 14350 518
20190607 1359 14350 14350 14300 14350 15
20190607 1400 14350 14350 14300 14350 680
20190607 1401 14350 14350 14300 14300 1921
20190607 1402 14250 14300 14250 14300 173
20190607 1403 14300 14300 14250 14300 129
20190607 1404 14300 14300 14250 14300 730
20190607 1405 14300 14300 14250 14300 460
20190607 1406 14300 14300 14250 14250 63
20190607 1407 14300 14300 14250 14300 48
20190607 1408 14300 14300 14250 14300 96
20190607 1409 14300 14300 14250 14300 384
20190607 1410 14300 14300 14300 14300 399
20190607 1411 14250 14300 14250 14250 250
20190607 1412 14250 14250 14250 14250 426
20190607 1413 14300 14300 14300 14300 113
20190607 1414 14250 14300 14250 14300 65
20190607 1415 14300 14300 14250 14300 147
20190607 1416 14300 14300 14250 14300 621
20190607 1417 14250 14250 14250 14250 452
20190607 1418 14300 14300 14250 14250 296
20190607 1419 14300 14300 14250 14300 706
20190607 1420 14300 14300 14250 14300 817
20190607 1421 14250 14250 14250 14250 32
20190607 1422 14300 14300 14250 14300 143
20190607 1423 14300 14300 14300 14300 105
20190607 1424 14300 14300 14250 14300 192
20190607 1425 14300 14300 14250 14250 2081
20190607 1426 14300 14300 14250 14250 95
20190607 1427 14250 14300 14250 14300 298
20190607 1428 14300 14300 14250 14300 123
20190607 1429 14300 14300 14250 14300 646
20190607 1430 14300 14300 14250 14300 338
20190607 1431 14300 14300 14250 14300 58
20190607 1432 14250 14300 14250 14300 1516
20190607 1433 14300 14300 14250 14300 1011
20190607 1434 14300 14300 14250 14250 66
20190607 1435 14250 14300 14250 14300 2657
20190607 1436 14300 14300 14250 14250 258
20190607 1437 14300 14300 14250 14300 279
20190607 1438 14300 14300 14250 14250 837
20190607 1439 14250 14300 14250 14250 178
20190607 1440 14300 14300 14250 14300 98
20190607 1441 14300 14300 14250 14300 194
20190607 1442 14250 14300 14250 14300 575
20190607 1443 14250 14300 14250 14250 345
20190607 1444 14250 14250 14250 14250 607
20190607 1445 14300 14300 14250 14300 943
20190607 1446 14300 14300 14250 14250 673
20190607 1447 14250 14300 14250 14300 150
20190607 1448 14300 14300 14250 14300 417
20190607 1449 14300 14300 14250 14250 161
20190607 1450 14300 14300 14250 14300 434
20190607 1451 14300 14300 14250 14250 1086
20190607 1452 14300 14300 14250 14250 99
20190607 1453 14250 14300 14250 14300 1732
20190607 1454 14300 14300 14250 14300 403
20190607 1455 14250 14300 14250 14250 475
20190607 1456 14300 14300 14250 14250 640
20190607 1457 14300 14300 14250 14300 138
20190607 1458 14300 14300 14250 14250 465
20190607 1459 14250 14300 14250 14300 449
20190607 1500 14250 14300 14250 14250 594
20190607 1501 14250 14300 14250 14250 478
20190607 1502 14250 14300 14250 14250 4957
20190607 1503 14250 14250 14200 14250 1215
20190607 1504 14200 14250 14200 14200 137
20190607 1505 14250 14250 14200 14200 1285
20190607 1506 14200 14250 14150 14150 15805
20190607 1507 14150 14200 14150 14200 1523
20190607 1508 14200 14250 14200 14200 246
20190607 1509 14250 14250 14200 14250 371
20190607 1510 14250 14250 14200 14250 718
20190607 1511 14250 14250 14200 14200 1267
20190607 1512 14200 14200 14150 14200 3950
20190607 1513 14200 14250 14200 14200 1016
20190607 1514 14200 14250 14200 14200 253
20190607 1515 14200 14250 14200 14250 1119
20190607 1516 14250 14250 14200 14200 879
20190607 1517 14200 14250 14200 14200 672
20190607 1518 14200 14250 14200 14200 1123
20190607 1519 14200 14250 14200 14250 350
20190607 1520 14250 14250 14200 14250 459
20190607 1530 14150 14150 14150 14150 10073
20190610 901 14250 14350 14250 14250 3785
20190610 902 14300 14300 14300 14300 15
20190610 903 14250 14300 14250 14250 1046
20190610 904 14250 14300 14250 14250 820
20190610 905 14250 14250 14200 14200 729
20190610 906 14200 14200 14150 14150 6434
20190610 907 14150 14250 14150 14250 1301
20190610 908 14250 14250 14200 14200 737
20190610 909 14200 14200 14150 14150 2104
20190610 910 14150 14150 14150 14150 367
20190610 911 14150 14200 14150 14200 570
20190610 912 14150 14200 14150 14200 444
20190610 913 14150 14200 14150 14200 130
20190610 914 14200 14250 14150 14250 2744
20190610 915 14250 14250 14200 14250 621
20190610 916 14250 14250 14200 14200 410
20190610 917 14250 14250 14200 14200 2239
20190610 918 14200 14200 14200 14200 1452
20190610 919 14200 14250 14200 14250 994
20190610 920 14250 14250 14200 14200 1518
20190610 921 14200 14200 14150 14200 2985
20190610 922 14200 14200 14200 14200 1844
20190610 923 14200 14200 14150 14200 339
20190610 924 14150 14200 14150 14150 7008
20190610 925 14150 14150 14150 14150 1957
20190610 926 14150 14150 14100 14150 2189
20190610 927 14150 14150 14100 14100 903
20190610 928 14150 14150 14100 14150 1534
20190610 929 14150 14150 14150 14150 1599
20190610 930 14150 14150 14100 14100 2080
20190610 931 14150 14150 14100 14100 163
20190610 932 14150 14150 14150 14150 182
20190610 933 14150 14150 14100 14150 109
20190610 934 14150 14150 14100 14100 572
20190610 935 14150 14150 14100 14100 1100
20190610 936 14100 14100 14100 14100 1559
20190610 937 14100 14150 14050 14150 5632
20190610 938 14150 14150 14100 14100 90
20190610 939 14100 14150 14100 14150 206
20190610 940 14150 14150 14150 14150 84
20190610 941 14150 14150 14100 14100 135
20190610 942 14150 14150 14100 14100 4364
20190610 943 14050 14100 14050 14050 5611
20190610 944 14100 14150 14100 14100 8582
20190610 945 14150 14150 14150 14150 5
20190610 946 14150 14150 14100 14150 941
20190610 947 14100 14150 14100 14150 856
20190610 948 14150 14150 14100 14100 838
20190610 949 14100 14150 14100 14100 804
20190610 950 14100 14100 14100 14100 659
20190610 951 14100 14150 14050 14100 614
20190610 952 14050 14100 14050 14050 151
20190610 953 14050 14100 14050 14100 1039
20190610 954 14100 14150 14050 14150 653
20190610 955 14100 14100 14100 14100 123
20190610 956 14150 14150 14050 14050 13784
20190610 957 14050 14100 14050 14100 697
20190610 958 14100 14150 14050 14150 427
20190610 959 14100 14100 14100 14100 311
20190610 1000 14150 14150 14100 14150 48
20190610 1001 14100 14150 14050 14050 1133
20190610 1002 14050 14100 14050 14050 194
20190610 1003 14050 14100 14050 14100 633
20190610 1004 14100 14100 14050 14050 665
20190610 1005 14100 14150 14050 14050 990
20190610 1006 14100 14150 14050 14100 81
20190610 1007 14100 14150 14050 14050 216
20190610 1008 14100 14100 14050 14050 277
20190610 1009 14050 14100 14050 14050 319
20190610 1010 14100 14100 14050 14100 333
20190610 1011 14050 14100 14050 14100 850
20190610 1012 14050 14100 14050 14100 735
20190610 1013 14050 14100 14050 14100 1809
20190610 1014 14100 14100 14050 14100 203
20190610 1015 14050 14100 14050 14050 409
20190610 1016 14100 14100 14050 14050 575
20190610 1017 14050 14100 14050 14100 192
20190610 1018 14100 14100 14050 14050 714
20190610 1019 14050 14100 14050 14100 163
20190610 1020 14100 14100 14050 14050 133
20190610 1021 14100 14100 14050 14050 720
20190610 1022 14050 14100 14050 14050 315
20190610 1023 14100 14100 14050 14050 300
20190610 1024 14100 14100 14050 14050 213
20190610 1025 14050 14100 14050 14100 324
20190610 1026 14050 14100 14050 14100 96
20190610 1027 14050 14100 14050 14050 78
20190610 1028 14050 14100 14050 14100 651
20190610 1029 14100 14100 14050 14100 318
20190610 1030 14100 14100 14050 14050 77
20190610 1031 14100 14100 14050 14050 357
20190610 1032 14100 14100 14050 14050 529
20190610 1033 14050 14100 14050 14100 68
20190610 1034 14100 14100 14050 14050 801
20190610 1035 14050 14100 14050 14050 987
20190610 1036 14100 14100 14050 14100 197
20190610 1037 14050 14100 14050 14050 1321
20190610 1038 14050 14050 14050 14050 642
20190610 1039 14050 14100 14050 14050 354
20190610 1040 14050 14100 14050 14100 604
20190610 1041 14100 14100 14050 14100 717
20190610 1042 14050 14100 14050 14050 241
20190610 1043 14050 14050 14050 14050 208
20190610 1044 14100 14100 14050 14100 478
20190610 1045 14050 14100 14050 14100 203
20190610 1046 14100 14100 14050 14050 264
20190610 1047 14050 14100 14050 14050 329
20190610 1048 14100 14100 14050 14050 189
20190610 1049 14100 14100 14050 14050 146
20190610 1050 14100 14100 14050 14050 495
20190610 1051 14050 14100 14050 14050 102
20190610 1052 14050 14100 14050 14100 316
20190610 1053 14100 14100 14050 14050 298
20190610 1054 14050 14150 14050 14100 1291
20190610 1055 14100 14150 14100 14100 699
20190610 1056 14150 14150 14100 14100 220
20190610 1057 14100 14150 14100 14100 305
20190610 1058 14100 14150 14100 14150 49
20190610 1059 14150 14150 14100 14100 481
20190610 1100 14100 14100 14100 14100 313
20190610 1101 14100 14100 14100 14100 170
20190610 1102 14100 14150 14100 14100 90
20190610 1103 14100 14150 14100 14100 354
20190610 1104 14150 14150 14100 14100 353
20190610 1105 14100 14150 14100 14100 1671
20190610 1106 14100 14100 14100 14100 379
20190610 1107 14100 14150 14100 14100 235
20190610 1108 14150 14150 14100 14100 2478
20190610 1109 14100 14100 14050 14100 976
20190610 1110 14150 14150 14050 14100 443
20190610 1111 14050 14100 14050 14050 232
20190610 1112 14100 14100 14050 14050 369
20190610 1113 14050 14100 14050 14050 515
20190610 1114 14100 14100 14050 14050 66
20190610 1115 14050 14100 14050 14100 347
20190610 1116 14100 14100 14050 14050 437
20190610 1117 14100 14100 14050 14050 1075
20190610 1118 14050 14100 14050 14050 407
20190610 1119 14050 14100 14050 14100 1051
20190610 1120 14100 14100 14050 14050 319
20190610 1121 14050 14100 14050 14100 1063
20190610 1122 14050 14100 14050 14050 1247
20190610 1123 14050 14100 14050 14100 727
20190610 1124 14050 14100 14050 14100 886
20190610 1125 14100 14100 14050 14050 683
20190610 1126 14100 14100 14050 14050 500
20190610 1127 14050 14100 14050 14050 1779
20190610 1128 14100 14100 14050 14100 370
20190610 1129 14050 14100 14050 14100 573
20190610 1130 14100 14100 14050 14050 214
20190610 1131 14050 14100 14050 14050 396
20190610 1132 14050 14100 14050 14100 1167
20190610 1133 14100 14150 14100 14100 266
20190610 1134 14150 14150 14100 14100 740
20190610 1135 14100 14150 14100 14100 1136
20190610 1136 14150 14150 14100 14100 3403
20190610 1137 14150 14150 14100 14100 209
20190610 1138 14100 14150 14100 14100 537
20190610 1139 14100 14150 14100 14100 209
20190610 1140 14150 14150 14100 14100 1246
20190610 1141 14150 14150 14100 14150 469
20190610 1142 14100 14150 14100 14100 2764
20190610 1143 14100 14150 14100 14100 654
20190610 1144 14150 14150 14100 14150 360
20190610 1145 14150 14150 14100 14150 528
20190610 1146 14100 14150 14100 14150 843
20190610 1147 14100 14150 14100 14150 191
20190610 1148 14100 14150 14100 14100 322
20190610 1149 14150 14150 14100 14100 39
20190610 1150 14150 14150 14100 14150 836
20190610 1151 14100 14150 14100 14150 1355
20190610 1152 14150 14150 14100 14150 3802
20190610 1153 14150 14200 14100 14150 2421
20190610 1154 14150 14200 14150 14150 522
20190610 1155 14150 14250 14150 14250 3206
20190610 1156 14250 14250 14200 14250 151
20190610 1157 14200 14250 14200 14250 422
20190610 1158 14200 14250 14200 14250 362
20190610 1159 14200 14250 14200 14250 108
20190610 1200 14250 14250 14200 14250 405
20190610 1201 14200 14250 14200 14200 485
20190610 1202 14250 14250 14200 14250 335
20190610 1203 14200 14250 14200 14250 185
20190610 1204 14200 14250 14200 14250 783
20190610 1205 14200 14250 14200 14200 298
20190610 1206 14250 14250 14200 14250 430
20190610 1207 14200 14250 14200 14250 302
20190610 1208 14200 14250 14200 14200 167
20190610 1209 14200 14250 14200 14200 890
20190610 1210 14250 14250 14200 14200 167
20190610 1211 14200 14250 14150 14250 559
20190610 1212 14200 14200 14200 14200 383
20190610 1213 14200 14200 14150 14150 113
20190610 1214 14150 14200 14150 14200 165
20190610 1215 14150 14200 14150 14200 114
20190610 1216 14200 14250 14150 14150 1881
20190610 1217 14150 14200 14150 14200 231
20190610 1218 14200 14200 14200 14200 146
20190610 1219 14200 14250 14200 14250 321
20190610 1220 14200 14250 14150 14150 532
20190610 1221 14200 14250 14200 14250 197
20190610 1222 14250 14250 14200 14200 418
20190610 1223 14200 14250 14200 14200 481
20190610 1224 14250 14250 14150 14150 537
20190610 1225 14150 14200 14150 14200 96
20190610 1226 14150 14150 14150 14150 135
20190610 1227 14150 14200 14150 14150 280
20190610 1228 14200 14200 14150 14150 630
20190610 1229 14200 14200 14150 14150 438
20190610 1230 14150 14200 14150 14200 167
20190610 1231 14150 14200 14150 14200 199
20190610 1232 14150 14200 14150 14150 375
20190610 1233 14150 14200 14150 14150 264
20190610 1234 14150 14200 14150 14200 55
20190610 1235 14150 14200 14150 14150 367
20190610 1236 14150 14200 14150 14200 352
20190610 1237 14200 14200 14150 14200 101
20190610 1238 14200 14250 14200 14200 279
20190610 1239 14200 14250 14200 14250 418
20190610 1240 14200 14250 14200 14250 425
20190610 1241 14250 14250 14200 14250 454
20190610 1242 14200 14300 14200 14300 889
20190610 1243 14250 14300 14200 14300 1010
20190610 1244 14250 14300 14250 14300 312
20190610 1245 14300 14300 14250 14250 249
20190610 1246 14250 14300 14250 14300 293
20190610 1247 14250 14300 14250 14300 6730
20190610 1248 14250 14350 14250 14300 1415
20190610 1249 14350 14350 14300 14300 607
20190610 1250 14300 14300 14250 14250 285
20190610 1251 14250 14300 14250 14300 344
20190610 1252 14250 14300 14250 14300 728
20190610 1253 14250 14300 14250 14300 779
20190610 1254 14250 14300 14250 14250 488
20190610 1255 14250 14300 14200 14300 1102
20190610 1256 14300 14300 14250 14300 217
20190610 1257 14250 14300 14250 14250 580
20190610 1258 14300 14350 14250 14350 1617
20190610 1259 14300 14350 14250 14300 224
20190610 1300 14250 14300 14250 14250 100
20190610 1301 14250 14300 14250 14250 341
20190610 1302 14250 14300 14250 14300 334
20190610 1303 14250 14300 14250 14300 170
20190610 1304 14250 14250 14250 14250 155
20190610 1305 14300 14300 14250 14300 545
20190610 1306 14300 14300 14250 14250 441
20190610 1307 14250 14300 14250 14300 254
20190610 1308 14250 14250 14250 14250 251
20190610 1309 14250 14300 14250 14250 351
20190610 1310 14300 14300 14250 14300 378
20190610 1311 14250 14300 14250 14250 267
20190610 1312 14250 14300 14250 14300 242
20190610 1313 14300 14350 14300 14300 2065
20190610 1314 14350 14350 14250 14300 554
20190610 1315 14300 14300 14250 14300 103
20190610 1316 14250 14350 14250 14300 888
20190610 1317 14350 14350 14300 14350 264
20190610 1318 14300 14350 14300 14350 2353
20190610 1319 14300 14350 14300 14300 268
20190610 1320 14350 14350 14350 14350 47
20190610 1321 14300 14350 14300 14300 1545
20190610 1322 14300 14350 14300 14350 291
20190610 1323 14300 14350 14300 14300 533
20190610 1324 14300 14350 14300 14350 265
20190610 1325 14300 14350 14300 14300 279
20190610 1326 14300 14350 14300 14300 1112
20190610 1327 14300 14350 14300 14300 835
20190610 1328 14300 14350 14300 14300 72
20190610 1329 14300 14350 14300 14300 1283
20190610 1330 14300 14350 14300 14300 347
20190610 1331 14300 14350 14300 14300 1390
20190610 1332 14350 14350 14300 14300 1081
20190610 1333 14300 14350 14300 14350 484
20190610 1334 14300 14300 14300 14300 282
20190610 1335 14300 14350 14300 14350 392
20190610 1336 14300 14300 14300 14300 171
20190610 1337 14300 14350 14300 14300 260
20190610 1338 14300 14350 14300 14300 1430
20190610 1339 14300 14350 14300 14300 319
20190610 1340 14350 14350 14300 14300 578
20190610 1341 14350 14350 14300 14300 238
20190610 1342 14350 14350 14300 14350 561
20190610 1343 14300 14350 14300 14300 240
20190610 1344 14300 14350 14300 14350 476
20190610 1345 14350 14350 14300 14350 216
20190610 1346 14300 14350 14300 14350 274
20190610 1347 14300 14350 14300 14300 197
20190610 1348 14300 14350 14300 14350 437
20190610 1349 14300 14300 14300 14300 140
20190610 1350 14350 14350 14300 14300 2431
20190610 1351 14300 14350 14300 14350 388
20190610 1352 14300 14350 14300 14300 483
20190610 1353 14300 14300 14250 14250 696
20190610 1354 14300 14300 14300 14300 734
20190610 1355 14300 14350 14300 14300 680
20190610 1356 14300 14350 14300 14300 588
20190610 1357 14300 14350 14300 14350 159
20190610 1358 14300 14300 14300 14300 245
20190610 1359 14300 14350 14300 14350 6934
20190610 1400 14350 14400 14350 14400 1172
20190610 1401 14350 14400 14350 14350 356
20190610 1402 14350 14400 14300 14350 7538
20190610 1403 14350 14400 14350 14350 679
20190610 1404 14400 14400 14350 14350 206
20190610 1405 14400 14400 14350 14350 84
20190610 1406 14350 14400 14350 14400 8904
20190610 1407 14350 14450 14350 14400 1105
20190610 1408 14450 14450 14400 14400 2167
20190610 1409 14400 14400 14350 14350 1166
20190610 1410 14400 14400 14350 14400 270
20190610 1411 14350 14350 14350 14350 481
20190610 1412 14400 14400 14350 14350 479
20190610 1413 14400 14400 14350 14350 498
20190610 1414 14400 14400 14350 14350 143
20190610 1415 14350 14400 14350 14350 2896
20190610 1416 14300 14400 14300 14350 2301
20190610 1417 14400 14400 14350 14400 279
20190610 1418 14400 14400 14350 14350 405
20190610 1419 14350 14350 14350 14350 1109
20190610 1420 14350 14400 14350 14350 1192
20190610 1421 14350 14350 14300 14300 1032
20190610 1422 14300 14350 14300 14300 357
20190610 1423 14300 14350 14300 14300 280
20190610 1424 14350 14350 14300 14300 162
20190610 1425 14300 14350 14300 14350 259
20190610 1426 14350 14350 14300 14350 467
20190610 1427 14300 14350 14300 14350 1379
20190610 1428 14300 14350 14300 14300 296
20190610 1429 14300 14350 14300 14350 214
20190610 1430 14350 14350 14300 14350 2922
20190610 1431 14300 14350 14300 14350 565
20190610 1432 14300 14350 14300 14350 712
20190610 1433 14300 14350 14300 14300 195
20190610 1434 14350 14400 14350 14350 406
20190610 1435 14350 14400 14350 14400 920
20190610 1436 14400 14400 14350 14350 803
20190610 1437 14350 14400 14350 14350 1025
20190610 1438 14350 14400 14350 14400 627
20190610 1439 14350 14400 14350 14400 652
20190610 1440 14350 14350 14350 14350 264
20190610 1441 14400 14400 14350 14350 362
20190610 1442 14350 14400 14350 14350 343
20190610 1443 14350 14400 14350 14350 479
20190610 1444 14400 14400 14350 14350 445
20190610 1445 14400 14400 14350 14350 700
20190610 1446 14350 14400 14300 14400 3785
20190610 1447 14350 14400 14350 14350 586
20190610 1448 14350 14400 14350 14350 395
20190610 1449 14400 14400 14350 14350 1058
20190610 1450 14350 14350 14350 14350 424
20190610 1451 14400 14400 14300 14300 328
20190610 1452 14300 14350 14300 14350 402
20190610 1453 14350 14350 14300 14350 788
20190610 1454 14300 14350 14300 14350 158
20190610 1455 14300 14350 14300 14350 261
20190610 1456 14300 14350 14300 14300 390
20190610 1457 14350 14350 14300 14350 533
20190610 1458 14350 14350 14300 14300 454
20190610 1459 14300 14350 14300 14350 377
20190610 1500 14300 14400 14300 14350 1209
20190610 1501 14400 14400 14350 14400 1259
20190610 1502 14400 14400 14350 14350 776
20190610 1503 14400 14400 14350 14350 368
20190610 1504 14400 14400 14350 14400 556
20190610 1505 14400 14400 14400 14400 3181
20190610 1506 14400 14400 14350 14400 1895
20190610 1507 14400 14400 14350 14350 680
20190610 1508 14400 14400 14350 14350 1512
20190610 1509 14400 14400 14350 14400 69
20190610 1510 14400 14400 14350 14350 863
20190610 1511 14400 14400 14350 14350 770
20190610 1512 14400 14400 14350 14400 1507
20190610 1513 14400 14400 14350 14400 2319
20190610 1514 14350 14400 14350 14400 1344
20190610 1515 14400 14400 14350 14400 582
20190610 1516 14400 14400 14350 14400 1236
20190610 1517 14400 14400 14350 14400 1920
20190610 1518 14400 14400 14350 14400 555
20190610 1519 14400 14400 14350 14400 670
20190610 1520 14350 14400 14350 14400 2731
20190610 1530 14400 14400 14400 14400 25552
20190611 901 14450 14500 14450 14500 12118
20190611 902 14500 14500 14450 14450 4082
20190611 903 14450 14450 14450 14450 814
20190611 904 14450 14450 14400 14400 944
20190611 905 14450 14450 14400 14450 3554
20190611 906 14400 14450 14400 14450 2891
20190611 907 14450 14450 14400 14450 2786
20190611 908 14400 14550 14400 14550 17965
20190611 909 14550 14650 14550 14600 22118
20190611 910 14600 14700 14600 14650 9492
20190611 911 14650 14650 14550 14550 9889
20190611 912 14550 14600 14550 14550 2423
20190611 913 14550 14600 14550 14550 2624
20190611 914 14550 14550 14550 14550 2227
20190611 915 14550 14600 14550 14600 7562
20190611 916 14600 14650 14600 14600 4719
20190611 917 14600 14650 14600 14650 885
20190611 918 14650 14650 14600 14600 4939
20190611 919 14600 14650 14600 14650 8771
20190611 920 14650 14750 14650 14700 22665
20190611 921 14700 14800 14700 14800 16252
20190611 922 14800 14850 14750 14800 22403
20190611 923 14800 14800 14750 14750 4142
20190611 924 14750 14800 14750 14750 7676
20190611 925 14750 14800 14700 14750 5803
20190611 926 14750 14800 14750 14800 3850
20190611 927 14800 14900 14750 14850 22442
20190611 928 14900 14950 14850 14950 15596
20190611 929 14900 14950 14850 14950 4385
20190611 930 14950 15000 14900 15000 23683
20190611 931 15000 15050 14900 14950 36923
20190611 932 14900 14950 14850 14900 7743
20190611 933 14850 14950 14850 14900 5072
20190611 934 14850 14900 14850 14900 1271
20190611 935 14900 14900 14850 14900 3703
20190611 936 14900 14950 14900 14900 2824
20190611 937 14900 14950 14900 14900 3182
20190611 938 14900 14950 14900 14900 2902
20190611 939 14900 14900 14850 14850 2348
20190611 940 14900 14900 14850 14850 2036
20190611 941 14850 14900 14850 14900 1200
20190611 942 14900 14900 14850 14850 4976
20190611 943 14850 14850 14800 14800 4628
20190611 944 14800 14850 14800 14850 2895
20190611 945 14800 14900 14800 14850 2311
20190611 946 14850 14900 14850 14850 1459
20190611 947 14900 14900 14850 14850 1150
20190611 948 14900 14900 14850 14850 1055
20190611 949 14850 14900 14850 14850 1337
20190611 950 14900 14900 14850 14850 1167
20190611 951 14900 14900 14850 14900 2094
20190611 952 14900 14950 14900 14950 2656
20190611 953 14900 14950 14900 14950 930
20190611 954 14950 14950 14900 14900 1816
20190611 955 14900 14950 14900 14900 1427
20190611 956 14950 14950 14900 14900 1231
20190611 957 14950 14950 14900 14900 1436
20190611 958 14950 15000 14900 15000 8133
20190611 959 14950 15000 14900 14950 5929
20190611 1000 14950 14950 14900 14900 926
20190611 1001 14900 14950 14900 14950 2795
20190611 1002 14950 14950 14900 14950 693
20190611 1003 14900 14950 14900 14950 1146
20190611 1004 14900 14950 14900 14950 703
20190611 1005 14950 14950 14900 14950 2303
20190611 1006 14950 15050 14950 15000 42906
20190611 1007 15050 15100 15000 15050 28463
20190611 1008 15050 15050 15000 15050 6472
20190611 1009 15050 15100 15050 15050 7227
20190611 1010 15050 15100 15050 15100 4841
20190611 1011 15100 15100 15000 15050 7046
20190611 1012 15050 15100 15000 15050 5533
20190611 1013 15050 15100 15050 15100 2635
20190611 1014 15050 15100 15050 15100 5581
20190611 1015 15050 15150 15050 15150 26272
20190611 1016 15100 15200 15100 15200 28065
20190611 1017 15150 15200 15150 15200 35300
20190611 1018 15150 15200 15100 15100 9489
20190611 1019 15150 15200 15100 15150 7709
20190611 1020 15150 15200 15150 15200 5218
20190611 1021 15150 15200 15100 15150 4918
20190611 1022 15100 15250 15100 15200 15749
20190611 1023 15200 15200 15150 15200 11467
20190611 1024 15200 15200 15150 15200 14827
20190611 1025 15200 15200 15150 15200 9092
20190611 1026 15200 15200 15150 15150 1610
20190611 1027 15200 15250 15150 15250 5334
20190611 1028 15250 15300 15200 15300 22952
20190611 1029 15300 15300 15250 15300 3909
20190611 1030 15300 15300 15250 15250 5065
20190611 1031 15250 15300 15250 15300 5345
20190611 1032 15250 15400 15250 15300 57486
20190611 1033 15350 15350 15300 15350 7655
20190611 1034 15350 15400 15350 15400 14941
20190611 1035 15350 15400 15350 15400 4228
20190611 1036 15350 15400 15350 15400 7507
20190611 1037 15400 15400 15250 15250 20764
20190611 1038 15300 15350 15250 15300 8881
20190611 1039 15250 15300 15250 15250 3050
20190611 1040 15250 15300 15250 15300 1810
20190611 1041 15250 15300 15200 15250 19853
20190611 1042 15300 15300 15200 15250 3182
20190611 1043 15300 15300 15250 15250 4601
20190611 1044 15300 15350 15250 15350 24566
20190611 1045 15400 15450 15350 15450 28929
20190611 1046 15450 15450 15400 15450 4130
20190611 1047 15450 15450 15400 15400 6206
20190611 1048 15400 15450 15350 15400 11134
20190611 1049 15350 15450 15350 15450 6682
20190611 1050 15400 15450 15400 15450 4715
20190611 1051 15400 15450 15400 15450 1590
20190611 1052 15400 15450 15400 15450 5600
20190611 1053 15400 15450 15350 15350 3959
20190611 1054 15350 15400 15350 15400 2531
20190611 1055 15400 15400 15350 15400 1920
20190611 1056 15400 15400 15350 15350 2563
20190611 1057 15350 15400 15350 15400 1798
20190611 1058 15350 15400 15300 15350 10388
20190611 1059 15350 15350 15300 15300 4891
20190611 1100 15350 15350 15300 15350 3532
20190611 1101 15300 15350 15250 15300 6505
20190611 1102 15300 15350 15250 15350 2822
20190611 1103 15300 15350 15300 15350 2556
20190611 1104 15300 15400 15300 15350 2325
20190611 1105 15350 15450 15350 15400 10735
20190611 1106 15450 15450 15300 15450 5816
20190611 1107 15400 15400 15350 15400 1986
20190611 1108 15400 15450 15350 15400 2141
20190611 1109 15400 15450 15350 15400 2334
20190611 1110 15450 15450 15400 15400 3979
20190611 1111 15400 15500 15400 15500 8428
20190611 1112 15450 15500 15450 15500 5498
20190611 1113 15500 15500 15450 15450 2803
20190611 1114 15450 15500 15400 15400 5056
20190611 1115 15450 15450 15400 15400 2493
20190611 1116 15400 15450 15400 15450 2384
20190611 1117 15450 15450 15400 15450 3233
20190611 1118 15400 15450 15400 15450 3845
20190611 1119 15450 15550 15400 15550 22653
20190611 1120 15550 15600 15500 15600 20092
20190611 1121 15600 15600 15550 15600 37044
20190611 1122 15600 15650 15550 15550 21825
20190611 1123 15550 15650 15550 15650 4408
20190611 1124 15600 15650 15600 15600 7687
20190611 1125 15600 15650 15600 15600 3261
20190611 1126 15650 15650 15550 15600 6037
20190611 1127 15600 15650 15550 15550 2626
20190611 1128 15550 15650 15550 15650 1407
20190611 1129 15650 15650 15600 15650 1991
20190611 1130 15600 15650 15600 15600 4025
20190611 1131 15650 15650 15600 15600 7019
20190611 1132 15650 15750 15650 15750 35882
20190611 1133 15750 15750 15650 15700 4147
20190611 1134 15650 15750 15650 15750 8052
20190611 1135 15750 15750 15700 15750 1997
20190611 1136 15700 15750 15650 15700 5425
20190611 1137 15650 15750 15650 15700 6738
20190611 1138 15700 15750 15700 15700 2340
20190611 1139 15700 15750 15700 15750 6771
20190611 1140 15750 15750 15700 15700 8384
20190611 1141 15700 15750 15700 15750 2809
20190611 1142 15750 15750 15700 15700 3616
20190611 1143 15700 15750 15700 15750 1808
20190611 1144 15750 15750 15600 15650 9459
20190611 1145 15600 15700 15600 15650 4955
20190611 1146 15650 15700 15600 15650 2124
20190611 1147 15650 15700 15650 15700 1282
20190611 1148 15650 15700 15650 15650 2768
20190611 1149 15650 15700 15600 15600 2800
20190611 1150 15600 15650 15550 15550 3993
20190611 1151 15600 15650 15550 15650 2648
20190611 1152 15600 15650 15600 15650 5291
20190611 1153 15650 15650 15600 15600 4444
20190611 1154 15650 15700 15600 15650 2657
20190611 1155 15700 15700 15600 15650 2096
20190611 1156 15700 15700 15600 15600 3361
20190611 1157 15650 15700 15600 15650 1755
20190611 1158 15650 15650 15550 15550 4585
20190611 1159 15600 15650 15550 15650 2353
20190611 1200 15600 15650 15550 15650 3247
20190611 1201 15600 15650 15600 15650 1237
20190611 1202 15600 15650 15600 15650 1480
20190611 1203 15600 15650 15600 15600 2285
20190611 1204 15600 15650 15600 15600 1614
20190611 1205 15600 15650 15600 15600 2653
20190611 1206 15600 15650 15600 15600 3306
20190611 1207 15650 15650 15600 15650 2604
20190611 1208 15700 15700 15600 15600 1283
20190611 1209 15600 15650 15600 15600 1896
20190611 1210 15650 15650 15600 15650 4458
20190611 1211 15650 15650 15600 15650 1927
20190611 1212 15650 15650 15600 15600 917
20190611 1213 15600 15700 15600 15700 2974
20190611 1214 15700 15700 15650 15650 1834
20190611 1215 15700 15700 15600 15650 1520
20190611 1216 15650 15700 15600 15650 2410
20190611 1217 15700 15700 15650 15700 1987
20190611 1218 15650 15700 15650 15700 2970
20190611 1219 15700 15700 15650 15700 2019
20190611 1220 15650 15700 15650 15650 3541
20190611 1221 15700 15700 15600 15650 2979
20190611 1222 15650 15650 15600 15650 1084
20190611 1223 15650 15650 15600 15600 2228
20190611 1224 15650 15650 15600 15650 1188
20190611 1225 15600 15650 15600 15650 1532
20190611 1226 15650 15650 15600 15600 2278
20190611 1227 15650 15650 15600 15650 2359
20190611 1228 15650 15700 15600 15700 3397
20190611 1229 15700 15700 15650 15700 3053
20190611 1230 15700 15750 15700 15750 21831
20190611 1231 15750 15750 15700 15750 4252
20190611 1232 15750 15800 15700 15800 6341
20190611 1233 15800 15800 15750 15800 5941
20190611 1234 15800 15800 15750 15750 4436
20190611 1235 15800 15800 15700 15750 4642
20190611 1236 15750 15800 15700 15750 1840
20190611 1237 15700 15800 15700 15750 1528
20190611 1238 15750 15800 15700 15750 2616
20190611 1239 15700 15750 15700 15750 1424
20190611 1240 15750 15750 15700 15750 2703
20190611 1241 15750 15750 15700 15750 1619
20190611 1242 15750 15750 15700 15750 5394
20190611 1243 15750 15750 15700 15700 1518
20190611 1244 15700 15750 15700 15700 1150
20190611 1245 15750 15750 15650 15650 6074
20190611 1246 15700 15700 15650 15650 2448
20190611 1247 15650 15700 15650 15700 2831
20190611 1248 15650 15700 15650 15700 2695
20190611 1249 15700 15700 15650 15650 1309
20190611 1250 15700 15700 15600 15650 2598
20190611 1251 15650 15700 15650 15700 3622
20190611 1252 15650 15700 15650 15700 1192
20190611 1253 15650 15700 15650 15700 1140
20190611 1254 15700 15700 15650 15650 2379
20190611 1255 15600 15650 15600 15650 1978
20190611 1256 15650 15650 15600 15650 2963
20190611 1257 15600 15650 15600 15600 5124
20190611 1258 15600 15650 15600 15650 2305
20190611 1259 15600 15650 15600 15600 1889
20190611 1300 15650 15650 15600 15650 1137
20190611 1301 15650 15650 15600 15600 2434
20190611 1302 15600 15650 15600 15650 2853
20190611 1303 15650 15650 15600 15650 1356
20190611 1304 15600 15650 15600 15650 3560
20190611 1305 15600 15650 15600 15650 1992
20190611 1306 15650 15650 15600 15600 1627
20190611 1307 15600 15650 15550 15600 6418
20190611 1308 15600 15600 15550 15600 1922
20190611 1309 15550 15600 15550 15600 2996
20190611 1310 15600 15600 15500 15550 12541
20190611 1311 15550 15600 15550 15600 1365
20190611 1312 15600 15600 15550 15600 2810
20190611 1313 15550 15600 15550 15600 3329
20190611 1314 15600 15600 15550 15600 1561
20190611 1315 15600 15600 15500 15500 3371
20190611 1316 15550 15600 15500 15550 3553
20190611 1317 15550 15600 15550 15600 1945
20190611 1318 15600 15650 15550 15650 2074
20190611 1319 15650 15650 15550 15600 4321
20190611 1320 15600 15650 15550 15650 2066
20190611 1321 15600 15650 15600 15600 3359
20190611 1322 15600 15650 15600 15600 3814
20190611 1323 15600 15650 15550 15600 3974
20190611 1324 15600 15600 15550 15600 1994
20190611 1325 15600 15600 15550 15550 3230
20190611 1326 15550 15600 15500 15600 3273
20190611 1327 15600 15600 15500 15500 2267
20190611 1328 15500 15550 15500 15500 12520
20190611 1329 15500 15550 15500 15500 2010
20190611 1330 15550 15550 15500 15500 1675
20190611 1331 15500 15550 15500 15500 2121
20190611 1332 15550 15550 15500 15550 1589
20190611 1333 15500 15550 15500 15500 2129
20190611 1334 15500 15550 15500 15500 1256
20190611 1335 15500 15550 15500 15550 3272
20190611 1336 15550 15550 15500 15550 1670
20190611 1337 15550 15550 15500 15500 2429
20190611 1338 15500 15550 15500 15500 2569
20190611 1339 15550 15550 15500 15500 3722
20190611 1340 15550 15550 15500 15550 3334
20190611 1341 15500 15600 15500 15550 3885
20190611 1342 15550 15600 15550 15600 3920
20190611 1343 15550 15600 15500 15550 4819
20190611 1344 15600 15600 15500 15550 3681
20190611 1345 15550 15600 15500 15550 3432
20190611 1346 15500 15550 15450 15450 9907
20190611 1347 15450 15500 15450 15450 4190
20190611 1348 15450 15500 15400 15400 13217
20190611 1349 15400 15500 15400 15500 5748
20190611 1350 15450 15500 15450 15450 3662
20190611 1351 15500 15500 15450 15450 2924
20190611 1352 15500 15500 15400 15500 7212
20190611 1353 15500 15500 15450 15500 2723
20190611 1354 15500 15550 15450 15500 3017
20190611 1355 15450 15500 15450 15500 4825
20190611 1356 15450 15500 15450 15500 1764
20190611 1357 15450 15500 15450 15450 2231
20190611 1358 15450 15500 15400 15450 4479
20190611 1359 15500 15500 15450 15500 2471
20190611 1400 15500 15500 15450 15500 2641
20190611 1401 15500 15500 15450 15500 2366
20190611 1402 15450 15500 15450 15450 2565
20190611 1403 15500 15500 15450 15450 2327
20190611 1404 15500 15550 15450 15450 2703
20190611 1405 15500 15550 15450 15450 3354
20190611 1406 15450 15550 15450 15450 2120
20190611 1407 15500 15550 15450 15450 2785
20190611 1408 15500 15500 15450 15500 2630
20190611 1409 15500 15500 15400 15450 3881
20190611 1410 15500 15500 15450 15450 2689
20190611 1411 15500 15500 15450 15450 2310
20190611 1412 15500 15500 15450 15450 1806
20190611 1413 15450 15500 15450 15500 3473
20190611 1414 15450 15500 15400 15450 1332
20190611 1415 15400 15450 15400 15450 3258
20190611 1416 15450 15450 15400 15400 2604
20190611 1417 15400 15500 15400 15400 1599
20190611 1418 15400 15450 15400 15450 2567
20190611 1419 15450 15500 15450 15500 2495
20190611 1420 15500 15500 15450 15450 2981
20190611 1421 15500 15550 15450 15500 11440
20190611 1422 15500 15550 15500 15500 2858
20190611 1423 15550 15550 15500 15550 2605
20190611 1424 15550 15550 15500 15550 3391
20190611 1425 15550 15550 15500 15550 2696
20190611 1426 15500 15550 15500 15500 2516
20190611 1427 15550 15550 15500 15500 2090
20190611 1428 15500 15550 15500 15550 2367
20190611 1429 15550 15550 15500 15550 3334
20190611 1430 15550 15550 15500 15500 2416
20190611 1431 15550 15550 15500 15500 2638
20190611 1432 15550 15550 15500 15550 3287
20190611 1433 15550 15550 15500 15550 4252
20190611 1434 15500 15550 15450 15500 3837
20190611 1435 15450 15500 15450 15500 3194
20190611 1436 15500 15500 15450 15450 2307
20190611 1437 15500 15500 15450 15500 3384
20190611 1438 15500 15500 15400 15500 9089
20190611 1439 15450 15500 15450 15450 2627
20190611 1440 15450 15500 15450 15450 2810
20190611 1441 15500 15500 15450 15500 4299
20190611 1442 15450 15500 15450 15500 2496
20190611 1443 15500 15500 15450 15500 3792
20190611 1444 15500 15500 15400 15450 2672
20190611 1445 15400 15500 15400 15450 2864
20190611 1446 15450 15500 15450 15450 2966
20190611 1447 15500 15500 15400 15450 3220
20190611 1448 15450 15500 15450 15500 5354
20190611 1449 15500 15500 15450 15500 2648
20190611 1450 15500 15500 15450 15500 2520
20190611 1451 15500 15500 15450 15500 2920
20190611 1452 15500 15500 15450 15450 1739
20190611 1453 15500 15500 15450 15500 2355
20190611 1454 15450 15500 15450 15500 3313
20190611 1455 15500 15500 15450 15500 2618
20190611 1456 15500 15500 15450 15450 2255
20190611 1457 15500 15550 15450 15550 6043
20190611 1458 15550 15550 15500 15500 2688
20190611 1459 15500 15550 15500 15500 5607
20190611 1500 15500 15550 15450 15450 3617
20190611 1501 15500 15550 15450 15500 2455
20190611 1502 15500 15550 15450 15500 2278
20190611 1503 15500 15550 15500 15500 2418
20190611 1504 15500 15550 15500 15500 4061
20190611 1505 15500 15500 15450 15500 7245
20190611 1506 15500 15500 15400 15500 3998
20190611 1507 15500 15500 15400 15500 3446
20190611 1508 15500 15500 15400 15450 4227
20190611 1509 15450 15500 15450 15450 2589
20190611 1510 15400 15500 15400 15500 6827
20190611 1511 15500 15500 15450 15500 3764
20190611 1512 15500 15500 15450 15500 4681
20190611 1513 15500 15500 15450 15500 5854
20190611 1514 15550 15550 15500 15550 8132
20190611 1515 15550 15550 15450 15500 2605
20190611 1516 15500 15550 15450 15450 5095
20190611 1517 15500 15500 15450 15450 3751
20190611 1518 15500 15500 15450 15500 2955
20190611 1519 15450 15500 15400 15500 4331
20190611 1520 15500 15500 15450 15500 2537
20190611 1530 15500 15500 15500 15500 24382
