날짜 시간 시가 고가 저가 종가 거래량
20190201 902 6680 6680 6680 6680 56
20190201 906 6675 6675 6670 6670 530
20190201 907 6665 6665 6660 6660 500
20190201 909 6665 6665 6660 6660 800
20190201 910 6670 6670 6670 6670 500
20190201 912 6670 6670 6655 6655 500
20190201 914 6660 6660 6655 6655 500
20190201 915 6670 6670 6670 6670 500
20190201 917 6670 6670 6655 6655 500
20190201 919 6670 6670 6670 6670 500
20190201 920 6670 6670 6670 6670 500
20190201 921 6670 6670 6670 6670 9000
20190201 924 6650 6650 6645 6645 500
20190201 925 6645 6645 6645 6645 500
20190201 926 6655 6655 6655 6655 50
20190201 927 6645 6645 6645 6645 500
20190201 928 6655 6655 6655 6655 450
20190201 929 6650 6650 6650 6650 500
20190201 930 6680 6680 6655 6655 614
20190201 932 6660 6660 6660 6660 500
20190201 934 6660 6660 6660 6660 500
20190201 935 6670 6670 6665 6665 500
20190201 937 6665 6665 6665 6665 500
20190201 938 6660 6660 6660 6660 50
20190201 939 6660 6660 6660 6660 500
20190201 940 6660 6660 6660 6660 500
20190201 942 6660 6660 6655 6655 600
20190201 944 6665 6665 6665 6665 570
20190201 945 6665 6665 6660 6660 951
20190201 947 6660 6660 6660 6660 500
20190201 949 6665 6665 6660 6660 571
20190201 950 6660 6660 6660 6660 500
20190201 951 6665 6665 6665 6665 451
20190201 954 6660 6670 6660 6670 1010
20190201 955 6680 6680 6660 6660 501
20190201 957 6665 6665 6665 6665 500
20190201 959 6675 6675 6665 6665 501
20190201 1000 6675 6675 6665 6665 501
20190201 1002 6670 6670 6665 6665 500
20190201 1004 6665 6665 6660 6660 500
20190201 1005 6655 6655 6655 6655 500
20190201 1006 6670 6670 6670 6670 751
20190201 1007 6650 6650 6645 6645 500
20190201 1009 6640 6640 6640 6640 1312
20190201 1010 6645 6645 6640 6640 500
20190201 1012 6640 6640 6640 6640 500
20190201 1014 6640 6640 6640 6640 500
20190201 1015 6640 6640 6640 6640 500
20190201 1017 6645 6645 6645 6645 500
20190201 1019 6650 6655 6650 6655 1021
20190201 1020 6655 6655 6650 6650 500
20190201 1022 6650 6650 6650 6650 500
20190201 1024 6650 6650 6645 6645 500
20190201 1025 6655 6655 6650 6650 501
20190201 1027 6650 6655 6650 6655 1021
20190201 1028 6655 6655 6655 6655 522
20190201 1029 6650 6650 6650 6650 500
20190201 1032 6650 6650 6645 6645 500
20190201 1034 6645 6645 6645 6645 500
20190201 1035 6650 6650 6645 6645 1021
20190201 1037 6650 6650 6650 6650 500
20190201 1039 6645 6645 6645 6645 500
20190201 1040 6645 6645 6645 6645 500
20190201 1041 6650 6650 6650 6650 5
20190201 1042 6645 6645 6640 6640 500
20190201 1044 6645 6645 6645 6645 500
20190201 1045 6645 6645 6640 6640 500
20190201 1047 6640 6640 6640 6640 500
20190201 1049 6635 6635 6635 6635 500
20190201 1050 6640 6640 6630 6640 630
20190201 1052 6630 6630 6630 6630 500
20190201 1054 6630 6630 6630 6630 500
20190201 1055 6630 6630 6625 6625 500
20190201 1057 6630 6630 6630 6630 500
20190201 1059 6625 6625 6625 6625 500
20190201 1100 6625 6625 6625 6625 500
20190201 1101 6630 6630 6625 6630 1146
20190201 1102 6625 6625 6620 6620 500
20190201 1104 6620 6620 6620 6620 500
20190201 1105 6620 6620 6620 6620 500
20190201 1106 6625 6625 6625 6625 906
20190201 1107 6620 6620 6620 6620 501
20190201 1108 6625 6625 6625 6625 1005
20190201 1109 6625 6625 6625 6625 500
20190201 1110 6630 6630 6630 6630 500
20190201 1112 6630 6640 6625 6640 549
20190201 1114 6630 6630 6630 6630 500
20190201 1115 6630 6630 6630 6630 500
20190201 1117 6630 6630 6625 6625 500
20190201 1119 6625 6625 6625 6625 500
20190201 1120 6630 6630 6625 6625 1543
20190201 1122 6630 6630 6630 6630 500
20190201 1124 6630 6630 6630 6630 500
20190201 1125 6630 6630 6630 6630 500
20190201 1126 6635 6635 6635 6635 148
20190201 1127 6630 6630 6630 6630 500
20190201 1128 6635 6635 6635 6635 374
20190201 1129 6635 6635 6630 6630 500
20190201 1130 6635 6635 6635 6635 500
20190201 1132 6635 6635 6630 6630 500
20190201 1134 6635 6635 6635 6635 500
20190201 1135 6640 6640 6635 6635 500
20190201 1137 6635 6635 6635 6635 550
20190201 1139 6635 6635 6635 6635 500
20190201 1140 6635 6635 6635 6635 500
20190201 1142 6635 6640 6635 6640 1543
20190201 1143 6650 6650 6650 6650 50
20190201 1144 6640 6640 6640 6640 500
20190201 1145 6645 6645 6640 6640 549
20190201 1147 6645 6645 6640 6640 549
20190201 1149 6645 6645 6640 6640 550
20190201 1150 6640 6640 6640 6640 500
20190201 1151 6640 6640 6640 6640 521
20190201 1152 6640 6640 6640 6640 500
20190201 1153 6645 6645 6645 6645 10
20190201 1154 6640 6640 6635 6635 500
20190201 1155 6635 6635 6635 6635 500
20190201 1157 6640 6640 6640 6640 1386
20190201 1159 6640 6650 6640 6650 549
20190201 1200 6635 6635 6635 6635 500
20190201 1202 6640 6640 6635 6635 500
20190201 1204 6635 6635 6635 6635 500
20190201 1205 6635 6635 6630 6630 500
20190201 1207 6630 6630 6630 6630 500
20190201 1209 6630 6630 6630 6630 500
20190201 1210 6630 6630 6630 6630 500
20190201 1211 6635 6635 6635 6635 49
20190201 1212 6635 6635 6635 6635 1494
20190201 1213 6640 6640 6640 6640 49
20190201 1214 6635 6635 6635 6635 500
20190201 1215 6635 6635 6635 6635 500
20190201 1217 6635 6635 6630 6630 1022
20190201 1219 6635 6635 6635 6635 500
20190201 1220 6635 6635 6635 6635 500
20190201 1222 6650 6650 6635 6635 549
20190201 1224 6635 6635 6635 6635 500
20190201 1225 6635 6635 6635 6635 50
20190201 1227 6635 6635 6635 6635 1472
20190201 1229 6635 6635 6630 6630 500
20190201 1230 6630 6630 6630 6630 500
20190201 1231 6635 6635 6635 6635 11
20190201 1232 6630 6630 6630 6630 500
20190201 1234 6630 6630 6630 6630 500
20190201 1235 6630 6630 6625 6625 500
20190201 1236 6630 6635 6630 6635 525
20190201 1237 6630 6630 6630 6630 1007
20190201 1239 6630 6630 6620 6620 500
20190201 1240 6620 6620 6620 6620 500
20190201 1241 6640 6640 6640 6640 4
20190201 1242 6620 6620 6620 6620 500
20190201 1243 6635 6635 6635 6635 2
20190201 1244 6630 6630 6620 6620 500
20190201 1245 6620 6620 6620 6620 500
20190201 1247 6620 6620 6620 6620 500
20190201 1249 6625 6625 6620 6620 500
20190201 1250 6620 6620 6620 6620 500
20190201 1252 6620 6620 6620 6620 500
20190201 1254 6625 6640 6625 6640 1639
20190201 1255 6620 6620 6620 6620 500
20190201 1257 6625 6625 6625 6625 1022
20190201 1259 6620 6620 6620 6620 500
20190201 1300 6620 6620 6620 6620 500
20190201 1302 6620 6630 6620 6630 501
20190201 1304 6620 6620 6620 6620 500
20190201 1305 6625 6625 6620 6620 500
20190201 1307 6625 6625 6620 6620 500
20190201 1308 6625 6625 6625 6625 1042
20190201 1309 6625 6625 6625 6625 500
20190201 1310 6620 6620 6620 6620 500
20190201 1312 6630 6630 6625 6625 500
20190201 1314 6625 6630 6625 6630 1022
20190201 1315 6625 6625 6625 6625 500
20190201 1317 6625 6625 6625 6625 500
20190201 1318 6625 6625 6625 6625 12
20190201 1319 6625 6625 6625 6625 518
20190201 1320 6625 6625 6625 6625 500
20190201 1322 6625 6625 6625 6625 1022
20190201 1324 6625 6625 6625 6625 500
20190201 1325 6625 6625 6625 6625 500
20190201 1326 6635 6635 6635 6635 5
20190201 1327 6635 6635 6625 6625 1021
20190201 1329 6625 6640 6625 6640 549
20190201 1330 6625 6625 6625 6625 500
20190201 1332 6625 6625 6625 6625 500
20190201 1334 6630 6630 6625 6625 500
20190201 1335 6625 6625 6625 6625 1022
20190201 1337 6625 6625 6625 6625 500
20190201 1338 6640 6640 6640 6640 75
20190201 1339 6630 6630 6630 6630 500
20190201 1340 6630 6630 6630 6630 500
20190201 1341 6635 6635 6635 6635 49
20190201 1342 6635 6635 6635 6635 973
20190201 1343 6640 6640 6640 6640 49
20190201 1344 6640 6640 6635 6635 613
20190201 1345 6640 6640 6640 6640 500
20190201 1347 6640 6640 6640 6640 50
20190201 1348 6640 6640 6640 6640 971
20190201 1349 6640 6640 6640 6640 500
20190201 1350 6640 6640 6640 6640 500
20190201 1352 6640 6640 6640 6640 500
20190201 1354 6640 6640 6640 6640 502
20190201 1355 6640 6640 6640 6640 500
20190201 1357 6640 6640 6640 6640 500
20190201 1359 6640 6640 6635 6640 1544
20190201 1401 6640 6640 6640 6640 500
20190201 1402 6640 6640 6640 6640 500
20190201 1404 6635 6635 6635 6635 500
20190201 1405 6635 6645 6635 6645 550
20190201 1407 6640 6640 6640 6640 500
20190201 1409 6640 6640 6640 6640 500
20190201 1410 6640 6640 6640 6640 500
20190201 1412 6640 6640 6640 6640 1493
20190201 1413 6645 6645 6645 6645 7
20190201 1414 6645 6645 6640 6640 500
20190201 1417 6645 6645 6645 6645 1000
20190201 1418 6645 6645 6640 6640 1179
20190201 1419 6640 6645 6640 6645 1680
20190201 1420 6640 6640 6640 6640 3684
20190201 1421 6640 6640 6640 6640 1130
20190201 1422 6645 6645 6645 6645 2890
20190201 1423 6645 6645 6645 6645 1761
20190201 1424 6645 6645 6640 6640 2651
20190201 1425 6640 6640 6640 6640 2260
20190201 1426 6640 6645 6640 6645 2440
20190201 1427 6645 6645 6640 6640 1711
20190201 1428 6640 6640 6640 6640 1760
20190201 1429 6645 6645 6640 6640 2311
20190201 1430 6640 6640 6640 6640 2260
20190201 1431 6640 6645 6640 6645 3102
20190201 1432 6645 6645 6640 6640 2891
20190201 1433 6640 6640 6640 6640 1760
20190201 1434 6645 6645 6640 6645 2130
20190201 1435 6645 6645 6645 6645 2761
20190201 1436 6645 6645 6645 6645 1760
20190201 1437 6645 6645 6645 6645 2782
20190201 1438 6645 6645 6645 6645 1811
20190201 1439 6640 6640 6635 6635 1630
20190201 1440 6635 6635 6635 6635 2260
20190201 1441 6635 6640 6635 6635 2301
20190201 1442 6635 6635 6635 6635 2260
20190201 1443 6635 6640 6635 6640 1720
20190201 1444 6635 6635 6635 6635 2782
20190201 1445 6635 6640 6635 6635 2310
20190201 1446 6640 6640 6635 6635 1309
20190201 1447 6635 6635 6635 6635 2261
20190201 1448 6635 6635 6635 6635 2291
20190201 1449 6635 6635 6635 6635 2260
20190201 1450 6635 6635 6635 6635 2153
20190201 1451 6630 6630 6630 6630 4241
20190201 1452 6630 6630 6630 6630 2260
20190201 1453 6630 6630 6630 6630 2261
20190201 1454 6630 6630 6630 6630 2260
20190201 1455 6630 6630 6630 6630 2260
20190201 1456 6630 6630 6630 6630 2261
20190201 1457 6625 6635 6625 6630 2292
20190201 1458 6630 6630 6630 6630 1760
20190201 1459 6630 6635 6630 6635 2251
20190201 1500 6635 6635 6625 6625 2600
20190201 1501 6625 6630 6625 6630 1760
20190201 1502 6630 6630 6630 6630 2761
20190201 1503 6630 6630 6630 6630 1760
20190201 1504 6630 6630 6630 6630 2590
20190201 1505 6630 6630 6630 6630 1630
20190201 1506 6630 6630 6630 6630 1761
20190201 1507 6625 6625 6625 6625 630
20190201 1508 6625 6625 6625 6625 2260
20190201 1509 6625 6630 6625 6625 1311
20190201 1510 6630 6630 6630 6630 408
20190201 1511 6625 6630 6625 6630 3052
20190201 1513 6650 6650 6650 6650 108
20190201 1514 6650 6650 6650 6650 708
20190201 1515 6650 6650 6650 6650 408
20190201 1516 6650 6650 6650 6650 10
20190201 1517 6650 6650 6650 6650 2922
20190201 1519 6655 6655 6650 6650 1224
20190201 1530 6660 6660 6660 6660 3084
20190207 903 6670 6670 6670 6670 8
20190207 904 6675 6690 6675 6690 100
20190207 911 6690 6690 6690 6690 50
20190207 917 6675 6675 6670 6670 201
20190207 918 6665 6665 6665 6665 1
20190207 921 6660 6660 6660 6660 290
20190207 925 6660 6660 6660 6660 1
20190207 931 6660 6660 6660 6660 26
20190207 941 6685 6685 6685 6685 7
20190207 942 6690 6690 6690 6690 45
20190207 949 6695 6700 6695 6700 714
20190207 958 6705 6705 6705 6705 6
20190207 959 6710 6710 6710 6710 100
20190207 1000 6715 6720 6715 6720 114
20190207 1002 6720 6720 6720 6720 140
20190207 1003 6730 6730 6730 6730 30
20190207 1009 6734 6739 6734 6739 202
20190207 1011 6739 6744 6739 6744 230
20190207 1016 6739 6739 6739 6739 72
20190207 1018 6739 6739 6739 6739 98
20190207 1032 6734 6739 6734 6739 30
20190207 1035 6744 6744 6744 6744 51
20190207 1037 6749 6754 6749 6754 173
20190207 1038 6754 6759 6754 6759 204
20190207 1041 6759 6759 6759 6759 1
20190207 1046 6769 6769 6769 6769 61
20190207 1051 6779 6784 6779 6784 1000
20190207 1101 6779 6789 6779 6789 2862
20190207 1111 6789 6789 6789 6789 1694
20190207 1112 6789 6789 6789 6789 331
20190207 1156 6779 6779 6779 6779 5
20190207 1157 6779 6779 6779 6779 10
20190207 1226 6779 6779 6779 6779 5
20190207 1247 6774 6774 6774 6774 25
20190207 1308 6779 6779 6779 6779 500
20190207 1321 6779 6779 6779 6779 45
20190207 1327 6789 6789 6789 6789 5
20190207 1342 6779 6779 6774 6774 100
20190207 1410 6769 6769 6769 6769 1
20190207 1415 6769 6769 6769 6769 2
20190207 1427 6779 6779 6779 6779 150
20190207 1449 6779 6779 6779 6779 20
20190207 1450 6764 6764 6764 6764 26
20190207 1453 6764 6764 6764 6764 71
20190207 1459 6779 6779 6779 6779 1033
20190207 1511 6779 6779 6779 6779 150
20190207 1516 6779 6779 6779 6779 15
20190207 1517 6789 6789 6789 6789 9
20190207 1530 6789 6789 6789 6789 10
20190208 901 6779 6779 6764 6764 4
20190208 905 6764 6764 6764 6764 40
20190208 906 6764 6764 6764 6764 200
20190208 911 6759 6759 6759 6759 3
20190208 925 6769 6769 6769 6769 1
20190208 926 6769 6769 6769 6769 75
20190208 946 6789 6789 6789 6789 150
20190208 1012 6779 6779 6779 6779 390
20190208 1013 6779 6779 6779 6779 100
20190208 1014 6754 6754 6754 6754 2132
20190208 1015 6754 6754 6754 6754 4
20190208 1016 6754 6754 6754 6754 919
20190208 1018 6754 6754 6754 6754 1577
20190208 1037 6759 6759 6759 6759 2
20190208 1040 6754 6754 6749 6749 617
20190208 1041 6749 6749 6749 6749 302
20190208 1043 6749 6749 6749 6749 5000
20190208 1044 6749 6749 6749 6749 5000
20190208 1045 6749 6749 6749 6749 5000
20190208 1047 6749 6749 6749 6749 140
20190208 1101 6779 6779 6779 6779 2
20190208 1115 6769 6769 6769 6769 100
20190208 1123 6754 6754 6754 6754 83
20190208 1130 6754 6754 6754 6754 17
20190208 1137 6759 6759 6759 6759 11
20190208 1203 6769 6769 6769 6769 1200
20190208 1208 6769 6769 6769 6769 20
20190208 1211 6769 6769 6769 6769 34
20190208 1220 6779 6779 6779 6779 100
20190208 1310 6779 6779 6779 6779 8
20190208 1322 6769 6769 6769 6769 11
20190208 1326 6769 6769 6769 6769 10
20190208 1330 6769 6769 6769 6769 90
20190208 1332 6769 6769 6769 6769 900
20190208 1338 6764 6764 6764 6764 64
20190208 1350 6759 6759 6759 6759 221
20190208 1430 6759 6759 6759 6759 1142
20190208 1458 6779 6779 6779 6779 20
20190208 1516 6779 6779 6779 6779 1072
20190208 1530 6799 6799 6799 6799 154
20190211 901 6824 6829 6824 6829 3
20190211 907 6839 6839 6839 6839 2
20190211 909 6859 6859 6854 6854 98
20190211 911 6854 6854 6854 6854 100
20190211 913 6869 6869 6869 6869 1
20190211 917 6879 6879 6869 6869 6
20190211 922 6899 6899 6899 6899 2
20190211 930 6894 6894 6894 6894 10
20190211 935 6884 6884 6884 6884 1602
20190211 936 6879 6879 6879 6879 504
20190211 940 6879 6879 6879 6879 90
20190211 944 6879 6879 6869 6869 300
20190211 946 6884 6884 6884 6884 500
20190211 947 6879 6879 6879 6879 950
20190211 949 6879 6884 6879 6884 1800
20190211 1009 6879 6879 6879 6879 14
20190211 1010 6879 6879 6879 6879 30
20190211 1012 6889 6889 6889 6889 1
20190211 1013 6889 6889 6889 6889 30
20190211 1017 6894 6894 6894 6894 100
20190211 1021 6879 6879 6879 6879 766
20190211 1035 6879 6879 6879 6879 2234
20190211 1037 6874 6874 6874 6874 50
20190211 1044 6864 6864 6864 6864 100
20190211 1051 6839 6839 6839 6839 300
20190211 1055 6859 6859 6859 6859 5
20190211 1056 6859 6859 6859 6859 1
20190211 1103 6859 6859 6859 6859 100
20190211 1109 6864 6864 6864 6864 1
20190211 1114 6869 6869 6869 6869 6
20190211 1127 6874 6874 6874 6874 20
20190211 1129 6879 6879 6879 6879 54
20190211 1133 6894 6894 6894 6894 3
20190211 1135 6879 6879 6879 6879 30
20190211 1221 6879 6879 6879 6879 5
20190211 1228 6879 6879 6879 6879 100
20190211 1233 6879 6879 6879 6879 295
20190211 1258 6889 6889 6889 6889 10
20190211 1302 6869 6869 6869 6869 201
20190211 1303 6889 6889 6889 6889 72
20190211 1314 6889 6889 6889 6889 1401
20190211 1324 6894 6894 6894 6894 47
20190211 1332 6894 6894 6894 6894 10
20190211 1340 6899 6899 6899 6899 15
20190211 1341 6899 6899 6899 6899 15
20190211 1342 6899 6899 6899 6899 15
20190211 1343 6899 6899 6899 6899 15
20190211 1344 6899 6899 6899 6899 15
20190211 1345 6899 6899 6899 6899 15
20190211 1346 6899 6899 6899 6899 15
20190211 1347 6899 6899 6899 6899 15
20190211 1348 6899 6899 6899 6899 13
20190211 1349 6904 6904 6904 6904 31
20190211 1350 6904 6904 6904 6904 16
20190211 1351 6904 6904 6904 6904 15
20190211 1352 6904 6904 6904 6904 15
20190211 1353 6899 6899 6899 6899 15
20190211 1354 6899 6899 6894 6894 183
20190211 1355 6899 6899 6899 6899 15
20190211 1356 6894 6894 6894 6894 15
20190211 1357 6899 6899 6899 6899 15
20190211 1358 6894 6894 6894 6894 15
20190211 1359 6894 6899 6894 6899 30
20190211 1400 6899 6899 6899 6899 15
20190211 1401 6899 6899 6899 6899 15
20190211 1402 6904 6904 6904 6904 15
20190211 1403 6904 6904 6904 6904 15
20190211 1404 6899 6899 6899 6899 15
20190211 1405 6899 6899 6899 6899 30
20190211 1406 6899 6899 6899 6899 15
20190211 1407 6899 6899 6899 6899 15
20190211 1408 6899 6899 6879 6879 21
20190211 1409 6899 6899 6899 6899 30
20190211 1410 6899 6899 6899 6899 15
20190211 1411 6894 6894 6894 6894 15
20190211 1412 6894 6894 6894 6894 15
20190211 1413 6899 6899 6899 6899 15
20190211 1414 6899 6899 6899 6899 15
20190211 1415 6899 6899 6899 6899 17
20190211 1416 6894 6894 6894 6894 15
20190211 1417 6899 6899 6899 6899 15
20190211 1418 6899 6899 6899 6899 15
20190211 1419 6899 6899 6899 6899 30
20190211 1420 6899 6899 6899 6899 15
20190211 1421 6899 6899 6899 6899 15
20190211 1422 6899 6899 6899 6899 15
20190211 1423 6899 6899 6899 6899 15
20190211 1424 6894 6894 6894 6894 15
20190211 1425 6894 6894 6894 6894 15
20190211 1426 6894 6894 6894 6894 15
20190211 1427 6899 6899 6899 6899 15
20190211 1428 6894 6894 6894 6894 15
20190211 1429 6894 6894 6894 6894 15
20190211 1430 6894 6894 6894 6894 30
20190211 1431 6894 6894 6894 6894 15
20190211 1432 6884 6884 6884 6884 102
20190211 1433 6889 6889 6889 6889 15
20190211 1434 6889 6889 6889 6889 15
20190211 1435 6889 6889 6889 6889 15
20190211 1436 6889 6889 6889 6889 15
20190211 1437 6884 6884 6884 6884 15
20190211 1438 6889 6889 6889 6889 15
20190211 1439 6889 6889 6889 6889 15
20190211 1440 6889 6889 6889 6889 30
20190211 1441 6889 6889 6889 6889 15
20190211 1442 6889 6889 6889 6889 15
20190211 1443 6889 6889 6889 6889 15
20190211 1444 6889 6889 6889 6889 15
20190211 1445 6889 6889 6889 6889 15
20190211 1446 6884 6884 6884 6884 15
20190211 1447 6884 6884 6884 6884 15
20190211 1448 6884 6884 6869 6869 20
20190211 1449 6884 6884 6884 6884 15
20190211 1450 6884 6884 6884 6884 30
20190211 1451 6884 6884 6884 6884 15
20190211 1452 6884 6884 6884 6884 18
20190211 1453 6884 6884 6884 6884 15
20190211 1454 6884 6884 6884 6884 15
20190211 1455 6884 6884 6884 6884 15
20190211 1456 6889 6889 6889 6889 15
20190211 1457 6884 6884 6884 6884 15
20190211 1458 6884 6884 6884 6884 15
20190211 1459 6884 6884 6884 6884 15
20190211 1500 6889 6889 6884 6884 30
20190211 1501 6889 6889 6889 6889 15
20190211 1502 6884 6884 6884 6884 15
20190211 1503 6884 6884 6884 6884 15
20190211 1504 6889 6889 6889 6889 15
20190211 1505 6889 6889 6889 6889 15
20190211 1506 6889 6889 6889 6889 15
20190211 1507 6884 6884 6884 6884 15
20190211 1508 6884 6884 6884 6884 15
20190211 1509 6879 6879 6879 6879 15
20190211 1511 6869 6879 6869 6879 10
20190211 1512 6864 6884 6859 6884 513
20190211 1518 6869 6884 6869 6884 144
20190211 1530 6884 6884 6884 6884 28
20190212 901 6884 6884 6884 6884 1
20190212 908 6869 6869 6869 6869 4498
20190212 915 6854 6854 6854 6854 2
20190212 916 6854 6854 6854 6854 98
20190212 921 6839 6839 6839 6839 98
20190212 924 6839 6839 6839 6839 203
20190212 931 6824 6824 6824 6824 2
20190212 932 6819 6819 6814 6814 80
20190212 946 6804 6804 6804 6804 1
20190212 947 6799 6799 6799 6799 5
20190212 950 6794 6794 6794 6794 2
20190212 954 6794 6794 6794 6794 1
20190212 1002 6789 6789 6789 6789 5
20190212 1006 6779 6789 6779 6789 44
20190212 1016 6779 6779 6779 6779 97
20190212 1023 6779 6779 6779 6779 100
20190212 1028 6779 6779 6779 6779 1
20190212 1029 6779 6779 6774 6774 10
20190212 1034 6774 6774 6774 6774 5
20190212 1037 6769 6769 6769 6769 64
20190212 1051 6774 6774 6774 6774 10
20190212 1114 6774 6774 6774 6774 50
20190212 1131 6779 6779 6779 6779 5
20190212 1133 6774 6774 6774 6774 20
20190212 1134 6769 6769 6754 6754 4498
20190212 1136 6774 6774 6774 6774 3
20190212 1219 6774 6774 6774 6774 39
20190212 1303 6794 6794 6794 6794 2
20190212 1322 6789 6789 6789 6789 10
20190212 1328 6789 6789 6789 6789 5
20190212 1338 6789 6789 6789 6789 175
20190212 1423 6789 6789 6789 6789 10
20190212 1428 6794 6794 6794 6794 600
20190212 1503 6794 6794 6794 6794 3
20190212 1511 6789 6789 6789 6789 1298
20190212 1514 6789 6789 6789 6789 3
20190212 1515 6784 6784 6784 6784 10
20190212 1530 6769 6769 6769 6769 1432
20190213 901 6799 6804 6799 6804 3
20190213 911 6769 6769 6759 6759 3000
20190213 914 6759 6759 6759 6759 61
20190213 920 6774 6774 6774 6774 5
20190213 938 6769 6769 6769 6769 20
20190213 944 6749 6749 6744 6744 70
20190213 959 6769 6774 6769 6774 293
20190213 1000 6774 6774 6774 6774 293
20190213 1001 6769 6769 6769 6769 292
20190213 1002 6774 6774 6774 6774 292
20190213 1005 6774 6774 6774 6774 285
20190213 1014 6754 6754 6754 6754 5
20190213 1015 6749 6749 6744 6744 760
20190213 1019 6774 6774 6774 6774 13
20190213 1020 6769 6769 6769 6769 35
20190213 1021 6769 6769 6769 6769 17
20190213 1022 6769 6769 6769 6769 56
20190213 1023 6769 6769 6769 6769 17
20190213 1024 6769 6769 6769 6769 14
20190213 1026 6769 6769 6769 6769 30
20190213 1028 6769 6769 6769 6769 45
20190213 1030 6769 6769 6769 6769 14
20190213 1031 6769 6769 6769 6769 17
20190213 1032 6769 6769 6769 6769 14
20190213 1033 6769 6769 6769 6769 17
20190213 1034 6769 6769 6769 6769 14
20190213 1036 6769 6774 6769 6774 1037
20190213 1038 6769 6774 6769 6774 1095
20190213 1040 6774 6774 6774 6774 14
20190213 1041 6779 6779 6779 6779 2
20190213 1042 6779 6779 6779 6779 13
20190213 1043 6784 6784 6784 6784 17
20190213 1044 6784 6784 6784 6784 1014
20190213 1046 6784 6784 6784 6784 34
20190213 1047 6784 6784 6784 6784 14
20190213 1048 6784 6784 6784 6784 87
20190213 1050 6784 6784 6784 6784 14
20190213 1056 6794 6794 6789 6789 89
20190213 1057 6789 6789 6789 6789 21
20190213 1058 6789 6789 6789 6789 14
20190213 1059 6789 6789 6789 6789 17
20190213 1100 6794 6794 6789 6789 55
20190213 1101 6789 6789 6789 6789 16
20190213 1102 6789 6789 6789 6789 28
20190213 1104 6789 6789 6789 6789 44
20190213 1106 6789 6789 6789 6789 31
20190213 1108 6789 6789 6789 6789 30
20190213 1110 6789 6789 6784 6784 47
20190213 1111 6789 6789 6789 6789 16
20190213 1112 6789 6789 6789 6789 14
20190213 1113 6789 6789 6789 6789 26
20190213 1114 6789 6789 6789 6789 14
20190213 1115 6789 6789 6789 6789 16
20190213 1116 6789 6789 6789 6789 3
20190213 1118 6799 6799 6799 6799 30
20190213 1119 6794 6794 6794 6794 42
20190213 1120 6794 6794 6794 6794 31
20190213 1122 6794 6794 6794 6794 14
20190213 1123 6794 6794 6789 6789 26
20190213 1124 6789 6789 6789 6789 14
20190213 1125 6789 6789 6789 6789 16
20190213 1126 6789 6789 6789 6789 14
20190213 1127 6789 6789 6789 6789 17
20190213 1128 6789 6789 6789 6789 14
20190213 1129 6789 6789 6789 6789 42
20190213 1130 6789 6789 6789 6789 30
20190213 1132 6789 6789 6789 6789 29
20190213 1134 6789 6789 6789 6789 14
20190213 1136 6794 6794 6794 6794 125
20190213 1137 6794 6794 6794 6794 17
20190213 1138 6794 6794 6794 6794 30
20190213 1140 6794 6794 6794 6794 30
20190213 1144 6799 6799 6799 6799 17
20190213 1146 6799 6799 6799 6799 44
20190213 1148 6799 6799 6799 6799 13
20190213 1149 6799 6799 6799 6799 16
20190213 1150 6799 6799 6799 6799 14
20190213 1151 6799 6799 6799 6799 17
20190213 1152 6799 6799 6799 6799 28
20190213 1153 6799 6799 6799 6799 136
20190213 1154 6799 6799 6794 6794 170
20190213 1156 6794 6794 6794 6794 30
20190213 1158 6799 6799 6799 6799 17
20190213 1200 6799 6799 6794 6794 85
20190213 1202 6794 6794 6794 6794 14
20190213 1203 6794 6794 6794 6794 16
20190213 1204 6794 6794 6794 6794 13
20190213 1205 6794 6794 6794 6794 17
20190213 1206 6794 6794 6794 6794 8
20190213 1208 6799 6799 6799 6799 30
20190213 1209 6794 6794 6794 6794 48
20190213 1210 6794 6794 6794 6794 30
20190213 1212 6794 6794 6794 6794 31
20190213 1213 6794 6794 6794 6794 2
20190213 1214 6794 6794 6794 6794 14
20190213 1215 6794 6794 6794 6794 16
20190213 1216 6794 6794 6794 6794 14
20190213 1217 6794 6794 6794 6794 16
20190213 1219 6794 6794 6794 6794 73
20190213 1220 6794 6794 6794 6794 14
20190213 1222 6794 6794 6794 6794 29
20190213 1224 6794 6794 6789 6789 71
20190213 1226 6789 6789 6789 6789 14
20190213 1227 6789 6789 6789 6789 17
20190213 1228 6789 6789 6789 6789 14
20190213 1229 6794 6794 6794 6794 5
20190213 1230 6794 6794 6794 6794 14
20190213 1231 6794 6794 6789 6789 74
20190213 1232 6789 6789 6789 6789 14
20190213 1234 6789 6789 6789 6789 31
20190213 1236 6789 6789 6789 6789 30
20190213 1238 6789 6789 6789 6789 29
20190213 1240 6789 6789 6784 6784 30
20190213 1241 6784 6784 6784 6784 209
20190213 1242 6784 6784 6779 6779 40
20190213 1243 6779 6779 6779 6779 16
20190213 1246 6784 6784 6784 6784 30
20190213 1248 6784 6784 6784 6784 31
20190213 1250 6784 6784 6784 6784 30
20190213 1252 6784 6784 6784 6784 14
20190213 1253 6784 6784 6784 6784 16
20190213 1254 6784 6784 6784 6784 27
20190213 1255 6784 6784 6784 6784 17
20190213 1256 6784 6784 6784 6784 14
20190213 1258 6784 6784 6784 6784 30
20190213 1300 6784 6784 6784 6784 30
20190213 1302 6784 6784 6784 6784 30
20190213 1304 6784 6784 6784 6784 14
20190213 1307 6789 6789 6789 6789 16
20190213 1308 6789 6789 6789 6789 14
20190213 1309 6789 6789 6789 6789 16
20190213 1310 6789 6789 6789 6789 13
20190213 1312 6789 6789 6789 6789 31
20190213 1314 6789 6789 6789 6789 30
20190213 1316 6789 6789 6789 6789 44
20190213 1318 6789 6789 6789 6789 14
20190213 1319 6789 6789 6789 6789 17
20190213 1320 6789 6789 6789 6789 14
20190213 1321 6789 6789 6789 6789 16
20190213 1322 6789 6789 6784 6784 157
20190213 1324 6789 6789 6789 6789 167
20190213 1326 6784 6784 6784 6784 103
20190213 1328 6784 6784 6784 6784 29
20190213 1330 6784 6784 6784 6784 14
20190213 1331 6784 6784 6784 6784 16
20190213 1332 6784 6784 6784 6784 14
20190213 1333 6784 6784 6784 6784 17
20190213 1334 6784 6784 6784 6784 14
20190213 1335 6784 6784 6784 6784 16
20190213 1336 6784 6784 6784 6784 14
20190213 1338 6784 6784 6784 6784 30
20190213 1340 6784 6784 6784 6784 31
20190213 1342 6784 6784 6784 6784 14
20190213 1343 6784 6784 6784 6784 16
20190213 1344 6784 6784 6784 6784 13
20190213 1345 6784 6784 6784 6784 16
20190213 1346 6784 6789 6784 6789 16
20190213 1347 6784 6784 6784 6784 17
20190213 1348 6784 6784 6784 6784 14
20190213 1350 6784 6784 6784 6784 30
20190213 1352 6784 6784 6784 6784 71
20190213 1354 6784 6784 6784 6784 31
20190213 1356 6784 6784 6784 6784 55
20190213 1359 6789 6789 6789 6789 16
20190213 1400 6789 6789 6789 6789 13
20190213 1402 6789 6789 6789 6789 31
20190213 1404 6789 6789 6789 6789 30
20190213 1406 6789 6789 6789 6789 72
20190213 1408 6789 6789 6789 6789 54
20190213 1409 6794 6794 6794 6794 59
20190213 1410 6794 6799 6794 6799 214
20190213 1412 6799 6799 6799 6799 46
20190213 1414 6799 6799 6799 6799 14
20190213 1416 6799 6799 6799 6799 46
20190213 1418 6799 6799 6799 6799 30
20190213 1420 6799 6799 6799 6799 14
20190213 1421 6799 6799 6799 6799 16
20190213 1422 6799 6799 6799 6799 14
20190213 1423 6799 6799 6799 6799 17
20190213 1424 6799 6799 6799 6799 56
20190213 1425 6794 6794 6794 6794 125
20190213 1428 6799 6799 6799 6799 16
20190213 1430 6799 6799 6794 6794 117
20190213 1432 6794 6794 6794 6794 29
20190213 1434 6794 6794 6794 6794 14
20190213 1435 6794 6794 6794 6794 16
20190213 1436 6794 6794 6794 6794 14
20190213 1437 6794 6794 6789 6789 49
20190213 1440 6794 6794 6794 6794 31
20190213 1442 6794 6794 6794 6794 14
20190213 1444 6799 6799 6799 6799 16
20190213 1446 6799 6799 6799 6799 14
20190213 1447 6799 6799 6799 6799 17
20190213 1448 6799 6799 6799 6799 28
20190213 1450 6804 6804 6804 6804 42
20190213 1451 6804 6804 6804 6804 16
20190213 1452 6804 6804 6799 6799 185
20190213 1453 6794 6794 6789 6789 73
20190213 1454 6789 6789 6784 6784 3040
20190213 1455 6784 6784 6779 6779 10400
20190213 1456 6779 6784 6779 6784 5016
20190213 1457 6779 6779 6779 6779 10771
20190213 1458 6779 6779 6779 6779 4429
20190213 1459 6784 6784 6784 6784 16
20190213 1500 6784 6784 6784 6784 14
20190213 1501 6784 6784 6784 6784 17
20190213 1502 6784 6784 6784 6784 14
20190213 1503 6784 6784 6784 6784 16
20190213 1504 6784 6784 6784 6784 56
20190213 1506 6784 6784 6784 6784 97
20190213 1508 6784 6784 6784 6784 31
20190213 1509 6784 6784 6784 6784 41
20190213 1510 6784 6784 6784 6784 5882
20190213 1515 6799 6799 6799 6799 90
20190213 1516 6799 6799 6799 6799 14
20190213 1519 6804 6804 6804 6804 17
20190213 1520 6804 6804 6804 6804 27
20190213 1530 6799 6799 6799 6799 100
20190214 901 6784 6784 6779 6779 41
20190214 902 6769 6769 6769 6769 2
20190214 903 6754 6754 6754 6754 8000
20190214 910 6764 6764 6764 6764 5
20190214 911 6759 6759 6759 6759 7
20190214 913 6759 6759 6759 6759 220
20190214 918 6749 6749 6749 6749 28
20190214 919 6749 6749 6749 6749 1
20190214 920 6744 6744 6744 6744 15
20190214 925 6739 6739 6739 6739 21
20190214 926 6734 6734 6734 6734 61
20190214 929 6749 6749 6749 6749 2
20190214 932 6749 6754 6749 6754 400
20190214 939 6749 6749 6749 6749 22
20190214 943 6744 6744 6744 6744 25
20190214 944 6744 6744 6744 6744 30
20190214 946 6749 6749 6749 6749 1
20190214 948 6749 6749 6749 6749 15
20190214 949 6749 6749 6749 6749 10
20190214 953 6739 6739 6739 6739 90
20190214 1007 6739 6739 6739 6739 8
20190214 1018 6764 6764 6764 6764 10
20190214 1034 6764 6764 6764 6764 422
20190214 1035 6759 6759 6759 6759 14
20190214 1059 6759 6759 6759 6759 91
20190214 1114 6739 6739 6739 6739 201
20190214 1145 6744 6744 6739 6739 33
20190214 1200 6734 6734 6734 6734 49
20190214 1204 6734 6734 6734 6734 22
20190214 1205 6730 6730 6730 6730 116
20190214 1218 6734 6734 6734 6734 2
20190214 1222 6734 6734 6734 6734 20
20190214 1239 6734 6734 6734 6734 100
20190214 1249 6734 6734 6720 6720 250
20190214 1319 6739 6744 6739 6744 177
20190214 1401 6764 6764 6764 6764 3
20190214 1419 6769 6769 6769 6769 9
20190214 1432 6754 6754 6749 6749 100
20190214 1449 6774 6774 6774 6774 1
20190214 1530 6789 6789 6789 6789 29
20190215 901 6789 6789 6789 6789 11
20190215 902 6784 6784 6754 6754 2020
20190215 912 6789 6789 6789 6789 25
20190215 914 6809 6809 6809 6809 2
20190215 921 6819 6819 6819 6819 2
20190215 922 6829 6829 6829 6829 4
20190215 923 6839 6849 6839 6849 36
20190215 924 6854 6854 6854 6854 32
20190215 930 6854 6854 6854 6854 2
20190215 931 6854 6854 6854 6854 120
20190215 937 6849 6849 6844 6844 194
20190215 943 6849 6849 6849 6849 1
20190215 944 6849 6849 6849 6849 385
20190215 951 6839 6839 6839 6839 10
20190215 1005 6839 6839 6839 6839 10
20190215 1020 6864 6864 6864 6864 2814
20190215 1026 6859 6859 6859 6859 5
20190215 1057 6849 6849 6849 6849 21
20190215 1107 6829 6829 6819 6819 6
20190215 1120 6819 6819 6814 6814 1912
20190215 1121 6814 6814 6814 6814 90
20190215 1127 6804 6804 6804 6804 4
20190215 1137 6799 6799 6799 6799 3219
20190215 1138 6799 6799 6799 6799 17
20190215 1139 6799 6799 6799 6799 4
20190215 1147 6829 6829 6829 6829 25
20190215 1210 6829 6829 6829 6829 3
20190215 1213 6824 6824 6824 6824 2
20190215 1215 6824 6824 6824 6824 6
20190215 1235 6819 6819 6819 6819 400
20190215 1237 6819 6819 6819 6819 105
20190215 1242 6829 6829 6829 6829 50
20190215 1303 6829 6829 6829 6829 20
20190215 1309 6824 6824 6824 6824 150
20190215 1313 6829 6829 6829 6829 538
20190215 1329 6859 6859 6859 6859 1
20190215 1330 6854 6854 6854 6854 50
20190215 1334 6854 6854 6854 6854 152
20190215 1338 6854 6854 6854 6854 1898
20190215 1356 6834 6834 6834 6834 20
20190215 1414 6854 6854 6854 6854 10
20190215 1446 6854 6854 6854 6854 728
20190215 1515 6849 6859 6849 6859 20
20190215 1530 6859 6859 6859 6859 127
20190218 901 6904 6904 6904 6904 5
20190218 908 6904 6904 6904 6904 1
20190218 916 6874 6874 6874 6874 20
20190218 921 6869 6869 6869 6869 58
20190218 932 6874 6874 6869 6869 10
20190218 934 6869 6869 6869 6869 290
20190218 935 6869 6869 6869 6869 300
20190218 937 6874 6874 6874 6874 119
20190218 941 6859 6859 6854 6854 300
20190218 948 6879 6879 6879 6879 2275
20190218 950 6874 6874 6874 6874 3
20190218 957 6869 6869 6869 6869 1
20190218 959 6859 6859 6849 6849 2000
20190218 1000 6869 6869 6869 6869 123
20190218 1001 6849 6849 6849 6849 435
20190218 1002 6869 6869 6869 6869 2
20190218 1040 6869 6869 6869 6869 5
20190218 1043 6869 6869 6869 6869 13
20190218 1057 6874 6874 6874 6874 100
20190218 1138 6874 6874 6869 6869 250
20190218 1141 6869 6869 6869 6869 2
20190218 1142 6869 6869 6869 6869 20
20190218 1143 6869 6869 6869 6869 10
20190218 1153 6889 6889 6889 6889 100
20190218 1207 6869 6869 6869 6869 20
20190218 1213 6889 6889 6889 6889 1
20190218 1223 6884 6884 6884 6884 150
20190218 1226 6884 6884 6884 6884 10
20190218 1231 6884 6884 6884 6884 6
20190218 1232 6869 6869 6869 6869 30
20190218 1233 6869 6869 6869 6869 10
20190218 1247 6869 6869 6869 6869 5
20190218 1256 6869 6869 6869 6869 10
20190218 1307 6869 6869 6869 6869 3
20190218 1313 6879 6879 6879 6879 100
20190218 1317 6869 6869 6869 6869 1
20190218 1339 6879 6879 6879 6879 54
20190218 1406 6879 6879 6879 6879 100
20190218 1448 6879 6879 6879 6879 470
20190218 1530 6894 6894 6894 6894 43
20190219 901 6894 6894 6894 6894 1
20190219 911 6864 6864 6859 6859 15
20190219 912 6849 6849 6849 6849 1
20190219 916 6839 6839 6839 6839 1
20190219 923 6839 6839 6839 6839 25
20190219 1017 6909 6909 6909 6909 1
20190219 1019 6909 6909 6909 6909 28
20190219 1021 6914 6914 6914 6914 1
20190219 1028 6914 6914 6914 6914 1
20190219 1030 6914 6914 6914 6914 19
20190219 1031 6919 6919 6919 6919 2
20190219 1109 6914 6914 6914 6914 62
20190219 1113 6914 6914 6914 6914 20
20190219 1114 6914 6914 6914 6914 40
20190219 1213 6919 6919 6919 6919 2
20190219 1225 6919 6919 6919 6919 6
20190219 1230 6919 6919 6919 6919 54
20190219 1236 6919 6919 6919 6919 2457
20190219 1242 6919 6919 6919 6919 1000
20190219 1301 6919 6919 6919 6919 1
20190219 1315 6929 6929 6929 6929 650
20190219 1319 6919 6919 6919 6919 5
20190219 1330 6934 6934 6934 6934 121
20190219 1347 6934 6934 6934 6934 1898
20190219 1348 6939 6939 6939 6939 30
20190219 1409 6934 6934 6934 6934 2972
20190219 1412 6929 6929 6929 6929 5
20190219 1415 6929 6929 6929 6929 892
20190219 1420 6929 6929 6929 6929 3
20190219 1423 6934 6934 6934 6934 4
20190219 1436 6934 6934 6934 6934 5
20190219 1449 6939 6939 6939 6939 10
20190219 1517 6944 6944 6944 6944 20
20190219 1518 6944 6944 6944 6944 6
20190219 1530 6954 6954 6954 6954 15
20190220 901 6954 6954 6954 6954 25
20190220 907 6964 6964 6964 6964 3787
20190220 908 6969 6969 6969 6969 1
20190220 909 6974 6979 6974 6979 235
20190220 910 6984 6994 6984 6994 81
20190220 913 6999 6999 6999 6999 6
20190220 915 7004 7004 7004 7004 5
20190220 917 7014 7019 7014 7019 413
20190220 918 7024 7024 7024 7024 16
20190220 920 7024 7024 7024 7024 20
20190220 922 7029 7029 7029 7029 30
20190220 924 7029 7029 7029 7029 10
20190220 925 7029 7029 7029 7029 10
20190220 931 7024 7024 7024 7024 1
20190220 936 7024 7024 7024 7024 20
20190220 944 7019 7019 7019 7019 10
20190220 950 7019 7019 7019 7019 1
20190220 956 7019 7019 7019 7019 6
20190220 959 7024 7024 7024 7024 99
20190220 1001 7029 7029 7024 7024 601
20190220 1002 7029 7029 7029 7029 20
20190220 1003 7029 7029 7024 7024 1101
20190220 1005 7029 7029 7029 7029 100
20190220 1007 7029 7029 7024 7024 485
20190220 1010 7024 7024 7014 7014 755
20190220 1015 7014 7014 7014 7014 25
20190220 1022 7014 7014 7014 7014 1089
20190220 1025 7014 7014 7014 7014 200
20190220 1026 7009 7009 6999 6999 1471
20190220 1028 6994 6994 6994 6994 4428
20190220 1034 6994 6994 6994 6994 10
20190220 1036 7009 7009 7009 7009 150
20190220 1041 6994 6999 6989 6999 3192
20190220 1100 6989 6989 6989 6989 4
20190220 1110 6979 6979 6979 6979 5
20190220 1134 6979 6979 6979 6979 1
20190220 1141 6984 6984 6984 6984 546
20190220 1213 6994 6994 6994 6994 3
20190220 1224 6989 6999 6989 6999 300
20190220 1225 6999 6999 6999 6999 40
20190220 1230 6999 6999 6999 6999 6
20190220 1309 6989 6989 6989 6989 2
20190220 1331 6989 6989 6989 6989 2
20190220 1405 6984 6984 6984 6984 54
20190220 1409 6984 6984 6984 6984 946
20190220 1412 6984 6984 6984 6984 4
20190220 1417 6979 6979 6979 6979 50
20190220 1419 6979 6979 6979 6979 100
20190220 1422 6979 6979 6979 6979 7
20190220 1424 6979 6979 6979 6979 3
20190220 1429 6979 6979 6979 6979 498
20190220 1433 6974 6974 6974 6974 539
20190220 1437 6969 6969 6969 6969 504
20190220 1451 6964 6964 6964 6964 500
20190220 1459 6964 6964 6964 6964 1000
20190220 1501 6964 6964 6964 6964 1000
20190220 1503 6964 6984 6964 6984 3779
20190220 1518 6984 6984 6984 6984 71
20190220 1530 6984 6984 6984 6984 6
20190221 904 6989 6989 6989 6989 300
20190221 906 7004 7004 7004 7004 1
20190221 908 7009 7009 7009 7009 2000
20190221 910 7009 7009 7009 7009 2000
20190221 911 7024 7029 7024 7029 886
20190221 914 7044 7044 7044 7044 1
20190221 916 7039 7039 7039 7039 386
20190221 917 7039 7039 7034 7034 29
20190221 918 7029 7029 7029 7029 4
20190221 919 7024 7024 7024 7024 15
20190221 921 7024 7024 7024 7024 85
20190221 922 7029 7029 7029 7029 23
20190221 924 7034 7034 7029 7029 475
20190221 926 7029 7029 7029 7029 200
20190221 928 7034 7034 7034 7034 299
20190221 929 7034 7034 7034 7034 298
20190221 935 7044 7049 7044 7049 3613
20190221 937 7054 7059 7054 7059 1453
20190221 939 7054 7054 7054 7054 797
20190221 940 7039 7039 7029 7029 1094
20190221 942 7044 7044 7044 7044 225
20190221 945 7049 7049 7044 7044 309
20190221 946 7044 7044 7044 7044 64
20190221 947 7029 7029 7029 7029 1000
20190221 948 7029 7029 7029 7029 200
20190221 951 7029 7029 7029 7029 299
20190221 952 7029 7029 7029 7029 201
20190221 953 7029 7029 7029 7029 98
20190221 956 7029 7029 7029 7029 102
20190221 958 7034 7034 7019 7019 1455
20190221 1003 7039 7039 7039 7039 299
20190221 1008 7054 7054 7054 7054 312
20190221 1009 7054 7054 7054 7054 2
20190221 1010 7059 7059 7059 7059 299
20190221 1011 7059 7059 7054 7054 314
20190221 1016 7054 7054 7049 7049 299
20190221 1018 7049 7049 7049 7049 299
20190221 1025 7044 7044 7044 7044 299
20190221 1028 7039 7039 7039 7039 299
20190221 1029 7039 7039 7039 7039 299
20190221 1034 7034 7034 7034 7034 15
20190221 1035 7039 7039 7034 7034 200
20190221 1036 7039 7039 7039 7039 299
20190221 1038 7044 7044 7044 7044 2
20190221 1040 7044 7044 7044 7044 299
20190221 1043 7034 7034 7034 7034 85
20190221 1047 7034 7034 7034 7034 65
20190221 1049 7039 7039 7039 7039 534
20190221 1051 7039 7039 7039 7039 299
20190221 1052 7039 7039 7039 7039 200
20190221 1053 7039 7039 7039 7039 501
20190221 1054 7044 7044 7044 7044 299
20190221 1058 7044 7049 7044 7049 299
20190221 1100 7039 7039 7039 7039 358
20190221 1102 7049 7049 7049 7049 299
20190221 1105 7049 7049 7049 7049 299
20190221 1107 7049 7049 7049 7049 159
20190221 1108 7049 7049 7049 7049 3114
20190221 1109 7054 7054 7054 7054 299
20190221 1113 7054 7054 7054 7054 299
20190221 1114 7054 7054 7054 7054 1000
20190221 1116 7059 7059 7059 7059 299
20190221 1120 7059 7059 7059 7059 299
20190221 1123 7059 7059 7059 7059 299
20190221 1125 7059 7059 7059 7059 1010
20190221 1127 7059 7059 7059 7059 299
20190221 1131 7059 7059 7059 7059 299
20190221 1134 7059 7059 7059 7059 299
20190221 1138 7064 7064 7064 7064 299
20190221 1139 7059 7059 7059 7059 16
20190221 1142 7064 7064 7064 7064 299
20190221 1144 7054 7054 7054 7054 1
20190221 1145 7064 7064 7064 7064 299
20190221 1146 7064 7064 7064 7064 11
20190221 1149 7054 7064 7054 7064 302
20190221 1153 7064 7064 7064 7064 299
20190221 1156 7064 7064 7064 7064 299
20190221 1200 7064 7064 7064 7064 299
20190221 1203 7054 7054 7049 7049 190
20190221 1204 7054 7054 7054 7054 299
20190221 1205 7054 7054 7054 7054 411
20190221 1207 7059 7064 7059 7064 299
20190221 1211 7064 7064 7064 7064 299
20190221 1213 7064 7064 7064 7064 2
20190221 1214 7064 7064 7064 7064 30
20190221 1217 7064 7064 7064 7064 6
20190221 1218 7064 7064 7064 7064 349
20190221 1222 7064 7064 7064 7064 299
20190221 1226 7068 7068 7068 7068 299
20190221 1227 7064 7064 7064 7064 2
20190221 1229 7068 7068 7068 7068 299
20190221 1230 7068 7068 7068 7068 50
20190221 1234 7073 7078 7073 7078 1000
20190221 1237 7078 7078 7078 7078 299
20190221 1240 7078 7078 7078 7078 30
20190221 1243 7083 7083 7083 7083 1287
20190221 1244 7083 7083 7083 7083 299
20190221 1245 7083 7083 7083 7083 105
20190221 1247 7083 7083 7083 7083 299
20190221 1251 7083 7083 7083 7083 299
20190221 1255 7083 7083 7078 7078 610
20190221 1259 7078 7078 7078 7078 299
20190221 1303 7083 7083 7083 7083 299
20190221 1304 7083 7083 7083 7083 977
20190221 1306 7083 7083 7083 7083 299
20190221 1308 7078 7078 7078 7078 449
20190221 1311 7078 7078 7078 7078 299
20190221 1313 7078 7078 7078 7078 299
20190221 1317 7073 7073 7073 7073 299
20190221 1318 7068 7068 7068 7068 349
20190221 1319 7059 7059 7054 7054 555
20190221 1324 7064 7064 7064 7064 299
20190221 1325 7059 7059 7059 7059 201
20190221 1328 7068 7068 7068 7068 299
20190221 1334 7068 7068 7068 7068 299
20190221 1335 7068 7073 7068 7073 299
20190221 1339 7073 7073 7073 7073 299
20190221 1342 7073 7073 7073 7073 299
20190221 1346 7073 7073 7073 7073 299
20190221 1350 7073 7073 7073 7073 299
20190221 1353 7068 7068 7068 7068 299
20190221 1357 7073 7073 7073 7073 299
20190221 1400 7068 7068 7064 7064 301
20190221 1404 7073 7073 7073 7073 299
20190221 1408 7073 7073 7073 7073 299
20190221 1409 7068 7068 7068 7068 1
20190221 1412 7073 7073 7073 7073 299
20190221 1415 7073 7073 7073 7073 299
20190221 1419 7073 7073 7073 7073 299
20190221 1423 7068 7073 7068 7073 443
20190221 1426 7068 7068 7068 7068 369
20190221 1427 7068 7068 7068 7068 84
20190221 1430 7068 7068 7068 7068 299
20190221 1434 7073 7073 7073 7073 299
20190221 1435 7073 7073 7073 7073 299
20190221 1437 7073 7073 7073 7073 299
20190221 1438 7073 7073 7073 7073 100
20190221 1439 7073 7073 7073 7073 900
20190221 1440 7073 7073 7068 7068 475
20190221 1441 7078 7078 7078 7078 299
20190221 1443 7078 7078 7078 7078 4201
20190221 1446 7078 7078 7078 7078 299
20190221 1448 7078 7078 7078 7078 299
20190221 1450 7078 7078 7078 7078 14
20190221 1451 7078 7078 7078 7078 8
20190221 1452 7078 7083 7078 7083 391
20190221 1454 7083 7083 7083 7083 7
20190221 1456 7083 7083 7083 7083 299
20190221 1458 7078 7078 7078 7078 8
20190221 1459 7078 7078 7078 7078 299
20190221 1503 7078 7078 7078 7078 299
20190221 1507 7078 7078 7078 7078 299
20190221 1510 7068 7078 7068 7078 306
20190221 1517 7078 7078 7078 7078 100
20190221 1518 7078 7078 7073 7073 547
20190221 1519 7078 7078 7078 7078 102
20190221 1530 7059 7059 7059 7059 308
20190222 902 7088 7088 7088 7088 106
20190222 905 7068 7068 7068 7068 500
20190222 907 7068 7068 7068 7068 250
20190222 908 7068 7068 7068 7068 250
20190222 911 7088 7088 7088 7088 1042
20190222 918 7068 7068 7068 7068 200
20190222 921 7073 7073 7073 7073 421
20190222 925 7059 7059 7059 7059 200
20190222 926 7054 7054 7054 7054 151
20190222 927 7054 7054 7054 7054 10
20190222 932 7039 7039 7039 7039 6
20190222 933 7039 7039 7039 7039 440
20190222 934 7039 7039 7039 7039 270
20190222 935 7034 7034 7034 7034 200
20190222 940 7039 7039 7039 7039 1
20190222 945 7029 7029 7029 7029 105
20190222 946 7029 7029 7029 7029 100
20190222 947 7029 7029 7029 7029 500
20190222 957 7029 7029 7019 7019 266
20190222 1002 7009 7009 7009 7009 41
20190222 1005 7009 7009 7009 7009 314
20190222 1007 7009 7009 7009 7009 800
20190222 1008 7029 7029 7029 7029 1
20190222 1009 7024 7024 7024 7024 1
20190222 1011 7024 7024 7024 7024 10
20190222 1012 7019 7019 7019 7019 1
20190222 1013 7019 7019 7019 7019 10
20190222 1017 7014 7014 7014 7014 1
20190222 1018 7014 7014 7014 7014 19
20190222 1032 7014 7014 7014 7014 10
20190222 1037 7014 7014 7014 7014 10
20190222 1038 6999 6999 6999 6999 282
20190222 1040 6994 6994 6994 6994 100
20190222 1043 6989 6989 6989 6989 4985
20190222 1045 6989 6999 6989 6999 1092
20190222 1112 6999 6999 6999 6999 2
20190222 1130 6999 6999 6999 6999 282
20190222 1131 6999 6999 6999 6999 282
20190222 1132 6999 6999 6999 6999 282
20190222 1133 6999 6999 6999 6999 281
20190222 1135 6999 6999 6999 6999 281
20190222 1139 6999 6999 6999 6999 15
20190222 1144 6989 6989 6984 6984 400
20190222 1147 6984 6984 6984 6984 15
20190222 1155 6984 6984 6984 6984 100
20190222 1201 7009 7009 7004 7004 6
20190222 1228 6999 6999 6989 6989 40
20190222 1247 7009 7009 7009 7009 5
20190222 1248 7009 7009 7009 7009 5
20190222 1334 6994 6994 6994 6994 1
20190222 1357 6989 6989 6989 6989 292
20190222 1359 6984 6984 6984 6984 3
20190222 1404 6984 6984 6984 6984 71
20190222 1409 6984 6984 6984 6984 25
20190222 1412 6979 6979 6979 6979 27
20190222 1414 6979 6979 6979 6979 50
20190222 1418 6979 6979 6979 6979 1787
20190222 1420 6974 6974 6974 6974 54
20190222 1437 6974 6974 6974 6974 3762
20190222 1439 6974 6974 6974 6974 1238
20190222 1440 6974 6974 6974 6974 100
20190222 1441 6974 6974 6974 6974 100
20190222 1442 6984 6984 6984 6984 5
20190222 1446 6984 6984 6984 6984 7
20190222 1501 6984 6984 6984 6984 20
20190222 1508 6989 6989 6989 6989 62
20190222 1511 6989 6989 6989 6989 162
20190222 1530 6999 6999 6999 6999 1
20190225 911 7024 7034 7024 7034 4
20190225 921 7034 7034 7034 7034 4
20190225 922 7049 7049 7049 7049 1
20190225 932 7054 7059 7054 7059 500
20190225 942 7059 7059 7054 7054 30
20190225 944 7049 7049 7049 7049 20
20190225 945 7044 7044 7044 7044 20
20190225 949 7039 7039 7039 7039 18
20190225 952 7034 7034 7034 7034 1
20190225 956 7034 7034 7034 7034 17
20190225 1002 7029 7029 7029 7029 13
20190225 1006 7024 7024 7024 7024 18
20190225 1018 7034 7034 7034 7034 5
20190225 1019 7034 7034 7034 7034 21
20190225 1021 7029 7029 7019 7019 35
20190225 1036 7019 7019 7019 7019 227
20190225 1112 7034 7034 7034 7034 3
20190225 1143 7034 7034 7034 7034 50
20190225 1156 7019 7019 7019 7019 292
20190225 1201 7014 7014 7009 7009 1476
20190225 1202 7019 7019 7019 7019 300
20190225 1203 7019 7019 7019 7019 28
20190225 1205 7019 7019 7019 7019 100
20190225 1207 7019 7019 7009 7009 1476
20190225 1213 7014 7014 7014 7014 4201
20190225 1222 7014 7014 7014 7014 20
20190225 1228 7014 7014 7014 7014 246
20190225 1245 7014 7014 7014 7014 247
20190225 1247 7019 7019 7019 7019 246
20190225 1303 7019 7019 7019 7019 247
20190225 1304 7034 7034 7034 7034 1
20190225 1319 7034 7034 7034 7034 499
20190225 1332 7044 7044 7044 7044 60
20190225 1337 7039 7039 7039 7039 500
20190225 1339 7034 7034 7034 7034 2
20190225 1343 7049 7049 7049 7049 280
20190225 1349 7054 7054 7054 7054 500
20190225 1353 7054 7054 7054 7054 148
20190225 1356 7054 7054 7054 7054 274
20190225 1358 7054 7054 7054 7054 10
20190225 1401 7054 7054 7054 7054 490
20190225 1403 7059 7059 7059 7059 1479
20190225 1404 7059 7059 7059 7059 2700
20190225 1411 7059 7059 7059 7059 54
20190225 1412 7064 7064 7064 7064 1
20190225 1422 7068 7068 7068 7068 1
20190225 1425 7068 7068 7068 7068 1
20190225 1428 7078 7078 7078 7078 56
20190225 1433 7073 7073 7073 7073 15
20190225 1435 7068 7068 7068 7068 5
20190225 1502 7068 7068 7068 7068 485
20190225 1508 7073 7073 7073 7073 5
20190225 1510 7068 7068 7068 7068 4
20190225 1511 7068 7068 7068 7068 96
20190225 1512 7068 7068 7068 7068 4
20190225 1515 7068 7088 7068 7088 3480
20190225 1519 7073 7073 7073 7073 10
20190225 1530 7068 7068 7068 7068 619
20190226 901 7068 7068 7064 7064 3
20190226 902 7059 7059 7059 7059 2
20190226 911 7078 7078 7078 7078 1
20190226 915 7078 7078 7078 7078 6
20190226 917 7078 7078 7064 7064 21
20190226 918 7059 7059 7059 7059 1
20190226 919 7054 7054 7054 7054 3
20190226 920 7049 7049 7039 7039 9
20190226 921 7034 7039 7034 7039 2218
20190226 922 7039 7049 7039 7049 1994
20190226 927 7049 7049 7049 7049 2
20190226 928 7049 7049 7049 7049 2
20190226 932 7039 7039 7039 7039 33
20190226 933 7039 7039 7039 7039 1
20190226 936 7039 7039 7039 7039 3
20190226 937 7029 7029 7029 7029 14
20190226 939 7039 7039 7039 7039 3
20190226 942 7039 7039 7039 7039 1
20190226 944 7034 7039 7024 7039 6
20190226 946 7039 7039 7039 7039 1
20190226 949 7039 7039 7039 7039 1
20190226 955 7049 7049 7049 7049 1
20190226 956 7039 7039 7039 7039 8
20190226 1000 7039 7039 7039 7039 1
20190226 1001 7039 7039 7039 7039 3
20190226 1006 7039 7039 7039 7039 1
20190226 1007 7039 7039 7039 7039 1
20190226 1008 7039 7039 7029 7029 21
20190226 1011 7039 7039 7039 7039 1
20190226 1017 7039 7039 7039 7039 1
20190226 1022 7039 7039 7039 7039 1
20190226 1024 7039 7039 7039 7039 1000
20190226 1028 7039 7039 7039 7039 1
20190226 1032 7029 7029 7029 7029 5
20190226 1033 7029 7029 7029 7029 1
20190226 1034 7024 7024 7019 7019 8
20190226 1038 7019 7019 7019 7019 1
20190226 1044 7019 7019 7019 7019 1
20190226 1049 7019 7019 7019 7019 1
20190226 1053 7014 7014 7009 7009 7
20190226 1055 7009 7009 7009 7009 1
20190226 1100 7009 7009 7009 7009 1
20190226 1102 7009 7009 7009 7009 199
20190226 1105 7019 7019 7019 7019 1
20190226 1106 7019 7019 7019 7019 1
20190226 1111 7019 7019 7019 7019 1
20190226 1112 7019 7019 7019 7019 3
20190226 1116 7029 7029 7029 7029 1
20190226 1122 7029 7029 7029 7029 1
20190226 1124 7019 7019 7019 7019 3525
20190226 1127 7029 7029 7029 7029 1
20190226 1129 7014 7014 7009 7009 1736
20190226 1133 7019 7019 7019 7019 1
20190226 1138 7019 7019 7019 7019 1
20190226 1144 7019 7019 7019 7019 1
20190226 1149 7019 7019 7019 7019 1
20190226 1155 7019 7019 7019 7019 1
20190226 1200 7019 7019 7019 7019 1
20190226 1205 7019 7019 7019 7019 1
20190226 1211 7019 7019 7019 7019 1
20190226 1216 7019 7019 7019 7019 1
20190226 1222 7019 7019 7019 7019 1
20190226 1226 7014 7014 7004 7004 10
20190226 1227 7019 7019 7019 7019 1
20190226 1233 7019 7019 7019 7019 1
20190226 1238 7009 7009 7009 7009 1
20190226 1240 6999 6999 6999 6999 160
20190226 1244 7014 7014 7014 7014 1
20190226 1249 7004 7004 7004 7004 1
20190226 1252 6999 6999 6999 6999 348
20190226 1254 7004 7004 7004 7004 1
20190226 1300 7004 7004 7004 7004 1
20190226 1305 7004 7004 7004 7004 1
20190226 1310 6994 6994 6994 6994 4
20190226 1311 6999 6999 6999 6999 1
20190226 1313 6989 6989 6989 6989 8
20190226 1314 6984 6984 6974 6974 21
20190226 1315 6969 6969 6969 6969 5
20190226 1316 6969 6969 6969 6969 1
20190226 1318 6964 6964 6964 6964 1
20190226 1320 6959 6959 6959 6959 3
20190226 1322 6964 6964 6954 6954 7
20190226 1327 6964 6964 6964 6964 1
20190226 1328 6964 6964 6964 6964 2
20190226 1333 6969 6969 6969 6969 1
20190226 1338 6969 6969 6969 6969 1
20190226 1341 6959 6959 6959 6959 43
20190226 1343 6979 6979 6979 6979 1
20190226 1349 6979 6979 6974 6974 8
20190226 1354 6989 6989 6989 6989 1
20190226 1400 6989 6989 6989 6989 1
20190226 1405 6994 6994 6994 6994 1
20190226 1410 6979 6979 6979 6979 5
20190226 1411 6984 6984 6984 6984 1
20190226 1416 6979 6979 6979 6979 1
20190226 1422 6979 6979 6979 6979 1
20190226 1423 6979 6979 6979 6979 200
20190226 1427 6979 6979 6979 6979 1
20190226 1429 6979 6979 6979 6979 2
20190226 1432 6979 6979 6979 6979 1
20190226 1438 6989 6989 6989 6989 1
20190226 1440 6979 6979 6979 6979 1
20190226 1443 6979 6979 6979 6979 1
20190226 1444 6979 6979 6979 6979 998
20190226 1449 6979 6979 6979 6979 1
20190226 1451 6979 6979 6979 6979 69
20190226 1453 6989 6989 6989 6989 281
20190226 1454 6994 6994 6994 6994 1
20190226 1500 6994 6994 6989 6989 11
20190226 1502 6989 6989 6989 6989 20
20190226 1505 6994 6994 6994 6994 1
20190226 1510 6994 6994 6994 6994 2
20190226 1511 6994 6994 6994 6994 3
20190226 1520 6989 6989 6989 6989 1
20190226 1530 6994 6994 6994 6994 75
20190227 901 6929 6929 6929 6929 30
20190227 910 6979 6979 6979 6979 200
20190227 911 6979 6979 6979 6979 820
20190227 913 6974 6974 6974 6974 1
20190227 914 6989 6989 6989 6989 264
20190227 917 6994 6994 6994 6994 80
20190227 919 7004 7004 7004 7004 3000
20190227 925 6994 6994 6994 6994 620
20190227 927 6994 6994 6994 6994 1
20190227 942 6984 6984 6984 6984 1
20190227 945 6979 6979 6979 6979 1
20190227 946 6979 6979 6979 6979 76
20190227 948 6974 6974 6974 6974 13
20190227 949 6974 6974 6974 6974 10
20190227 952 6974 6979 6974 6979 104
20190227 955 6984 6984 6984 6984 10
20190227 958 6974 6974 6974 6974 6
20190227 959 6974 6974 6974 6974 10
20190227 1002 6974 6974 6974 6974 10
20190227 1005 6974 6974 6974 6974 10
20190227 1008 6974 6974 6974 6974 10
20190227 1009 6969 6969 6969 6969 23
20190227 1012 6964 6964 6964 6964 33
20190227 1015 6964 6964 6964 6964 10
20190227 1018 6959 6959 6959 6959 10
20190227 1021 6949 6949 6949 6949 7
20190227 1022 6949 6949 6924 6924 2410
20190227 1025 6944 6944 6944 6944 10
20190227 1028 6944 6944 6944 6944 11
20190227 1031 6944 6944 6944 6944 10
20190227 1035 6949 6949 6949 6949 10
20190227 1038 6949 6949 6949 6949 10
20190227 1041 6944 6944 6944 6944 10
20190227 1043 6929 6929 6929 6929 245
20190227 1045 6949 6949 6949 6949 10
20190227 1048 6949 6949 6949 6949 10
20190227 1051 6944 6944 6944 6944 10
20190227 1054 6944 6944 6944 6944 10
20190227 1058 6944 6944 6944 6944 10
20190227 1059 6944 6944 6944 6944 10
20190227 1101 6944 6944 6944 6944 10
20190227 1104 6939 6939 6939 6939 25
20190227 1108 6939 6939 6939 6939 10
20190227 1111 6939 6939 6939 6939 10
20190227 1114 6939 6939 6939 6939 10
20190227 1117 6939 6939 6939 6939 10
20190227 1121 6939 6939 6939 6939 10
20190227 1124 6939 6939 6939 6939 10
20190227 1127 6939 6939 6939 6939 10
20190227 1131 6939 6939 6939 6939 10
20190227 1133 6939 6939 6939 6939 18
20190227 1134 6939 6939 6939 6939 10
20190227 1137 6939 6939 6939 6939 10
20190227 1140 6939 6939 6939 6939 10
20190227 1144 6939 6939 6939 6939 2
20190227 1147 6944 6944 6939 6939 18
20190227 1149 6934 6934 6934 6934 14
20190227 1150 6939 6939 6939 6939 10
20190227 1151 6939 6939 6939 6939 10
20190227 1154 6939 6939 6939 6939 10
20190227 1157 6939 6939 6939 6939 10
20190227 1200 6939 6939 6939 6939 10
20190227 1203 6939 6939 6939 6939 10
20190227 1207 6939 6939 6939 6939 10
20190227 1210 6939 6939 6939 6939 40
20190227 1213 6934 6939 6934 6939 15
20190227 1217 6939 6939 6939 6939 10
20190227 1220 6939 6939 6939 6939 10
20190227 1223 6939 6939 6939 6939 10
20190227 1226 6939 6939 6939 6939 10
20190227 1230 6939 6939 6939 6939 10
20190227 1233 6939 6939 6939 6939 10
20190227 1236 6939 6939 6939 6939 10
20190227 1239 6939 6939 6939 6939 302
20190227 1243 6944 6944 6944 6944 10
20190227 1246 6944 6944 6944 6944 10
20190227 1247 6944 6944 6944 6944 11
20190227 1248 6939 6939 6929 6929 700
20190227 1249 6944 6944 6944 6944 10
20190227 1253 6944 6944 6944 6944 10
20190227 1256 6944 6944 6944 6944 10
20190227 1259 6944 6944 6944 6944 10
20190227 1302 6949 6949 6949 6949 10
20190227 1303 6929 6929 6929 6929 9
20190227 1304 6929 6929 6929 6929 9
20190227 1306 6929 6949 6929 6949 19
20190227 1307 6929 6929 6929 6929 8
20190227 1308 6929 6929 6929 6929 8
20190227 1309 6949 6949 6949 6949 10
20190227 1312 6949 6949 6949 6949 10
20190227 1316 6944 6944 6944 6944 10
20190227 1319 6944 6944 6944 6944 10
20190227 1322 6944 6944 6944 6944 10
20190227 1325 6939 6939 6939 6939 10
20190227 1329 6939 6939 6939 6939 10
20190227 1330 6939 6939 6939 6939 1
20190227 1332 6939 6939 6939 6939 10
20190227 1335 6939 6939 6939 6939 10
20190227 1339 6939 6939 6939 6939 10
20190227 1342 6939 6939 6939 6939 10
20190227 1345 6939 6939 6939 6939 10
20190227 1346 6939 6939 6939 6939 3
20190227 1347 6934 6934 6929 6929 95
20190227 1348 6929 6929 6929 6929 10
20190227 1352 6929 6929 6929 6929 10
20190227 1355 6929 6929 6929 6929 10
20190227 1358 6929 6929 6929 6929 10
20190227 1400 6929 6929 6929 6929 5
20190227 1402 6929 6929 6929 6929 10
20190227 1405 6929 6929 6929 6929 10
20190227 1408 6929 6929 6929 6929 10
20190227 1411 6929 6929 6929 6929 10
20190227 1415 6929 6929 6929 6929 10
20190227 1418 6929 6929 6929 6929 10
20190227 1420 6929 6929 6924 6924 122
20190227 1421 6924 6924 6924 6924 10
20190227 1425 6924 6924 6924 6924 10
20190227 1427 6924 6924 6924 6924 600
20190227 1428 6924 6924 6924 6924 3
20190227 1431 6939 6939 6939 6939 10
20190227 1434 6929 6929 6929 6929 10
20190227 1438 6929 6929 6929 6929 10
20190227 1441 6939 6939 6939 6939 10
20190227 1444 6939 6939 6939 6939 10
20190227 1448 6939 6939 6939 6939 11
20190227 1451 6939 6939 6939 6939 11
20190227 1454 6939 6939 6939 6939 111
20190227 1455 6939 6939 6939 6939 500
20190227 1457 6939 6939 6939 6939 11
20190227 1501 6939 6939 6939 6939 11
20190227 1504 6939 6939 6939 6939 11
20190227 1507 6939 6939 6939 6939 11
20190227 1511 6939 6939 6939 6939 10
20190227 1516 6939 6939 6939 6939 2
20190227 1517 6939 6939 6939 6939 10
20190227 1518 6939 6939 6939 6939 4
20190227 1530 6949 6949 6949 6949 55
20190228 902 6939 6939 6929 6929 106
20190228 903 6924 6924 6919 6919 2
20190228 904 6914 6914 6909 6909 107
20190228 916 6899 6899 6899 6899 4
20190228 917 6894 6894 6894 6894 10
20190228 918 6889 6889 6889 6889 8
20190228 931 6889 6889 6889 6889 1237
20190228 944 6889 6889 6889 6889 90
20190228 946 6889 6889 6889 6889 3513
20190228 953 6909 6909 6909 6909 5
20190228 959 6904 6904 6904 6904 1
20190228 1003 6909 6909 6909 6909 25
20190228 1004 6909 6909 6909 6909 6
20190228 1022 6909 6909 6909 6909 24
20190228 1048 6914 6914 6904 6904 3
20190228 1052 6909 6909 6909 6909 964
20190228 1105 6914 6914 6914 6914 1
20190228 1112 6929 6929 6929 6929 2
20190228 1154 6929 6929 6929 6929 595
20190228 1222 6939 6939 6939 6939 20
20190228 1242 6934 6934 6934 6934 100
20190228 1328 6934 6934 6934 6934 9
20190228 1404 6934 6934 6934 6934 150
20190228 1411 6954 6954 6954 6954 1
20190228 1413 6949 6949 6949 6949 1
20190228 1453 6959 6959 6954 6954 2
20190228 1454 6949 6949 6949 6949 1
20190228 1455 6944 6944 6939 6939 3
20190228 1456 6934 6934 6914 6914 300
20190228 1458 6909 6909 6899 6899 152
20190228 1459 6894 6894 6894 6894 11
20190228 1500 6889 6889 6869 6869 238
20190228 1502 6864 6864 6859 6859 50
20190228 1520 6859 6859 6859 6859 14
20190228 1530 6849 6849 6849 6849 598
