날짜 시간 시가 고가 저가 종가 거래량
20190603 901 99029 99029 99029 99029 10
20190603 906 99044 99044 99044 99044 1
20190603 958 99044 99044 99044 99044 40
20190603 1032 99039 99039 99039 99039 50
20190603 1038 99044 99044 99039 99039 51
20190603 1039 99039 99039 99039 99039 1
20190603 1049 99039 99039 99039 99039 99
20190603 1050 99039 99039 99039 99039 198
20190603 1051 99039 99044 99039 99039 899
20190603 1052 99044 99044 99039 99039 1340
20190603 1053 99039 99039 99039 99039 1104
20190603 1056 99039 99039 99039 99039 1104
20190603 1057 99039 99039 99039 99039 368
20190603 1100 99039 99039 99039 99039 1154
20190603 1101 99039 99039 99039 99039 3680
20190603 1102 99039 99039 99039 99039 4047
20190603 1103 99039 99039 99039 99039 2208
20190603 1104 99039 99039 99039 99039 2496
20190603 1105 99039 99039 99039 99039 4664
20190603 1106 99039 99039 99039 99039 5480
20190603 1107 99039 99039 99039 99039 6884
20190603 1108 99039 99039 99039 99039 4416
20190603 1109 99039 99039 99039 99039 4048
20190603 1110 99039 99039 99039 99039 5152
20190603 1111 99039 99039 99039 99039 4416
20190603 1112 99039 99039 99039 99039 4416
20190603 1113 99039 99044 99039 99044 4048
20190603 1114 99039 99039 99039 99039 4048
20190603 1115 99044 99044 99044 99044 2944
20190603 1116 99044 99044 99044 99044 5520
20190603 1117 99044 99044 99044 99044 5152
20190603 1118 99044 99044 99044 99044 736
20190603 1211 99044 99044 99044 99044 1
20190603 1316 99044 99044 99044 99044 1
20190603 1344 99044 99044 99044 99044 1
20190603 1440 99044 99044 99039 99039 200
20190603 1443 99044 99044 99034 99034 392
20190603 1444 99044 99044 99034 99034 288
20190603 1445 99044 99044 99034 99044 250
20190603 1446 99034 99044 99034 99034 370
20190603 1447 99044 99044 99034 99034 160
20190603 1509 99034 99034 99034 99034 5
20190603 1517 99044 99044 99044 99044 1
20190604 901 99068 99068 99068 99068 1
20190604 906 99059 99059 99059 99059 1
20190604 1024 99064 99064 99064 99064 5
20190604 1029 99059 99059 99059 99059 1000
20190604 1030 99054 99054 99054 99054 12000
20190604 1032 99059 99059 99054 99054 1000
20190604 1034 99059 99059 99054 99054 3496
20190604 1035 99054 99054 99054 99054 1500
20190604 1037 99059 99059 99059 99059 9072
20190604 1038 99059 99059 99059 99059 7288
20190604 1039 99064 99064 99059 99059 6700
20190604 1040 99059 99059 99059 99059 15870
20190604 1041 99064 99064 99059 99059 8639
20190604 1044 99054 99054 99054 99054 500
20190604 1046 99054 99054 99054 99054 650
20190604 1047 99059 99059 99059 99059 5835
20190604 1048 99059 99059 99059 99059 7075
20190604 1049 99054 99054 99054 99054 400
20190604 1055 99054 99054 99054 99054 691
20190604 1211 99059 99059 99059 99059 1
20190604 1344 99054 99054 99054 99054 1
20190604 1412 99049 99049 99049 99049 2
20190604 1458 99054 99054 99054 99054 92
20190604 1459 99049 99049 99049 99049 92
20190604 1501 99054 99054 99054 99054 15
20190604 1502 99049 99049 99049 99049 15
20190604 1504 99054 99054 99049 99049 258
20190604 1505 99054 99054 99049 99049 8
20190604 1517 99049 99054 99049 99054 199
20190604 1530 99049 99049 99049 99049 720
20190605 901 99073 99078 99068 99068 16000
20190605 902 99064 99064 99054 99054 30033
20190605 903 99054 99054 99054 99054 22000
20190605 906 99059 99059 99059 99059 1
20190605 1015 99049 99049 99049 99049 12000
20190605 1026 99049 99049 99049 99049 2000
20190605 1027 99049 99049 99049 99049 4780
20190605 1028 99049 99049 99049 99049 3
20190605 1029 99049 99049 99044 99044 997
20190605 1030 99049 99049 99044 99044 110
20190605 1031 99044 99044 99044 99044 554
20190605 1035 99049 99049 99049 99049 1045
20190605 1039 99059 99059 99059 99059 1
20190605 1211 99059 99059 99059 99059 1
20190605 1326 99059 99059 99059 99059 1
20190605 1344 99059 99059 99059 99059 1
20190605 1421 99064 99064 99054 99054 280
20190605 1422 99064 99064 99049 99049 770
20190605 1423 99059 99059 99049 99049 10
20190605 1505 99059 99059 99059 99059 50
20190605 1517 99064 99064 99064 99064 1
20190607 906 99088 99088 99088 99088 1
20190607 912 99083 99083 99078 99078 9900
20190607 913 99078 99083 99078 99078 9100
20190607 914 99078 99078 99078 99078 1451
20190607 915 99073 99073 99073 99073 51
20190607 917 99078 99078 99078 99078 1349
20190607 934 99078 99078 99078 99078 1
20190607 1008 99078 99078 99078 99078 6
20190607 1038 99078 99078 99078 99078 1
20190607 1052 99078 99078 99078 99078 25
20190607 1107 99073 99073 99073 99073 21
20190607 1211 99083 99083 99083 99083 1
20190607 1225 99083 99083 99083 99083 19
20190607 1344 99083 99083 99083 99083 1
20190607 1410 99083 99083 99083 99083 5
20190607 1436 99078 99078 99078 99078 19
20190607 1517 99088 99088 99088 99088 1
20190610 902 99093 99093 99093 99093 33
20190610 903 99093 99093 99088 99088 2916
20190610 904 99088 99088 99088 99088 13740
20190610 905 99088 99088 99088 99088 3664
20190610 906 99093 99093 99093 99093 1
20190610 908 99088 99088 99088 99088 916
20190610 909 99088 99088 99088 99088 2745
20190610 910 99088 99088 99088 99088 10968
20190610 911 99088 99088 99088 99088 914
20190610 912 99088 99088 99088 99088 5484
20190610 913 99088 99088 99088 99088 914
20190610 915 99088 99088 99088 99088 4570
20190610 916 99088 99088 99088 99088 10968
20190610 917 99088 99088 99088 99088 9140
20190610 925 99088 99088 99088 99088 914
20190610 930 99088 99088 99088 99088 914
20190610 931 99088 99088 99088 99088 1828
20190610 932 99088 99088 99088 99088 23764
20190610 933 99088 99088 99088 99088 12796
20190610 934 99088 99088 99088 99088 19194
20190610 935 99088 99088 99088 99088 12796
20190610 936 99088 99088 99088 99088 11882
20190610 937 99088 99088 99088 99088 19194
20190610 938 99088 99088 99088 99088 26506
20190610 939 99088 99088 99088 99088 29248
20190610 940 99088 99088 99088 99088 21936
20190610 941 99088 99088 99088 99088 3656
20190610 1005 99088 99088 99088 99088 10
20190610 1006 99088 99088 99088 99088 1
20190610 1017 99088 99088 99088 99088 5
20190610 1027 99083 99083 99083 99083 300
20190610 1036 99088 99088 99088 99088 3
20190610 1037 99083 99083 99083 99083 100
20190610 1039 99088 99088 99088 99088 1
20190610 1043 99088 99088 99088 99088 5
20190610 1045 99088 99088 99088 99088 2
20190610 1047 99088 99088 99088 99088 807
20190610 1052 99088 99088 99088 99088 381
20190610 1129 99093 99093 99093 99093 10
20190610 1138 99093 99093 99093 99093 2
20190610 1212 99093 99093 99093 99093 1
20190610 1343 99093 99093 99088 99088 4
20190610 1345 99093 99093 99093 99093 1
20190610 1408 99093 99093 99093 99093 10
20190610 1438 99093 99093 99088 99088 2
20190610 1439 99093 99093 99088 99088 2
20190610 1514 99093 99093 99083 99083 480
20190610 1515 99093 99093 99083 99083 732
20190610 1518 99093 99093 99093 99093 1
20190611 903 99103 99103 99098 99098 4901
20190611 904 99098 99103 99098 99098 3523
20190611 905 99098 99098 99098 99098 9237
20190611 906 99103 99103 99098 99098 12245
20190611 907 99098 99098 99098 99098 6019
20190611 908 99098 99098 99098 99098 3656
20190611 929 99098 99098 99098 99098 100
20190611 1025 99093 99093 99093 99093 27
20190611 1033 99093 99093 99093 99093 6
20190611 1039 99098 99098 99098 99098 1
20190611 1143 99098 99098 99098 99098 15
20190611 1212 99098 99098 99098 99098 1
20190611 1321 99098 99098 99093 99093 740
20190611 1322 99098 99098 99093 99093 660
20190611 1345 99098 99098 99098 99098 1
20190611 1452 99098 99098 99093 99098 526
20190611 1453 99098 99098 99093 99093 586
20190611 1459 99103 99103 99093 99093 60
20190611 1509 99093 99093 99093 99093 25
20190611 1513 99103 99103 99103 99103 350
20190611 1515 99098 99098 99098 99098 6300
20190611 1516 99098 99098 99098 99098 3150
20190611 1518 99098 99098 99098 99098 1048
20190611 1519 99098 99098 99098 99098 698
20190611 1520 99098 99098 99098 99098 2443
20190611 1530 99093 99093 99093 99093 349
20190612 903 99108 99108 99103 99103 9000
20190612 906 99108 99108 99103 99103 7006
20190612 907 99103 99108 99103 99103 18000
20190612 908 99103 99103 99103 99103 6009
20190612 909 99103 99103 99103 99103 6943
20190612 910 99103 99103 99103 99103 5928
20190612 911 99103 99103 99103 99103 16796
20190612 912 99103 99103 99103 99103 15808
20190612 914 99103 99103 99103 99103 997
20190612 915 99103 99103 99103 99103 988
20190612 916 99103 99103 99103 99103 13698
20190612 917 99103 99103 99103 99103 23518
20190612 918 99103 99103 99103 99103 16813
20190612 919 99103 99103 99103 99103 26687
20190612 920 99103 99103 99103 99103 32052
20190612 921 99103 99103 99103 99103 22601
20190612 922 99103 99103 99103 99103 18899
20190612 923 99103 99103 99103 99103 16281
20190612 928 99103 99103 99103 99103 1909
20190612 935 99103 99103 99103 99103 4303
20190612 936 99103 99103 99103 99103 25926
20190612 946 99103 99103 99103 99103 986
20190612 947 99103 99103 99103 99103 200
20190612 948 99108 99108 99108 99108 800
20190612 952 99108 99108 99108 99108 4000
20190612 953 99108 99108 99108 99108 23900
20190612 954 99108 99108 99108 99108 2200
20190612 1004 99108 99108 99108 99108 950
20190612 1005 99113 99113 99113 99113 100
20190612 1012 99113 99113 99113 99113 100
20190612 1039 99113 99113 99113 99113 1
20190612 1048 99113 99113 99113 99113 99
20190612 1059 99113 99113 99113 99113 80
20190612 1212 99122 99122 99122 99122 1
20190612 1314 99113 99113 99113 99113 50
20190612 1345 99127 99127 99127 99127 1
20190612 1452 99132 99132 99132 99132 200
20190612 1453 99122 99122 99122 99122 200
20190612 1518 99137 99137 99137 99137 1
20190613 902 99142 99142 99142 99142 5
20190613 903 99162 99162 99162 99162 1000
20190613 904 99157 99157 99157 99157 5600
20190613 905 99157 99157 99157 99157 1000
20190613 906 99157 99157 99157 99157 17983
20190613 907 99157 99157 99157 99157 10989
20190613 908 99162 99162 99157 99157 1011
20190613 909 99157 99157 99157 99157 1005
20190613 911 99157 99157 99157 99157 2010
20190613 912 99157 99157 99157 99157 4020
20190613 913 99157 99157 99157 99157 1005
20190613 914 99157 99157 99157 99157 1005
20190613 915 99157 99157 99157 99157 2010
20190613 918 99157 99157 99157 99157 5
20190613 926 99157 99157 99157 99157 2005
20190613 936 99157 99157 99157 99157 3005
20190613 937 99157 99157 99157 99157 4020
20190613 938 99157 99157 99157 99157 15075
20190613 940 99157 99157 99157 99157 6030
20190613 941 99157 99157 99157 99157 4940
20190613 942 99157 99157 99157 99157 7921
20190613 945 99157 99157 99157 99157 34
20190613 946 99157 99157 99157 99157 6916
20190613 947 99157 99157 99157 99157 3952
20190613 952 99157 99157 99157 99157 1976
20190613 1004 99157 99157 99157 99157 1005
20190613 1005 99157 99157 99157 99157 1022
20190613 1009 99157 99157 99157 99157 10050
20190613 1010 99157 99157 99157 99157 12060
20190613 1011 99157 99157 99157 99157 14070
20190613 1012 99157 99157 99157 99157 2010
20190613 1013 99157 99157 99157 99157 32055
20190613 1014 99157 99157 99157 99157 3915
20190613 1020 99157 99157 99157 99157 1905
20190613 1036 99166 99166 99166 99166 1
20190613 1206 99166 99166 99166 99166 1
20190613 1257 99166 99166 99166 99166 10
20190613 1336 99166 99166 99166 99166 1
20190613 1348 99162 99162 99162 99162 10
20190613 1421 99157 99157 99157 99157 20
20190613 1431 99152 99152 99152 99152 963
20190613 1506 99162 99162 99162 99162 1
20190613 1507 99162 99162 99162 99162 1
20190614 904 99166 99166 99166 99166 2
20190614 906 99171 99171 99171 99171 1
20190614 907 99171 99171 99166 99166 4907
20190614 908 99166 99166 99166 99166 16523
20190614 909 99166 99166 99166 99166 17643
20190614 914 99166 99166 99166 99166 979
20190614 916 99166 99166 99166 99166 979
20190614 926 99181 99181 99176 99176 18981
20190614 927 99176 99176 99176 99176 17483
20190614 928 99176 99176 99171 99171 6357
20190614 938 99176 99176 99176 99176 9744
20190614 939 99176 99176 99171 99171 4549
20190614 948 99171 99171 99166 99166 510
20190614 949 99166 99166 99166 99166 3719
20190614 1039 99171 99171 99171 99171 1
20190614 1044 99171 99171 99171 99171 260
20190614 1046 99171 99171 99171 99171 8624
20190614 1047 99171 99171 99171 99171 3673
20190614 1048 99171 99171 99171 99171 7546
20190614 1049 99171 99171 99171 99171 8085
20190614 1107 99166 99166 99166 99166 4677
20190614 1108 99166 99166 99166 99166 1000
20190614 1109 99166 99166 99166 99166 4877
20190614 1113 99166 99166 99166 99166 16187
20190614 1123 99166 99166 99162 99162 193
20190614 1130 99162 99162 99162 99162 1000
20190614 1132 99166 99166 99166 99166 1185
20190614 1133 99166 99166 99166 99166 153
20190614 1135 99166 99166 99166 99166 5500
20190614 1136 99166 99166 99166 99166 3000
20190614 1212 99171 99171 99171 99171 1
20190614 1241 99166 99166 99166 99166 1685
20190614 1243 99166 99166 99166 99166 8208
20190614 1244 99166 99166 99166 99166 7524
20190614 1252 99166 99166 99166 99166 678
20190614 1253 99162 99162 99162 99162 500
20190614 1254 99166 99166 99166 99166 14884
20190614 1256 99166 99166 99166 99166 7482
20190614 1257 99166 99166 99166 99166 2349
20190614 1258 99166 99166 99166 99166 1668
20190614 1259 99166 99166 99166 99166 1160
20190614 1301 99166 99166 99166 99166 7506
20190614 1302 99166 99166 99166 99166 5443
20190614 1304 99166 99166 99166 99166 800
20190614 1305 99166 99166 99166 99166 3768
20190614 1308 99166 99166 99166 99166 1184
20190614 1312 99166 99166 99166 99166 1114
20190614 1314 99162 99162 99162 99162 700
20190614 1316 99166 99166 99166 99166 62
20190614 1319 99166 99166 99166 99166 3395
20190614 1330 99166 99166 99166 99166 85
20190614 1332 99166 99166 99166 99166 485
20190614 1345 99176 99176 99176 99176 1
20190614 1438 99171 99171 99171 99171 3
20190614 1514 99171 99171 99162 99162 1380
20190614 1517 99171 99171 99171 99171 1
20190617 901 99176 99176 99176 99176 5
20190617 904 99181 99181 99176 99176 19520
20190617 905 99176 99176 99176 99176 21000
20190617 906 99181 99181 99171 99171 9496
20190617 907 99171 99176 99171 99171 17121
20190617 922 99171 99171 99171 99171 5200
20190617 927 99166 99166 99166 99166 3400
20190617 928 99166 99166 99166 99166 6903
20190617 936 99166 99166 99166 99166 700
20190617 939 99166 99166 99166 99166 1
20190617 945 99166 99166 99166 99166 4600
20190617 946 99166 99166 99166 99166 15800
20190617 947 99166 99166 99166 99166 10550
20190617 948 99166 99166 99166 99166 11900
20190617 1039 99171 99171 99171 99171 1
20190617 1126 99171 99171 99171 99171 509
20190617 1212 99176 99176 99176 99176 1
20190617 1316 99171 99171 99171 99171 30
20190617 1345 99176 99176 99176 99176 1
20190617 1410 99171 99176 99166 99166 1120
20190617 1411 99176 99176 99166 99166 2900
20190617 1507 99166 99166 99166 99166 36
20190617 1508 99166 99166 99166 99166 15
20190617 1512 99166 99166 99166 99166 100
20190617 1517 99166 99176 99166 99176 101
20190617 1530 99176 99176 99176 99176 197
20190618 902 99176 99176 99176 99176 10
20190618 903 99176 99176 99176 99176 1000
20190618 904 99171 99176 99171 99171 13900
20190618 905 99171 99171 99171 99171 9900
20190618 906 99176 99176 99171 99171 4901
20190618 907 99171 99171 99171 99171 17423
20190618 908 99171 99171 99171 99171 20138
20190618 909 99171 99171 99171 99171 16111
20190618 911 99166 99171 99166 99171 1500
20190618 912 99166 99166 99166 99166 200
20190618 914 99171 99171 99171 99171 1300
20190618 915 99171 99171 99171 99171 44100
20190618 916 99171 99171 99171 99171 44200
20190618 917 99171 99171 99171 99171 13600
20190618 918 99171 99171 99171 99171 6500
20190618 919 99171 99171 99171 99171 12050
20190618 920 99171 99171 99171 99171 24700
20190618 921 99171 99171 99171 99171 3500
20190618 923 99171 99171 99171 99171 3515
20190618 927 99171 99171 99171 99171 2600
20190618 929 99171 99171 99171 99171 4400
20190618 930 99171 99171 99171 99171 8285
20190618 931 99171 99171 99171 99171 15585
20190618 932 99171 99171 99171 99171 9215
20190618 933 99171 99171 99171 99171 8687
20190618 934 99171 99171 99171 99171 12283
20190618 935 99171 99171 99171 99171 13200
20190618 936 99171 99171 99171 99171 25570
20190618 937 99171 99171 99171 99171 18490
20190618 938 99171 99171 99171 99171 17095
20190618 939 99171 99171 99171 99171 4784
20190618 940 99171 99171 99171 99171 7239
20190618 941 99171 99171 99171 99171 7200
20190618 942 99171 99171 99171 99171 8800
20190618 943 99171 99171 99171 99171 8715
20190618 944 99171 99171 99171 99171 3400
20190618 945 99171 99171 99171 99171 7245
20190618 946 99171 99171 99171 99171 7245
20190618 953 99171 99171 99171 99171 187
20190618 1000 99171 99171 99171 99171 1133
20190618 1001 99171 99171 99171 99171 9131
20190618 1002 99171 99171 99171 99171 600
20190618 1008 99171 99171 99171 99171 5
20190618 1011 99171 99171 99171 99171 1128
20190618 1039 99176 99176 99176 99176 1
20190618 1055 99166 99166 99166 99166 100
20190618 1109 99171 99171 99171 99171 100
20190618 1211 99176 99176 99176 99176 1
20190618 1224 99176 99176 99176 99176 50
20190618 1328 99181 99181 99181 99181 100
20190618 1332 99181 99181 99181 99181 100
20190618 1344 99181 99181 99181 99181 1
20190618 1436 99176 99176 99176 99176 4
20190618 1447 99171 99171 99171 99171 4
20190618 1502 99171 99176 99166 99166 400
20190618 1503 99176 99176 99166 99166 580
20190618 1517 99176 99176 99176 99176 1
20190619 901 99137 99137 99137 99137 1
20190619 906 99171 99171 99171 99171 1
20190619 914 99181 99181 99181 99181 1
20190619 925 99176 99176 99176 99176 5
20190619 937 99176 99176 99176 99176 10
20190619 951 99176 99176 99176 99176 80
20190619 1009 99181 99181 99181 99181 30
20190619 1010 99181 99181 99181 99181 5
20190619 1014 99186 99191 99186 99186 12500
20190619 1015 99186 99186 99186 99186 8340
20190619 1016 99186 99186 99186 99186 14310
20190619 1017 99186 99191 99186 99186 12070
20190619 1018 99186 99186 99186 99186 24810
20190619 1019 99186 99186 99186 99186 26190
20190619 1020 99186 99186 99186 99186 21330
20190619 1021 99186 99186 99186 99186 12820
20190619 1022 99186 99186 99186 99186 7800
20190619 1023 99186 99186 99186 99186 2900
20190619 1024 99186 99186 99186 99186 1000
20190619 1025 99186 99186 99186 99186 2000
20190619 1026 99186 99186 99186 99186 2900
20190619 1027 99186 99186 99186 99186 2900
20190619 1028 99186 99186 99186 99186 900
20190619 1030 99186 99186 99186 99186 60
20190619 1039 99191 99191 99191 99191 1
20190619 1212 99186 99186 99186 99186 1
20190619 1225 99186 99186 99186 99186 499
20190619 1228 99186 99186 99186 99186 499
20190619 1229 99186 99186 99186 99186 998
20190619 1230 99186 99186 99186 99186 3493
20190619 1231 99186 99186 99186 99186 1996
20190619 1240 99186 99186 99186 99186 4
20190619 1247 99186 99186 99186 99186 499
20190619 1252 99186 99186 99186 99186 499
20190619 1255 99186 99186 99186 99186 1996
20190619 1256 99186 99186 99186 99186 6986
20190619 1257 99186 99186 99186 99186 4990
20190619 1258 99186 99186 99186 99186 7485
20190619 1259 99186 99186 99186 99186 6986
20190619 1300 99186 99186 99186 99186 7485
20190619 1301 99186 99186 99186 99186 6487
20190619 1302 99186 99186 99186 99186 4491
20190619 1303 99186 99186 99186 99186 4491
20190619 1304 99186 99186 99186 99186 3992
20190619 1305 99186 99186 99186 99186 3992
20190619 1306 99186 99186 99186 99186 4990
20190619 1307 99186 99186 99186 99186 5988
20190619 1308 99186 99186 99186 99186 5988
20190619 1309 99186 99186 99186 99186 4990
20190619 1310 99186 99186 99186 99186 5489
20190619 1311 99186 99186 99186 99186 3992
20190619 1312 99186 99186 99186 99186 499
20190619 1314 99186 99186 99186 99186 499
20190619 1315 99186 99186 99186 99186 21
20190619 1317 99186 99186 99186 99186 956
20190619 1318 99186 99186 99186 99186 1912
20190619 1320 99186 99186 99186 99186 956
20190619 1321 99186 99186 99186 99186 499
20190619 1322 99186 99186 99186 99186 8793
20190619 1323 99186 99186 99186 99186 2454
20190619 1324 99186 99186 99186 99186 5408
20190619 1325 99186 99186 99186 99186 5008
20190619 1326 99186 99186 99186 99186 1954
20190619 1328 99186 99186 99186 99186 600
20190619 1338 99186 99186 99186 99186 600
20190619 1344 99186 99186 99186 99186 601
20190619 1345 99186 99186 99186 99186 1
20190619 1352 99181 99181 99181 99181 138
20190619 1358 99181 99181 99171 99171 2044
20190619 1410 99176 99176 99176 99176 200
20190619 1411 99171 99171 99171 99171 393
20190619 1442 99171 99171 99171 99171 500
20190619 1503 99176 99176 99166 99166 920
20190619 1504 99176 99176 99166 99166 220
20190619 1517 99176 99176 99176 99176 1
20190620 905 99186 99186 99186 99186 1
20190620 906 99191 99191 99191 99191 1
20190620 907 99191 99191 99191 99191 1873
20190620 913 99211 99211 99211 99211 5
20190620 951 99216 99220 99216 99216 700
20190620 952 99216 99216 99216 99216 4900
20190620 953 99216 99216 99216 99216 4200
20190620 954 99216 99216 99216 99216 1750
20190620 955 99216 99216 99216 99216 1011
20190620 956 99216 99216 99216 99216 329
20190620 957 99216 99216 99216 99216 2632
20190620 958 99216 99216 99216 99216 2303
20190620 959 99216 99216 99216 99216 329
20190620 1019 99216 99216 99216 99216 17
20190620 1028 99216 99216 99216 99216 312
20190620 1039 99220 99220 99220 99220 1
20190620 1116 99206 99206 99206 99206 5
20190620 1151 99206 99206 99206 99206 9
20190620 1200 99206 99206 99206 99206 5
20190620 1203 99206 99206 99206 99206 5
20190620 1212 99206 99206 99206 99206 1
20190620 1213 99206 99206 99206 99206 4
20190620 1219 99206 99206 99206 99206 9
20190620 1234 99206 99206 99206 99206 7
20190620 1318 99206 99206 99206 99206 5
20190620 1345 99216 99216 99216 99216 1
20190620 1421 99220 99220 99211 99211 1224
20190620 1422 99220 99220 99211 99211 102
20190620 1504 99211 99211 99211 99211 10
20190620 1517 99220 99220 99220 99220 1
20190620 1530 99211 99211 99211 99211 1
20190621 902 99216 99216 99216 99216 1
20190621 905 99220 99220 99216 99216 6000
20190621 906 99220 99220 99216 99216 4999
20190621 907 99216 99216 99216 99216 10796
20190621 908 99216 99216 99216 99216 2000
20190621 909 99216 99216 99216 99216 22811
20190621 910 99216 99216 99216 99216 9512
20190621 911 99216 99216 99216 99216 1000
20190621 913 99220 99220 99216 99216 200
20190621 915 99216 99216 99216 99216 7000
20190621 916 99216 99216 99216 99216 2000
20190621 917 99220 99220 99220 99220 1
20190621 923 99216 99216 99216 99216 100
20190621 935 99216 99216 99216 99216 10
20190621 936 99216 99216 99216 99216 200
20190621 1013 99216 99216 99216 99216 62
20190621 1039 99220 99220 99220 99220 1
20190621 1212 99216 99216 99216 99216 1
20190621 1259 99216 99216 99216 99216 2
20190621 1301 99211 99211 99211 99211 4
20190621 1306 99206 99206 99206 99206 6
20190621 1308 99216 99216 99206 99206 104
20190621 1309 99216 99216 99206 99206 1008
20190621 1310 99216 99216 99206 99206 1514
20190621 1311 99216 99220 99206 99211 1296
20190621 1312 99220 99220 99211 99211 588
20190621 1326 99220 99220 99216 99216 600
20190621 1327 99216 99216 99216 99216 400
20190621 1330 99211 99211 99211 99211 200
20190621 1344 99220 99220 99220 99220 1
20190621 1517 99216 99216 99216 99216 1
20190624 903 99211 99211 99206 99206 20
20190624 906 99211 99211 99211 99211 1
20190624 907 99206 99206 99206 99206 10
20190624 910 99201 99201 99201 99201 21
20190624 918 99206 99206 99206 99206 1184
20190624 921 99211 99211 99211 99211 5
20190624 945 99211 99211 99211 99211 1
20190624 1039 99216 99216 99216 99216 1
20190624 1113 99216 99216 99216 99216 5
20190624 1147 99216 99216 99216 99216 5
20190624 1149 99216 99216 99216 99216 5
20190624 1211 99216 99216 99216 99216 1
20190624 1244 99216 99216 99216 99216 1
20190624 1302 99206 99206 99206 99206 10
20190624 1303 99206 99206 99206 99206 15
20190624 1344 99211 99211 99211 99211 1
20190624 1358 99211 99211 99211 99211 80
20190624 1503 99216 99216 99216 99216 5
20190624 1504 99220 99220 99220 99220 489
20190624 1517 99220 99220 99220 99220 1
20190625 906 99220 99220 99220 99220 1
20190625 909 99220 99220 99220 99220 5
20190625 913 99220 99220 99220 99220 1
20190625 1039 99220 99220 99220 99220 1
20190625 1212 99220 99220 99220 99220 1
20190625 1221 99211 99211 99211 99211 1
20190625 1223 99211 99211 99211 99211 100
20190625 1227 99211 99211 99211 99211 125
20190625 1233 99216 99216 99216 99216 69
20190625 1251 99211 99211 99211 99211 47
20190625 1301 99211 99211 99211 99211 7
20190625 1313 99216 99216 99216 99216 151
20190625 1345 99220 99220 99220 99220 1
20190625 1403 99216 99216 99216 99216 12
20190625 1515 99211 99211 99211 99211 3
20190625 1517 99216 99216 99216 99216 1
20190625 1518 99211 99211 99211 99211 498
20190626 905 99201 99201 99196 99196 1000
20190626 906 99196 99201 99196 99196 2305
20190626 907 99196 99196 99196 99196 1806
20190626 909 99201 99201 99196 99196 400
20190626 916 99196 99196 99196 99196 10
20190626 921 99196 99196 99191 99191 1002
20190626 922 99191 99196 99191 99196 1600
20190626 923 99191 99191 99191 99191 1402
20190626 924 99191 99196 99191 99191 9733
20190626 925 99191 99191 99191 99191 15314
20190626 927 99196 99196 99196 99196 2500
20190626 928 99196 99196 99196 99196 8927
20190626 929 99196 99201 99196 99196 10161
20190626 930 99196 99196 99196 99196 1189
20190626 931 99196 99196 99191 99191 5927
20190626 932 99196 99196 99196 99196 3782
20190626 955 99191 99191 99191 99191 6
20190626 959 99186 99186 99186 99186 194
20190626 1039 99196 99196 99196 99196 1
20190626 1127 99186 99186 99186 99186 101
20190626 1150 99181 99181 99181 99181 300
20190626 1158 99181 99181 99181 99181 1000
20190626 1212 99191 99191 99191 99191 1
20190626 1345 99191 99191 99191 99191 1
20190626 1516 99181 99181 99181 99181 10
20190626 1517 99191 99191 99191 99191 1
20190627 903 99206 99206 99206 99206 9538
20190627 904 99206 99206 99206 99206 2382
20190627 905 99206 99206 99206 99206 7189
20190627 906 99201 99201 99201 99201 5142
20190627 907 99196 99206 99196 99206 14757
20190627 908 99206 99206 99201 99201 10010
20190627 909 99201 99201 99201 99201 8922
20190627 910 99196 99201 99196 99201 5071
20190627 911 99201 99201 99201 99201 10554
20190627 916 99201 99201 99201 99201 1
20190627 918 99196 99196 99196 99196 200
20190627 919 99201 99201 99201 99201 1106
20190627 920 99196 99196 99196 99196 1460
20190627 922 99196 99196 99196 99196 774
20190627 936 99196 99196 99196 99196 1106
20190627 939 99196 99196 99196 99196 500
20190627 955 99196 99196 99196 99196 761
20190627 1009 99196 99196 99196 99196 11
20190627 1030 99196 99196 99196 99196 16
20190627 1039 99201 99201 99201 99201 1
20190627 1052 99196 99196 99196 99196 1
20190627 1107 99201 99201 99201 99201 296
20190627 1126 99191 99191 99191 99191 296
20190627 1212 99201 99201 99201 99201 1
20190627 1345 99201 99201 99201 99201 1
20190627 1408 99191 99191 99191 99191 200
20190627 1517 99201 99201 99201 99201 1
20190627 1530 99191 99191 99191 99191 177
20190628 904 99201 99201 99201 99201 5563
20190628 906 99206 99206 99206 99206 2
20190628 924 99211 99211 99211 99211 9360
20190628 925 99211 99211 99211 99211 740
20190628 936 99211 99211 99206 99206 3840
20190628 937 99206 99206 99206 99206 10040
20190628 946 99206 99206 99206 99206 4440
20190628 947 99206 99206 99206 99206 26292
20190628 948 99206 99211 99206 99211 16104
20190628 949 99211 99211 99211 99211 744
20190628 951 99206 99206 99206 99206 4292
20190628 952 99206 99206 99206 99206 22480
20190628 953 99206 99206 99206 99206 14442
20190628 954 99206 99206 99206 99206 23659
20190628 955 99206 99206 99206 99206 13757
20190628 956 99206 99206 99206 99206 27625
20190628 1009 99206 99206 99206 99206 100
20190628 1012 99206 99206 99206 99206 500
20190628 1014 99211 99211 99211 99211 1
20190628 1024 99206 99206 99206 99206 1
20190628 1039 99211 99211 99211 99211 1
20190628 1212 99211 99211 99211 99211 1
20190628 1234 99211 99211 99211 99211 1
20190628 1258 99211 99211 99211 99211 3
20190628 1311 99211 99211 99211 99211 4
20190628 1342 99211 99211 99211 99211 10
20190628 1345 99211 99211 99211 99211 1
20190628 1346 99211 99211 99211 99211 2
20190628 1517 99211 99211 99211 99211 1
20190628 1520 99211 99211 99211 99211 4
20190628 1530 99206 99206 99206 99206 498
