날짜 시간 시가 고가 저가 종가 거래량
20200401 901 8655 8655 8640 8640 429
20200401 903 8625 8625 8625 8625 1
20200401 904 8630 8635 8630 8635 29
20200401 905 8625 8625 8620 8620 5
20200401 906 8620 8625 8620 8625 5
20200401 907 8615 8615 8610 8610 146
20200401 908 8615 8615 8615 8615 2
20200401 909 8615 8625 8615 8625 40
20200401 910 8610 8610 8610 8610 7
20200401 911 8610 8615 8610 8615 3
20200401 912 8615 8615 8600 8600 381
20200401 913 8615 8620 8615 8620 2
20200401 916 8610 8610 8610 8610 3
20200401 917 8610 8610 8610 8610 1000
20200401 918 8620 8630 8620 8630 2
20200401 919 8620 8635 8620 8635 1002
20200401 920 8635 8635 8630 8630 2
20200401 921 8635 8635 8625 8625 1001
20200401 922 8640 8645 8640 8645 13
20200401 923 8640 8640 8635 8635 1002
20200401 925 8635 8635 8635 8635 1000
20200401 927 8645 8645 8645 8645 1000
20200401 928 8640 8640 8640 8640 40
20200401 930 8640 8640 8640 8640 1000
20200401 932 8640 8640 8640 8640 1000
20200401 934 8645 8645 8645 8645 1000
20200401 935 8650 8655 8650 8655 1005
20200401 936 8645 8645 8640 8640 1030
20200401 937 8660 8660 8660 8660 1
20200401 939 8645 8645 8645 8645 1000
20200401 941 8655 8660 8655 8660 1135
20200401 942 8670 8670 8670 8670 5000
20200401 943 8670 8670 8660 8660 1006
20200401 944 8660 8660 8660 8660 127
20200401 947 8655 8655 8655 8655 1010
20200401 948 8650 8650 8650 8650 1000
20200401 949 8650 8665 8650 8665 220
20200401 950 8670 8680 8670 8680 2003
20200401 951 8670 8675 8670 8670 120
20200401 952 8665 8665 8665 8665 10
20200401 953 8665 8675 8665 8675 1000
20200401 954 8670 8670 8670 8670 1000
20200401 958 8665 8665 8665 8665 100
20200401 1000 8660 8660 8660 8660 1000
20200401 1002 8655 8655 8655 8655 550
20200401 1003 8650 8650 8645 8645 1001
20200401 1004 8655 8655 8655 8655 51
20200401 1005 8645 8645 8645 8645 1000
20200401 1006 8655 8655 8655 8655 1
20200401 1008 8650 8655 8650 8655 6049
20200401 1009 8655 8660 8655 8660 1010
20200401 1010 8655 8670 8655 8670 1015
20200401 1011 8665 8665 8665 8665 800
20200401 1014 8650 8650 8650 8650 1000
20200401 1015 8655 8655 8655 8655 130
20200401 1017 8650 8650 8650 8650 1000
20200401 1018 8645 8645 8635 8635 893
20200401 1019 8635 8635 8635 8635 1
20200401 1020 8635 8635 8635 8635 999
20200401 1021 8630 8635 8625 8635 1030
20200401 1023 8635 8635 8635 8635 1100
20200401 1025 8640 8640 8640 8640 1000
20200401 1026 8645 8645 8645 8645 14
20200401 1028 8645 8645 8645 8645 1000
20200401 1034 8630 8630 8630 8630 1000
20200401 1035 8635 8635 8635 8635 1000
20200401 1036 8640 8645 8640 8645 1597
20200401 1037 8650 8650 8650 8650 1000
20200401 1038 8650 8655 8650 8655 51
20200401 1039 8650 8650 8650 8650 1
20200401 1040 8650 8650 8650 8650 999
20200401 1041 8645 8645 8640 8640 103
20200401 1042 8635 8635 8635 8635 1
20200401 1043 8640 8640 8640 8640 1903
20200401 1046 8650 8650 8640 8640 1001
20200401 1047 8645 8645 8645 8645 1
20200401 1048 8650 8650 8650 8650 1000
20200401 1049 8660 8660 8660 8660 50
20200401 1050 8650 8650 8650 8650 1000
20200401 1052 8650 8650 8650 8650 30
20200401 1053 8650 8650 8650 8650 1000
20200401 1055 8650 8650 8650 8650 1000
20200401 1057 8650 8660 8650 8660 2966
20200401 1059 8670 8670 8670 8670 1
20200401 1100 8660 8660 8660 8660 1
20200401 1101 8650 8650 8650 8650 1000
20200401 1103 8640 8640 8635 8635 1163
20200401 1106 8640 8640 8640 8640 1000
20200401 1108 8640 8640 8640 8640 1001
20200401 1110 8655 8655 8645 8645 1001
20200401 1112 8650 8650 8650 8650 1000
20200401 1115 8640 8640 8640 8640 1000
20200401 1117 8645 8645 8645 8645 1000
20200401 1119 8650 8650 8650 8650 1010
20200401 1121 8655 8655 8655 8655 1000
20200401 1122 8660 8660 8660 8660 999
20200401 1124 8655 8655 8655 8655 1000
20200401 1128 8645 8645 8645 8645 1000
20200401 1129 8645 8645 8645 8645 50
20200401 1131 8645 8655 8645 8655 1001
20200401 1132 8645 8645 8645 8645 1000
20200401 1135 8645 8645 8645 8645 1000
20200401 1138 8645 8645 8645 8645 1000
20200401 1139 8645 8645 8645 8645 1000
20200401 1141 8655 8655 8645 8645 1010
20200401 1142 8645 8645 8645 8645 3
20200401 1144 8650 8650 8650 8650 1000
20200401 1145 8655 8655 8655 8655 989
20200401 1146 8650 8650 8650 8650 1000
20200401 1150 8655 8660 8655 8655 3523
20200401 1152 8655 8655 8655 8655 98
20200401 1153 8655 8655 8650 8650 1010
20200401 1154 8650 8650 8650 8650 3
20200401 1155 8650 8650 8650 8650 1000
20200401 1157 8650 8650 8650 8650 1000
20200401 1159 8650 8650 8650 8650 50
20200401 1200 8650 8650 8650 8650 950
20200401 1202 8650 8650 8650 8650 1000
20200401 1204 8655 8655 8655 8655 1000
20200401 1208 8655 8655 8655 8655 2000
20200401 1213 8650 8650 8650 8650 1000
20200401 1215 8650 8650 8650 8650 1000
20200401 1217 8645 8645 8645 8645 1000
20200401 1219 8645 8645 8645 8645 3000
20200401 1222 8640 8640 8640 8640 1000
20200401 1224 8645 8645 8645 8645 1000
20200401 1226 8650 8650 8650 8650 1000
20200401 1228 8650 8650 8650 8650 1000
20200401 1231 8645 8645 8645 8645 1000
20200401 1232 8655 8655 8655 8655 2
20200401 1233 8645 8645 8645 8645 1000
20200401 1235 8645 8645 8645 8645 1300
20200401 1237 8645 8645 8645 8645 1001
20200401 1238 8645 8645 8645 8645 321
20200401 1240 8645 8645 8645 8645 1000
20200401 1242 8645 8645 8645 8645 1012
20200401 1244 8645 8645 8645 8645 1000
20200401 1246 8645 8645 8645 8645 1000
20200401 1247 8655 8655 8655 8655 6
20200401 1248 8645 8645 8645 8645 1000
20200401 1251 8645 8645 8645 8645 1000
20200401 1255 8635 8635 8635 8635 1000
20200401 1300 8630 8630 8630 8630 1000
20200401 1301 8625 8625 8625 8625 41
20200401 1302 8620 8620 8615 8615 1000
20200401 1304 8615 8615 8615 8615 1000
20200401 1305 8620 8620 8620 8620 10
20200401 1306 8615 8615 8615 8615 1000
20200401 1309 8620 8620 8620 8620 1001
20200401 1311 8620 8620 8620 8620 1000
20200401 1313 8620 8620 8620 8620 1000
20200401 1315 8615 8615 8615 8615 1000
20200401 1317 8620 8620 8620 8620 1000
20200401 1320 8620 8620 8620 8620 1100
20200401 1322 8620 8620 8620 8620 1000
20200401 1324 8620 8620 8620 8620 1000
20200401 1326 8615 8615 8610 8610 1000
20200401 1327 8620 8620 8610 8610 100
20200401 1328 8610 8610 8610 8610 10
20200401 1329 8610 8610 8610 8610 1000
20200401 1331 8610 8610 8610 8610 1000
20200401 1333 8610 8610 8610 8610 1000
20200401 1334 8615 8615 8615 8615 2
20200401 1335 8615 8615 8610 8610 1000
20200401 1336 8620 8620 8620 8620 10
20200401 1338 8620 8625 8620 8625 1010
20200401 1342 8615 8615 8615 8615 1000
20200401 1344 8615 8615 8615 8615 1000
20200401 1346 8620 8620 8615 8615 1000
20200401 1350 8615 8615 8615 8615 1000
20200401 1351 8615 8615 8615 8615 1000
20200401 1353 8615 8615 8615 8615 1000
20200401 1356 8615 8615 8615 8615 1000
20200401 1358 8610 8610 8610 8610 1000
20200401 1400 8615 8615 8615 8615 1000
20200401 1402 8610 8610 8610 8610 1000
20200401 1404 8605 8605 8600 8600 1151
20200401 1405 8600 8600 8595 8595 1908
20200401 1407 8590 8590 8590 8590 1000
20200401 1409 8585 8585 8585 8585 1000
20200401 1411 8590 8590 8590 8590 1000
20200401 1412 8595 8595 8595 8595 1201
20200401 1413 8595 8595 8590 8590 1000
20200401 1416 8590 8590 8590 8590 1000
20200401 1417 8590 8590 8590 8590 10
20200401 1418 8590 8595 8590 8595 1001
20200401 1420 8590 8595 8590 8595 1020
20200401 1422 8595 8595 8595 8595 1000
20200401 1423 8595 8595 8595 8595 7
20200401 1425 8595 8595 8595 8595 1000
20200401 1426 8590 8590 8590 8590 107
20200401 1427 8585 8585 8585 8585 1000
20200401 1428 8580 8580 8580 8580 143
20200401 1429 8580 8585 8580 8585 3700
20200401 1431 8580 8585 8580 8585 1011
20200401 1432 8585 8585 8585 8585 100
20200401 1433 8580 8580 8580 8580 40
20200401 1434 8580 8580 8580 8580 1000
20200401 1435 8585 8585 8585 8585 40
20200401 1436 8580 8580 8580 8580 1000
20200401 1438 8585 8585 8585 8585 1000
20200401 1440 8580 8580 8580 8580 1001
20200401 1443 8575 8575 8575 8575 1000
20200401 1445 8570 8570 8565 8565 1132
20200401 1446 8565 8565 8565 8565 1
20200401 1447 8560 8560 8555 8555 1132
20200401 1449 8550 8550 8545 8545 1114
20200401 1450 8540 8540 8520 8520 148
20200401 1451 8525 8525 8515 8515 252
20200401 1452 8515 8515 8515 8515 1500
20200401 1453 8520 8520 8510 8510 1599
20200401 1454 8510 8510 8505 8505 1401
20200401 1456 8510 8510 8510 8510 1000
20200401 1457 8510 8510 8510 8510 50
20200401 1458 8510 8510 8495 8495 1997
20200401 1501 8500 8500 8500 8500 1100
20200401 1502 8510 8510 8500 8500 90
20200401 1503 8495 8495 8495 8495 250
20200401 1505 8495 8495 8495 8495 20
20200401 1506 8495 8505 8495 8495 5100
20200401 1507 8495 8495 8495 8495 1000
20200401 1509 8495 8495 8490 8495 567
20200401 1510 8490 8490 8485 8485 220
20200401 1511 8495 8495 8490 8490 107
20200401 1512 8485 8485 8480 8480 6309
20200401 1513 8480 8480 8475 8475 505
20200401 1514 8475 8485 8475 8485 53
20200401 1515 8475 8475 8475 8475 44
20200401 1516 8470 8470 8460 8460 324
20200401 1517 8455 8455 8455 8455 1340
20200401 1518 8460 8460 8455 8455 2219
20200401 1520 8465 8465 8465 8465 1000
20200401 1530 8485 8485 8485 8485 735
20200402 901 8410 8415 8395 8395 2935
20200402 902 8390 8390 8380 8385 45
20200402 903 8385 8390 8385 8390 620
20200402 904 8390 8390 8380 8380 860
20200402 906 8385 8385 8380 8380 1155
20200402 907 8375 8375 8375 8375 701
20200402 908 8370 8370 8370 8370 130
20200402 909 8365 8365 8355 8360 1423
20200402 910 8355 8360 8345 8345 270
20200402 911 8345 8345 8345 8345 927
20200402 912 8350 8350 8350 8350 511
20200402 913 8360 8360 8355 8355 107
20200402 914 8355 8355 8355 8355 1515
20200402 915 8365 8365 8365 8365 1604
20200402 916 8380 8380 8380 8380 11
20200402 918 8375 8375 8375 8375 300
20200402 919 8375 8375 8370 8370 517
20200402 920 8365 8365 8355 8360 476
20200402 921 8355 8355 8340 8340 4199
20200402 922 8340 8340 8340 8340 10
20200402 923 8340 8340 8340 8340 312
20200402 924 8360 8360 8360 8360 2
20200402 925 8370 8370 8370 8370 501
20200402 926 8360 8360 8360 8360 13
20200402 928 8360 8360 8350 8350 482
20200402 931 8355 8360 8355 8360 31
20200402 932 8360 8360 8360 8360 43
20200402 935 8360 8360 8360 8360 2
20200402 937 8360 8360 8360 8360 20
20200402 938 8360 8365 8355 8355 7850
20200402 939 8355 8355 8355 8355 1
20200402 940 8350 8350 8345 8350 655
20200402 942 8345 8350 8345 8345 24
20200402 943 8340 8340 8340 8340 1948
20200402 945 8350 8350 8350 8350 50
20200402 947 8360 8360 8360 8360 5
20200402 951 8350 8350 8350 8350 49
20200402 955 8360 8365 8360 8365 1001
20200402 959 8365 8365 8365 8365 560
20200402 1000 8365 8365 8365 8365 259
20200402 1001 8365 8365 8360 8360 263
20200402 1002 8355 8355 8355 8355 1012
20200402 1003 8350 8360 8350 8360 543
20200402 1004 8365 8365 8360 8360 405
20200402 1005 8370 8370 8370 8370 259
20200402 1006 8365 8365 8365 8365 10
20200402 1007 8370 8370 8370 8370 259
20200402 1008 8370 8370 8370 8370 145
20200402 1009 8370 8370 8360 8360 48
20200402 1011 8365 8365 8360 8360 32
20200402 1012 8355 8355 8355 8355 7
20200402 1013 8350 8350 8350 8350 1
20200402 1014 8355 8355 8355 8355 3
20200402 1017 8350 8350 8350 8350 3
20200402 1024 8350 8350 8350 8350 10
20200402 1028 8350 8350 8350 8350 34
20200402 1029 8345 8345 8345 8345 3
20200402 1037 8350 8350 8350 8350 1
20200402 1038 8360 8360 8360 8360 518
20200402 1039 8350 8350 8345 8350 1363
20200402 1041 8350 8350 8340 8340 1650
20200402 1042 8340 8345 8340 8345 618
20200402 1043 8345 8345 8345 8345 296
20200402 1044 8335 8335 8330 8330 1505
20200402 1045 8335 8335 8335 8335 1
20200402 1054 8340 8340 8340 8340 3
20200402 1059 8345 8345 8340 8340 17
20200402 1101 8335 8335 8335 8335 22
20200402 1102 8345 8345 8345 8345 105
20200402 1106 8355 8355 8355 8355 110
20200402 1107 8355 8355 8355 8355 1
20200402 1109 8355 8355 8355 8355 2
20200402 1111 8355 8355 8355 8355 1
20200402 1112 8350 8350 8350 8350 765
20200402 1113 8360 8365 8360 8365 518
20200402 1114 8370 8370 8370 8370 518
20200402 1116 8370 8370 8370 8370 568
20200402 1117 8375 8375 8375 8375 518
20200402 1118 8375 8375 8375 8375 302
20200402 1130 8370 8375 8370 8370 255
20200402 1131 8365 8365 8365 8365 71
20200402 1132 8370 8370 8370 8370 10
20200402 1135 8370 8370 8370 8370 1
20200402 1144 8370 8370 8370 8370 923
20200402 1145 8380 8380 8380 8380 1485
20200402 1153 8385 8385 8385 8385 5
20200402 1154 8385 8385 8385 8385 1
20200402 1155 8385 8385 8385 8385 1
20200402 1158 8380 8380 8380 8380 787
20200402 1205 8395 8395 8395 8395 2
20200402 1207 8390 8390 8390 8390 200
20200402 1210 8385 8385 8385 8385 2
20200402 1211 8390 8390 8390 8390 600
20200402 1213 8395 8395 8395 8395 7
20200402 1214 8395 8395 8395 8395 198
20200402 1215 8395 8395 8395 8395 9601
20200402 1218 8395 8395 8395 8395 1
20200402 1219 8390 8390 8390 8390 1
20200402 1223 8400 8400 8400 8400 5
20200402 1224 8405 8405 8405 8405 5
20200402 1227 8415 8415 8410 8410 2
20200402 1228 8405 8405 8405 8405 1
20200402 1234 8405 8405 8405 8405 1
20200402 1242 8405 8405 8405 8405 20
20200402 1243 8425 8425 8425 8425 10
20200402 1245 8425 8425 8425 8425 99
20200402 1247 8440 8440 8440 8440 120
20200402 1251 8435 8435 8420 8420 103
20200402 1253 8420 8420 8420 8420 600
20200402 1254 8420 8420 8420 8420 9063
20200402 1256 8415 8415 8415 8415 127
20200402 1257 8420 8420 8420 8420 141
20200402 1258 8420 8420 8420 8420 10
20200402 1259 8410 8410 8410 8410 2
20200402 1304 8410 8410 8410 8410 1
20200402 1309 8410 8410 8410 8410 20
20200402 1312 8400 8400 8400 8400 24
20200402 1314 8400 8400 8400 8400 225
20200402 1318 8410 8410 8410 8410 1000
20200402 1322 8420 8420 8420 8420 297
20200402 1325 8420 8420 8420 8420 2
20200402 1327 8420 8420 8420 8420 10
20200402 1329 8405 8405 8405 8405 1
20200402 1333 8405 8405 8405 8405 101
20200402 1334 8395 8395 8395 8395 573
20200402 1336 8400 8400 8400 8400 1000
20200402 1340 8400 8400 8400 8400 1
20200402 1348 8430 8430 8430 8430 5
20200402 1349 8440 8440 8440 8440 2
20200402 1350 8450 8450 8450 8450 3
20200402 1351 8460 8460 8460 8460 9
20200402 1359 8430 8430 8430 8430 20
20200402 1403 8430 8430 8430 8430 8
20200402 1404 8440 8440 8440 8440 5
20200402 1415 8410 8410 8410 8410 400
20200402 1431 8440 8440 8440 8440 600
20200402 1439 8440 8440 8440 8440 10
20200402 1442 8440 8440 8440 8440 240
20200402 1451 8445 8445 8445 8445 1
20200402 1452 8440 8450 8440 8450 1510
20200402 1454 8440 8440 8440 8440 500
20200402 1455 8440 8440 8435 8435 30
20200402 1458 8440 8440 8440 8440 182
20200402 1502 8450 8450 8450 8450 990
20200402 1503 8450 8460 8445 8445 12
20200402 1508 8445 8445 8445 8445 1
20200402 1509 8460 8465 8460 8465 327
20200402 1510 8475 8475 8475 8475 5
20200402 1513 8465 8465 8465 8465 6
20200402 1514 8465 8465 8465 8465 50
20200402 1515 8470 8470 8465 8465 13347
20200402 1516 8470 8470 8470 8470 1
20200402 1517 8470 8470 8460 8460 500
20200402 1518 8465 8465 8465 8465 495
20200402 1520 8480 8485 8480 8485 1032
20200402 1530 8490 8490 8490 8490 2939
