날짜 시간 시가 고가 저가 종가 거래량
20200901 901 1090 1095 1090 1095 5721
20200901 902 1095 1100 1095 1095 1343
20200901 903 1095 1095 1090 1090 925
20200901 904 1095 1095 1095 1095 110
20200901 905 1095 1100 1095 1095 557
20200901 906 1100 1100 1100 1100 6
20200901 907 1100 1100 1095 1095 4993
20200901 908 1100 1100 1095 1100 6683
20200901 909 1100 1105 1100 1105 3472
20200901 910 1105 1110 1100 1110 6169
20200901 911 1110 1110 1100 1100 6002
20200901 912 1100 1105 1100 1105 2
20200901 913 1100 1100 1100 1100 3986
20200901 916 1095 1095 1095 1095 10
20200901 917 1095 1100 1095 1100 1239
20200901 919 1095 1095 1095 1095 1900
20200901 920 1095 1095 1090 1095 1427
20200901 921 1090 1095 1090 1095 1501
20200901 922 1090 1090 1090 1090 37439
20200901 923 1085 1090 1085 1090 3117
20200901 924 1095 1095 1095 1095 45
20200901 925 1095 1095 1090 1090 4990
20200901 926 1090 1095 1090 1095 3540
20200901 928 1095 1095 1095 1095 834
20200901 929 1095 1100 1095 1100 3850
20200901 931 1100 1100 1095 1095 121
20200901 932 1095 1095 1095 1095 1000
20200901 933 1090 1095 1090 1095 2101
20200901 935 1095 1100 1095 1100 2021
20200901 937 1095 1095 1095 1095 40
20200901 938 1100 1100 1100 1100 116
20200901 940 1095 1095 1095 1095 1512
20200901 941 1095 1095 1095 1095 1089
20200901 946 1095 1095 1095 1095 1407
20200901 948 1095 1095 1095 1095 1377
20200901 949 1100 1100 1100 1100 215
20200901 950 1100 1100 1095 1095 743
20200901 953 1100 1100 1100 1100 1
20200901 955 1100 1100 1100 1100 5549
20200901 956 1100 1100 1095 1100 214
20200901 957 1095 1095 1095 1095 3000
20200901 1000 1100 1100 1100 1100 1
20200901 1001 1100 1100 1090 1090 10008
20200901 1002 1090 1100 1090 1100 1710
20200901 1003 1100 1100 1100 1100 4204
20200901 1006 1095 1095 1095 1095 1219
20200901 1007 1100 1100 1100 1100 1326
20200901 1008 1095 1095 1095 1095 20
20200901 1009 1095 1095 1090 1090 5003
20200901 1010 1095 1095 1095 1095 277
20200901 1012 1090 1090 1090 1090 1
20200901 1013 1095 1095 1090 1090 8050
20200901 1014 1095 1095 1095 1095 400
20200901 1015 1090 1090 1090 1090 1127
20200901 1016 1090 1090 1090 1090 3504
20200901 1017 1090 1095 1090 1095 123
20200901 1018 1095 1095 1095 1095 10587
20200901 1019 1090 1090 1090 1090 1000
20200901 1020 1090 1090 1090 1090 3
20200901 1021 1090 1095 1090 1095 998
20200901 1022 1090 1095 1085 1095 412
20200901 1023 1090 1095 1090 1095 504
20200901 1024 1095 1095 1095 1095 2288
20200901 1025 1095 1100 1090 1100 3603
20200901 1026 1095 1100 1095 1100 541
20200901 1027 1100 1100 1095 1100 2903
20200901 1028 1090 1100 1090 1100 1885
20200901 1029 1095 1095 1090 1090 1019
20200901 1030 1090 1095 1090 1095 4001
20200901 1031 1090 1090 1090 1090 665
20200901 1032 1090 1090 1090 1090 410
20200901 1033 1090 1090 1085 1090 1290
20200901 1035 1085 1090 1085 1090 1501
20200901 1036 1090 1095 1090 1095 1500
20200901 1038 1090 1095 1090 1095 1009
20200901 1039 1090 1095 1090 1095 1001
20200901 1040 1090 1090 1090 1090 3070
20200901 1042 1090 1095 1090 1095 6930
20200901 1045 1090 1095 1090 1095 306
20200901 1046 1090 1090 1090 1090 50
20200901 1047 1090 1095 1090 1095 4671
20200901 1048 1095 1095 1095 1095 641
20200901 1049 1095 1095 1095 1095 100
20200901 1051 1095 1095 1095 1095 2282
20200901 1052 1100 1100 1100 1100 1
20200901 1053 1100 1100 1100 1100 1
20200901 1055 1095 1095 1095 1095 2100
20200901 1056 1095 1095 1095 1095 1905
20200901 1103 1095 1095 1090 1090 97
20200901 1104 1095 1095 1090 1090 336
20200901 1105 1090 1095 1090 1095 21
20200901 1106 1095 1095 1090 1095 42
20200901 1107 1090 1090 1090 1090 103
20200901 1108 1095 1095 1095 1095 1
20200901 1110 1095 1095 1095 1095 1
20200901 1111 1095 1095 1095 1095 2000
20200901 1114 1095 1095 1090 1090 9010
20200901 1115 1090 1090 1090 1090 2000
20200901 1116 1095 1095 1095 1095 20
20200901 1117 1095 1095 1090 1090 1004
20200901 1118 1095 1095 1090 1095 5003
20200901 1119 1095 1100 1095 1100 5055
20200901 1121 1100 1100 1100 1100 2
20200901 1122 1095 1095 1095 1095 37
20200901 1124 1090 1095 1090 1095 1026
20200901 1125 1090 1095 1090 1095 992
20200901 1126 1095 1095 1095 1095 1878
20200901 1127 1100 1100 1100 1100 1
20200901 1129 1100 1100 1095 1095 152
20200901 1131 1095 1095 1090 1090 151
20200901 1133 1095 1095 1095 1095 1
20200901 1134 1095 1095 1095 1095 9
20200901 1135 1095 1100 1095 1100 1909
20200901 1138 1095 1095 1095 1095 7
20200901 1139 1100 1100 1100 1100 18
20200901 1144 1095 1095 1095 1095 85
20200901 1147 1090 1090 1090 1090 300
20200901 1149 1090 1095 1090 1095 56
20200901 1153 1090 1090 1090 1090 915
20200901 1154 1095 1100 1095 1100 23055
20200901 1155 1100 1100 1100 1100 8500
20200901 1156 1100 1105 1100 1105 52893
20200901 1157 1105 1105 1105 1105 8547
20200901 1158 1105 1105 1105 1105 1200
20200901 1159 1105 1105 1105 1105 1230
20200901 1200 1100 1105 1100 1105 593
20200901 1201 1105 1105 1105 1105 268
20200901 1204 1100 1100 1100 1100 3609
20200901 1205 1100 1100 1100 1100 1817
20200901 1206 1100 1100 1100 1100 1005
20200901 1210 1105 1105 1100 1100 1727
20200901 1212 1100 1105 1100 1105 8023
20200901 1213 1105 1105 1105 1105 100
20200901 1216 1105 1105 1105 1105 1
20200901 1217 1105 1105 1105 1105 4342
20200901 1221 1105 1105 1105 1105 2
20200901 1222 1105 1105 1100 1100 321
20200901 1223 1100 1100 1100 1100 600
20200901 1224 1105 1105 1105 1105 55
20200901 1226 1105 1105 1105 1105 1809
20200901 1228 1100 1105 1100 1105 1766
20200901 1229 1105 1105 1105 1105 20
20200901 1230 1100 1105 1100 1105 1052
20200901 1231 1105 1105 1105 1105 191
20200901 1232 1105 1105 1100 1100 505
20200901 1234 1105 1105 1105 1105 1
20200901 1235 1105 1105 1100 1100 1571
20200901 1236 1100 1105 1100 1105 583
20200901 1237 1105 1105 1105 1105 300
20200901 1238 1100 1105 1100 1105 3101
20200901 1239 1105 1105 1105 1105 5002
20200901 1240 1100 1105 1100 1105 2001
20200901 1241 1100 1105 1100 1105 2001
20200901 1243 1100 1105 1100 1100 4002
20200901 1244 1100 1105 1100 1105 2
20200901 1245 1100 1105 1100 1105 2002
20200901 1246 1100 1105 1100 1105 1350
20200901 1248 1100 1100 1100 1100 1
20200901 1249 1100 1105 1100 1105 35
20200901 1251 1105 1105 1105 1105 50
20200901 1253 1105 1110 1105 1110 10636
20200901 1254 1105 1105 1105 1105 636
20200901 1255 1105 1105 1105 1105 919
20200901 1257 1105 1105 1105 1105 500
20200901 1258 1105 1105 1105 1105 188
20200901 1300 1105 1105 1100 1100 726
20200901 1302 1100 1105 1100 1105 2350
20200901 1303 1100 1105 1100 1105 1177
20200901 1305 1105 1105 1105 1105 350
20200901 1307 1100 1100 1100 1100 616
20200901 1308 1105 1105 1105 1105 5001
20200901 1309 1105 1110 1105 1110 20663
20200901 1310 1110 1110 1110 1110 2001
20200901 1311 1110 1110 1110 1110 4847
20200901 1312 1105 1110 1105 1110 2166
20200901 1313 1110 1110 1110 1110 4000
20200901 1314 1110 1110 1110 1110 1177
20200901 1316 1110 1110 1105 1110 100
20200901 1317 1110 1115 1110 1115 2288
20200901 1318 1115 1115 1115 1115 234
20200901 1319 1115 1115 1115 1115 3896
20200901 1320 1110 1115 1110 1115 136
20200901 1321 1110 1110 1105 1105 11270
20200901 1322 1105 1110 1105 1110 451
20200901 1324 1105 1110 1105 1110 548
20200901 1327 1110 1110 1110 1110 1000
20200901 1328 1110 1110 1110 1110 255
20200901 1329 1110 1110 1110 1110 1000
20200901 1331 1105 1105 1105 1105 20
20200901 1332 1105 1105 1105 1105 5746
20200901 1333 1105 1110 1105 1110 1742
20200901 1335 1110 1110 1105 1105 1886
20200901 1336 1110 1110 1110 1110 1
20200901 1337 1105 1110 1105 1110 1102
20200901 1339 1105 1110 1105 1110 2200
20200901 1340 1110 1110 1110 1110 200
20200901 1341 1110 1110 1110 1110 3200
20200901 1342 1110 1110 1110 1110 100
20200901 1343 1110 1110 1110 1110 116
20200901 1344 1110 1110 1110 1110 54
20200901 1345 1105 1110 1105 1110 2374
20200901 1346 1110 1110 1110 1110 20
20200901 1347 1100 1105 1100 1105 671
20200901 1349 1105 1105 1100 1100 2220
20200901 1350 1100 1105 1100 1105 676
20200901 1351 1100 1105 1100 1105 90
20200901 1353 1100 1100 1100 1100 1010
20200901 1354 1100 1100 1100 1100 92
20200901 1355 1105 1110 1105 1105 2083
20200901 1357 1105 1105 1105 1105 367
20200901 1359 1110 1110 1110 1110 2
20200901 1401 1105 1105 1105 1105 1001
20200901 1403 1100 1110 1100 1110 250
20200901 1404 1110 1110 1105 1105 201
20200901 1405 1105 1105 1105 1105 4614
20200901 1406 1105 1105 1105 1105 147
20200901 1407 1105 1105 1105 1105 147
20200901 1408 1100 1105 1100 1105 1067
20200901 1409 1105 1105 1105 1105 200
20200901 1412 1105 1105 1105 1105 500
20200901 1413 1105 1105 1105 1105 107
20200901 1414 1100 1100 1100 1100 1500
20200901 1415 1105 1105 1105 1105 398
20200901 1419 1110 1110 1105 1105 51
20200901 1420 1105 1105 1105 1105 595
20200901 1421 1105 1105 1105 1105 1575
20200901 1423 1110 1110 1110 1110 100
20200901 1424 1110 1110 1105 1105 204
20200901 1425 1105 1110 1105 1110 1965
20200901 1426 1105 1105 1105 1105 1500
20200901 1428 1105 1105 1105 1105 500
20200901 1429 1105 1105 1105 1105 9452
20200901 1431 1100 1100 1100 1100 10000
20200901 1433 1105 1105 1100 1100 369
20200901 1434 1105 1105 1105 1105 1
20200901 1436 1105 1105 1105 1105 51
20200901 1439 1100 1100 1100 1100 537
20200901 1440 1100 1100 1100 1100 40
20200901 1441 1105 1105 1105 1105 1
20200901 1442 1105 1105 1105 1105 70
20200901 1443 1100 1100 1100 1100 956
20200901 1444 1100 1100 1100 1100 2477
20200901 1445 1105 1105 1100 1100 105
20200901 1446 1100 1105 1100 1105 2100
20200901 1449 1105 1105 1105 1105 10
20200901 1451 1100 1100 1100 1100 2000
20200901 1452 1105 1105 1105 1105 2
20200901 1453 1105 1105 1105 1105 3000
20200901 1454 1105 1105 1105 1105 1525
20200901 1455 1105 1105 1105 1105 579
20200901 1457 1105 1105 1105 1105 110
20200901 1459 1100 1100 1100 1100 10
20200901 1501 1105 1105 1105 1105 1
20200901 1502 1105 1105 1105 1105 2628
20200901 1504 1100 1105 1100 1105 3147
20200901 1507 1105 1105 1105 1105 30
20200901 1508 1105 1105 1105 1105 904
20200901 1509 1100 1105 1100 1105 669
20200901 1510 1105 1105 1105 1105 1051
20200901 1512 1100 1100 1100 1100 2000
20200901 1513 1105 1105 1105 1105 2
20200901 1516 1100 1105 1100 1105 4064
20200901 1517 1105 1105 1100 1105 529
20200901 1518 1105 1105 1105 1105 12752
20200901 1519 1105 1105 1105 1105 1357
20200901 1520 1105 1105 1100 1100 21052
20200901 1530 1100 1100 1100 1100 36346
