날짜 시간 시가 고가 저가 종가 거래량
20170525 901 192700 192700 192700 192700 46
20170525 902 192500 192500 192500 192500 5
20170525 903 192600 192600 192600 192600 15
20170525 904 192500 192500 192200 192200 33
20170525 905 192100 192100 191300 191400 94
20170525 906 191400 191400 191000 191200 239
20170525 907 191300 191500 191300 191400 119
20170525 908 191400 191800 191400 191800 163
20170525 909 191900 192000 191900 192000 100
20170525 910 192000 192000 191900 192000 15
20170525 911 191900 191900 191900 191900 84
20170525 912 191700 191700 191700 191700 22
20170525 913 191800 192000 191800 192000 114
20170525 914 191900 191900 191900 191900 7
20170525 915 191900 191900 191900 191900 28
20170525 916 191900 191900 191800 191800 31
20170525 917 191800 191800 191800 191800 13
20170525 918 191800 191800 191700 191700 56
20170525 919 191700 191700 191700 191700 16
20170525 920 191700 191700 191700 191700 37
20170525 921 191700 191700 191600 191700 157
20170525 923 191600 191600 191500 191500 116
20170525 924 191400 191400 191400 191400 7
20170525 925 191400 191500 191400 191500 47
20170525 926 191500 191500 191400 191400 31
20170525 927 191400 191400 191300 191300 93
20170525 928 191300 191300 191300 191300 40
20170525 929 191400 191400 191300 191300 56
20170525 930 191300 191400 191300 191400 10
20170525 931 191300 191300 191300 191300 94
20170525 932 191300 191300 191300 191300 70
20170525 933 191300 191300 191300 191300 112
20170525 934 191300 191300 191200 191200 116
20170525 935 191200 191200 191200 191200 13
20170525 936 191200 191300 191200 191200 33
20170525 937 191300 191300 191200 191200 13
20170525 938 191200 191200 191000 191000 729
20170525 939 191000 191000 190800 190800 288
20170525 940 190800 190900 190800 190900 11
20170525 941 190800 190800 190800 190800 30
20170525 942 190800 190900 190700 190900 100
20170525 943 190800 190900 190800 190900 66
20170525 944 190900 190900 190900 190900 113
20170525 945 190900 190900 190800 190800 32
20170525 946 190800 190900 190800 190800 63
20170525 947 190800 190900 190700 190700 335
20170525 948 190700 190800 190700 190800 121
20170525 949 190900 191000 190800 190900 144
20170525 950 190900 190900 190900 190900 42
20170525 951 191000 191000 191000 191000 215
20170525 952 191000 191000 190900 190900 110
20170525 953 191000 191000 190900 190900 55
20170525 954 190900 191000 190900 191000 120
20170525 955 190900 190900 190900 190900 33
20170525 956 191000 191000 190900 190900 38
20170525 957 190900 191000 190900 190900 11
20170525 958 191000 191000 190900 190900 30
20170525 959 190900 190900 190900 190900 47
20170525 1000 190900 190900 190900 190900 20
20170525 1001 191000 191000 190900 190900 94
20170525 1002 190900 190900 190900 190900 220
20170525 1003 190900 191000 190900 191000 188
20170525 1004 190900 191000 190900 191000 40
20170525 1005 190900 191000 190900 190900 179
20170525 1006 191000 191000 190900 190900 50
20170525 1007 190900 190900 190900 190900 34
20170525 1008 190900 190900 190800 190900 110
20170525 1009 190800 190900 190800 190900 72
20170525 1010 190900 190900 190800 190800 19
20170525 1011 190900 190900 190800 190800 4
20170525 1012 190800 190800 190800 190800 54
20170525 1013 190800 190900 190800 190800 56
20170525 1014 190900 190900 190800 190800 129
20170525 1015 190900 190900 190800 190900 263
20170525 1016 190900 191000 190900 191000 17
20170525 1017 190900 190900 190800 190800 209
20170525 1018 190800 190900 190800 190900 57
20170525 1019 190900 190900 190800 190900 97
20170525 1020 190900 191000 190900 190900 17
20170525 1021 190900 191000 190900 190900 42
20170525 1022 190900 190900 190900 190900 53
20170525 1023 191000 191000 190900 190900 17
20170525 1024 191000 191000 190900 190900 76
20170525 1025 190900 190900 190800 190800 61
20170525 1026 190800 190900 190800 190800 23
20170525 1027 190800 190900 190800 190800 87
20170525 1028 190800 190900 190800 190900 68
20170525 1029 190900 190900 190900 190900 111
20170525 1030 190900 190900 190800 190800 40
20170525 1031 190800 190900 190800 190900 76
20170525 1032 190900 191000 190800 190800 63
20170525 1033 190800 190800 190800 190800 22
20170525 1034 190800 190800 190800 190800 80
20170525 1035 190800 190800 190800 190800 24
20170525 1036 190900 190900 190800 190900 6
20170525 1037 190800 190900 190800 190800 63
20170525 1038 190800 190800 190800 190800 57
20170525 1039 190800 190800 190800 190800 65
20170525 1040 190800 190800 190700 190700 92
20170525 1041 190700 190700 190700 190700 17
20170525 1042 190800 190800 190700 190800 168
20170525 1043 190800 190800 190700 190700 29
20170525 1044 190700 190800 190700 190700 262
20170525 1045 190800 190800 190700 190700 72
20170525 1046 190700 190800 190700 190700 77
20170525 1047 190700 190800 190700 190700 116
20170525 1048 190700 190700 190700 190700 187
20170525 1049 190700 190800 190500 190500 723
20170525 1050 190500 190600 190500 190500 137
20170525 1051 190500 190500 190400 190400 289
20170525 1052 190400 190500 190400 190400 101
20170525 1053 190400 190400 190400 190400 41
20170525 1054 190400 190500 190400 190400 258
20170525 1055 190400 190500 190400 190400 190
20170525 1056 190400 190500 190400 190400 75
20170525 1057 190400 190500 190400 190500 98
20170525 1058 190400 190400 190400 190400 65
20170525 1059 190400 190500 190300 190300 48
20170525 1100 190300 190300 190300 190300 433
20170525 1101 190300 190400 190300 190400 39
20170525 1102 190400 190400 190300 190300 113
20170525 1103 190300 190400 190300 190300 96
20170525 1104 190400 190400 190300 190300 50
20170525 1105 190300 190300 190300 190300 103
20170525 1106 190300 190400 190300 190300 76
20170525 1107 190400 190400 190300 190300 108
20170525 1108 190300 190400 190300 190300 102
20170525 1109 190300 190300 190300 190300 86
20170525 1110 190300 190300 190300 190300 83
20170525 1111 190300 190400 190300 190400 51
20170525 1112 190300 190400 190300 190300 101
20170525 1113 190200 190300 190200 190300 93
20170525 1114 190200 190200 190200 190200 66
20170525 1115 190300 190300 190200 190200 116
20170525 1116 190200 190300 190200 190200 143
20170525 1117 190300 190300 190200 190200 161
20170525 1118 190200 190300 190200 190200 135
20170525 1119 190200 190300 190200 190200 73
20170525 1120 190200 190200 190200 190200 118
20170525 1121 190200 190300 190100 190100 215
20170525 1122 190100 190100 190100 190100 180
20170525 1123 190100 190300 190100 190200 213
20170525 1124 190100 190200 190100 190100 32
20170525 1125 190100 190200 190100 190100 517
20170525 1126 190100 190100 190000 190000 101
20170525 1127 190000 190200 190000 190100 49
20170525 1128 190100 190100 190000 190100 184
20170525 1129 190000 190100 190000 190100 65
20170525 1130 190100 190100 190000 190000 53
20170525 1131 190000 190100 190000 190000 162
20170525 1132 190000 190100 190000 190100 66
20170525 1133 190000 190100 190000 190100 121
20170525 1134 190000 190100 190000 190100 445
20170525 1135 190100 190100 190000 190000 223
20170525 1136 190100 190100 190000 190000 110
20170525 1137 190000 190100 190000 190100 46
20170525 1138 190100 190200 190100 190200 260
20170525 1139 190100 190200 190000 190000 67
20170525 1140 190100 190100 190000 190000 58
20170525 1141 190000 190100 190000 190000 201
20170525 1142 190000 190000 190000 190000 68
20170525 1143 190000 190100 190000 190100 120
20170525 1144 190100 190100 190000 190000 37
20170525 1145 190000 190100 190000 190000 134
20170525 1146 190000 190100 190000 190000 66
20170525 1147 190000 190100 190000 190000 58
20170525 1148 190000 190100 190000 190100 132
20170525 1149 190100 190100 190000 190000 23
20170525 1150 190000 190100 190000 190100 124
20170525 1151 190000 190100 190000 190000 195
20170525 1152 190000 190100 190000 190000 24
20170525 1153 190000 190000 190000 190000 88
20170525 1154 190100 190100 190000 190000 84
20170525 1155 190100 190100 190000 190000 116
20170525 1156 190000 190000 189900 189900 125
20170525 1157 189900 189900 189900 189900 79
20170525 1158 189900 190000 189900 189900 169
20170525 1159 189900 190000 189900 189900 63
20170525 1200 189900 190000 189900 189900 57
20170525 1201 189900 190000 189900 189900 202
20170525 1202 189900 190000 189900 190000 40
20170525 1203 189900 189900 189900 189900 120
20170525 1204 189900 190000 189900 189900 114
20170525 1205 189900 190000 189900 189900 92
20170525 1206 189900 190100 189900 189900 198
20170525 1207 189900 190000 189900 189900 34
20170525 1208 189900 190000 189900 190000 139
20170525 1209 190000 190100 190000 190000 77
20170525 1210 190000 190000 189900 190000 44
20170525 1211 189900 190000 189900 189900 184
20170525 1212 189900 190000 189900 190000 39
20170525 1213 189900 190000 189900 189900 104
20170525 1214 189900 190000 189900 189900 116
20170525 1215 189900 189900 189900 189900 83
20170525 1216 189900 190000 189900 189900 123
20170525 1217 189900 190000 189900 190000 84
20170525 1218 189900 189900 189900 189900 84
20170525 1219 190000 190000 189800 189800 109
20170525 1220 189800 189800 189800 189800 63
20170525 1221 189800 189900 189800 189800 121
20170525 1222 189800 189900 189800 189800 77
20170525 1223 189900 189900 189800 189800 99
20170525 1224 189800 189900 189700 189700 75
20170525 1225 189700 189800 189700 189700 253
20170525 1226 189700 189800 189700 189800 129
20170525 1227 189700 189800 189700 189700 70
20170525 1228 189700 189800 189700 189700 95
20170525 1229 189700 189900 189700 189700 70
20170525 1230 189700 189800 189600 189800 95
20170525 1231 189800 189900 189700 189700 127
20170525 1232 189700 189800 189700 189700 76
20170525 1233 189800 189800 189700 189700 120
20170525 1234 189700 189900 189700 189800 74
20170525 1235 189700 189700 189700 189700 54
20170525 1236 189700 189800 189700 189700 150
20170525 1237 189700 189800 189700 189700 44
20170525 1238 189800 189800 189700 189700 49
20170525 1239 189700 189800 189700 189700 132
20170525 1240 189700 189700 189600 189700 72
20170525 1241 189700 189700 189600 189600 110
20170525 1242 189600 189700 189600 189600 75
20170525 1243 189700 189700 189600 189600 114
20170525 1244 189600 189700 189600 189600 86
20170525 1245 189600 189800 189600 189600 132
20170525 1246 189600 189700 189600 189600 120
20170525 1247 189600 189800 189600 189800 33
20170525 1248 189700 189800 189700 189700 102
20170525 1249 189800 189900 189600 189700 109
20170525 1250 189600 189700 189600 189700 41
20170525 1251 189700 189800 189600 189600 142
20170525 1252 189600 189700 189600 189700 56
20170525 1253 189700 189800 189700 189700 48
20170525 1254 189700 189900 189700 189800 101
20170525 1255 189800 189800 189800 189800 47
20170525 1256 189800 189800 189700 189700 102
20170525 1257 189700 189700 189700 189700 47
20170525 1258 189700 189700 189600 189700 37
20170525 1259 189600 189700 189600 189700 156
20170525 1300 189600 189600 189600 189600 25
20170525 1301 189600 189700 189600 189600 142
20170525 1302 189700 189700 189600 189700 81
20170525 1303 189600 189600 189600 189600 23
20170525 1304 189600 189700 189500 189500 241
20170525 1305 189500 189600 189500 189500 97
20170525 1306 189500 189700 189500 189700 137
20170525 1307 189600 189600 189500 189600 66
20170525 1308 189500 189600 189500 189600 118
20170525 1309 189500 189700 189500 189500 106
20170525 1310 189500 189600 189500 189500 107
20170525 1311 189500 189600 189500 189600 109
20170525 1312 189600 189600 189500 189600 116
20170525 1313 189500 189600 189500 189600 71
20170525 1314 189600 189700 189500 189500 126
20170525 1315 189500 189600 189500 189600 74
20170525 1316 189500 189500 189500 189500 53
20170525 1317 189600 189600 189500 189600 136
20170525 1318 189500 189600 189500 189500 130
20170525 1319 189500 189600 189500 189600 137
20170525 1320 189600 189600 189400 189400 129
20170525 1321 189500 189500 189400 189400 154
20170525 1322 189400 189500 189400 189400 122
20170525 1323 189400 189500 189400 189400 163
20170525 1324 189500 189500 189400 189400 207
20170525 1325 189500 189500 189400 189500 61
20170525 1326 189500 189500 189400 189400 94
20170525 1327 189400 189500 189400 189500 106
20170525 1328 189400 189500 189400 189400 127
20170525 1329 189400 189500 189300 189300 88
20170525 1330 189400 189400 189300 189300 189
20170525 1331 189300 189400 189300 189300 109
20170525 1332 189400 189500 189300 189300 162
20170525 1333 189300 189400 189300 189300 87
20170525 1334 189300 189500 189300 189300 140
20170525 1335 189300 189400 189300 189400 85
20170525 1336 189500 189500 189300 189300 79
20170525 1337 189400 189500 189300 189400 118
20170525 1338 189300 189400 189300 189300 59
20170525 1339 189400 189400 189300 189300 177
20170525 1340 189400 189400 189300 189300 84
20170525 1341 189300 189400 189300 189300 73
20170525 1342 189300 189400 189300 189300 157
20170525 1343 189300 189400 189300 189300 121
20170525 1344 189300 189400 189300 189300 140
20170525 1345 189300 189400 189200 189400 102
20170525 1346 189500 189500 189300 189300 124
20170525 1347 189400 189400 189300 189300 132
20170525 1348 189400 189400 189300 189400 101
20170525 1349 189500 189500 189400 189400 129
20170525 1350 189300 189400 189300 189400 150
20170525 1351 189300 189400 189300 189400 75
20170525 1352 189300 189500 189300 189400 119
20170525 1353 189400 189400 189300 189300 60
20170525 1354 189300 189400 189300 189300 146
20170525 1355 189300 189400 189200 189400 124
20170525 1356 189400 189400 189300 189300 73
20170525 1357 189300 189400 189200 189300 159
20170525 1358 189300 189400 189200 189300 157
20170525 1359 189300 189400 189300 189300 107
20170525 1400 189300 189400 189200 189300 227
20170525 1401 189200 189300 189200 189200 87
20170525 1402 189200 189400 189200 189400 158
20170525 1403 189300 189500 189200 189500 155
20170525 1404 189500 189600 189300 189300 136
20170525 1405 189300 189500 189300 189300 62
20170525 1406 189400 189400 189300 189300 121
20170525 1407 189400 189400 189300 189400 104
20170525 1408 189400 189400 189300 189400 122
20170525 1409 189400 189500 189400 189400 110
20170525 1410 189400 189500 189400 189400 117
20170525 1411 189400 189400 189300 189400 132
20170525 1412 189400 189500 189400 189400 173
20170525 1413 189400 189400 189300 189400 81
20170525 1414 189300 189500 189300 189300 245
20170525 1415 189400 189400 189300 189300 94
20170525 1416 189300 189400 189300 189300 116
20170525 1417 189300 189400 189200 189200 169
20170525 1418 189200 189400 189200 189300 123
20170525 1419 189300 189300 189200 189300 139
20170525 1420 189200 189400 189200 189200 138
20170525 1421 189200 189300 189200 189300 150
20170525 1422 189300 189500 189200 189300 117
20170525 1423 189300 189400 189200 189200 103
20170525 1424 189300 189300 189200 189300 128
20170525 1425 189300 189300 189200 189200 285
20170525 1426 189200 189400 189200 189300 99
20170525 1427 189200 189400 189200 189200 110
20170525 1428 189200 189300 189100 189100 159
20170525 1429 189100 189300 189100 189300 113
20170525 1430 189200 189200 189100 189100 202
20170525 1431 189100 189300 189100 189200 134
20170525 1432 189200 189200 189100 189200 92
20170525 1433 189200 189200 189100 189200 178
20170525 1434 189200 189300 189100 189100 72
20170525 1435 189200 189200 189100 189100 221
20170525 1436 189100 189300 189100 189200 107
20170525 1437 189200 189300 189200 189200 106
20170525 1438 189200 189300 189200 189200 157
20170525 1439 189300 189300 189200 189300 128
20170525 1440 189400 189500 189200 189300 134
20170525 1441 189200 189200 189100 189100 103
20170525 1442 189200 189300 189100 189200 176
20170525 1443 189200 189200 189100 189200 102
20170525 1444 189100 189300 189100 189100 147
20170525 1445 189200 189300 189100 189100 100
20170525 1446 189200 189200 189100 189100 137
20170525 1447 189100 189300 189100 189300 169
20170525 1448 189300 189300 189100 189200 152
20170525 1449 189100 189200 189100 189100 118
20170525 1450 189100 189400 189100 189100 160
20170525 1451 189100 189300 189100 189200 145
20170525 1452 189300 189300 189100 189100 85
20170525 1453 189100 189200 189100 189100 151
20170525 1454 189100 189500 189100 189200 158
20170525 1455 189100 189200 189100 189100 117
20170525 1456 189100 189400 189100 189300 132
20170525 1457 189300 189300 189100 189100 170
20170525 1458 189100 189500 189100 189300 117
20170525 1459 189200 189200 189000 189000 160
20170525 1500 189100 189200 189000 189100 131
20170525 1501 189100 189200 189000 189000 184
20170525 1502 189100 189500 189000 189400 123
20170525 1503 189000 189800 189000 189000 167
20170525 1504 189400 189800 189300 189400 52
20170525 1505 189300 189500 189200 189200 109
20170525 1506 189100 189200 189000 189100 111
20170525 1507 189200 189400 189000 189100 83
20170525 1508 189000 189100 189000 189100 106
20170525 1509 189200 189500 189000 189000 98
20170525 1510 189300 189500 189000 189100 83
20170525 1511 189100 189300 189000 189300 107
20170525 1512 189300 189400 189100 189100 118
20170525 1513 189100 189300 189100 189300 77
20170525 1514 189100 189300 189100 189200 83
20170525 1515 189100 189300 189100 189100 139
20170525 1516 189100 189300 189100 189300 134
20170525 1517 189300 189300 189200 189200 148
20170525 1518 189200 189300 189100 189100 135
20170525 1519 189100 189300 189100 189100 45
20170525 1520 189100 189400 189100 189300 13
20170525 1530 189200 189200 189200 189200 849
20170526 901 189400 189500 189300 189300 52
20170526 902 189300 189700 189300 189700 68
20170526 903 189700 189700 189500 189500 16
20170526 904 189500 189700 189500 189600 49
20170526 905 189700 189700 189400 189400 10
20170526 906 189400 189500 189400 189400 40
20170526 907 189400 189700 189400 189700 87
20170526 908 189500 189500 189500 189500 39
20170526 909 189700 189700 189600 189600 21
20170526 910 189600 189700 189600 189600 14
20170526 911 189600 189600 189600 189600 6
20170526 912 189700 189700 189600 189700 53
20170526 913 189700 189700 189600 189700 7
20170526 914 189700 189700 189700 189700 69
20170526 915 189800 190000 189800 189900 305
20170526 916 189900 190000 189900 190000 43
20170526 917 189900 190400 189900 190400 48
20170526 918 190200 190500 190200 190500 133
20170526 919 190500 190800 190500 190700 107
20170526 920 190700 190700 190600 190600 37
20170526 921 190600 190700 190500 190700 31
20170526 922 190600 190700 190600 190700 66
20170526 923 190700 190900 190700 190700 76
20170526 924 190700 190800 190700 190800 40
20170526 925 190700 190800 190700 190700 6
20170526 926 190700 190800 190700 190800 6
20170526 927 190800 190800 190700 190700 10
20170526 928 190700 190800 190600 190600 153
20170526 929 190700 190700 190600 190700 29
20170526 930 190700 190700 190600 190700 4
20170526 931 190600 190600 190000 190300 179
20170526 932 190200 190200 190200 190200 17
20170526 933 190200 190300 190200 190300 123
20170526 934 190100 190100 190100 190100 1
20170526 935 190100 190300 190100 190200 54
20170526 936 190300 190600 190300 190600 103
20170526 937 190600 190600 190600 190600 5
20170526 938 190500 190600 190500 190600 68
20170526 939 190600 190800 190600 190600 210
20170526 940 190500 190600 190500 190500 83
20170526 941 190500 190500 190400 190400 12
20170526 942 190400 190400 190400 190400 68
20170526 943 190300 190400 190300 190300 47
20170526 944 190300 190400 190300 190300 14
20170526 945 190400 190600 190400 190600 90
20170526 946 190600 190600 190500 190500 14
20170526 947 190500 190700 190500 190600 277
20170526 948 190600 190700 190600 190700 34
20170526 949 190600 190600 190600 190600 31
20170526 950 190700 190700 190600 190600 9
20170526 951 190700 190700 190400 190400 240
20170526 952 190400 190700 190400 190600 395
20170526 953 190700 190700 190700 190700 24
20170526 954 190600 190600 190600 190600 32
20170526 955 190600 190700 190600 190700 144
20170526 956 190600 190700 190600 190700 31
20170526 957 190600 190600 190600 190600 40
20170526 958 190700 190700 190700 190700 5
20170526 959 190600 190700 190600 190700 3
20170526 1000 190600 190700 190600 190600 27
20170526 1001 190600 190600 190600 190600 104
20170526 1002 190500 190600 190500 190600 15
20170526 1003 190500 190600 190500 190600 11
20170526 1004 190600 190600 190500 190500 13
20170526 1005 190500 190600 190400 190400 44
20170526 1006 190400 190400 190200 190200 34
20170526 1007 190200 190300 190200 190300 11
20170526 1008 190300 190300 190300 190300 9
20170526 1009 190300 190300 190200 190200 61
20170526 1010 190300 190300 190200 190300 11
20170526 1011 190300 190600 190300 190600 110
20170526 1012 190600 190600 190500 190600 22
20170526 1013 190500 190600 190500 190600 72
20170526 1014 190600 190600 190600 190600 9
20170526 1015 190600 190700 190600 190700 46
20170526 1016 190700 190700 190600 190700 37
20170526 1017 190700 190700 190600 190600 14
20170526 1018 190600 190700 190600 190600 29
20170526 1019 190700 190700 190600 190700 44
20170526 1020 190700 190700 190700 190700 6
20170526 1021 190700 190700 190600 190600 96
20170526 1022 190700 190700 190600 190600 31
20170526 1023 190700 190700 190700 190700 29
20170526 1024 190700 190700 190600 190600 13
20170526 1025 190700 190700 190600 190600 54
20170526 1026 190700 190700 190600 190700 34
20170526 1027 190700 190700 190700 190700 12
20170526 1028 190700 190700 190600 190600 34
20170526 1029 190700 190700 190700 190700 47
20170526 1030 190700 190700 190600 190700 102
20170526 1031 190700 190700 190600 190700 52
20170526 1032 190700 190700 190600 190700 50
20170526 1033 190700 190700 190600 190700 27
20170526 1034 190700 190800 190600 190800 85
20170526 1035 190800 190800 190800 190800 24
20170526 1036 190800 190800 190700 190800 298
20170526 1037 190800 190900 190700 190900 30
20170526 1038 190900 190900 190800 190800 267
20170526 1039 190900 191000 190900 191000 275
20170526 1040 191000 191400 191000 191300 169
20170526 1041 191300 191500 191300 191500 78
20170526 1042 191500 191700 191500 191700 186
20170526 1043 191700 191800 191600 191700 298
20170526 1044 191700 191700 191700 191700 5
20170526 1045 191700 191700 191600 191600 23
20170526 1046 191600 191600 191500 191500 62
20170526 1047 191500 191500 191400 191400 21
20170526 1048 191400 191500 191400 191500 12
20170526 1049 191500 191700 191500 191700 184
20170526 1050 191600 191700 191600 191700 37
20170526 1051 191700 191700 191600 191600 36
20170526 1052 191600 191600 191500 191500 132
20170526 1053 191600 191700 191400 191700 149
20170526 1054 191600 191600 191500 191500 41
20170526 1055 191500 191500 191400 191500 29
20170526 1057 191500 191600 191500 191500 24
20170526 1058 191600 191600 191500 191600 50
20170526 1059 191600 191600 191500 191500 12
20170526 1100 191500 191600 191500 191600 20
20170526 1101 191600 191600 191600 191600 13
20170526 1102 191600 191600 191500 191600 86
20170526 1103 191500 191600 191500 191600 2
20170526 1104 191600 191600 191500 191500 119
20170526 1105 191500 191500 191000 191000 104
20170526 1106 191100 191300 191100 191200 60
20170526 1107 191200 191300 191200 191300 8
20170526 1108 191200 191300 191200 191200 21
20170526 1109 191200 191300 191200 191300 41
20170526 1110 191300 191300 191200 191200 39
20170526 1111 191300 191300 191300 191300 6
20170526 1112 191300 191300 191200 191300 74
20170526 1113 191300 191300 191100 191300 132
20170526 1114 191400 191600 191400 191500 26
20170526 1115 191500 191500 191100 191100 30
20170526 1116 191200 191300 191200 191300 16
20170526 1117 191300 191300 191200 191200 28
20170526 1118 191300 191300 191200 191200 12
20170526 1119 191200 191300 191200 191200 10
20170526 1120 191200 191300 191200 191300 12
20170526 1121 191300 191400 191300 191400 52
20170526 1122 191400 191600 191400 191600 82
20170526 1123 191600 191700 191600 191700 79
20170526 1124 191700 191700 191600 191600 12
20170526 1125 191700 191700 191600 191600 36
20170526 1126 191600 191700 191500 191500 35
20170526 1127 191400 191400 191400 191400 1
20170526 1128 191400 191500 191400 191500 26
20170526 1129 191400 191500 191400 191500 28
20170526 1130 191500 191500 191400 191400 13
20170526 1131 191400 191500 191400 191500 9
20170526 1132 191600 191600 191500 191500 41
20170526 1133 191500 191500 191400 191400 35
20170526 1134 191500 191700 191500 191500 62
20170526 1135 191600 191600 191600 191600 11
20170526 1136 191600 191700 191600 191600 58
20170526 1137 191700 191700 191600 191600 29
20170526 1138 191700 191700 191600 191600 17
20170526 1139 191700 191700 191600 191600 14
20170526 1140 191600 191700 191500 191600 77
20170526 1141 191600 191600 191500 191500 31
20170526 1142 191500 191600 191500 191500 14
20170526 1143 191500 191600 191500 191600 21
20170526 1144 191700 191700 191600 191600 17
20170526 1145 191700 191700 191600 191600 26
20170526 1146 191700 191700 191500 191500 36
20170526 1147 191700 191700 191600 191600 25
20170526 1148 191600 191700 191600 191600 223
20170526 1149 191700 191700 191600 191700 28
20170526 1150 191700 191700 191600 191600 24
20170526 1151 191600 191700 191600 191700 46
20170526 1152 191700 191700 191600 191700 37
20170526 1153 191600 191800 191600 191700 66
20170526 1154 191800 191800 191700 191700 178
20170526 1155 191600 191700 191600 191600 158
20170526 1156 191500 191600 191500 191600 33
20170526 1157 191500 191700 191500 191700 46
20170526 1158 191600 191700 191600 191700 25
20170526 1159 191600 191600 191600 191600 26
20170526 1200 191600 191600 191500 191600 25
20170526 1201 191600 191700 191600 191600 60
20170526 1202 191700 191700 191600 191700 26
20170526 1203 191700 191700 191600 191600 40
20170526 1204 191600 191700 191500 191500 42
20170526 1205 191500 191600 191500 191600 11
20170526 1206 191600 191700 191500 191600 79
20170526 1207 191600 191600 191500 191500 29
20170526 1208 191500 191600 191500 191600 32
20170526 1209 191600 191700 191600 191700 21
20170526 1210 191700 191700 191600 191600 19
20170526 1211 191600 191700 191600 191600 56
20170526 1212 191600 191700 191600 191700 40
20170526 1213 191600 191700 191600 191600 16
20170526 1214 191700 191700 191600 191600 51
20170526 1215 191600 191700 191500 191500 15
20170526 1216 191500 191600 191500 191500 36
20170526 1217 191500 191700 191500 191700 36
20170526 1218 191600 191700 191600 191600 17
20170526 1219 191600 191600 191500 191600 12
20170526 1220 191600 191600 191600 191600 12
20170526 1221 191600 191700 191600 191700 90
20170526 1222 191700 191700 191600 191600 11
20170526 1223 191600 191700 191600 191600 20
20170526 1224 191600 191700 191600 191600 31
20170526 1225 191700 191700 191600 191600 29
20170526 1226 191600 191700 191600 191700 40
20170526 1227 191600 191600 191600 191600 22
20170526 1228 191700 191700 191600 191600 31
20170526 1229 191700 191700 191500 191500 48
20170526 1230 191600 191600 191600 191600 7
20170526 1231 191500 191600 191500 191600 49
20170526 1232 191700 191700 191500 191700 46
20170526 1233 191700 191700 191500 191500 28
20170526 1234 191500 191500 191500 191500 4
20170526 1235 191600 191600 191500 191500 29
20170526 1236 191600 191700 191600 191600 85
20170526 1237 191600 191700 191600 191600 25
20170526 1238 191600 191700 191600 191600 19
20170526 1239 191600 191700 191600 191700 33
20170526 1240 191700 191700 191600 191700 25
20170526 1241 191700 191700 191600 191600 35
20170526 1242 191700 191700 191600 191600 29
20170526 1243 191700 191700 191600 191700 33
20170526 1244 191700 191700 191600 191600 93
20170526 1245 191500 191500 191400 191400 16
20170526 1246 191400 191500 191400 191500 15
20170526 1247 191500 191600 191400 191600 50
20170526 1248 191400 191500 191400 191400 32
20170526 1249 191400 191400 191300 191400 30
20170526 1250 191500 191500 191400 191500 15
20170526 1251 191500 191600 191500 191500 86
20170526 1252 191500 191600 191500 191600 10
20170526 1253 191500 191600 191500 191600 20
20170526 1254 191600 191600 191400 191500 128
20170526 1255 191500 191700 191500 191700 36
20170526 1256 191600 191700 191600 191600 9
20170526 1257 191700 191700 191600 191600 13
20170526 1258 191700 191700 191600 191600 15
20170526 1259 191600 191700 191600 191600 116
20170526 1300 191700 191700 191600 191600 16
20170526 1301 191600 191700 191600 191600 49
20170526 1302 191600 191700 191600 191700 26
20170526 1303 191700 191700 191600 191600 32
20170526 1304 191600 191700 191600 191600 57
20170526 1305 191700 191700 191500 191500 27
20170526 1306 191500 191600 191500 191500 20
20170526 1307 191500 191700 191500 191600 39
20170526 1308 191600 191700 191600 191700 7
20170526 1309 191600 191700 191600 191600 24
20170526 1310 191600 191600 191600 191600 13
20170526 1311 191500 191600 191500 191500 59
20170526 1312 191500 191600 191500 191500 20
20170526 1313 191500 191600 191500 191500 14
20170526 1314 191500 191600 191400 191500 36
20170526 1315 191500 191500 191400 191400 32
20170526 1316 191400 191400 191300 191400 35
20170526 1317 191400 191400 191300 191400 16
20170526 1318 191400 191600 191400 191600 18
20170526 1319 191500 191600 191400 191400 60
20170526 1320 191400 191400 191400 191400 13
20170526 1321 191400 191500 191400 191400 27
20170526 1322 191400 191500 191300 191500 22
20170526 1323 191500 191500 191400 191500 26
20170526 1324 191500 191500 191500 191500 17
20170526 1325 191600 191600 191500 191500 27
20170526 1326 191500 191600 191500 191500 50
20170526 1327 191600 191600 191400 191400 17
20170526 1328 191400 191500 191400 191400 16
20170526 1329 191500 191500 191400 191400 31
20170526 1330 191500 191500 191400 191500 101
20170526 1331 191500 191600 191500 191500 38
20170526 1332 191600 191600 191500 191600 26
20170526 1333 191500 191600 191500 191500 27
20170526 1334 191500 191600 191400 191600 56
20170526 1335 191500 191600 191500 191500 14
20170526 1336 191500 191600 191400 191400 78
20170526 1337 191500 191600 191500 191600 84
20170526 1338 191600 191600 191400 191500 159
20170526 1339 191500 191600 191400 191400 40
20170526 1340 191300 191600 191300 191600 33
20170526 1341 191600 191600 191500 191500 27
20170526 1342 191500 191600 191500 191500 81
20170526 1343 191600 191600 191500 191600 14
20170526 1344 191600 191600 191500 191600 48
20170526 1345 191600 191600 191400 191400 65
20170526 1346 191400 191500 191400 191500 53
20170526 1347 191500 191600 191500 191600 49
20170526 1348 191600 191600 191500 191500 28
20170526 1349 191600 191600 191400 191500 56
20170526 1350 191600 191600 191500 191600 32
20170526 1351 191600 191600 191500 191600 51
20170526 1352 191600 191600 191500 191500 62
20170526 1353 191600 191600 191400 191400 50
20170526 1354 191400 191600 191400 191500 57
20170526 1355 191400 191600 191400 191500 45
20170526 1356 191500 191500 191300 191300 69
20170526 1357 191300 191400 191300 191300 46
20170526 1358 191400 191400 191300 191300 51
20170526 1359 191400 191400 191300 191300 34
20170526 1400 191400 191400 191300 191300 41
20170526 1401 191300 191400 191300 191400 43
20170526 1402 191400 191500 191300 191400 38
20170526 1403 191400 191500 191400 191500 46
20170526 1404 191400 191500 191400 191400 39
20170526 1405 191500 191500 191400 191500 24
20170526 1406 191500 191500 191400 191500 80
20170526 1407 191400 191500 191400 191400 35
20170526 1408 191500 191500 191400 191400 79
20170526 1409 191400 191500 191400 191500 25
20170526 1410 191600 191600 191500 191500 43
20170526 1411 191500 191600 191500 191600 38
20170526 1412 191500 191600 191500 191600 37
20170526 1413 191500 191600 191500 191600 54
20170526 1414 191600 191600 191500 191500 70
20170526 1415 191500 191600 191500 191500 39
20170526 1416 191500 191600 191500 191500 59
20170526 1417 191500 191600 191500 191600 53
20170526 1418 191600 191600 191500 191500 27
20170526 1419 191600 191600 191500 191500 61
20170526 1420 191500 191600 191500 191500 51
20170526 1421 191600 191600 191500 191600 66
20170526 1422 191500 191600 191500 191500 21
20170526 1423 191600 191600 191500 191500 79
20170526 1424 191500 191700 191500 191700 39
20170526 1425 191700 191700 191600 191700 60
20170526 1426 191600 191700 191600 191600 57
20170526 1427 191600 191600 191500 191500 29
20170526 1428 191500 191600 191500 191600 31
20170526 1429 191600 191700 191500 191600 62
20170526 1430 191600 191700 191600 191600 34
20170526 1431 191600 191700 191600 191600 64
20170526 1432 191600 191700 191600 191600 31
20170526 1433 191700 191700 191600 191700 52
20170526 1434 191600 191700 191600 191700 37
20170526 1435 191700 191700 191600 191600 13
20170526 1436 191700 191700 191600 191700 44
20170526 1437 191700 191700 191600 191700 54
20170526 1438 191700 191700 191600 191600 60
20170526 1439 191600 191700 191600 191600 69
20170526 1440 191600 191700 191600 191700 22
20170526 1441 191700 191800 191700 191800 55
20170526 1442 191800 191800 191700 191700 47
20170526 1443 191800 191800 191700 191800 39
20170526 1444 191800 191800 191700 191700 47
20170526 1445 191800 191800 191700 191700 77
20170526 1446 191800 191800 191600 191600 41
20170526 1447 191600 191700 191600 191700 33
20170526 1448 191600 191800 191600 191700 41
20170526 1449 191800 191800 191700 191800 53
20170526 1450 191800 191800 191700 191700 72
20170526 1451 191700 191800 191700 191800 42
20170526 1452 191700 191800 191600 191800 94
20170526 1453 191800 191800 191600 191600 28
20170526 1454 191300 191500 191300 191500 33
20170526 1455 191400 191600 191400 191500 44
20170526 1456 191600 191600 191500 191500 68
20170526 1457 191500 191600 191500 191500 37
20170526 1458 191500 191600 191500 191500 64
20170526 1459 191500 191600 191500 191500 55
20170526 1500 191500 191600 191500 191500 52
20170526 1501 191500 191600 191500 191500 42
20170526 1502 191500 191500 191400 191500 27
20170526 1503 191400 191600 191400 191500 60
20170526 1504 191500 191600 191500 191500 25
20170526 1505 191500 191600 191500 191600 53
20170526 1506 191500 191500 191400 191400 16
20170526 1507 191500 191600 191400 191500 41
20170526 1508 191500 191600 191500 191500 31
20170526 1509 191500 191500 191200 191300 129
20170526 1510 191200 191200 191000 191000 240
20170526 1511 191000 191100 191000 191100 36
20170526 1512 191100 191200 191000 191200 59
20170526 1513 191100 191200 191100 191100 59
20170526 1514 191100 191200 191000 191000 134
20170526 1515 191000 191400 191000 191300 26
20170526 1516 191300 191400 191300 191400 13
20170526 1517 191300 191400 191300 191300 51
20170526 1518 191200 191300 191100 191300 15
20170526 1519 191300 191300 191000 191000 24
20170526 1520 191500 191600 191500 191600 7
20170526 1530 191100 191100 191100 191100 273
20170529 901 192200 192200 191900 191900 81
20170529 902 192000 192000 192000 192000 9
20170529 903 191200 191900 191200 191200 73
20170529 904 191300 191300 191300 191300 21
20170529 905 191800 191800 191700 191700 19
20170529 906 191300 191600 191200 191200 174
20170529 907 191200 191200 191100 191100 45
20170529 908 191400 191400 191400 191400 9
20170529 909 191100 191100 190500 190600 58
20170529 910 190700 190800 190500 190500 262
20170529 911 190500 190600 190100 190200 179
20170529 912 190300 190400 190200 190200 20
20170529 913 190400 190400 190300 190300 35
20170529 914 190400 190400 190200 190200 81
20170529 915 190200 190300 190200 190200 54
20170529 916 190200 190300 190200 190300 62
20170529 917 190300 190300 190200 190200 34
20170529 918 190200 190300 190200 190200 20
20170529 919 190300 190300 190200 190300 57
20170529 920 190400 190400 190200 190200 53
20170529 921 190300 190400 190300 190300 12
20170529 922 190400 190400 190100 190100 326
20170529 923 190300 190400 190100 190100 158
20170529 924 190000 190300 190000 190000 30
20170529 925 190000 190000 189900 189900 201
20170529 926 190000 190000 189800 189800 357
20170529 927 189800 189800 189700 189700 152
20170529 928 189800 189800 189700 189700 49
20170529 929 189900 189900 189700 189700 23
20170529 930 189700 189700 189600 189700 310
20170529 931 189700 189700 189600 189600 54
20170529 932 189700 189700 189600 189600 48
20170529 933 189600 189700 189600 189700 35
20170529 934 189700 189700 189600 189600 64
20170529 935 189700 189700 189600 189700 134
20170529 936 189600 189700 189600 189600 14
20170529 937 189700 189700 189600 189700 67
20170529 938 189700 189700 189600 189600 58
20170529 939 189600 189700 189600 189600 17
20170529 940 189600 190100 189600 190000 162
20170529 941 190000 190000 189800 189800 26
20170529 942 189800 189800 189700 189700 38
20170529 943 189700 189800 189700 189700 88
20170529 944 189800 189800 189700 189700 31
20170529 945 189700 189800 189700 189700 35
20170529 946 189700 189900 189700 189900 47
20170529 947 189900 189900 189800 189800 39
20170529 948 189800 189900 189700 189900 33
20170529 949 189700 190200 189700 190100 59
20170529 950 190100 190100 189900 189900 16
20170529 951 189900 190000 189800 190000 42
20170529 952 189800 189800 189800 189800 16
20170529 953 189900 190100 189800 189800 174
20170529 954 189800 189800 189700 189700 28
20170529 955 189700 189800 189700 189700 284
20170529 956 189700 189800 189700 189700 40
20170529 957 189700 189900 189700 189700 65
20170529 958 189700 189800 189700 189800 36
20170529 959 189800 189900 189800 189800 59
20170529 1000 189800 189900 189800 189900 54
20170529 1001 189800 189800 189800 189800 12
20170529 1002 189900 190200 189900 190200 92
20170529 1003 190300 190500 189800 189800 167
20170529 1004 189800 189800 189800 189800 10
20170529 1005 189800 190000 189800 190000 72
20170529 1006 190000 190100 190000 190100 28
20170529 1007 190100 190100 189900 189900 44
20170529 1008 189800 190100 189800 190100 23
20170529 1009 190100 190100 189900 189900 73
20170529 1010 189800 189800 189800 189800 19
20170529 1011 189800 190200 189800 190100 71
20170529 1012 190100 190100 189900 189900 65
20170529 1013 189900 190000 189900 189900 28
20170529 1014 189900 190200 189900 190200 30
20170529 1015 190100 190100 190000 190000 90
20170529 1016 190000 190000 189900 189900 11
20170529 1017 189900 190100 189900 189900 143
20170529 1018 189900 190000 189900 190000 74
20170529 1019 189900 189900 189900 189900 44
20170529 1020 189900 190200 189900 190100 50
20170529 1021 190100 190200 190100 190100 28
20170529 1022 190100 190100 190100 190100 62
20170529 1023 190100 190200 190100 190200 94
20170529 1024 190200 190200 190000 190000 35
20170529 1025 190000 190000 189900 189900 24
20170529 1026 189900 190000 189900 190000 54
20170529 1027 190000 190000 189900 189900 18
20170529 1028 189900 189900 189800 189800 35
20170529 1029 189800 189900 189800 189900 53
20170529 1030 189800 189900 189800 189900 12
20170529 1031 189900 189900 189900 189900 40
20170529 1032 189900 190000 189900 189900 64
20170529 1033 189900 190000 189900 189900 50
20170529 1034 189800 189800 189800 189800 32
20170529 1035 189900 190000 189900 189900 61
20170529 1036 189900 190000 189900 190000 25
20170529 1037 189900 189900 189800 189800 30
20170529 1038 189800 190000 189800 190000 72
20170529 1039 189900 190000 189900 189900 45
20170529 1040 189900 189900 189800 189800 28
20170529 1041 189800 190000 189800 189900 70
20170529 1042 190000 190100 189800 189800 53
20170529 1043 189900 189900 189900 189900 36
20170529 1044 189900 190000 189900 190000 66
20170529 1045 190000 190100 190000 190000 50
20170529 1046 190000 190000 189900 189900 24
20170529 1047 189900 190000 189900 189900 22
20170529 1048 189900 190100 189900 190000 60
20170529 1049 189900 190000 189800 189800 50
20170529 1050 189900 189900 189900 189900 8
20170529 1051 190000 190200 190000 190100 55
20170529 1052 190100 190100 189900 189900 31
20170529 1053 189900 190100 189800 189800 107
20170529 1054 189800 190100 189800 189900 49
20170529 1055 189900 189900 189900 189900 11
20170529 1056 189900 190000 189900 190000 40
20170529 1057 190000 190100 190000 190000 63
20170529 1058 190000 190000 190000 190000 7
20170529 1059 190000 190100 189800 189800 82
20170529 1100 189800 190100 189800 190000 34
20170529 1101 190000 190000 190000 190000 2
20170529 1102 190000 190100 190000 190000 51
20170529 1103 190000 190200 190000 190200 47
20170529 1104 190000 190000 190000 190000 17
20170529 1105 189900 190000 189900 189900 45
20170529 1106 189900 190200 189900 190200 64
20170529 1107 189800 189800 189800 189800 4
20170529 1108 189800 190100 189800 190000 30
20170529 1109 190000 190100 189800 190000 88
20170529 1110 189800 190000 189800 189800 10
20170529 1111 189800 189900 189800 189900 35
20170529 1112 189900 190200 189900 190100 36
20170529 1113 190100 190100 190100 190100 15
20170529 1114 190100 190200 190100 190100 51
20170529 1115 190100 190200 190000 190200 98
20170529 1116 190200 190200 190000 190000 10
20170529 1117 190000 190200 190000 190000 45
20170529 1118 190000 190100 190000 190100 61
20170529 1119 190100 190100 190000 190000 42
20170529 1120 190000 190000 189900 190000 25
20170529 1121 189900 190100 189900 190100 35
20170529 1122 190000 190000 190000 190000 17
20170529 1123 190000 190100 190000 190000 28
20170529 1124 190000 190200 189900 190200 120
20170529 1125 190200 190200 190200 190200 6
20170529 1126 190200 190300 190000 190000 28
20170529 1127 190000 190200 189900 190200 37
20170529 1128 190200 190400 190100 190100 92
20170529 1129 190400 190400 190000 190000 15
20170529 1130 190000 190000 189900 190000 82
20170529 1131 190100 190400 190000 190000 70
20170529 1132 190000 190000 189900 189900 23
20170529 1133 189900 189900 189900 189900 36
20170529 1134 189900 189900 189900 189900 49
20170529 1135 189900 190400 189900 190400 18
20170529 1136 189900 189900 189900 189900 70
20170529 1137 189900 189900 189900 189900 20
20170529 1138 189900 189900 189900 189900 40
20170529 1139 189900 189900 189900 189900 43
20170529 1140 189900 189900 189900 189900 48
20170529 1141 189900 189900 189800 189900 56
20170529 1142 189900 189900 189800 189800 29
20170529 1143 189800 189900 189800 189800 71
20170529 1144 189800 189800 189700 189700 154
20170529 1145 189700 189800 189700 189800 66
20170529 1146 189800 189800 189700 189700 63
20170529 1147 189700 189800 189700 189800 33
20170529 1148 189700 189800 189700 189700 45
20170529 1149 189700 189700 189700 189700 26
20170529 1150 189700 189700 189700 189700 31
20170529 1151 189700 189700 189700 189700 37
20170529 1152 189700 189700 189700 189700 40
20170529 1153 189700 189700 189700 189700 20
20170529 1154 189700 189700 189700 189700 43
20170529 1155 189700 189700 189700 189700 35
20170529 1156 189700 189700 189700 189700 36
20170529 1157 189700 189700 189600 189700 94
20170529 1158 189700 189700 189600 189600 98
20170529 1159 189600 189700 189600 189700 298
20170529 1200 189600 189600 189500 189600 46
20170529 1201 189500 189500 189500 189500 86
20170529 1202 189500 189600 189500 189500 51
20170529 1203 189600 189600 189500 189600 58
20170529 1204 189600 189600 189500 189500 40
20170529 1205 189500 189500 189500 189500 40
20170529 1206 189500 189500 189500 189500 327
20170529 1207 189500 189500 189400 189500 74
20170529 1208 189500 189500 189400 189400 42
20170529 1209 189400 189400 189400 189400 49
20170529 1210 189400 189400 189300 189300 140
20170529 1211 189300 189300 189200 189200 75
20170529 1212 189200 189200 189200 189200 78
20170529 1213 189200 189200 189200 189200 148
20170529 1214 189200 189200 189200 189200 35
20170529 1215 189200 189200 189200 189200 19
20170529 1216 189200 189300 189100 189200 94
20170529 1217 189200 189200 189200 189200 56
20170529 1218 189200 189200 189200 189200 31
20170529 1219 189200 189200 189100 189100 183
20170529 1220 189100 189100 189100 189100 136
20170529 1221 189200 189300 189200 189300 61
20170529 1222 189200 189300 189200 189200 30
20170529 1223 189100 189200 189100 189200 78
20170529 1224 189200 189200 189200 189200 25
20170529 1225 189200 189200 189200 189200 6
20170529 1226 189200 189200 189100 189100 61
20170529 1227 189100 189100 189000 189000 297
20170529 1228 189100 189100 189000 189000 56
20170529 1229 189000 189000 189000 189000 88
20170529 1230 189000 189100 189000 189100 95
20170529 1231 189000 189100 189000 189100 23
20170529 1232 189100 189100 189000 189000 51
20170529 1233 189000 189100 189000 189000 38
20170529 1234 189000 189000 189000 189000 43
20170529 1235 189000 189000 189000 189000 267
20170529 1236 189000 189100 189000 189100 51
20170529 1237 189100 189400 189100 189400 46
20170529 1238 189400 189400 189200 189200 44
20170529 1239 189200 189500 189100 189100 43
20170529 1240 189200 189200 189000 189100 71
20170529 1241 189000 189000 189000 189000 25
20170529 1242 189000 189000 189000 189000 43
20170529 1243 189100 189200 189100 189100 15
20170529 1244 189200 189200 189100 189100 96
20170529 1245 189100 189100 189000 189000 38
20170529 1246 189100 189100 189000 189000 33
20170529 1247 189000 189100 189000 189100 44
20170529 1248 189200 189200 189000 189000 21
20170529 1249 189000 189100 189000 189000 31
20170529 1250 189000 189100 189000 189100 88
20170529 1251 189100 189200 189100 189200 53
20170529 1252 189100 189200 189000 189000 14
20170529 1253 189100 189100 189000 189000 74
20170529 1254 189000 189000 189000 189000 23
20170529 1255 189000 189100 189000 189000 31
20170529 1256 189000 189200 189000 189100 41
20170529 1257 189100 189100 189000 189000 62
20170529 1258 189000 189000 189000 189000 127
20170529 1259 189000 189100 189000 189000 25
20170529 1300 189000 189100 189000 189000 81
20170529 1301 189000 189100 188900 189100 83
20170529 1302 189100 189100 188900 188900 55
20170529 1303 189000 189100 188900 189100 32
20170529 1304 189100 189200 189100 189100 41
20170529 1305 189100 189200 189000 189100 35
20170529 1306 189300 189400 189300 189300 50
20170529 1307 189300 189400 189300 189400 101
20170529 1308 189300 189500 189300 189500 10
20170529 1309 189500 189500 189200 189300 51
20170529 1310 189200 189400 189200 189300 17
20170529 1311 189300 189500 189300 189500 53
20170529 1312 189400 189500 189400 189500 21
20170529 1313 189500 189500 189200 189200 13
20170529 1314 189200 189300 189200 189300 32
20170529 1315 189200 189300 189200 189300 40
20170529 1316 189200 189200 189100 189100 38
20170529 1317 189200 189300 189000 189300 57
20170529 1318 189300 189300 189100 189100 39
20170529 1319 189200 189200 189000 189000 36
20170529 1320 189100 189300 189100 189200 54
20170529 1321 189300 189500 189200 189200 47
20170529 1322 189200 189500 189200 189300 50
20170529 1323 189300 189400 189100 189100 40
20170529 1324 189100 189400 189100 189300 14
20170529 1325 189300 189300 189100 189200 42
20170529 1326 189300 189600 189200 189600 69
20170529 1327 189600 189600 189400 189500 25
20170529 1328 189500 189700 189400 189400 108
20170529 1329 189500 189700 189500 189500 56
20170529 1330 189500 189600 189400 189600 7
20170529 1331 189600 189700 189500 189500 69
20170529 1332 189400 189400 189200 189400 35
20170529 1333 189300 189500 189300 189500 46
20170529 1334 189500 189600 189300 189400 86
20170529 1335 189500 189700 189400 189700 30
20170529 1336 189500 189700 189400 189600 81
20170529 1337 189800 189800 189500 189700 48
20170529 1338 189700 189700 189500 189500 53
20170529 1339 189600 189600 189500 189500 122
20170529 1340 189400 189600 189300 189500 70
20170529 1341 189500 189500 189400 189500 27
20170529 1342 189500 189700 189500 189700 16
20170529 1343 189700 189700 189400 189400 59
20170529 1344 189400 189500 189400 189500 47
20170529 1345 189500 189500 189400 189400 26
20170529 1346 189400 189600 189300 189600 48
20170529 1347 189600 189600 189500 189500 49
20170529 1348 189600 189600 189400 189400 62
20170529 1349 189500 189600 189400 189400 45
20170529 1350 189400 189700 189400 189700 70
20170529 1351 189500 189500 189400 189400 10
20170529 1352 189400 189500 189300 189400 42
20170529 1353 189400 189500 189200 189200 41
20170529 1354 189300 189500 189300 189300 34
20170529 1355 189400 189500 189400 189400 30
20170529 1356 189400 189400 189300 189300 20
20170529 1357 189400 189500 189300 189400 57
20170529 1358 189400 189500 189300 189500 19
20170529 1359 189500 189500 189300 189300 76
20170529 1400 189400 189500 189300 189500 24
20170529 1401 189500 189600 189500 189500 49
20170529 1402 189600 189600 189400 189500 28
20170529 1403 189500 189500 189400 189400 41
20170529 1404 189400 189500 189400 189500 21
20170529 1405 189400 189400 189300 189400 72
20170529 1406 189300 189500 189300 189300 53
20170529 1407 189400 189400 189300 189400 55
20170529 1408 189400 189400 189200 189200 60
20170529 1409 189200 189400 189200 189400 55
20170529 1410 189500 189500 189400 189400 49
20170529 1411 189300 189400 189300 189400 44
20170529 1412 189400 189500 189300 189300 30
20170529 1413 189300 189500 189300 189400 39
20170529 1414 189400 189400 189300 189400 68
20170529 1415 189400 189400 189300 189300 22
20170529 1416 189400 189500 189300 189500 39
20170529 1417 189400 189500 189300 189400 63
20170529 1418 189300 189500 189300 189500 77
20170529 1419 189500 189700 189200 189200 88
20170529 1420 189300 189700 189300 189600 93
20170529 1421 189600 189800 189500 189800 52
20170529 1422 189800 189800 189500 189800 201
20170529 1423 189800 189900 189400 189700 65
20170529 1424 189700 190000 189700 190000 49
20170529 1425 190000 190000 189600 189600 85
20170529 1426 189400 189600 189400 189500 50
20170529 1427 189400 190000 189400 189800 67
20170529 1428 189900 190000 189600 189800 53
20170529 1429 189800 189900 189600 189800 53
20170529 1430 189800 190000 189700 190000 107
20170529 1431 189800 190000 189400 189400 104
20170529 1432 189500 190000 189500 190000 30
20170529 1433 190000 190000 189200 189600 83
20170529 1434 189600 190100 189600 189800 89
20170529 1435 189800 189900 189700 189700 52
20170529 1436 189600 189800 189500 189800 41
20170529 1437 189800 189900 189800 189800 111
20170529 1438 189900 189900 189700 189700 58
20170529 1439 189700 189800 189600 189800 62
20170529 1440 189800 189900 189700 189700 73
20170529 1441 189800 190000 189800 190000 58
20170529 1442 189900 189900 189600 189700 96
20170529 1443 189800 189900 189700 189800 101
20170529 1444 190000 190100 189900 190000 54
20170529 1445 189900 190000 189800 189800 56
20170529 1446 189900 190000 189800 189900 35
20170529 1447 190000 190000 189800 189800 96
20170529 1448 189900 189900 189400 189400 94
20170529 1449 189500 189800 189400 189700 56
20170529 1450 189700 189800 189700 189700 43
20170529 1451 189800 189800 189700 189700 71
20170529 1452 189700 189800 189700 189800 22
20170529 1453 189800 189800 189800 189800 45
20170529 1454 189700 189700 189600 189700 55
20170529 1455 189800 189800 189400 189400 64
20170529 1456 189500 189600 189400 189600 36
20170529 1457 189600 189700 189600 189700 83
20170529 1458 189600 189600 189400 189500 95
20170529 1459 189400 189700 189400 189700 47
20170529 1500 189600 189700 189600 189700 51
20170529 1501 189700 189800 189600 189800 81
20170529 1502 189800 189900 189800 189800 87
20170529 1503 189800 190000 189800 190000 165
20170529 1504 190000 190000 189800 189800 115
20170529 1505 189800 189900 189700 189800 125
20170529 1506 189800 189800 189700 189700 59
20170529 1507 189800 189800 189700 189700 47
20170529 1508 189700 189800 189700 189800 65
20170529 1509 189900 189900 189700 189800 22
20170529 1510 189800 189900 189800 189900 78
20170529 1511 189900 189900 189800 189900 29
20170529 1512 189900 189900 189800 189900 70
20170529 1513 189900 190000 189800 189900 113
20170529 1514 189900 190000 189800 189800 57
20170529 1515 189800 189900 189800 189800 34
20170529 1516 189800 189900 189800 189900 22
20170529 1517 189800 190000 189800 190000 73
20170529 1518 190000 190000 189700 189900 41
20170529 1519 189900 189900 189700 189900 55
20170529 1520 189800 189900 189700 189700 25
20170529 1530 189700 189700 189700 189700 279
20170530 901 190300 190300 190200 190300 23
20170530 902 190100 190300 190000 190000 31
20170530 903 189700 189700 188500 188500 45
20170530 904 188500 189000 188500 189000 7
20170530 905 189100 189400 189100 189300 13
20170530 906 189700 190200 189700 189700 158
20170530 907 189900 190100 189600 189700 57
20170530 908 189400 189500 189400 189400 22
20170530 909 189500 189500 189500 189500 3
20170530 910 189700 189900 189500 189900 68
20170530 911 190000 190500 190000 190400 67
20170530 912 190300 190300 190000 190000 38
20170530 913 190000 190000 189500 189700 39
20170530 915 189600 189800 189500 189500 158
20170530 916 189500 189500 189400 189500 131
20170530 917 189500 190200 189400 190200 147
20170530 918 190200 190400 190200 190300 189
20170530 919 189800 189900 189400 189900 59
20170530 920 190000 190000 190000 190000 7
20170530 921 190000 190500 190000 190500 157
20170530 922 190200 190300 190000 190000 54
20170530 923 190200 190300 190200 190200 65
20170530 924 190200 190200 190000 190000 40
20170530 925 190000 190000 189900 189900 48
20170530 927 190000 190000 190000 190000 8
20170530 928 190000 190100 190000 190000 27
20170530 929 190000 190100 190000 190100 47
20170530 930 190100 190100 190100 190100 48
20170530 931 190000 190000 190000 190000 1
20170530 932 190000 190000 189900 189900 19
20170530 933 189800 189900 189800 189900 12
20170530 934 189900 189900 189600 189600 45
20170530 935 189600 189800 189500 189800 4
20170530 936 189500 189700 189500 189700 43
20170530 937 189800 189900 189800 189800 20
20170530 938 189900 189900 189900 189900 17
20170530 939 189900 189900 189600 189700 89
20170530 940 189600 190100 189600 190100 381
20170530 941 190200 190400 190200 190300 26
20170530 942 190100 190600 190100 190500 318
20170530 943 190100 190100 190100 190100 14
20170530 944 190200 190300 190200 190200 83
20170530 945 190300 190300 190000 190000 30
20170530 946 190000 190100 190000 190000 63
20170530 947 190000 190100 190000 190100 27
20170530 948 190200 190200 190200 190200 2
20170530 949 190100 190100 190000 190000 16
20170530 950 190000 190100 190000 190100 110
20170530 951 190200 190200 190000 190000 66
20170530 952 190000 190100 189900 189900 239
20170530 953 189700 189700 189500 189500 23
20170530 954 189600 189600 189500 189600 38
20170530 955 189600 189600 189600 189600 10
20170530 956 189500 189500 189500 189500 13
20170530 957 189500 189500 189500 189500 79
20170530 958 189500 189600 189500 189500 25
20170530 959 189500 189500 189500 189500 7
20170530 1000 189400 189500 189400 189400 32
20170530 1001 189500 189600 189500 189600 39
20170530 1002 189600 189600 189500 189500 5
20170530 1003 189500 189600 189500 189500 80
20170530 1004 189400 189500 189400 189500 36
20170530 1005 189500 189600 189500 189500 39
20170530 1007 189500 189600 189500 189500 34
20170530 1008 189500 189600 189300 189600 102
20170530 1009 189600 189900 189600 189900 76
20170530 1010 189900 190000 189900 189900 30
20170530 1011 189900 189900 189900 189900 59
20170530 1012 189900 190500 189900 190400 117
20170530 1013 190500 190500 190000 190000 84
20170530 1014 190000 190100 190000 190100 37
20170530 1015 190100 190100 189900 190000 32
20170530 1016 190000 190000 190000 190000 16
20170530 1017 190000 190100 189900 190000 112
20170530 1018 190000 190200 190000 190200 2
20170530 1019 190200 190200 190200 190200 17
20170530 1020 190300 190400 189800 190100 60
20170530 1021 190100 190100 190000 190000 21
20170530 1022 190000 190200 189900 190000 152
20170530 1023 190100 190100 190100 190100 7
20170530 1024 190000 190000 189800 189800 45
20170530 1025 189800 189900 189800 189800 19
20170530 1026 189800 190000 189800 190000 41
20170530 1027 189900 189900 189800 189800 35
20170530 1028 189900 189900 189800 189800 7
20170530 1029 189800 189900 189800 189900 38
20170530 1030 189900 190000 189900 190000 16
20170530 1031 189900 189900 189900 189900 57
20170530 1032 189900 190000 189800 189900 52
20170530 1033 189900 190000 189900 190000 46
20170530 1034 190200 190200 190000 190000 16
20170530 1035 189900 190000 189900 190000 19
20170530 1036 189900 190000 189900 190000 33
20170530 1037 189900 189900 189900 189900 11
20170530 1038 189900 190000 189800 189900 144
20170530 1039 189900 189900 189800 189800 2
20170530 1040 189900 189900 189700 189800 47
20170530 1041 189700 189800 189700 189700 30
20170530 1042 189800 189800 189800 189800 3
20170530 1043 189700 189900 189700 189900 61
20170530 1044 189900 189900 189800 189800 16
20170530 1045 189900 189900 189800 189800 32
20170530 1046 189800 189800 189700 189700 33
20170530 1047 189700 189800 189700 189700 29
20170530 1048 189900 189900 189700 189800 81
20170530 1049 189700 189700 189700 189700 2
20170530 1050 189700 189900 189700 189900 14
20170530 1051 189900 189900 189800 189800 27
20170530 1052 189800 189800 189700 189700 57
20170530 1053 189700 189700 189600 189600 4
20170530 1054 189600 189700 189500 189500 49
20170530 1055 189700 189700 189500 189500 17
20170530 1056 189500 189600 189500 189600 22
20170530 1057 189500 189600 189500 189600 30
20170530 1058 189600 189700 189600 189700 13
20170530 1059 189700 189700 189600 189600 29
20170530 1100 189600 189600 189600 189600 38
20170530 1101 189700 189700 189700 189700 20
20170530 1102 189600 189600 189500 189500 74
20170530 1103 189500 189500 189500 189500 71
20170530 1104 189500 189500 189400 189500 24
20170530 1105 189500 189600 189400 189600 30
20170530 1106 189500 189500 189400 189400 17
20170530 1107 189400 189400 189400 189400 1
20170530 1108 189500 189500 189400 189400 44
20170530 1109 189400 189400 189300 189300 127
20170530 1110 189300 189400 189300 189400 18
20170530 1111 189300 189500 189300 189500 39
20170530 1112 189500 189500 189400 189400 49
20170530 1113 189400 189400 189400 189400 7
20170530 1114 189400 189400 189300 189400 10
20170530 1115 189400 189400 189300 189300 35
20170530 1116 189200 189200 189200 189200 36
20170530 1117 189200 189300 189100 189300 36
20170530 1118 189300 189300 189300 189300 5
20170530 1119 189400 189400 189100 189200 83
20170530 1120 189100 189200 189100 189100 12
20170530 1121 189200 189200 189100 189100 75
20170530 1122 189000 189200 189000 189200 23
20170530 1123 189100 189100 189100 189100 52
20170530 1124 189100 189200 189100 189100 20
20170530 1125 189100 189200 189100 189200 5
20170530 1126 189200 189300 189200 189200 35
20170530 1127 189200 189200 189200 189200 12
20170530 1128 189200 189200 189100 189200 57
20170530 1129 189200 189200 189200 189200 19
20170530 1130 189200 189200 189000 189000 44
20170530 1131 189000 189100 189000 189100 4
20170530 1132 189000 189100 189000 189100 16
20170530 1133 189100 189100 189000 189000 67
20170530 1134 189000 189100 189000 189000 98
20170530 1135 189000 189100 189000 189000 58
20170530 1136 189000 189100 189000 189100 31
20170530 1137 189000 189100 189000 189000 48
20170530 1138 189000 189100 189000 189100 16
20170530 1139 189200 189200 189100 189100 45
20170530 1140 189200 189300 189000 189200 85
20170530 1141 189200 189200 189000 189000 84
20170530 1142 189000 189300 189000 189300 3
20170530 1143 189500 189500 189300 189300 52
20170530 1144 189300 189300 189000 189000 22
20170530 1145 189100 189100 189100 189100 24
20170530 1146 189200 189200 189100 189100 8
20170530 1147 189100 189200 189100 189100 56
20170530 1149 189100 189200 189100 189200 11
20170530 1150 189200 189300 189200 189200 35
20170530 1151 189200 189300 189200 189200 56
20170530 1152 189300 189400 189300 189400 2
20170530 1153 189300 189400 189300 189400 7
20170530 1154 189400 189400 189400 189400 26
20170530 1155 189300 189300 189200 189200 14
20170530 1156 189300 189300 189100 189100 5
20170530 1157 189400 189400 189300 189300 31
20170530 1159 189300 189300 189100 189100 18
20170530 1200 189200 189200 189100 189200 16
20170530 1201 189200 189200 189100 189100 75
20170530 1202 189100 189200 189100 189200 5
20170530 1203 189200 189200 189100 189100 22
20170530 1204 189200 189200 189100 189200 101
20170530 1205 189100 189100 189100 189100 7
20170530 1206 189100 189200 189100 189100 42
20170530 1207 189100 189100 189100 189100 15
20170530 1208 189200 189200 189100 189100 56
20170530 1209 189100 189200 189100 189100 15
20170530 1211 189200 189200 189000 189000 80
20170530 1212 189000 189100 189000 189100 16
20170530 1213 189100 189100 189100 189100 2
20170530 1214 189000 189000 189000 189000 11
20170530 1215 189100 189200 189000 189000 78
20170530 1216 189100 189100 189000 189000 2
20170530 1217 189000 189100 189000 189000 45
20170530 1218 189100 189200 189000 189200 38
20170530 1219 189200 189200 189000 189200 79
20170530 1220 189200 189200 189100 189100 8
20170530 1221 189100 189200 189100 189100 6
20170530 1222 189100 189200 189000 189000 68
20170530 1223 189200 189200 189000 189100 39
20170530 1224 189000 189000 189000 189000 10
20170530 1225 189200 189300 189100 189300 122
20170530 1226 189200 189300 189200 189300 8
20170530 1227 189300 189300 189300 189300 20
20170530 1228 189300 189300 189200 189200 14
20170530 1229 189200 189200 189100 189200 23
20170530 1230 189100 189200 189100 189100 13
20170530 1231 189100 189100 189000 189000 3
20170530 1232 189000 189100 189000 189100 55
20170530 1233 189200 189200 189100 189100 21
20170530 1234 189100 189100 189100 189100 14
20170530 1235 189000 189100 189000 189000 42
20170530 1236 189100 189200 189100 189200 7
20170530 1237 189200 189300 189100 189200 108
20170530 1238 189200 189300 189200 189300 11
20170530 1239 189200 189200 189000 189200 46
20170530 1240 189200 189200 189100 189200 27
20170530 1241 189300 189300 189200 189200 2
20170530 1242 189200 189200 189100 189100 47
20170530 1243 189200 189300 189200 189200 24
20170530 1244 189200 189200 189000 189200 11
20170530 1245 189200 189300 189100 189300 18
20170530 1246 189200 189200 189000 189100 42
20170530 1247 189200 189200 189000 189000 42
20170530 1248 189100 189100 189100 189100 12
20170530 1249 189100 189100 189000 189100 34
20170530 1250 189100 189100 189100 189100 31
20170530 1251 189100 189100 189000 189100 19
20170530 1252 189200 189200 189100 189100 9
20170530 1253 189200 189200 189000 189000 51
20170530 1254 189100 189100 189100 189100 23
20170530 1255 189200 189200 189100 189100 10
20170530 1256 189200 189200 189000 189100 63
20170530 1257 189000 189200 189000 189100 84
20170530 1258 189400 189400 189100 189100 12
20170530 1259 189200 189300 189100 189100 25
20170530 1300 189100 189100 189000 189000 34
20170530 1301 189200 189200 189100 189100 2
20170530 1302 189100 189200 189000 189200 22
20170530 1303 189100 189100 189000 189100 47
20170530 1304 189000 189100 189000 189100 21
20170530 1305 189000 189000 189000 189000 13
20170530 1306 189100 189100 189000 189000 31
20170530 1307 189000 189200 189000 189200 131
20170530 1308 189200 189200 189100 189100 32
20170530 1309 189100 189500 189100 189500 30
20170530 1310 189500 189500 189200 189200 53
20170530 1311 189300 189300 189300 189300 5
20170530 1312 189400 189400 189300 189400 8
20170530 1313 189400 189500 189100 189100 70
20170530 1314 189200 189300 189100 189300 19
20170530 1315 189400 189500 189300 189300 26
20170530 1316 189400 189400 189400 189400 12
20170530 1317 189200 189400 189200 189300 32
20170530 1318 189400 189400 189300 189400 27
20170530 1319 189400 189400 189200 189200 35
20170530 1320 189300 189500 189200 189200 44
20170530 1321 189300 189400 189100 189400 51
20170530 1322 189500 189500 189400 189500 19
20170530 1323 189500 189500 189400 189500 65
20170530 1324 189400 189400 189300 189400 51
20170530 1325 189500 189500 189400 189500 48
20170530 1326 189500 189500 189400 189500 30
20170530 1327 189500 189500 189400 189500 64
20170530 1328 189500 189500 189400 189400 43
20170530 1329 189500 189500 189400 189500 35
20170530 1330 189400 189400 189300 189300 17
20170530 1331 189300 189300 189200 189200 44
20170530 1332 189100 189400 189100 189400 11
20170530 1333 189400 189500 189400 189500 10
20170530 1334 189500 189500 189400 189400 27
20170530 1335 189400 189500 189400 189500 10
20170530 1336 189400 189500 189300 189300 34
20170530 1337 189500 189500 189400 189400 12
20170530 1338 189400 189500 189400 189400 26
20170530 1339 189400 189500 189400 189400 34
20170530 1340 189400 189500 189200 189500 59
20170530 1341 189500 189500 189100 189400 65
20170530 1342 189300 189500 189200 189300 83
20170530 1343 189400 189500 189300 189400 103
20170530 1344 189300 189300 189300 189300 14
20170530 1345 189300 189400 189200 189200 34
20170530 1346 189200 189300 189200 189300 15
20170530 1347 189400 189400 189300 189400 18
20170530 1348 189400 189400 189200 189300 32
20170530 1349 189300 189300 189200 189300 26
20170530 1350 189300 189300 189200 189200 25
20170530 1351 189300 189300 189100 189200 72
20170530 1352 189200 189500 189200 189400 30
20170530 1353 189500 189500 189400 189500 38
20170530 1354 189500 189500 189300 189300 15
20170530 1355 189300 189300 189200 189200 24
20170530 1356 189400 189400 189400 189400 5
20170530 1357 189400 189500 189300 189300 73
20170530 1358 189400 189400 189300 189300 29
20170530 1359 189200 189300 189200 189200 19
20170530 1400 189300 189500 189300 189500 46
20170530 1401 189400 189500 189400 189500 13
20170530 1402 189500 189500 189400 189400 49
20170530 1403 189500 189500 189300 189300 47
20170530 1404 189300 189600 189300 189600 29
20170530 1405 189600 189600 189300 189400 58
20170530 1406 189600 189600 189300 189600 31
20170530 1407 189600 189600 189500 189500 31
20170530 1408 189500 189600 189400 189500 41
20170530 1409 189300 189400 189200 189400 80
20170530 1410 189400 189600 189300 189300 33
20170530 1411 189500 189500 189500 189500 1
20170530 1412 189600 189600 189500 189600 37
20170530 1413 189600 189600 189400 189500 35
20170530 1414 189400 189400 189300 189300 38
20170530 1415 189300 189500 189300 189500 19
20170530 1416 189400 189400 189200 189300 35
20170530 1417 189300 189500 189200 189400 160
20170530 1418 189400 189500 189300 189300 47
20170530 1419 189400 189500 189100 189100 55
20170530 1420 189200 189600 189200 189400 50
20170530 1421 189500 189600 189500 189500 16
20170530 1422 189500 189600 189500 189600 42
20170530 1423 189500 189600 189400 189500 111
20170530 1424 189600 189800 189600 189700 198
20170530 1425 189700 190000 189700 189700 450
20170530 1426 189800 190100 189800 189800 195
20170530 1427 189800 190000 189700 190000 244
20170530 1428 190000 190000 189900 190000 121
20170530 1429 190000 190100 190000 190000 104
20170530 1430 190000 190100 190000 190100 42
20170530 1431 190000 190100 190000 190000 62
20170530 1432 190000 190100 190000 190100 54
20170530 1433 190000 190100 190000 190100 64
20170530 1434 190000 190000 189900 190000 65
20170530 1435 190100 190100 190000 190000 71
20170530 1436 190000 190100 189900 190000 69
20170530 1437 190000 190000 189800 189900 33
20170530 1438 189900 190100 189900 190000 56
20170530 1439 189900 190000 189900 189900 27
20170530 1440 189900 190000 189900 190000 34
20170530 1441 190000 190000 189900 189900 33
20170530 1442 189900 190100 189900 190000 52
20170530 1443 190000 190100 190000 190000 79
20170530 1444 190000 190000 190000 190000 34
20170530 1445 189900 190000 189900 190000 19
20170530 1446 190000 190000 189900 190000 97
20170530 1447 190000 190200 190000 190200 139
20170530 1448 190200 190200 190100 190100 62
20170530 1449 190100 190200 190100 190200 180
20170530 1450 190200 190300 190000 190100 75
20170530 1451 190100 190300 190100 190200 77
20170530 1452 190300 190400 190200 190300 91
20170530 1453 190400 190500 190400 190400 110
20170530 1454 190400 190500 190300 190300 116
20170530 1455 190400 190500 190400 190500 18
20170530 1456 190400 190500 190400 190400 242
20170530 1457 190500 190500 190300 190400 63
20170530 1458 190400 190500 190300 190500 112
20170530 1459 190400 190500 190400 190400 93
20170530 1500 190500 190500 190400 190400 146
20170530 1501 190400 190600 189900 189900 281
20170530 1502 190400 190400 190400 190400 12
20170530 1503 190500 190500 190400 190400 111
20170530 1504 190400 190500 190400 190500 51
20170530 1505 190400 190500 190000 190200 132
20170530 1506 190300 190500 190300 190500 33
20170530 1507 190500 190500 190400 190500 114
20170530 1508 190500 190500 190200 190200 42
20170530 1509 190300 190400 190200 190300 39
20170530 1510 190400 190500 190300 190500 88
20170530 1511 190400 190500 190200 190400 84
20170530 1512 190500 190500 190300 190400 64
20170530 1513 190400 190400 190300 190400 68
20170530 1514 190500 190500 190100 190200 120
20170530 1515 190300 190400 190200 190300 27
20170530 1516 190400 190400 190300 190400 64
20170530 1517 190500 190500 190200 190200 207
20170530 1518 190500 190500 190000 190500 98
20170530 1519 190100 190500 190100 190300 44
20170530 1520 190500 190500 190300 190500 25
20170530 1530 190300 190300 190300 190300 405
20170531 901 190400 190800 190300 190300 63
20170531 902 190300 190300 190000 190000 17
20170531 903 190400 190400 190000 190000 11
20170531 904 190100 190800 190100 190800 34
20170531 905 190800 190800 190800 190800 96
20170531 906 190300 190300 189400 190000 213
20170531 907 190000 190000 189200 189600 60
20170531 908 190000 190100 189700 189900 188
20170531 909 190000 190000 189500 189600 99
20170531 910 189600 189700 189600 189600 10
20170531 911 189600 190100 189600 190000 186
20170531 912 189900 190000 189900 190000 11
20170531 913 190000 190000 189900 189900 17
20170531 914 190000 190000 189600 189600 40
20170531 915 189500 189500 189300 189500 127
20170531 916 189400 189500 189400 189400 6
20170531 917 189400 189400 189300 189300 65
20170531 918 189300 189400 189300 189300 28
20170531 919 189300 189300 189300 189300 25
20170531 920 189400 189400 189300 189300 53
20170531 921 189300 189400 189300 189300 25
20170531 922 189300 189300 189300 189300 88
20170531 923 189300 189300 189200 189300 94
20170531 924 189200 189300 189200 189200 71
20170531 925 189200 189300 189200 189200 87
20170531 926 189200 189300 189200 189300 37
20170531 927 189200 189300 189200 189200 20
20170531 928 189200 189200 189200 189200 90
20170531 929 189300 189300 189200 189200 23
20170531 930 189300 189300 189200 189200 68
20170531 931 189200 189300 189200 189200 29
20170531 932 189200 189300 189200 189200 66
20170531 933 189200 189200 189200 189200 209
20170531 934 189200 189200 189100 189100 40
20170531 935 189100 189300 189100 189200 113
20170531 936 189200 189400 189200 189400 239
20170531 937 190000 190000 189700 189700 52
20170531 938 189400 189400 189400 189400 2
20170531 939 189500 189500 189300 189400 280
20170531 940 189400 189500 189200 189300 108
20170531 941 189300 189400 189300 189400 9
20170531 942 189400 189600 189400 189400 56
20170531 943 189400 189400 189300 189300 21
20170531 944 189400 189500 189200 189300 260
20170531 945 189400 189400 189300 189400 41
20170531 946 189500 189500 189300 189300 50
20170531 947 189300 189500 189300 189300 128
20170531 948 189400 189400 189300 189400 159
20170531 949 189400 189500 189400 189400 17
20170531 950 189400 189500 189400 189400 89
20170531 951 189400 189400 189300 189400 72
20170531 952 189400 189400 189300 189300 83
20170531 953 189300 189500 189300 189400 161
20170531 954 189500 189700 189400 189600 143
20170531 955 189900 190400 189600 190400 162
20170531 956 190200 190200 189700 189900 100
20170531 957 189700 189900 189700 189700 91
20170531 958 189900 189900 189700 189800 41
20170531 959 189700 189900 189700 189800 180
20170531 1000 189600 189900 189600 189800 53
20170531 1001 190000 190300 190000 190200 97
20170531 1002 190200 190300 189700 189900 163
20170531 1003 189900 189900 189700 189900 23
20170531 1004 189900 190000 189800 189800 50
20170531 1005 189800 189900 189800 189800 32
20170531 1006 189800 189800 189700 189700 61
20170531 1007 189700 189800 189600 189600 177
20170531 1008 189600 190000 189600 190000 65
20170531 1009 190000 190000 189600 189900 111
20170531 1010 189900 190300 189900 190000 112
20170531 1011 190000 190000 189600 189700 51
20170531 1012 189600 190200 189600 190100 96
20170531 1013 190200 190200 189600 189900 160
20170531 1014 189700 189900 189700 189700 58
20170531 1015 189700 190000 189700 189800 69
20170531 1016 189800 189800 189700 189700 40
20170531 1017 189700 190300 189700 190300 310
20170531 1018 190200 190200 190100 190200 32
20170531 1019 190200 190500 190200 190200 97
20170531 1020 190500 190500 190300 190500 78
20170531 1021 190400 190600 190100 190500 182
20170531 1022 190500 190600 190100 190200 49
20170531 1023 190100 190500 190100 190400 67
20170531 1024 190400 190500 190300 190400 39
20170531 1025 190500 190500 190400 190400 210
20170531 1026 190500 190600 190400 190400 62
20170531 1027 190500 190600 190500 190600 26
20170531 1028 190600 190700 190500 190600 189
20170531 1029 190600 190700 190600 190600 58
20170531 1030 190600 190700 190600 190600 193
20170531 1031 190700 190800 190600 190700 102
20170531 1032 190700 190800 190500 190500 115
20170531 1033 190500 190800 190500 190500 36
20170531 1034 190700 190900 190500 190700 306
20170531 1035 190900 190900 190700 190900 146
20170531 1036 190800 190900 190700 190700 79
20170531 1037 190700 190900 190500 190900 74
20170531 1038 190900 190900 190600 190700 43
20170531 1039 190800 190900 190500 190600 153
20170531 1040 190500 190700 190500 190600 31
20170531 1041 190700 190900 190500 190800 85
20170531 1042 190800 190900 190500 190700 56
20170531 1043 190700 191000 190400 190900 327
20170531 1044 190500 191000 190500 190700 95
20170531 1045 190500 191000 190500 190800 31
20170531 1046 190900 191000 190300 190500 383
20170531 1047 190600 191200 190400 191200 210
20170531 1048 191200 191200 190500 190900 231
20170531 1049 190600 191200 190600 191200 93
20170531 1050 191000 191100 191000 191100 207
20170531 1051 191000 191100 190900 191000 109
20170531 1052 191000 191100 190800 191000 68
20170531 1053 191000 191100 190700 190700 65
20170531 1054 190800 191000 190700 190900 97
20170531 1055 190900 191100 190900 191000 81
20170531 1056 191000 191100 190900 190900 56
20170531 1057 191000 191100 190900 191000 100
20170531 1058 191000 191100 190900 191000 56
20170531 1059 191100 191100 190900 191000 87
20170531 1100 191000 191200 190900 191100 125
20170531 1101 191200 191200 190900 190900 76
20170531 1102 190900 191200 190900 191100 54
20170531 1103 191100 191300 190900 190900 73
20170531 1104 191100 191400 191100 191400 170
20170531 1105 191200 191400 191000 191400 103
20170531 1106 191200 191300 191100 191300 59
20170531 1107 191300 191400 191100 191400 49
20170531 1108 191400 191400 191200 191300 100
20170531 1109 191200 191200 191000 191200 99
20170531 1110 191200 191300 191100 191200 51
20170531 1111 191300 191300 191200 191200 37
20170531 1112 191300 191300 191000 191000 117
20170531 1113 191000 191200 191000 191000 61
20170531 1114 191100 191200 190900 191100 58
20170531 1115 191200 191400 191100 191400 66
20170531 1116 191400 191400 191300 191400 41
20170531 1117 191300 191400 191200 191200 75
20170531 1118 191300 191300 191100 191200 61
20170531 1119 191200 191400 191100 191100 96
20170531 1120 191400 191400 191100 191300 23
20170531 1121 191200 191400 191100 191100 100
20170531 1122 191400 191400 191100 191300 32
20170531 1123 191200 191400 191100 191200 104
20170531 1124 191200 191400 191200 191300 127
20170531 1125 191200 191400 191100 191400 117
20170531 1126 191300 191500 191200 191200 460
20170531 1127 191300 191600 191200 191200 150
20170531 1128 191500 191600 191400 191500 56
20170531 1129 191600 191600 191500 191500 64
20170531 1130 191600 191600 191500 191500 58
20170531 1131 191500 191700 191500 191700 131
20170531 1132 191700 191700 191500 191700 52
20170531 1133 191700 191700 191500 191500 84
20170531 1134 191600 191600 191300 191300 92
20170531 1135 191500 191700 191300 191300 104
20170531 1136 191600 191600 191400 191500 18
20170531 1137 191600 191600 191500 191600 82
20170531 1138 191500 191600 191400 191500 28
20170531 1139 191500 191600 191400 191600 50
20170531 1140 191500 191600 191500 191500 49
20170531 1141 191500 191600 191300 191300 81
20170531 1142 191300 191500 191300 191500 22
20170531 1143 191600 191600 191300 191300 64
20170531 1144 191300 191500 191300 191400 51
20170531 1145 191300 191400 191200 191300 40
20170531 1146 191400 191400 191200 191300 82
20170531 1147 191300 191400 191200 191400 47
20170531 1148 191400 191500 191200 191500 35
20170531 1149 191400 191500 191300 191300 33
20170531 1150 191300 191500 191200 191500 98
20170531 1151 191500 191600 191400 191600 23
20170531 1152 191600 191600 191100 191200 72
20170531 1153 191500 191600 191300 191300 71
20170531 1154 191400 191600 191300 191500 32
20170531 1155 191600 191700 191500 191500 68
20170531 1156 191600 191700 191400 191600 96
20170531 1157 191600 191700 191500 191600 154
20170531 1158 191700 191700 191500 191600 80
20170531 1159 191700 191700 191500 191700 149
20170531 1200 191700 191700 191500 191600 55
20170531 1201 191500 191700 191500 191600 168
20170531 1202 191600 191600 191500 191500 32
20170531 1203 191500 191700 191400 191400 41
20170531 1204 191400 191500 191300 191300 61
20170531 1205 191300 191700 191300 191700 118
20170531 1206 191300 191700 191300 191500 162
20170531 1207 191600 191600 191300 191300 44
20170531 1208 191300 191500 191300 191300 22
20170531 1209 191500 191600 191400 191500 53
20170531 1210 191600 191600 191500 191600 90
20170531 1211 191500 191600 191300 191300 73
20170531 1212 191300 191500 191300 191500 31
20170531 1213 191500 191600 191300 191500 67
20170531 1214 191500 191600 191200 191200 54
20170531 1215 191500 191600 191100 191300 46
20170531 1216 191200 191600 191200 191600 33
20170531 1217 191600 191600 191400 191500 68
20170531 1218 191500 191600 191200 191200 45
20170531 1219 191400 191500 191300 191400 23
20170531 1220 191500 191500 191300 191300 42
20170531 1221 191300 191400 191200 191200 50
20170531 1222 191300 191300 191100 191300 116
20170531 1223 191300 191400 191100 191400 78
20170531 1224 191200 191500 191200 191500 24
20170531 1225 191500 191500 191400 191400 108
20170531 1226 191500 191600 191400 191500 142
20170531 1227 191500 191600 191400 191500 124
20170531 1228 191400 191500 191100 191300 391
20170531 1229 191400 191400 191100 191200 50
20170531 1230 191300 191400 191200 191300 33
20170531 1231 191400 191400 191100 191300 55
20170531 1232 191300 191400 191300 191400 28
20170531 1233 191400 191400 191200 191300 43
20170531 1234 191400 191500 191100 191500 136
20170531 1235 191500 191500 191100 191400 53
20170531 1236 191500 191500 191300 191400 72
20170531 1237 191400 191400 191300 191400 46
20170531 1238 191500 191500 191100 191100 91
20170531 1239 191400 191500 191100 191400 40
20170531 1240 191300 191400 191100 191200 102
20170531 1241 191200 191300 191100 191200 48
20170531 1242 191200 191300 191100 191100 44
20170531 1243 191300 191500 191100 191300 40
20170531 1244 191300 191400 191100 191300 54
20170531 1245 191200 191200 191100 191100 33
20170531 1246 191200 191200 191100 191200 25
20170531 1247 191200 191300 191100 191100 112
20170531 1248 191200 191400 191200 191200 34
20170531 1249 191300 191400 191200 191300 27
20170531 1250 191400 191400 191100 191300 82
20170531 1251 191300 191300 191100 191200 104
20170531 1252 191200 191400 191200 191400 25
20170531 1253 191300 191400 191200 191300 39
20170531 1254 191400 191400 191200 191200 55
20170531 1255 191200 191200 191100 191200 64
20170531 1256 191100 191300 191100 191100 42
20170531 1257 191100 191300 191100 191200 32
20170531 1258 191300 191400 191100 191300 111
20170531 1259 191300 191400 191100 191100 39
20170531 1300 191200 191300 191100 191100 38
20170531 1301 191100 191400 191100 191100 26
20170531 1302 191200 191200 191100 191200 341
20170531 1303 191100 191200 191100 191100 36
20170531 1304 191100 191400 191100 191300 95
20170531 1305 191300 191500 191100 191200 179
20170531 1306 191200 191500 191100 191400 145
20170531 1307 191300 191400 191300 191400 12
20170531 1308 191500 191500 191200 191500 69
20170531 1309 191500 191500 191100 191200 95
20170531 1310 191200 191500 191100 191200 126
20170531 1311 191400 191500 191400 191400 30
20170531 1312 191300 191500 191100 191400 89
20170531 1313 191100 191300 191100 191200 109
20170531 1314 191100 191300 191100 191300 35
20170531 1315 191300 191400 191200 191300 35
20170531 1316 191400 191400 191100 191100 58
20170531 1317 191100 191200 191100 191100 136
20170531 1318 191200 191400 191100 191200 92
20170531 1319 191300 191400 191200 191200 64
20170531 1320 191300 191300 191100 191200 57
20170531 1321 191200 191600 191100 191300 144
20170531 1322 191300 191600 191300 191500 117
20170531 1323 191500 191600 191500 191500 24
20170531 1324 191500 191600 191400 191400 66
20170531 1325 191400 191400 191200 191200 102
20170531 1326 191300 191700 191300 191700 180
20170531 1327 191700 191700 191400 191400 99
20170531 1328 191400 191400 191300 191300 54
20170531 1329 191300 191400 191100 191100 41
20170531 1330 191300 191400 191300 191300 16
20170531 1331 191400 191400 191100 191100 156
20170531 1332 191100 191200 191100 191100 45
20170531 1333 191200 191400 191100 191400 79
20170531 1334 191300 191400 191200 191200 52
20170531 1335 191400 191400 191100 191200 84
20170531 1336 191200 191200 191100 191200 21
20170531 1337 191200 191300 191100 191300 110
20170531 1338 191200 191600 191200 191500 156
20170531 1339 191400 191500 191300 191300 29
20170531 1340 191400 191500 191300 191400 17
20170531 1341 191500 191500 191200 191300 70
20170531 1342 191200 191300 191200 191200 53
20170531 1343 191200 191300 191100 191200 86
20170531 1344 191100 191200 191100 191100 56
20170531 1345 191100 191200 191100 191200 90
20170531 1346 191100 191200 191100 191200 77
20170531 1347 191200 191200 191100 191100 58
20170531 1348 191100 191300 191100 191300 150
20170531 1349 191300 191300 191200 191300 67
20170531 1350 191200 191300 191100 191200 32
20170531 1351 191200 191300 191100 191200 77
20170531 1352 191200 191200 191100 191200 13
20170531 1353 191200 191300 191100 191200 74
20170531 1354 191200 191300 191200 191300 41
20170531 1355 191200 191300 191100 191200 75
20170531 1356 191200 191300 191100 191200 85
20170531 1357 191200 191300 191100 191100 65
20170531 1358 191100 191200 191100 191200 52
20170531 1359 191100 191200 191100 191200 100
20170531 1400 191100 191200 191100 191100 68
20170531 1401 191100 191200 191100 191200 170
20170531 1402 191200 191300 191200 191200 58
20170531 1403 191200 191300 191200 191300 18
20170531 1404 191200 191300 191100 191200 86
20170531 1405 191100 191200 191100 191200 68
20170531 1406 191100 191200 191100 191100 47
20170531 1407 191200 191200 191100 191200 71
20170531 1408 191200 191300 191100 191300 216
20170531 1409 191200 191300 191200 191300 50
20170531 1410 191200 191300 191200 191200 64
20170531 1411 191300 191300 191200 191300 109
20170531 1412 191200 191300 191200 191300 66
20170531 1413 191200 191300 191100 191100 83
20170531 1414 191100 191200 191100 191100 61
20170531 1415 191100 191200 191100 191100 91
20170531 1416 191100 191200 191100 191100 55
20170531 1417 191100 191200 191100 191100 88
20170531 1418 191100 191200 191100 191200 70
20170531 1419 191200 191200 191100 191100 115
20170531 1420 191100 191200 191100 191200 45
20170531 1421 191100 191200 191100 191100 56
20170531 1422 191100 191200 191100 191200 85
20170531 1423 191200 191200 191100 191200 77
20170531 1424 191200 191200 191100 191200 67
20170531 1425 191100 191200 191100 191200 45
20170531 1426 191100 191200 191100 191100 83
20170531 1427 191100 191200 191000 191100 99
20170531 1428 191100 191100 191000 191100 52
20170531 1429 191000 191100 191000 191000 48
20170531 1430 191000 191100 190900 190900 100
20170531 1431 191000 191000 190800 190900 78
20170531 1432 190900 190900 190800 190800 55
20170531 1433 190900 190900 190800 190800 99
20170531 1434 190700 190900 190700 190900 55
20170531 1435 190900 191000 190900 190900 43
20170531 1436 191000 191000 190900 190900 68
20170531 1437 191000 191000 190900 191000 94
20170531 1438 190900 191000 190900 191000 39
20170531 1439 191000 191000 190900 191000 56
20170531 1440 191000 191000 190900 190900 44
20170531 1441 190900 191000 190900 190900 68
20170531 1442 190900 191000 190800 190900 110
20170531 1443 190900 190900 190800 190800 79
20170531 1444 190900 190900 190700 190800 94
20170531 1445 190700 191000 190600 191000 275
20170531 1446 190700 191600 190700 191100 421
20170531 1447 191000 191700 191000 191000 203
20170531 1448 191000 191100 190800 191000 156
20170531 1449 191100 191600 191100 191400 103
20170531 1450 191400 191400 191100 191100 110
20170531 1451 191100 191300 191100 191300 71
20170531 1452 191200 191400 191100 191400 175
20170531 1453 191300 191400 191300 191300 62
20170531 1454 191300 191400 191300 191400 54
20170531 1455 191400 191400 191300 191300 100
20170531 1456 191300 191500 191300 191500 104
20170531 1457 191500 191500 191400 191500 63
20170531 1458 191500 191500 191400 191400 95
20170531 1459 191400 191500 191400 191400 112
20170531 1500 191400 191500 191400 191400 72
20170531 1501 191400 191500 191400 191400 44
20170531 1502 191400 191500 191400 191400 83
20170531 1503 191400 191500 191300 191400 95
20170531 1504 191400 191500 191300 191300 90
20170531 1505 191400 191400 191300 191400 48
20170531 1506 191300 191400 191100 191300 364
20170531 1507 191100 191300 191100 191200 26
20170531 1508 191200 191300 191200 191300 76
20170531 1509 191200 191300 191100 191300 71
20170531 1510 191200 191300 191100 191200 64
20170531 1511 191100 191500 191100 191500 162
20170531 1512 191400 191500 191400 191400 65
20170531 1513 191400 191400 191100 191300 191
20170531 1514 191300 191400 191300 191300 80
20170531 1515 191400 191600 191300 191600 45
20170531 1516 191600 191600 191300 191600 63
20170531 1517 191600 191600 191400 191600 218
20170531 1518 191600 191600 191000 191300 98
20170531 1519 191400 191400 191100 191100 13
20170531 1520 191100 191400 191100 191400 25
20170531 1530 191700 191700 191700 191700 3556
