날짜 시간 시가 고가 저가 종가 거래량
20200901 901 29900 30100 29900 30050 2471
20200901 902 30050 30050 29850 29900 1551
20200901 903 29900 30050 29900 30050 778
20200901 904 30050 30050 29950 29950 598
20200901 905 29900 30000 29900 29900 826
20200901 906 29950 30000 29950 30000 188
20200901 907 30000 30100 30000 30100 193
20200901 908 30100 30150 30000 30150 874
20200901 909 30150 30150 30100 30100 239
20200901 910 30100 30100 30000 30000 678
20200901 911 30100 30150 29950 29950 118
20200901 912 30000 30100 30000 30100 29
20200901 913 30100 30100 30000 30000 313
20200901 914 30000 30050 30000 30000 164
20200901 915 30000 30050 30000 30050 491
20200901 917 30050 30050 30000 30050 208
20200901 918 30050 30050 30000 30000 158
20200901 919 30000 30050 30000 30050 236
20200901 920 30050 30050 30050 30050 6
20200901 921 30050 30050 30000 30000 1326
20200901 922 30000 30000 29950 29950 2014
20200901 923 29950 30000 29900 30000 293
20200901 924 30000 30000 30000 30000 1422
20200901 925 30000 30000 30000 30000 77
20200901 926 30000 30000 30000 30000 20
20200901 927 30000 30000 30000 30000 30
20200901 928 30000 30000 30000 30000 919
20200901 929 30000 30100 30000 30000 429
20200901 930 30000 30050 30000 30050 196
20200901 931 30100 30100 30050 30050 78
20200901 932 30050 30100 30000 30000 1254
20200901 933 30050 30150 30050 30150 1543
20200901 934 30150 30150 30150 30150 11
20200901 935 30150 30150 30100 30150 148
20200901 936 30150 30150 30150 30150 11
20200901 937 30150 30150 30150 30150 263
20200901 938 30150 30150 30150 30150 33
20200901 939 30150 30150 30150 30150 41
20200901 940 30150 30150 30150 30150 189
20200901 941 30150 30200 30150 30200 189
20200901 942 30200 30200 30200 30200 365
20200901 943 30200 30250 30200 30200 221
20200901 944 30200 30200 30150 30200 360
20200901 945 30250 30250 30250 30250 4
20200901 946 30250 30300 30250 30300 624
20200901 947 30250 30250 30250 30250 69
20200901 948 30250 30300 30250 30300 35
20200901 949 30300 30350 30300 30300 696
20200901 950 30300 30300 30300 30300 1012
20200901 951 30300 30300 30200 30200 821
20200901 952 30150 30150 30150 30150 658
20200901 953 30100 30100 29950 30000 3983
20200901 954 30000 30000 30000 30000 2036
20200901 955 30100 30100 30100 30100 90
20200901 956 30150 30200 30150 30200 433
20200901 957 30200 30350 30200 30200 1465
20200901 958 30300 30300 30250 30300 39
20200901 959 30250 30300 30250 30300 55
20200901 1000 30300 30300 30300 30300 68
20200901 1001 30300 30300 30300 30300 81
20200901 1002 30300 30300 30300 30300 292
20200901 1003 30250 30300 30150 30200 382
20200901 1004 30250 30250 30250 30250 107
20200901 1005 30200 30200 30200 30200 220
20200901 1006 30150 30200 30150 30200 229
20200901 1007 30200 30200 30150 30150 218
20200901 1008 30200 30250 30150 30250 378
20200901 1009 30250 30300 30200 30200 20
20200901 1010 30250 30250 30200 30200 1044
20200901 1011 30150 30250 30150 30250 1044
20200901 1013 30150 30150 30100 30100 559
20200901 1014 30100 30100 30050 30050 126
20200901 1015 30100 30100 30100 30100 1
20200901 1016 30100 30100 30050 30050 265
20200901 1017 30100 30100 30050 30050 489
20200901 1018 30050 30050 30050 30050 2
20200901 1019 30100 30100 30050 30100 24
20200901 1020 30100 30100 30100 30100 45
20200901 1021 30100 30100 30050 30100 215
20200901 1022 30050 30100 30050 30050 340
20200901 1023 30050 30050 30050 30050 2305
20200901 1024 30050 30050 30000 30050 51
20200901 1025 30050 30050 30050 30050 944
20200901 1026 30050 30050 30050 30050 45
20200901 1027 30050 30050 30050 30050 56
20200901 1028 30050 30050 30050 30050 4
20200901 1029 30050 30050 30050 30050 4
20200901 1030 30050 30050 30000 30000 3167
20200901 1031 30000 30000 30000 30000 380
20200901 1032 30050 30050 30000 30000 117
20200901 1033 30050 30050 30050 30050 216
20200901 1034 30000 30050 30000 30050 6
20200901 1035 30000 30050 30000 30050 57
20200901 1036 30050 30050 30000 30050 226
20200901 1037 30050 30100 30050 30100 317
20200901 1038 30100 30100 30100 30100 33
20200901 1039 30100 30100 30100 30100 187
20200901 1040 30150 30200 30150 30150 87
20200901 1041 30150 30150 30150 30150 43
20200901 1042 30150 30200 30050 30150 870
20200901 1043 30150 30200 30150 30200 120
20200901 1044 30150 30200 30150 30200 76
20200901 1045 30150 30150 30150 30150 131
20200901 1046 30150 30150 30150 30150 4
20200901 1047 30100 30150 30100 30100 772
20200901 1048 30150 30200 30100 30100 38
20200901 1049 30150 30150 30100 30100 16
20200901 1050 30150 30150 30100 30100 144
20200901 1051 30150 30150 30100 30100 276
20200901 1052 30100 30150 30100 30100 73
20200901 1053 30100 30150 30100 30150 372
20200901 1054 30150 30150 30150 30150 161
20200901 1055 30150 30150 30150 30150 182
20200901 1056 30150 30150 30150 30150 19
20200901 1057 30100 30150 30100 30150 102
20200901 1058 30150 30150 30100 30100 119
20200901 1059 30100 30150 30100 30100 335
20200901 1100 30150 30150 30100 30100 92
20200901 1101 30100 30150 30100 30150 136
20200901 1102 30100 30100 30100 30100 146
20200901 1103 30100 30150 30050 30050 447
20200901 1104 30100 30100 30050 30100 38
20200901 1105 30100 30100 30050 30100 164
20200901 1106 30100 30150 30100 30150 225
20200901 1107 30150 30150 30050 30050 229
20200901 1108 30050 30150 30050 30100 2145
20200901 1109 30150 30150 30100 30100 118
20200901 1110 30150 30200 30150 30200 64
20200901 1111 30150 30200 30150 30200 21
20200901 1112 30200 30200 30150 30150 160
20200901 1113 30150 30150 30150 30150 186
20200901 1114 30150 30200 30150 30150 283
20200901 1115 30150 30200 30150 30200 263
20200901 1116 30200 30200 30200 30200 24
20200901 1117 30250 30300 30250 30300 270
20200901 1118 30250 30250 30200 30250 219
20200901 1119 30200 30250 30200 30250 44
20200901 1120 30250 30250 30200 30200 443
20200901 1121 30200 30200 30200 30200 3
20200901 1122 30200 30250 30200 30250 23
20200901 1123 30200 30200 30150 30200 870
20200901 1124 30150 30200 30150 30200 215
20200901 1125 30200 30200 30150 30200 15
20200901 1126 30150 30150 30150 30150 27
20200901 1127 30200 30200 30150 30200 73
20200901 1128 30200 30200 30100 30100 630
20200901 1129 30150 30200 30150 30150 623
20200901 1130 30200 30200 30150 30150 79
20200901 1131 30200 30200 30150 30150 49
20200901 1132 30200 30200 30150 30150 32
20200901 1133 30150 30150 30150 30150 67
20200901 1135 30200 30200 30150 30150 85
20200901 1136 30200 30200 30100 30150 449
20200901 1137 30150 30150 30100 30100 82
20200901 1138 30150 30150 30100 30100 519
20200901 1139 30150 30150 30100 30150 98
20200901 1140 30150 30150 30150 30150 109
20200901 1141 30100 30150 30100 30150 53
20200901 1142 30150 30150 30150 30150 88
20200901 1143 30150 30200 30150 30150 29
20200901 1144 30200 30200 30150 30200 3018
20200901 1145 30200 30250 30100 30200 81
20200901 1146 30200 30250 30200 30250 148
20200901 1147 30200 30200 30200 30200 104
20200901 1148 30250 30250 30250 30250 20
20200901 1149 30200 30200 30200 30200 5
20200901 1150 30250 30250 30200 30200 499
20200901 1151 30250 30250 30200 30200 21
20200901 1152 30250 30250 30250 30250 11
20200901 1153 30250 30250 30200 30250 23
20200901 1154 30250 30250 30250 30250 2
20200901 1155 30200 30200 30200 30200 59
20200901 1156 30250 30250 30200 30200 51
20200901 1157 30250 30250 30200 30200 2
20200901 1158 30200 30250 30150 30150 528
20200901 1159 30150 30150 30100 30100 96
20200901 1200 30100 30150 30100 30100 81
20200901 1201 30150 30150 30150 30150 142
20200901 1202 30150 30150 30100 30100 581
20200901 1204 30100 30150 30100 30100 220
20200901 1205 30100 30100 30100 30100 8
20200901 1206 30100 30150 30100 30100 375
20200901 1207 30100 30100 30100 30100 479
20200901 1208 30100 30100 30050 30050 352
20200901 1209 30050 30100 30050 30050 108
20200901 1210 30100 30100 30100 30100 2
20200901 1211 30100 30100 30100 30100 119
20200901 1212 30050 30050 30050 30050 7
20200901 1213 30100 30100 30050 30050 172
20200901 1214 30100 30100 30050 30050 24
20200901 1215 30100 30100 30100 30100 111
20200901 1216 30100 30150 30050 30050 316
20200901 1217 30150 30150 30100 30100 208
20200901 1218 30100 30100 30100 30100 2
20200901 1219 30100 30100 30050 30100 201
20200901 1220 30050 30100 30050 30100 145
20200901 1221 30050 30100 30050 30100 5
20200901 1222 30100 30100 30050 30050 400
20200901 1224 30100 30150 30100 30150 24
20200901 1226 30100 30200 30100 30150 129
20200901 1227 30100 30200 30100 30150 266
20200901 1229 30150 30150 30150 30150 51
20200901 1230 30100 30150 30100 30100 334
20200901 1231 30150 30150 30150 30150 64
20200901 1232 30150 30150 30150 30150 100
20200901 1233 30150 30150 30150 30150 50
20200901 1234 30100 30100 30100 30100 5
20200901 1235 30150 30150 30150 30150 17
20200901 1236 30100 30100 30100 30100 4
20200901 1237 30150 30150 30100 30100 11
20200901 1238 30150 30150 30150 30150 18
20200901 1239 30100 30100 30100 30100 5
20200901 1240 30100 30150 30100 30100 75
20200901 1241 30150 30150 30150 30150 155
20200901 1242 30150 30150 30150 30150 3
20200901 1243 30150 30150 30150 30150 17
20200901 1244 30100 30150 30100 30100 305
20200901 1245 30100 30150 30100 30100 28
20200901 1246 30150 30150 30150 30150 63
20200901 1247 30150 30150 30150 30150 100
20200901 1248 30150 30150 30100 30100 189
20200901 1249 30100 30100 30100 30100 13
20200901 1250 30100 30100 30100 30100 292
20200901 1251 30150 30150 30150 30150 21
20200901 1252 30100 30100 30100 30100 10
20200901 1253 30150 30150 30100 30100 62
20200901 1254 30100 30100 30100 30100 60
20200901 1256 30150 30150 30100 30100 1149
20200901 1257 30100 30100 30100 30100 15
20200901 1258 30150 30150 30150 30150 17
20200901 1259 30150 30150 30100 30100 7
20200901 1301 30100 30150 30050 30050 1217
20200901 1302 30050 30050 30000 30000 5057
20200901 1303 30050 30050 30000 30050 54
20200901 1304 30050 30050 30000 30000 72
20200901 1305 30050 30050 30000 30050 27
20200901 1306 30050 30150 30000 30150 927
20200901 1307 30050 30100 30050 30100 65
20200901 1308 30100 30100 30050 30050 23
20200901 1309 30100 30100 30050 30050 33
20200901 1310 30050 30050 30050 30050 13
20200901 1311 30050 30100 30050 30100 108
20200901 1312 30100 30100 30050 30050 175
20200901 1313 30050 30100 30050 30100 27
20200901 1314 30100 30150 30100 30150 138
20200901 1315 30150 30150 30100 30100 235
20200901 1317 30100 30150 30100 30100 86
20200901 1318 30100 30100 30100 30100 22
20200901 1319 30150 30150 30100 30100 802
20200901 1320 30100 30100 30100 30100 158
20200901 1322 30150 30150 30100 30150 35
20200901 1323 30100 30100 30050 30050 273
20200901 1324 30100 30100 30050 30100 113
20200901 1325 30150 30200 30150 30150 1251
20200901 1326 30150 30150 30150 30150 3
20200901 1327 30150 30200 30150 30150 45
20200901 1328 30150 30150 30150 30150 14
20200901 1329 30200 30200 30150 30150 27
20200901 1330 30150 30200 30100 30150 697
20200901 1331 30150 30150 30150 30150 3
20200901 1332 30150 30200 30150 30200 72
20200901 1333 30150 30150 30100 30100 410
20200901 1334 30150 30150 30100 30100 61
20200901 1335 30100 30150 30100 30100 30
20200901 1336 30100 30100 30100 30100 17
20200901 1337 30100 30150 30100 30100 34
20200901 1338 30150 30150 30100 30100 20
20200901 1339 30100 30100 30100 30100 17
20200901 1340 30100 30150 30100 30100 32
20200901 1341 30100 30150 30100 30150 464
20200901 1342 30100 30150 30100 30150 592
20200901 1343 30150 30150 30150 30150 121
20200901 1344 30150 30150 30150 30150 21
20200901 1345 30100 30150 30100 30150 31
20200901 1347 30150 30150 30100 30100 22
20200901 1348 30150 30150 30100 30100 193
20200901 1349 30100 30150 30100 30150 33
20200901 1350 30100 30150 30100 30150 5
20200901 1351 30150 30150 30100 30150 230
20200901 1352 30150 30150 30100 30100 410
20200901 1353 30150 30150 30150 30150 18
20200901 1354 30150 30150 30100 30100 789
20200901 1355 30200 30200 30150 30200 433
20200901 1356 30200 30200 30150 30150 20
20200901 1357 30150 30150 30150 30150 3
20200901 1358 30150 30200 30150 30200 33
20200901 1359 30150 30200 30150 30200 1475
20200901 1400 30150 30200 30150 30150 46
20200901 1401 30150 30200 30150 30150 238
20200901 1402 30200 30200 30100 30150 662
20200901 1403 30150 30150 30100 30100 43
20200901 1404 30100 30150 30100 30150 1766
20200901 1405 30100 30150 30100 30150 17
20200901 1406 30150 30150 30100 30150 433
20200901 1407 30150 30150 30100 30100 59
20200901 1408 30100 30150 30100 30150 17
20200901 1409 30150 30150 30100 30150 768
20200901 1410 30150 30150 30150 30150 1
20200901 1411 30150 30150 30100 30150 1138
20200901 1412 30150 30150 30100 30100 19
20200901 1413 30100 30150 30100 30150 185
20200901 1414 30150 30150 30100 30150 124
20200901 1415 30200 30200 30150 30200 12
20200901 1416 30200 30200 30100 30150 602
20200901 1417 30150 30150 30100 30100 32
20200901 1418 30100 30150 30100 30150 64
20200901 1419 30100 30150 30100 30150 142
20200901 1420 30150 30150 30100 30100 12
20200901 1421 30100 30100 30100 30100 10
20200901 1422 30150 30150 30100 30100 191
20200901 1423 30100 30150 30100 30150 20
20200901 1424 30100 30150 30100 30150 4
20200901 1425 30100 30150 30050 30050 1211
20200901 1426 30050 30050 30050 30050 93
20200901 1427 30050 30050 30000 30050 4194
20200901 1428 30050 30100 30050 30100 47
20200901 1429 30050 30100 30050 30100 1137
20200901 1430 30100 30100 30050 30050 37
20200901 1431 30050 30100 30050 30100 22
20200901 1432 30050 30100 30050 30100 189
20200901 1433 30100 30100 30050 30100 53
20200901 1434 30100 30100 30050 30050 83
20200901 1435 30050 30100 30050 30100 148
20200901 1436 30050 30050 30050 30050 2
20200901 1437 30050 30050 30050 30050 16
20200901 1438 30100 30100 30050 30100 23
20200901 1439 30100 30100 30050 30050 17
20200901 1440 30050 30100 30050 30050 154
20200901 1441 30050 30050 30050 30050 693
20200901 1442 30050 30100 30050 30050 140
20200901 1443 30050 30050 30000 30050 949
20200901 1444 30000 30050 30000 30000 78
20200901 1445 30000 30050 30000 30050 41
20200901 1446 30050 30050 30000 30000 197
20200901 1447 30000 30050 30000 30050 79
20200901 1448 30050 30050 30050 30050 108
20200901 1449 30050 30050 30000 30050 1185
20200901 1450 30050 30050 30050 30050 413
20200901 1451 30050 30100 30050 30100 37
20200901 1452 30100 30100 30050 30100 155
20200901 1453 30150 30150 30100 30100 253
20200901 1454 30150 30150 30100 30100 76
20200901 1455 30150 30150 30100 30150 185
20200901 1456 30100 30150 30050 30050 896
20200901 1457 30050 30150 30050 30100 1303
20200901 1458 30050 30100 30050 30100 798
20200901 1459 30100 30150 30100 30150 98
20200901 1500 30100 30150 30100 30100 1219
20200901 1501 30100 30150 30100 30100 83
20200901 1502 30100 30150 30100 30150 208
20200901 1503 30150 30150 30100 30150 247
20200901 1504 30100 30150 30100 30100 86
20200901 1505 30100 30100 30100 30100 36
20200901 1506 30100 30150 30100 30100 527
20200901 1507 30100 30150 30100 30150 108
20200901 1508 30150 30150 30100 30150 302
20200901 1509 30150 30150 30100 30150 1215
20200901 1510 30150 30150 30150 30150 37
20200901 1511 30150 30200 30150 30150 158
20200901 1512 30150 30200 30100 30100 286
20200901 1513 30100 30150 30050 30050 2176
20200901 1514 30050 30050 30050 30050 82
20200901 1515 30050 30100 30050 30100 898
20200901 1516 30100 30100 30050 30100 1435
20200901 1517 30100 30150 30100 30100 150
20200901 1518 30150 30150 30100 30100 502
20200901 1519 30100 30100 30100 30100 159
20200901 1520 30100 30200 30050 30100 1448
20200901 1530 30150 30150 30150 30150 3072
