날짜 시간 시가 고가 저가 종가 거래량
20200803 904 13760 13760 13760 13760 2
20200803 907 13760 13760 13760 13760 16
20200803 912 13720 13720 13720 13720 20
20200803 935 13790 13790 13790 13790 1
20200803 1053 13790 13795 13790 13795 113
20200803 1129 13795 13795 13795 13795 15
20200803 1131 13790 13790 13775 13775 32
20200803 1252 13815 13815 13815 13815 1
20200803 1313 13815 13815 13815 13815 9
20200803 1336 13830 13830 13830 13830 4
20200803 1402 13860 13860 13860 13860 1
20200803 1503 13885 13885 13885 13885 2
20200803 1514 13895 13895 13895 13895 7
20200803 1518 13860 13860 13860 13860 86
20200803 1530 13905 13905 13905 13905 200
20200804 901 14020 14020 14020 14020 3
20200804 931 13980 13980 13980 13980 100
20200804 1057 13980 13980 13980 13980 1
20200804 1118 13985 13985 13985 13985 9
20200804 1240 13980 13980 13980 13980 200
20200804 1245 13975 13975 13975 13975 2
20200804 1248 13970 13970 13970 13970 2
20200804 1252 13965 13965 13965 13965 2
20200804 1316 13940 13940 13940 13940 2
20200804 1329 13935 13935 13935 13935 1
20200804 1406 13930 13930 13930 13930 1
20200804 1407 13925 13925 13925 13925 1
20200804 1414 13920 13920 13920 13920 1
20200804 1426 13900 13900 13900 13900 3800
20200804 1452 13930 13930 13930 13930 3999
20200804 1530 13990 13990 13990 13990 200
20200805 901 14030 14030 14030 14030 5
20200805 945 14105 14105 14100 14100 13
20200805 958 14110 14110 14105 14105 23
20200805 1002 14105 14105 14105 14105 11
20200805 1003 14100 14100 14100 14100 25
20200805 1010 14120 14120 14115 14115 10
20200805 1011 14110 14115 14110 14115 25
20200805 1012 14115 14115 14115 14115 2
20200805 1013 14105 14105 14105 14105 10
20200805 1014 14100 14100 14100 14100 65
20200805 1015 14090 14090 14090 14090 20
20200805 1025 14080 14080 14080 14080 19
20200805 1030 14090 14090 14090 14090 9
20200805 1033 14090 14090 14090 14090 10
20200805 1034 14085 14085 14075 14075 30
20200805 1041 14070 14070 14070 14070 10
20200805 1049 14080 14080 14080 14080 10
20200805 1050 14075 14075 14075 14075 143
20200805 1102 14065 14065 14065 14065 10
20200805 1143 14115 14130 14115 14130 10
20200805 1156 14135 14135 14135 14135 2
20200805 1215 14135 14135 14135 14135 3
20200805 1221 14135 14135 14135 14135 5
20200805 1243 14140 14140 14140 14140 14
20200805 1245 14145 14145 14145 14145 10
20200805 1247 14160 14160 14160 14160 15
20200805 1300 14165 14165 14165 14165 10
20200805 1316 14215 14215 14215 14215 70
20200805 1318 14215 14215 14215 14215 22
20200805 1319 14215 14215 14215 14215 2
20200805 1336 14190 14190 14190 14190 10
20200805 1340 14190 14190 14190 14190 2
20200805 1353 14160 14160 14145 14145 36
20200805 1423 14160 14160 14160 14160 10
20200805 1434 14185 14185 14185 14185 7
20200805 1457 14190 14190 14190 14190 54
20200805 1518 14190 14190 14190 14190 54
20200805 1530 14255 14255 14255 14255 200
20200806 901 14315 14315 14315 14315 8
20200806 906 14315 14315 14315 14315 230
20200806 909 14315 14315 14315 14315 6
20200806 911 14315 14315 14315 14315 3
20200806 915 14315 14315 14315 14315 15
20200806 922 14265 14265 14265 14265 176
20200806 950 14335 14335 14335 14335 1
20200806 1010 14365 14365 14365 14365 20000
20200806 1011 14370 14370 14370 14370 20000
20200806 1021 14365 14365 14365 14365 7204
20200806 1022 14365 14365 14365 14365 7796
20200806 1059 14365 14365 14365 14365 1
20200806 1104 14330 14330 14330 14330 20
20200806 1108 14330 14330 14295 14295 30
20200806 1110 14290 14290 14290 14290 19
20200806 1113 14280 14280 14280 14280 19
20200806 1116 14285 14285 14285 14285 19
20200806 1118 14290 14290 14290 14290 19
20200806 1121 14300 14300 14300 14300 20
20200806 1122 14310 14310 14310 14310 1604
20200806 1123 14305 14305 14305 14305 531
20200806 1126 14310 14310 14310 14310 19
20200806 1127 14305 14305 14305 14305 500
20200806 1129 14300 14300 14300 14300 19
20200806 1130 14305 14305 14305 14305 1458
20200806 1131 14300 14300 14280 14280 520
20200806 1134 14275 14275 14275 14275 19
20200806 1137 14270 14270 14270 14270 19
20200806 1139 14270 14270 14270 14270 2271
20200806 1142 14265 14265 14265 14265 19
20200806 1144 14260 14260 14260 14260 20
20200806 1147 14260 14260 14245 14245 103
20200806 1148 14250 14250 14250 14250 2475
20200806 1150 14255 14255 14250 14250 519
20200806 1152 14250 14250 14250 14250 19
20200806 1153 14250 14250 14250 14250 500
20200806 1155 14245 14245 14235 14235 1671
20200806 1157 14245 14245 14245 14245 500
20200806 1158 14245 14245 14245 14245 19
20200806 1200 14240 14240 14240 14240 19
20200806 1203 14240 14240 14230 14240 1701
20200806 1205 14255 14255 14255 14255 19
20200806 1206 14250 14250 14250 14250 500
20200806 1208 14250 14250 14250 14250 20
20200806 1210 14265 14265 14265 14265 500
20200806 1211 14265 14270 14265 14270 2047
20200806 1213 14270 14270 14270 14270 19
20200806 1214 14275 14275 14275 14275 500
20200806 1216 14275 14275 14275 14275 19
20200806 1218 14285 14285 14285 14285 20
20200806 1219 14290 14290 14290 14290 1651
20200806 1221 14300 14300 14300 14300 19
20200806 1223 14290 14290 14290 14290 500
20200806 1224 14290 14290 14290 14290 19
20200806 1226 14300 14300 14300 14300 19
20200806 1227 14300 14300 14300 14300 500
20200806 1229 14285 14285 14285 14285 19
20200806 1232 14285 14290 14285 14290 520
20200806 1234 14280 14280 14280 14280 19
20200806 1235 14300 14300 14300 14300 1237
20200806 1236 14300 14300 14300 14300 500
20200806 1237 14300 14300 14300 14300 19
20200806 1238 14305 14305 14305 14305 4
20200806 1239 14305 14305 14295 14295 19
20200806 1240 14305 14305 14305 14305 500
20200806 1242 14310 14310 14300 14300 2077
20200806 1243 14305 14305 14305 14305 1973
20200806 1245 14300 14300 14295 14295 20
20200806 1246 14305 14305 14305 14305 500
20200806 1247 14295 14295 14295 14295 19
20200806 1249 14300 14300 14300 14300 500
20200806 1250 14295 14295 14295 14295 19
20200806 1252 14305 14305 14305 14305 1332
20200806 1253 14300 14300 14300 14300 19
20200806 1255 14285 14285 14285 14285 20
20200806 1258 14295 14295 14295 14295 1019
20200806 1300 14290 14290 14290 14290 19
20200806 1302 14290 14290 14290 14290 500
20200806 1303 14290 14290 14290 14290 19
20200806 1306 14285 14300 14285 14295 1219
20200806 1307 14295 14295 14295 14295 1451
20200806 1308 14300 14300 14300 14300 20
20200806 1309 14305 14305 14305 14305 1878
20200806 1311 14315 14315 14315 14315 519
20200806 1314 14305 14305 14305 14305 19
20200806 1316 14305 14305 14285 14285 219
20200806 1319 14280 14290 14280 14290 1020
20200806 1321 14300 14300 14300 14300 19
20200806 1322 14305 14305 14305 14305 1559
20200806 1323 14305 14305 14305 14305 1239
20200806 1324 14300 14300 14295 14295 519
20200806 1327 14285 14285 14285 14285 19
20200806 1328 14295 14295 14295 14295 500
20200806 1329 14290 14290 14290 14290 19
20200806 1332 14295 14295 14295 14295 2490
20200806 1335 14310 14310 14310 14310 19
20200806 1337 14310 14310 14310 14310 519
20200806 1340 14300 14300 14300 14300 19
20200806 1341 14310 14310 14310 14310 500
20200806 1342 14305 14305 14305 14305 19
20200806 1345 14310 14320 14310 14320 1160
20200806 1348 14300 14310 14300 14310 2589
20200806 1350 14310 14315 14310 14315 519
20200806 1353 14310 14310 14310 14310 19
20200806 1354 14310 14310 14310 14310 500
20200806 1356 14325 14325 14325 14325 20
20200806 1358 14315 14320 14315 14320 519
20200806 1401 14315 14315 14315 14315 19
20200806 1403 14325 14325 14325 14325 519
20200806 1404 14330 14330 14330 14330 1608
20200806 1406 14320 14320 14320 14320 19
20200806 1407 14320 14320 14320 14320 500
20200806 1409 14325 14335 14325 14335 1622
20200806 1411 14335 14335 14335 14335 519
20200806 1412 14340 14340 14340 14340 1168
20200806 1414 14330 14330 14330 14330 19
20200806 1416 14330 14330 14330 14330 500
20200806 1417 14330 14330 14330 14330 19
20200806 1419 14330 14330 14330 14330 20
20200806 1420 14330 14330 14330 14330 500
20200806 1421 14335 14335 14335 14335 1820
20200806 1422 14335 14335 14325 14325 240
20200806 1424 14325 14325 14320 14320 519
20200806 1427 14325 14325 14325 14325 19
20200806 1428 14325 14325 14325 14325 1577
20200806 1429 14325 14325 14325 14325 500
20200806 1430 14335 14335 14335 14335 19
20200806 1432 14325 14325 14325 14325 20
20200806 1433 14330 14330 14330 14330 500
20200806 1435 14325 14325 14325 14325 19
20200806 1436 14340 14340 14340 14340 1633
20200806 1438 14335 14335 14335 14335 19
20200806 1440 14325 14325 14320 14320 19
20200806 1442 14330 14330 14330 14330 500
20200806 1443 14320 14320 14320 14320 20
20200806 1445 14320 14320 14320 14320 19
20200806 1446 14320 14320 14320 14320 500
20200806 1448 14315 14315 14315 14315 19
20200806 1450 14315 14315 14315 14315 500
20200806 1451 14325 14325 14325 14325 19
20200806 1452 14335 14335 14335 14335 3405
20200806 1453 14335 14335 14325 14325 324
20200806 1455 14325 14325 14325 14325 500
20200806 1456 14320 14320 14320 14320 19
20200806 1459 14300 14305 14300 14305 520
20200806 1502 14315 14315 14315 14315 1415
20200806 1503 14315 14315 14315 14315 100
20200806 1504 14315 14315 14315 14315 500
20200806 1508 14320 14320 14320 14320 2295
20200806 1512 14320 14320 14320 14320 500
20200806 1517 14315 14320 14315 14320 2105
20200806 1518 14315 14315 14310 14310 2000
20200806 1530 14400 14400 14400 14400 200
20200807 901 14460 14460 14460 14460 9
20200807 924 14460 14460 14460 14460 7
20200807 927 14520 14520 14520 14520 20
20200807 932 14520 14520 14520 14520 69
20200807 944 14515 14515 14515 14515 6
20200807 958 14480 14480 14480 14480 6
20200807 1009 14480 14480 14480 14480 94
20200807 1029 14455 14455 14455 14455 11
20200807 1030 14450 14450 14450 14450 10
20200807 1032 14445 14445 14445 14445 2
20200807 1034 14440 14440 14440 14440 1
20200807 1035 14435 14435 14435 14435 1
20200807 1104 14485 14485 14485 14485 3
20200807 1107 14485 14485 14485 14485 17
20200807 1109 14505 14505 14505 14505 2
20200807 1124 14475 14475 14475 14475 1
20200807 1127 14460 14460 14460 14460 15
20200807 1130 14430 14430 14430 14430 1
20200807 1132 14425 14425 14425 14425 10
20200807 1133 14420 14420 14420 14420 10
20200807 1135 14415 14415 14415 14415 11
20200807 1141 14410 14410 14410 14410 10
20200807 1212 14385 14405 14385 14405 6
20200807 1218 14405 14405 14405 14405 14
20200807 1229 14385 14385 14385 14385 26
20200807 1431 14440 14440 14440 14440 5
20200807 1530 14520 14520 14520 14520 2
20200810 901 14475 14475 14475 14475 7
20200810 902 14475 14475 14475 14475 4
20200810 906 14420 14420 14420 14420 7
20200810 907 14430 14475 14420 14420 26
20200810 915 14400 14400 14400 14400 100
20200810 1034 14400 14400 14400 14400 20
20200810 1101 14465 14465 14465 14465 5
20200810 1130 14440 14440 14440 14440 1
20200810 1138 14430 14430 14430 14430 19
20200810 1347 14500 14500 14500 14500 1
20200810 1404 14470 14470 14470 14470 4
20200810 1408 14455 14455 14455 14455 972
20200810 1409 14450 14450 14450 14450 205
20200810 1410 14450 14450 14450 14450 208
20200810 1411 14455 14455 14455 14455 1581
20200810 1412 14455 14455 14455 14455 706
20200810 1413 14460 14460 14445 14445 1570
20200810 1414 14450 14455 14450 14455 705
20200810 1415 14460 14460 14460 14460 1388
20200810 1416 14470 14470 14465 14470 22702
20200810 1417 14460 14460 14460 14460 705
20200810 1418 14470 14470 14465 14465 1217
20200810 1419 14450 14450 14450 14450 705
20200810 1420 14460 14465 14460 14465 1948
20200810 1421 14465 14465 14465 14465 205
20200810 1422 14455 14465 14455 14465 1722
20200810 1423 14465 14465 14465 14465 205
20200810 1424 14460 14465 14460 14465 1943
20200810 1425 14470 14470 14465 14465 705
20200810 1426 14465 14470 14465 14470 1500
20200810 1427 14465 14470 14465 14470 705
20200810 1428 14465 14465 14465 14465 205
20200810 1429 14470 14480 14465 14480 6666
20200810 1430 14460 14460 14460 14460 205
20200810 1431 14470 14470 14470 14470 1914
20200810 1432 14475 14475 14475 14475 705
20200810 1433 14475 14475 14470 14470 1751
20200810 1434 14465 14465 14465 14465 205
20200810 1435 14470 14470 14465 14465 706
20200810 1436 14465 14465 14465 14465 1305
20200810 1437 14470 14470 14470 14470 205
20200810 1438 14460 14470 14460 14465 2154
20200810 1439 14450 14450 14450 14450 205
20200810 1440 14455 14455 14455 14455 1673
20200810 1441 14445 14445 14445 14445 205
20200810 1442 14440 14445 14440 14445 1991
20200810 1443 14445 14445 14440 14440 706
20200810 1444 14440 14440 14440 14440 205
20200810 1445 14450 14450 14435 14435 1695
20200810 1446 14440 14440 14440 14440 205
20200810 1447 14440 14440 14430 14430 1970
20200810 1448 14430 14430 14430 14430 705
20200810 1449 14425 14435 14425 14435 1398
20200810 1450 14425 14425 14425 14425 205
20200810 1451 14425 14430 14425 14430 2267
20200810 1452 14425 14425 14425 14425 205
20200810 1453 14430 14435 14430 14435 706
20200810 1454 14435 14435 14425 14425 1486
20200810 1455 14420 14420 14420 14420 206
20200810 1456 14430 14435 14430 14435 1972
20200810 1457 14435 14435 14435 14435 205
20200810 1458 14430 14430 14430 14430 705
20200810 1459 14435 14445 14435 14445 1267
20200810 1500 14440 14440 14440 14440 205
20200810 1501 14445 14445 14440 14445 2399
20200810 1502 14445 14445 14445 14445 205
20200810 1503 14450 14450 14450 14450 1323
20200810 1504 14450 14460 14450 14460 3677
20200810 1505 14445 14445 14445 14445 206
20200810 1506 14455 14455 14450 14450 2341
20200810 1507 14445 14445 14445 14445 206
20200810 1508 14450 14450 14450 14450 205
20200810 1509 14460 14460 14450 14450 5206
20200810 1510 14450 14450 14440 14440 3458
20200810 1511 14445 14445 14445 14445 705
20200810 1512 14450 14450 14450 14450 1349
20200810 1513 14445 14445 14445 14445 205
20200810 1514 14445 14450 14445 14445 2316
20200810 1515 14445 14445 14445 14445 205
20200810 1516 14435 14445 14435 14445 1582
20200810 1517 14445 14450 14445 14450 21971
20200810 1518 14440 14450 14440 14450 2706
20200810 1530 14470 14470 14470 14470 1028
20200811 901 14465 14465 14465 14465 281
20200811 930 14540 14540 14540 14540 50
20200811 936 14575 14575 14575 14575 37
20200811 1018 14575 14575 14575 14575 40
20200811 1022 14575 14575 14575 14575 23
20200811 1049 14630 14630 14630 14630 543
20200811 1050 14630 14630 14625 14625 6066
20200811 1051 14620 14630 14620 14630 528
20200811 1052 14630 14630 14630 14630 529
20200811 1053 14625 14625 14620 14625 5149
20200811 1054 14620 14620 14620 14620 528
20200811 1055 14625 14630 14625 14630 530
20200811 1056 14630 14630 14615 14615 6005
20200811 1057 14605 14615 14565 14565 1526
20200811 1058 14440 14440 14400 14400 17
20200811 1100 14395 14395 14395 14395 1
20200811 1101 14395 14395 14395 14395 1
20200811 1102 14395 14610 14395 14610 6058
20200811 1103 14585 14600 14585 14600 7140
20200811 1104 14610 14610 14590 14590 656
20200811 1105 14585 14585 14585 14585 123
20200811 1106 14585 14595 14585 14595 1087
20200811 1107 14595 14610 14595 14610 4602
20200811 1108 14605 14605 14605 14605 123
20200811 1109 14605 14605 14605 14605 411
20200811 1110 14595 14595 14595 14595 535
20200811 1111 14605 14605 14600 14600 7543
20200811 1112 14600 14600 14600 14600 411
20200811 1113 14600 14600 14600 14600 534
20200811 1114 14590 14590 14590 14590 123
20200811 1115 14595 14595 14595 14595 411
20200811 1116 14600 14600 14600 14600 535
20200811 1117 14600 14605 14600 14600 12273
20200811 1118 14600 14600 14600 14600 411
20200811 1119 14600 14600 14600 14600 534
20200811 1120 14600 14600 14600 14600 123
20200811 1121 14600 14600 14600 14600 411
20200811 1122 14610 14615 14605 14615 6092
20200811 1123 14660 14660 14615 14615 124
20200811 1124 14615 14620 14615 14620 7005
20200811 1125 14615 14620 14615 14620 534
20200811 1126 14625 14625 14625 14625 123
20200811 1127 14625 14625 14625 14625 5424
20200811 1128 14625 14625 14625 14625 534
20200811 1129 14615 14615 14615 14615 534
20200811 1130 14620 14620 14620 14620 7139
20200811 1131 14620 14620 14620 14620 534
20200811 1132 14615 14615 14615 14615 535
20200811 1134 14625 14630 14625 14630 5344
20200811 1135 14625 14625 14625 14625 534
20200811 1137 14620 14620 14620 14620 534
20200811 1138 14615 14615 14610 14610 140
20200811 1139 14610 14610 14610 14610 409
20200811 1140 14605 14610 14605 14605 1084
20200811 1141 14610 14610 14605 14605 418
20200811 1143 14600 14610 14600 14610 650
20200811 1144 14605 14615 14605 14615 7301
20200811 1146 14610 14610 14610 14610 534
20200811 1147 14620 14625 14615 14615 5928
20200811 1149 14615 14620 14615 14620 548
20200811 1150 14630 14630 14630 14630 7410
20200811 1152 14620 14620 14620 14620 571
20200811 1153 14625 14630 14625 14630 534
20200811 1154 14625 14635 14625 14635 17670
20200811 1155 14640 14650 14640 14650 547
20200811 1156 14640 14640 14640 14640 535
20200811 1158 14640 14645 14640 14645 537
20200811 1159 14645 14655 14645 14645 7622
20200811 1200 14645 14645 14645 14645 13
20200811 1201 14630 14640 14630 14640 6247
20200811 1202 14645 14650 14645 14650 535
20200811 1204 14650 14655 14650 14655 6959
20200811 1205 14660 14660 14650 14655 5048
20200811 1206 14670 14670 14670 14670 10
20200811 1207 14670 14670 14670 14670 5861
20200811 1208 14670 14670 14670 14670 535
20200811 1210 14670 14670 14670 14670 534
20200811 1211 14660 14670 14660 14670 7356
20200811 1213 14655 14655 14655 14655 535
20200811 1214 14660 14660 14660 14660 534
20200811 1215 14670 14670 14670 14670 5170
20200811 1216 14670 14670 14670 14670 548
20200811 1217 14670 14670 14670 14670 534
20200811 1218 14670 14670 14670 14670 6968
20200811 1219 14665 14665 14665 14665 535
20200811 1220 14670 14670 14665 14665 534
20200811 1222 14665 14670 14665 14670 5586
20200811 1223 14680 14680 14680 14680 534
20200811 1225 14670 14680 14670 14680 7633
20200811 1226 14685 14685 14680 14680 534
20200811 1228 14670 14675 14670 14675 6091
20200811 1229 14665 14670 14665 14670 534
20200811 1230 14665 14665 14665 14665 123
20200811 1231 14670 14670 14670 14670 7006
20200811 1232 14665 14665 14665 14665 534
20200811 1233 14670 14670 14660 14660 137
20200811 1234 14670 14670 14670 14670 411
20200811 1235 14660 14660 14660 14660 534
20200811 1236 14665 14665 14660 14660 130
20200811 1237 14660 14670 14660 14670 422
20200811 1238 14665 14665 14665 14665 7465
20200811 1239 14655 14655 14655 14655 123
20200811 1240 14655 14660 14655 14660 5621
20200811 1241 14655 14660 14655 14660 5512
20200811 1242 14650 14650 14650 14650 123
20200811 1243 14650 14650 14650 14650 412
20200811 1244 14645 14645 14645 14645 534
20200811 1245 14655 14655 14650 14650 534
20200811 1246 14660 14660 14660 14660 14
20200811 1247 14665 14665 14650 14655 554
20200811 1248 14660 14660 14655 14655 6192
20200811 1249 14665 14665 14665 14665 7139
20200811 1250 14660 14660 14655 14655 534
20200811 1251 14660 14660 14655 14655 534
20200811 1253 14660 14665 14660 14665 7028
20200811 1254 14660 14660 14660 14660 534
20200811 1255 14665 14665 14665 14665 4696
20200811 1256 14665 14670 14665 14670 534
20200811 1257 14655 14655 14645 14645 534
20200811 1258 14650 14650 14650 14650 7457
20200811 1259 14635 14640 14635 14640 535
20200811 1300 14645 14650 14645 14650 547
20200811 1302 14635 14645 14635 14645 5367
20200811 1303 14690 14690 14635 14635 544
20200811 1304 14640 14640 14640 14640 20
20200811 1305 14635 14645 14635 14645 7837
20200811 1306 14645 14645 14645 14645 534
20200811 1307 14655 14655 14655 14655 13
20200811 1308 14650 14650 14650 14650 2685
20200811 1309 14655 14655 14635 14635 5968
20200811 1311 14645 14650 14645 14650 548
20200811 1312 14645 14645 14645 14645 7239
20200811 1314 14640 14640 14635 14635 534
20200811 1315 14640 14640 14640 14640 534
20200811 1316 14645 14645 14645 14645 5365
20200811 1317 14635 14635 14635 14635 535
20200811 1318 14635 14640 14635 14640 534
20200811 1320 14635 14635 14630 14630 534
20200811 1321 14630 14635 14630 14635 534
20200811 1322 14635 14635 14635 14635 5201
20200811 1323 14635 14635 14630 14630 535
20200811 1324 14640 14640 14635 14635 413
20200811 1325 14635 14635 14635 14635 6963
20200811 1326 14630 14630 14630 14630 534
20200811 1327 14630 14630 14630 14630 547
20200811 1328 14630 14635 14630 14635 12059
20200811 1329 14630 14630 14630 14630 535
20200811 1330 14640 14640 14635 14635 655
20200811 1332 14635 14635 14635 14635 534
20200811 1333 14635 14640 14635 14635 7400
20200811 1335 14630 14635 14630 14635 5458
20200811 1336 14630 14630 14630 14630 534
20200811 1338 14625 14625 14625 14625 534
20200811 1339 14600 14600 14600 14600 535
20200811 1341 14605 14605 14605 14605 534
20200811 1342 14605 14605 14600 14605 6007
20200811 1343 14615 14620 14615 14620 7227
20200811 1344 14615 14615 14615 14615 534
20200811 1345 14610 14610 14600 14600 10535
20200811 1346 14610 14610 14610 14610 6677
20200811 1347 14610 14610 14610 14610 534
20200811 1348 14600 14605 14600 14605 534
20200811 1350 14600 14610 14600 14610 5195
20200811 1351 14640 14640 14595 14595 536
20200811 1352 14600 14600 14600 14600 7491
20200811 1353 14605 14605 14605 14605 534
20200811 1354 14590 14595 14590 14595 547
20200811 1355 14645 14645 14590 14590 124
20200811 1356 14590 14590 14590 14590 411
20200811 1357 14595 14600 14595 14600 5248
20200811 1358 14590 14590 14590 14590 123
20200811 1359 14590 14590 14590 14590 411
20200811 1400 14595 14605 14595 14605 7971
20200811 1401 14595 14595 14595 14595 534
20200811 1403 14595 14595 14595 14595 535
20200811 1404 14600 14600 14600 14600 534
20200811 1405 14605 14610 14605 14610 5055
20200811 1406 14600 14610 14600 14610 7630
20200811 1407 14605 14605 14605 14605 534
20200811 1409 14600 14600 14600 14600 535
20200811 1410 14605 14605 14605 14605 534
20200811 1411 14615 14615 14615 14615 1
20200811 1412 14605 14615 14605 14615 535
20200811 1413 14615 14615 14600 14600 12683
20200811 1415 14605 14605 14595 14595 534
20200811 1416 14605 14605 14600 14600 548
20200811 1417 14615 14615 14615 14615 5633
20200811 1418 14615 14615 14615 14615 534
20200811 1419 14625 14625 14620 14620 7040
20200811 1421 14620 14620 14620 14620 534
20200811 1422 14625 14625 14625 14625 534
20200811 1423 14620 14620 14620 14620 5372
20200811 1424 14620 14620 14620 14620 534
20200811 1425 14625 14625 14625 14625 535
20200811 1426 14625 14625 14625 14625 6778
20200811 1427 14620 14620 14620 14620 548
20200811 1428 14615 14615 14615 14615 534
20200811 1429 14615 14615 14615 14615 5323
20200811 1430 14610 14610 14610 14610 534
20200811 1431 14600 14600 14600 14600 535
20200811 1433 14605 14605 14605 14605 7362
20200811 1434 14605 14605 14605 14605 534
20200811 1436 14605 14605 14605 14605 5810
20200811 1437 14595 14595 14595 14595 535
20200811 1438 14595 14595 14595 14595 14
20200811 1439 14590 14600 14590 14600 7395
20200811 1440 14600 14600 14600 14600 534
20200811 1442 14600 14600 14600 14600 534
20200811 1443 14590 14595 14590 14595 5058
20200811 1445 14585 14585 14585 14585 534
20200811 1446 14580 14580 14575 14575 8162
20200811 1448 14565 14570 14565 14570 549
20200811 1449 14570 14575 14570 14575 5133
20200811 1451 14575 14575 14575 14575 534
20200811 1452 14575 14575 14575 14575 534
20200811 1453 14585 14585 14585 14585 7539
20200811 1454 14590 14595 14590 14595 548
20200811 1455 14585 14585 14585 14585 535
20200811 1456 14580 14580 14580 14580 5577
20200811 1457 14590 14590 14590 14590 534
20200811 1458 14580 14580 14580 14580 534
20200811 1500 14585 14585 14585 14585 7108
20200811 1501 14585 14585 14580 14580 544
20200811 1503 14590 14590 14590 14590 5584
20200811 1504 14585 14585 14585 14585 534
20200811 1506 14595 14600 14595 14600 7636
20200811 1507 14600 14600 14600 14600 534
20200811 1509 14595 14595 14595 14595 534
20200811 1510 14595 14595 14595 14595 5725
20200811 1511 14600 14600 14600 14600 13
20200811 1512 14590 14590 14590 14590 534
20200811 1513 14585 14585 14585 14585 7482
20200811 1515 14585 14585 14585 14585 534
20200811 1516 14580 14585 14580 14585 547
20200811 1517 14585 14585 14585 14585 9070
20200811 1518 14585 14585 14585 14585 535
20200811 1530 14615 14615 14615 14615 200
20200812 901 14565 14565 14565 14565 7
20200812 904 14565 14565 14565 14565 4
20200812 908 14570 14570 14570 14570 21
20200812 928 14570 14570 14570 14570 10
20200812 934 14535 14535 14535 14535 15
20200812 953 14450 14450 14450 14450 10
20200812 956 14390 14390 14390 14390 400
20200812 1012 14430 14430 14430 14430 1200
20200812 1013 14450 14450 14450 14450 58
20200812 1049 14495 14495 14495 14495 3
20200812 1114 14535 14535 14535 14535 13
20200812 1154 14540 14540 14540 14540 14
20200812 1224 14490 14490 14490 14490 7
20200812 1241 14480 14495 14455 14495 265
20200812 1307 14460 14460 14460 14460 60
20200812 1402 14460 14460 14460 14460 43
20200812 1408 14480 14480 14480 14480 42
20200812 1414 14480 14480 14480 14480 1
20200812 1416 14460 14460 14460 14460 39
20200812 1425 14465 14465 14465 14465 1
20200812 1427 14450 14450 14450 14450 1
20200812 1530 14565 14565 14565 14565 400
20200813 901 14715 14715 14715 14715 5
20200813 906 14725 14725 14725 14725 5
20200813 921 14690 14690 14690 14690 20
20200813 1042 14695 14695 14695 14695 1
20200813 1043 14710 14710 14710 14710 38
20200813 1117 14700 14700 14700 14700 198
20200813 1217 14735 14735 14735 14735 10
20200813 1241 14745 14745 14745 14745 21
20200813 1249 14750 14750 14750 14750 1
20200813 1250 14750 14750 14750 14750 1
20200813 1332 14725 14725 14725 14725 3
20200813 1349 14715 14715 14715 14715 3
20200813 1401 14705 14705 14705 14705 40
20200813 1402 14700 14700 14700 14700 2
20200813 1437 14685 14685 14685 14685 70
20200813 1450 14625 14625 14625 14625 1
20200813 1453 14600 14600 14600 14600 83
20200813 1505 14565 14565 14565 14565 1
20200813 1530 14615 14615 14615 14615 100
20200814 901 14525 14525 14525 14525 5
20200814 910 14485 14485 14485 14485 7
20200814 923 14470 14470 14470 14470 100
20200814 924 14455 14455 14455 14455 100
20200814 927 14455 14455 14455 14455 70
20200814 929 14440 14440 14430 14430 25
20200814 944 14430 14430 14430 14430 200
20200814 950 14415 14415 14415 14415 2
20200814 1027 14315 14315 14315 14315 400
20200814 1031 14330 14330 14330 14330 3
20200814 1157 14380 14380 14380 14380 1
20200814 1204 14365 14365 14365 14365 2
20200814 1255 14350 14350 14350 14350 11
20200814 1256 14345 14345 14345 14345 14
20200814 1310 14330 14330 14330 14330 1
20200814 1346 14385 14385 14385 14385 3638
20200814 1348 14400 14405 14400 14405 3122
20200814 1350 14390 14390 14390 14390 4156
20200814 1353 14385 14390 14385 14390 2823
20200814 1355 14380 14380 14380 14380 4455
20200814 1357 14385 14390 14385 14390 3033
20200814 1400 14370 14390 14370 14390 4245
20200814 1402 14385 14385 14385 14385 3367
20200814 1404 14390 14390 14390 14390 3910
20200814 1406 14395 14395 14395 14395 3230
20200814 1409 14385 14385 14385 14385 4048
20200814 1411 14385 14395 14385 14395 2931
20200814 1413 14380 14380 14380 14380 4347
20200814 1416 14380 14380 14380 14380 3493
20200814 1418 14390 14390 14390 14390 3785
20200814 1420 14385 14385 14385 14385 3198
20200814 1423 14380 14380 14380 14380 4079
20200814 1425 14375 14385 14375 14385 2727
20200814 1427 14390 14400 14390 14400 4551
20200814 1429 14370 14370 14370 14370 3049
20200814 1431 14370 14370 14370 14370 20
20200814 1432 14365 14375 14365 14375 4229
20200814 1434 14355 14360 14355 14360 2915
20200814 1436 14345 14355 14345 14355 4364
20200814 1439 14350 14360 14350 14360 3386
20200814 1441 14350 14350 14350 14350 3891
20200814 1443 14345 14345 14345 14345 3024
20200814 1446 14355 14355 14355 14355 4254
20200814 1448 14350 14350 14350 14350 3319
20200814 1450 14345 14350 14345 14350 3959
20200814 1452 14350 14355 14350 14350 3015
20200814 1455 14355 14355 14355 14355 4263
20200814 1457 14355 14360 14355 14360 3378
20200814 1459 14375 14375 14375 14375 3899
20200814 1502 14370 14370 14370 14370 3284
20200814 1504 14390 14390 14390 14390 3994
20200814 1505 14390 14390 14390 14390 28
20200814 1506 14390 14395 14390 14395 3326
20200814 1509 14390 14390 14390 14390 3952
20200814 1511 14390 14390 14390 14390 2630
20200814 1513 14395 14395 14395 14395 4648
20200814 1515 14395 14395 14390 14390 3674
20200814 1530 14395 14395 14395 14395 7662
20200818 902 14395 14395 14395 14395 1
20200818 905 14440 14440 14440 14440 1
20200818 909 14450 14450 14450 14450 207
20200818 923 14410 14410 14410 14410 2
20200818 924 14440 14440 14440 14440 6
20200818 949 14470 14470 14470 14470 200
20200818 959 14470 14470 14470 14470 35
20200818 1013 14470 14470 14470 14470 28
20200818 1017 14430 14430 14430 14430 1
20200818 1034 14405 14405 14405 14405 3
20200818 1046 14365 14365 14365 14365 8
20200818 1047 14360 14360 14360 14360 4
20200818 1049 14380 14385 14380 14385 8
20200818 1050 14390 14390 14390 14390 4
20200818 1051 14395 14395 14395 14395 4
20200818 1102 14420 14420 14420 14420 4
20200818 1103 14420 14420 14420 14420 4
20200818 1111 14395 14395 14395 14395 12
20200818 1120 14370 14375 14370 14375 19
20200818 1121 14385 14385 14385 14385 4
20200818 1123 14385 14385 14385 14385 4
20200818 1126 14385 14390 14385 14390 8
20200818 1127 14395 14395 14395 14395 4
20200818 1128 14395 14395 14395 14395 4
20200818 1129 14400 14400 14400 14400 4
20200818 1204 14365 14365 14365 14365 4
20200818 1206 14365 14365 14365 14365 4
20200818 1209 14365 14365 14365 14365 4
20200818 1210 14370 14370 14370 14370 4
20200818 1212 14360 14365 14360 14365 31
20200818 1213 14365 14375 14365 14375 32
20200818 1222 14400 14400 14400 14400 8
20200818 1224 14400 14400 14400 14400 4
20200818 1225 14400 14400 14400 14400 4
20200818 1227 14400 14400 14400 14400 60
20200818 1228 14405 14405 14405 14405 3
20200818 1230 14400 14400 14400 14400 5
20200818 1237 14425 14435 14425 14435 12
20200818 1241 14430 14430 14430 14430 4
20200818 1242 14435 14435 14435 14435 4
20200818 1243 14435 14435 14435 14435 4
20200818 1244 14440 14440 14440 14440 4
20200818 1257 14435 14435 14435 14435 4
20200818 1259 14445 14445 14445 14445 3
20200818 1304 14440 14440 14440 14440 4
20200818 1306 14440 14440 14440 14440 4
20200818 1310 14440 14440 14440 14440 4
20200818 1311 14440 14440 14440 14440 1
20200818 1313 14435 14435 14435 14435 4
20200818 1317 14435 14435 14435 14435 8
20200818 1318 14440 14440 14440 14440 3
20200818 1319 14440 14445 14440 14445 8
20200818 1320 14450 14450 14450 14450 4
20200818 1321 14455 14455 14455 14455 8
20200818 1323 14445 14445 14445 14445 4
20200818 1327 14445 14445 14445 14445 610
20200818 1329 14430 14440 14430 14430 16
20200818 1330 14440 14440 14440 14440 4
20200818 1333 14420 14425 14420 14425 8
20200818 1403 14395 14395 14395 14395 1
20200818 1407 14390 14390 14390 14390 1
20200818 1421 14390 14390 14390 14390 69
20200818 1428 14320 14320 14320 14320 9
20200818 1429 14320 14320 14320 14320 5
20200818 1438 14285 14285 14285 14285 15
20200818 1446 14195 14195 14195 14195 83
20200818 1447 14170 14170 14170 14170 83
20200818 1455 14155 14155 14155 14155 1
20200818 1530 14150 14150 14150 14150 100
20200819 901 14235 14235 14235 14235 45
20200819 904 14235 14235 14235 14235 30
20200819 935 14230 14230 14230 14230 5
20200819 959 14140 14140 14140 14140 2
20200819 1009 14230 14230 14230 14230 92
20200819 1040 14230 14230 14230 14230 98
20200819 1057 14175 14175 14175 14175 2
20200819 1235 14225 14225 14225 14225 1
20200819 1301 14220 14220 14220 14220 1
20200819 1313 14160 14160 14160 14160 1
20200819 1322 14160 14160 14160 14160 35
20200819 1355 14155 14155 14155 14155 1
20200819 1441 14195 14195 14195 14195 1
20200819 1530 14175 14175 14175 14175 203
20200820 901 14085 14085 14085 14085 48
20200820 906 14085 14085 14085 14085 6
20200820 929 14165 14165 14165 14165 852
20200820 949 14075 14075 14075 14075 1
20200820 1006 14010 14010 14010 14010 18
20200820 1011 14010 14010 13960 13960 18
20200820 1014 13995 13995 13995 13995 17
20200820 1017 13975 13975 13975 13975 18
20200820 1020 13960 13960 13960 13960 1
20200820 1023 13930 13930 13930 13930 33
20200820 1026 13925 13925 13925 13925 1
20200820 1029 13915 13920 13915 13920 52
20200820 1034 13915 13915 13900 13900 7
20200820 1035 13875 13875 13875 13875 17
20200820 1038 13870 13870 13870 13870 17
20200820 1041 13865 13865 13865 13865 1
20200820 1043 13860 13860 13860 13860 1
20200820 1044 13825 13825 13825 13825 34
20200820 1046 13820 13820 13820 13820 2
20200820 1047 13810 13810 13810 13810 17
20200820 1050 13805 13805 13805 13805 1
20200820 1053 13800 13800 13755 13800 41
20200820 1055 13800 13800 13800 13800 1
20200820 1056 13755 13755 13755 13755 11
20200820 1058 13795 13800 13795 13800 53
20200820 1102 13815 13815 13815 13815 17
20200820 1105 13835 13845 13835 13845 35
20200820 1109 13865 13865 13865 13865 17
20200820 1111 13865 13865 13860 13860 19
20200820 1117 13805 13805 13805 13805 17
20200820 1120 13815 13815 13815 13815 17
20200820 1121 13840 13840 13840 13840 18
20200820 1125 13835 13835 13835 13835 1
20200820 1126 13835 13840 13835 13840 166
20200820 1128 13795 13795 13795 13795 17
20200820 1131 13785 13785 13785 13785 18
20200820 1134 13775 13775 13775 13775 17
20200820 1137 13765 13765 13765 13765 17
20200820 1140 13760 13760 13760 13760 2
20200820 1141 13760 13760 13760 13760 16
20200820 1143 13755 13755 13755 13755 1
20200820 1146 13730 13730 13730 13730 33
20200820 1149 13735 13735 13735 13735 18
20200820 1150 13745 13745 13745 13745 17
20200820 1155 13765 13765 13765 13765 18
20200820 1158 13755 13755 13755 13755 17
20200820 1201 13750 13750 13750 13750 17
20200820 1204 13740 13740 13740 13740 1
20200820 1207 13720 13720 13720 13720 34
20200820 1210 13705 13705 13705 13705 17
20200820 1213 13700 13700 13700 13700 18
20200820 1216 13695 13695 13695 13695 17
20200820 1219 13705 13715 13705 13715 35
20200820 1223 13735 13735 13735 13735 17
20200820 1228 13750 13750 13750 13750 17
20200820 1231 13755 13755 13755 13755 18
20200820 1233 13755 13755 13755 13755 17
20200820 1234 13765 13765 13765 13765 18
20200820 1238 13765 13765 13765 13765 1
20200820 1239 13735 13735 13735 13735 17
20200820 1242 13720 13720 13720 13720 17
20200820 1245 13720 13720 13720 13720 18
20200820 1248 13715 13715 13715 13715 1
20200820 1251 13700 13710 13700 13710 51
20200820 1257 13700 13730 13700 13730 34
20200820 1303 13730 13730 13730 13730 18
20200820 1306 13730 13730 13730 13730 17
20200820 1309 13730 13730 13730 13730 17
20200820 1311 13765 13765 13765 13765 18
20200820 1315 13760 13760 13760 13760 17
20200820 1316 13760 13760 13760 13760 7
20200820 1318 13755 13755 13755 13755 18
20200820 1321 13755 13755 13755 13755 17
20200820 1324 13740 13740 13740 13740 17
20200820 1327 13735 13735 13735 13735 18
20200820 1330 13740 13740 13740 13740 17
20200820 1333 13730 13730 13730 13730 17
20200820 1336 13735 13735 13735 13735 18
20200820 1339 13735 13735 13735 13735 17
20200820 1340 13735 13735 13735 13735 83
20200820 1342 13720 13720 13720 13720 1
20200820 1345 13710 13715 13710 13715 51
20200820 1350 13695 13695 13695 13695 17
20200820 1353 13690 13690 13690 13690 18
20200820 1356 13670 13670 13670 13670 17
20200820 1359 13670 13670 13670 13670 18
20200820 1402 13680 13680 13680 13680 17
20200820 1405 13710 13710 13710 13710 17
20200820 1408 13740 13745 13740 13745 35
20200820 1414 13740 13740 13740 13740 15
20200820 1416 13740 13750 13740 13750 10
20200820 1417 13705 13705 13705 13705 18
20200820 1420 13700 13700 13700 13700 17
20200820 1423 13720 13720 13720 13720 17
20200820 1426 13695 13695 13695 13695 18
20200820 1429 13670 13670 13670 13670 17
20200820 1432 13670 13670 13670 13670 17
20200820 1435 13670 13670 13670 13670 18
20200820 1438 13665 13665 13665 13665 17
20200820 1441 13650 13650 13650 13650 18
20200820 1442 13650 13650 13650 13650 32
20200820 1444 13615 13615 13615 13615 17
20200820 1447 13625 13625 13625 13625 17
20200820 1448 13650 13650 13650 13650 18
20200820 1453 13640 13640 13640 13640 17
20200820 1456 13665 13665 13665 13665 34
20200820 1458 13660 13660 13660 13660 1
20200820 1459 13635 13635 13635 13635 18
20200820 1500 13640 13640 13630 13630 130
20200820 1516 13650 13650 13650 13650 257
20200820 1530 13690 13690 13690 13690 200
20200821 914 13830 13840 13830 13840 85
20200821 915 13845 13850 13845 13850 20
20200821 917 13855 13855 13855 13855 10
20200821 918 13860 13860 13860 13860 10
20200821 924 13860 13860 13860 13860 10
20200821 926 13865 13870 13865 13870 20
20200821 927 13875 13880 13875 13880 20
20200821 929 13885 13885 13885 13885 80
20200821 934 13835 13835 13835 13835 7
20200821 1053 13750 13750 13750 13750 4
20200821 1131 13760 13760 13760 13760 50
20200821 1154 13805 13805 13805 13805 1
20200821 1155 13805 13805 13805 13805 9
20200821 1202 13825 13825 13825 13825 3
20200821 1222 13875 13875 13875 13875 2
20200821 1224 13895 13895 13895 13895 10
20200821 1303 13970 13970 13970 13970 2
20200821 1308 13970 13970 13970 13970 170
20200821 1309 13980 13980 13980 13980 160
20200821 1346 13995 13995 13995 13995 1
20200821 1358 13990 13990 13990 13990 3
20200821 1406 13995 13995 13995 13995 3
20200821 1416 13990 13990 13990 13990 1
20200821 1430 13985 13985 13985 13985 1
20200821 1458 13895 13895 13895 13895 16
20200821 1509 13840 13840 13840 13840 1
20200821 1510 13840 13840 13840 13840 1
20200821 1530 13895 13895 13895 13895 200
20200824 901 13900 13900 13900 13900 30
20200824 902 13890 13890 13890 13890 30
20200824 908 13820 13820 13820 13820 477
20200824 910 13865 13865 13865 13865 1
20200824 913 13900 13900 13900 13900 50
20200824 1004 13950 13950 13950 13950 100
20200824 1009 13970 13970 13970 13970 51
20200824 1102 14050 14050 14050 14050 10
20200824 1227 14055 14055 14055 14055 1
20200824 1300 14050 14050 14050 14050 31
20200824 1303 14065 14065 14065 14065 1
20200824 1403 14050 14050 14050 14050 13
20200824 1412 14050 14050 14050 14050 1
20200824 1451 14000 14000 14000 14000 5
20200824 1530 14105 14105 14105 14105 200
20200825 901 14220 14220 14220 14220 20
20200825 904 14140 14140 14140 14140 40
20200825 908 14160 14160 14160 14160 1
20200825 913 14105 14105 14105 14105 1
20200825 926 14130 14130 14130 14130 50
20200825 948 14110 14110 14070 14070 47
20200825 952 14110 14115 14110 14115 20
20200825 956 14110 14115 14110 14115 33
20200825 1004 14100 14100 14100 14100 1
20200825 1005 14100 14100 14100 14100 17
20200825 1007 14105 14105 14105 14105 18
20200825 1009 14105 14120 14095 14095 42
20200825 1012 14090 14090 14090 14090 18
20200825 1015 14110 14115 14110 14115 36
20200825 1016 14120 14120 14120 14120 17
20200825 1025 14110 14110 14110 14110 17
20200825 1027 14105 14105 14105 14105 18
20200825 1029 14135 14165 14135 14165 500
20200825 1037 14110 14110 14110 14110 18
20200825 1040 14110 14110 14110 14110 18
20200825 1042 14110 14110 14110 14110 17
20200825 1043 14120 14120 14120 14120 17
20200825 1045 14100 14100 14100 14100 18
20200825 1048 14100 14100 14100 14100 18
20200825 1050 14110 14110 14110 14110 17
20200825 1052 14115 14120 14115 14120 36
20200825 1100 14115 14115 14115 14115 18
20200825 1101 14135 14140 14135 14140 35
20200825 1103 14125 14125 14125 14125 18
20200825 1104 14140 14140 14140 14140 18
20200825 1109 14170 14170 14170 14170 17
20200825 1111 14170 14175 14170 14175 36
20200825 1119 14185 14185 14185 14185 160
20200825 1121 14180 14195 14180 14195 54
20200825 1123 14190 14195 14190 14195 34
20200825 1133 14190 14190 14190 14190 18
20200825 1135 14185 14185 14185 14185 1
20200825 1136 14185 14185 14185 14185 18
20200825 1139 14190 14190 14190 14190 17
20200825 1141 14185 14185 14185 14185 18
20200825 1144 14180 14180 14180 14180 18
20200825 1146 14180 14180 14180 14180 17
20200825 1148 14190 14190 14190 14190 18
20200825 1149 14195 14200 14195 14200 36
20200825 1156 14180 14180 14180 14180 17
20200825 1159 14180 14180 14180 14180 18
20200825 1202 14180 14180 14180 14180 18
20200825 1204 14185 14185 14185 14185 17
20200825 1207 14180 14180 14180 14180 18
20200825 1209 14180 14190 14180 14190 36
20200825 1212 14190 14195 14180 14195 52
20200825 1218 14185 14185 14185 14185 100
20200825 1222 14175 14175 14175 14175 18
20200825 1225 14165 14165 14165 14165 18
20200825 1227 14165 14165 14165 14165 17
20200825 1230 14170 14170 14170 14170 18
20200825 1232 14175 14175 14175 14175 18
20200825 1234 14185 14185 14185 14185 18
20200825 1235 14180 14185 14180 14185 36
20200825 1237 14180 14185 14180 14185 34
20200825 1248 14185 14185 14185 14185 18
20200825 1250 14175 14175 14175 14175 18
20200825 1253 14180 14180 14180 14180 17
20200825 1255 14180 14180 14180 14180 18
20200825 1258 14175 14175 14175 14175 18
20200825 1300 14175 14175 14175 14175 17
20200825 1301 14190 14200 14190 14200 53
20200825 1311 14185 14185 14185 14185 18
20200825 1313 14180 14180 14180 14180 18
20200825 1316 14160 14160 14160 14160 17
20200825 1318 14140 14140 14140 14140 18
20200825 1321 14140 14140 14140 14140 18
20200825 1324 14150 14150 14150 14150 17
20200825 1326 14155 14155 14155 14155 18
20200825 1327 14170 14170 14170 14170 17
20200825 1329 14165 14175 14165 14175 54
20200825 1339 14175 14175 14175 14175 18
20200825 1342 14165 14165 14165 14165 17
20200825 1344 14155 14155 14155 14155 18
20200825 1347 14160 14160 14160 14160 18
20200825 1349 14165 14175 14165 14175 34
20200825 1351 14180 14180 14180 14180 18
20200825 1352 14175 14180 14175 14180 36
20200825 1400 14190 14190 14190 14190 53
20200825 1508 14215 14215 14215 14215 480
20200825 1514 14275 14275 14275 14275 113
20200825 1517 14225 14225 14225 14225 543
20200825 1530 14270 14270 14270 14270 212
20200826 901 14320 14320 14270 14270 75
20200826 932 14305 14305 14305 14305 37
20200826 933 14275 14275 14275 14275 463
20200826 1007 14280 14280 14280 14280 35
20200826 1016 14280 14280 14280 14280 1
20200826 1204 14280 14280 14280 14280 1
20200826 1205 14260 14260 14260 14260 70
20200826 1306 14330 14330 14330 14330 60
20200826 1309 14335 14335 14335 14335 1
20200826 1315 14360 14360 14360 14360 70
20200826 1330 14340 14340 14340 14340 50
20200826 1331 14345 14345 14345 14345 5
20200826 1339 14340 14340 14340 14340 1
20200826 1343 14310 14310 14310 14310 1
20200826 1355 14375 14375 14375 14375 50
20200826 1401 14380 14380 14380 14380 1
20200826 1402 14370 14370 14370 14370 50
20200826 1409 14410 14410 14410 14410 1
20200826 1415 14405 14405 14405 14405 1973
20200826 1416 14395 14395 14395 14395 1452
20200826 1418 14395 14395 14395 14395 2494
20200826 1419 14400 14400 14400 14400 1925
20200826 1420 14405 14405 14405 14405 2022
20200826 1421 14400 14400 14400 14400 1973
20200826 1423 14415 14415 14415 14415 1973
20200826 1424 14410 14410 14410 14410 1856
20200826 1425 14405 14405 14405 14405 2091
20200826 1426 14415 14420 14415 14420 1951
20200826 1428 14430 14430 14430 14430 1995
20200826 1429 14430 14430 14430 14430 1852
20200826 1430 14430 14430 14430 14430 2095
20200826 1431 14440 14440 14440 14440 1564
20200826 1433 14440 14440 14440 14440 2382
20200826 1434 14440 14440 14440 14440 1872
20200826 1435 14435 14435 14435 14435 2075
20200826 1436 14425 14425 14425 14425 1607
20200826 1438 14430 14430 14430 14430 2339
20200826 1439 14405 14405 14405 14405 1835
20200826 1440 14400 14400 14400 14400 2112
20200826 1441 14410 14415 14410 14415 1581
20200826 1443 14405 14405 14405 14405 2365
20200826 1444 14400 14400 14400 14400 1565
20200826 1445 14395 14395 14395 14395 2382
20200826 1446 14395 14400 14395 14400 1497
20200826 1448 14380 14385 14380 14385 2450
20200826 1449 14395 14395 14395 14395 1937
20200826 1450 14405 14405 14405 14405 2009
20200826 1451 14400 14400 14400 14400 1732
20200826 1453 14400 14400 14400 14400 2215
20200826 1454 14415 14415 14415 14415 1707
20200826 1455 14405 14405 14405 14405 2239
20200826 1456 14405 14405 14405 14405 1700
20200826 1458 14400 14400 14400 14400 2247
20200826 1459 14405 14405 14405 14405 1613
20200826 1500 14400 14400 14400 14400 2333
20200826 1501 14400 14400 14400 14400 1770
20200826 1502 14395 14395 14395 14395 1
20200826 1503 14395 14395 14395 14395 2177
20200826 1504 14390 14390 14390 14390 1672
20200826 1505 14385 14385 14385 14385 2274
20200826 1506 14375 14375 14375 14375 1502
20200826 1508 14350 14370 14350 14370 2496
20200826 1509 14355 14355 14355 14355 1614
20200826 1510 14355 14355 14355 14355 2332
20200826 1511 14365 14365 14365 14365 1785
20200826 1512 14365 14365 14365 14365 2
20200826 1513 14355 14355 14355 14355 2162
20200826 1514 14360 14360 14360 14360 1703
20200826 1515 14360 14360 14360 14360 2243
20200826 1516 14375 14375 14375 14375 1974
20200826 1530 14395 14395 14395 14395 5195
20200827 904 14400 14400 14400 14400 13
20200827 908 14415 14415 14415 14415 3
20200827 912 14410 14410 14410 14410 130
20200827 915 14465 14465 14465 14465 4
20200827 928 14405 14405 14405 14405 110
20200827 930 14405 14405 14405 14405 21
20200827 939 14410 14410 14410 14410 207
20200827 940 14405 14405 14405 14405 1
20200827 946 14435 14435 14435 14435 1
20200827 947 14425 14425 14425 14425 1
20200827 950 14455 14455 14455 14455 1
20200827 956 14480 14480 14480 14480 6
20200827 1001 14480 14490 14480 14490 24
20200827 1006 14515 14515 14515 14515 3
20200827 1011 14495 14495 14460 14460 150
20200827 1013 14420 14420 14410 14410 100
20200827 1017 14400 14400 14400 14400 28
20200827 1025 14400 14400 14400 14400 50
20200827 1035 14400 14400 14400 14400 50
20200827 1041 14395 14395 14395 14395 1
20200827 1042 14390 14390 14390 14390 2
20200827 1043 14385 14385 14385 14385 2
20200827 1044 14380 14380 14380 14380 3
20200827 1045 14320 14320 14320 14320 12
20200827 1051 14345 14345 14345 14345 6
20200827 1054 14370 14370 14370 14370 7
20200827 1058 14340 14340 14340 14340 7
20200827 1101 14360 14360 14360 14360 6
20200827 1104 14375 14380 14375 14375 19
20200827 1110 14365 14365 14365 14365 6
20200827 1113 14355 14355 14355 14355 7
20200827 1116 14350 14350 14350 14350 7
20200827 1119 14350 14350 14350 14350 6
20200827 1122 14330 14330 14330 14330 7
20200827 1125 14320 14320 14320 14320 7
20200827 1128 14335 14360 14335 14360 53
20200827 1134 14345 14345 14345 14345 7
20200827 1137 14360 14360 14360 14360 6
20200827 1140 14360 14360 14360 14360 7
20200827 1143 14365 14365 14365 14365 7
20200827 1145 14370 14370 14370 14370 6
20200827 1148 14410 14410 14410 14410 1
20200827 1149 14375 14375 14375 14375 6
20200827 1152 14375 14375 14375 14375 6
20200827 1155 14370 14370 14370 14370 7
20200827 1158 14370 14370 14370 14370 7
20200827 1201 14370 14370 14370 14370 6
20200827 1204 14370 14370 14370 14370 7
20200827 1207 14360 14360 14360 14360 7
20200827 1209 14375 14375 14375 14375 6
20200827 1213 14365 14365 14365 14365 7
20200827 1216 14370 14370 14370 14370 7
20200827 1219 14385 14385 14385 14385 6
20200827 1222 14380 14380 14380 14380 7
20200827 1225 14380 14385 14380 14385 13
20200827 1227 14440 14440 14440 14440 1
20200827 1228 14440 14440 14440 14440 3
20200827 1232 14395 14395 14395 14395 7
20200827 1235 14395 14395 14395 14395 7
20200827 1238 14395 14395 14395 14395 6
20200827 1241 14395 14395 14395 14395 7
20200827 1244 14395 14395 14395 14395 7
20200827 1247 14395 14395 14395 14395 6
20200827 1250 14395 14395 14395 14395 7
20200827 1251 14405 14405 14405 14405 7
20200827 1256 14405 14405 14405 14405 6
20200827 1259 14395 14395 14395 14395 7
20200827 1302 14400 14400 14400 14400 6
20200827 1305 14395 14395 14395 14395 7
20200827 1308 14430 14430 14430 14430 50
20200827 1311 14390 14390 14390 14390 1
20200827 1314 14385 14385 14385 14385 19
20200827 1320 14380 14380 14380 14380 1
20200827 1323 14365 14375 14365 14375 19
20200827 1329 14375 14375 14375 14375 6
20200827 1330 14375 14375 14370 14370 13
20200827 1332 14365 14365 14365 14365 7
20200827 1335 14370 14370 14370 14370 7
20200827 1338 14370 14370 14370 14370 6
20200827 1341 14340 14340 14340 14340 7
20200827 1344 14340 14340 14340 14340 4
20200827 1345 14340 14340 14340 14340 3
20200827 1347 14320 14320 14320 14320 6
20200827 1350 14315 14315 14315 14315 7
20200827 1353 14340 14340 14340 14340 7
20200827 1355 14350 14350 14350 14350 6
20200827 1400 14350 14350 14350 14350 13
20200827 1410 14350 14350 14350 14350 3
20200827 1452 14365 14365 14365 14365 21
20200827 1516 14320 14325 14320 14325 24
20200827 1530 14360 14360 14360 14360 200
20200828 907 14410 14410 14410 14410 1
20200828 911 14325 14325 14325 14325 1
20200828 914 14325 14325 14325 14325 350
20200828 931 14315 14325 14315 14325 80
20200828 938 14335 14335 14335 14335 10
20200828 1006 14395 14395 14395 14395 35
20200828 1027 14335 14335 14335 14335 2
20200828 1109 14395 14395 14395 14395 1
20200828 1138 14395 14395 14395 14395 3
20200828 1139 14395 14395 14395 14395 7
20200828 1210 14400 14400 14400 14400 15
20200828 1216 14405 14405 14405 14405 4
20200828 1228 14405 14405 14405 14405 50
20200828 1309 14390 14390 14390 14390 1
20200828 1310 14390 14390 14390 14390 3
20200828 1336 14330 14330 14330 14330 8
20200828 1346 14260 14260 14260 14260 1
20200828 1356 14285 14285 14285 14285 3
20200828 1411 14285 14285 14250 14250 54
20200828 1519 14265 14265 14265 14265 70
20200828 1530 14310 14310 14310 14310 201
20200831 901 14410 14410 14410 14410 10
20200831 902 14410 14410 14410 14410 40
20200831 903 14400 14400 14400 14400 40
20200831 909 14415 14415 14415 14415 336
20200831 912 14410 14410 14410 14410 375
20200831 920 14375 14375 14375 14375 1
20200831 922 14365 14365 14365 14365 2
20200831 943 14370 14370 14370 14370 1
20200831 958 14325 14325 14325 14325 150
20200831 1020 14325 14325 14325 14325 21
20200831 1048 14290 14290 14290 14290 10
20200831 1051 14285 14285 14285 14285 1
20200831 1053 14270 14270 14270 14270 16
20200831 1055 14260 14260 14260 14260 5
20200831 1106 14260 14260 14260 14260 1
20200831 1115 14260 14260 14260 14260 3
20200831 1122 14260 14260 14260 14260 1
20200831 1131 14260 14260 14260 14260 10
20200831 1149 14250 14250 14250 14250 10
20200831 1159 14255 14255 14255 14255 10
20200831 1203 14250 14250 14250 14250 15
20200831 1206 14240 14240 14240 14240 10
20200831 1213 14225 14225 14225 14225 1
20200831 1215 14220 14220 14220 14220 5
20200831 1247 14175 14185 14175 14185 3
20200831 1248 14185 14185 14185 14185 3
20200831 1306 14155 14155 14155 14155 20
20200831 1316 14140 14140 14140 14140 35
20200831 1319 14135 14135 14135 14135 1
20200831 1320 14130 14130 14130 14130 1
20200831 1332 14110 14110 14105 14105 10
20200831 1339 14075 14075 14075 14075 1
20200831 1340 14060 14060 14060 14060 25
20200831 1358 14060 14060 14060 14060 10
20200831 1411 14060 14060 14060 14060 1
20200831 1455 14130 14130 14130 14130 3
20200831 1506 14130 14130 14130 14130 4
20200831 1530 14065 14065 14065 14065 612
