날짜 시간 시가 고가 저가 종가 거래량
20200302 1110 19335 19335 19335 19335 5
20200302 1516 19395 19395 19395 19395 1
20200302 1518 19420 19420 19420 19420 1
20200302 1520 19435 19435 19435 19435 1
20200303 922 19715 19715 19715 19715 519
20200303 1049 19605 19605 19605 19605 669
20200303 1114 19605 19605 19605 19605 1081
20200303 1151 19650 19650 19650 19650 1081
20200303 1152 19650 19650 19650 19650 10
20200303 1156 19640 19640 19640 19640 10
20200303 1158 19635 19635 19635 19635 1081
20200303 1200 19635 19645 19635 19645 1087
20200303 1201 19635 19635 19635 19635 4
20200303 1204 19655 19655 19655 19655 1081
20200303 1206 19660 19665 19660 19665 1091
20200303 1209 19665 19665 19660 19660 10
20200303 1213 19655 19655 19650 19650 10
20200303 1217 19640 19640 19640 19640 6
20200303 1218 19645 19645 19645 19645 4
20200303 1223 19655 19655 19655 19655 10
20200303 1226 19660 19660 19660 19660 10
20200303 1230 19665 19665 19665 19665 10
20200303 1236 19675 19675 19675 19675 10
20200303 1238 19655 19655 19655 19655 6
20200303 1240 19665 19665 19665 19665 4
20200303 1244 19665 19665 19665 19665 10
20200303 1246 19665 19665 19665 19665 6
20200303 1247 19660 19660 19660 19660 4
20200303 1251 19670 19675 19670 19675 1091
20200303 1255 19685 19685 19680 19680 10
20200303 1259 19670 19670 19670 19670 10
20200303 1303 19675 19675 19675 19675 6
20200303 1304 19675 19675 19675 19675 4
20200303 1307 19670 19670 19670 19670 1081
20200303 1308 19665 19665 19665 19665 10
20200303 1312 19685 19685 19685 19685 10
20200303 1316 19670 19675 19670 19675 10
20200303 1320 19655 19655 19655 19655 6
20200303 1321 19655 19655 19655 19655 4
20200303 1324 19645 19645 19645 19645 6
20200303 1325 19645 19645 19645 19645 4
20200303 1328 19610 19610 19610 19610 6
20200303 1329 19615 19615 19615 19615 4
20200303 1333 19595 19595 19595 19595 10
20200303 1337 19580 19585 19580 19585 10
20200303 1342 19605 19605 19605 19605 10
20200303 1345 19595 19595 19595 19595 6
20200303 1346 19595 19595 19595 19595 4
20200303 1349 19595 19595 19595 19595 6
20200303 1350 19590 19590 19590 19590 4
20200303 1354 19615 19615 19610 19610 10
20200303 1358 19600 19600 19600 19600 10
20200303 1402 19595 19595 19595 19595 10
20200303 1406 19600 19600 19600 19600 6
20200303 1407 19605 19605 19605 19605 4
20200303 1411 19580 19580 19580 19580 11
20200303 1412 19575 19585 19575 19585 2162
20200303 1415 19585 19585 19585 19585 10
20200303 1419 19580 19580 19580 19580 1093
20200303 1420 19585 19585 19585 19585 1081
20200303 1423 19575 19580 19575 19580 10
20200303 1424 19585 19585 19585 19585 1081
20200303 1425 19595 19595 19590 19590 2162
20200303 1428 19620 19620 19620 19620 12
20200303 1432 19600 19600 19600 19600 10
20200303 1434 19605 19605 19605 19605 1081
20200303 1436 19600 19600 19600 19600 12
20200303 1437 19600 19600 19600 19600 1081
20200303 1441 19620 19620 19620 19620 10
20200303 1444 19615 19620 19615 19620 12
20200303 1449 19610 19615 19610 19615 10
20200303 1453 19600 19600 19600 19600 12
20200303 1455 19605 19605 19605 19605 2162
20200303 1457 19610 19610 19610 19610 10
20200303 1501 19600 19600 19600 19600 12
20200303 1505 19550 19550 19545 19545 10
20200303 1510 19540 19540 19540 19540 12
20200303 1511 19520 19520 19520 19520 2
20200303 1514 19520 19520 19520 19520 10
20200303 1517 19495 19495 19495 19495 6
20200303 1518 19500 19500 19500 19500 12
20200303 1530 19515 19515 19515 19515 5
20200304 1108 19625 19625 19625 19625 8
20200304 1123 19705 19705 19705 19705 1122
20200304 1127 19715 19715 19715 19715 1126
20200304 1132 19725 19725 19725 19725 1126
20200304 1136 19745 19750 19745 19750 1124
20200304 1141 19750 19750 19750 19750 1126
20200304 1145 19760 19760 19760 19760 1126
20200304 1150 19765 19765 19765 19765 1124
20200304 1154 19760 19760 19760 19760 1126
20200304 1158 19745 19745 19745 19745 1126
20200304 1203 19725 19725 19725 19725 1126
20200304 1207 19740 19740 19740 19740 1124
20200304 1212 19755 19760 19755 19760 1126
20200304 1216 19770 19770 19770 19770 1126
20200304 1221 19790 19790 19790 19790 1124
20200304 1225 19765 19765 19765 19765 1126
20200304 1229 19755 19755 19755 19755 1126
20200304 1234 19755 19755 19755 19755 1123
20200304 1238 19735 19735 19735 19735 1126
20200304 1243 19750 19750 19745 19745 1126
20200304 1247 19730 19730 19730 19730 1126
20200304 1252 19735 19735 19735 19735 1124
20200304 1256 19720 19730 19720 19730 1126
20200304 1257 19675 19675 19675 19675 5
20200304 1258 19670 19680 19670 19680 9
20200304 1259 19680 19685 19680 19685 7
20200304 1300 19685 19685 19680 19685 4
20200304 1301 19680 19745 19680 19690 1133
20200304 1302 19690 19690 19680 19680 8
20200304 1303 19685 19685 19680 19680 8
20200304 1304 19680 19685 19680 19685 7
20200304 1305 19685 19730 19685 19730 1128
20200304 1306 19660 19660 19660 19660 5
20200304 1307 19650 19660 19645 19660 9
20200304 1308 19660 19660 19660 19660 5
20200304 1309 19660 19715 19660 19715 1134
20200304 1310 19660 19660 19660 19660 1
20200304 1311 19660 19665 19660 19665 8
20200304 1312 19660 19665 19660 19665 10
20200304 1313 19665 19665 19665 19665 4
20200304 1314 19660 19710 19660 19665 1130
20200304 1315 19655 19660 19655 19655 8
20200304 1316 19660 19660 19655 19660 9
20200304 1317 19650 19650 19650 19650 5
20200304 1318 19655 19710 19655 19705 1390
20200304 1319 19655 19660 19655 19660 4
20200304 1320 19665 19665 19665 19665 10
20200304 1321 19670 19670 19670 19670 4
20200304 1322 19675 19705 19675 19705 856
20200304 1323 19655 19700 19655 19700 1126
20200304 1324 19655 19655 19655 19655 10
20200304 1325 19660 19705 19660 19705 390
20200304 1326 19650 19705 19650 19660 280
20200304 1327 19660 19700 19660 19700 1131
20200304 1328 19660 19665 19660 19665 8
20200304 1329 19665 19670 19665 19670 9
20200304 1330 19700 19700 19700 19700 66
20200304 1331 19670 19675 19670 19675 10
20200304 1332 19680 19700 19675 19675 1329
20200304 1333 19675 19680 19675 19680 201
20200304 1334 19675 19685 19675 19685 272
20200304 1335 19675 19675 19670 19675 388
20200304 1336 19675 19680 19675 19680 1124
20200304 1337 19675 19675 19665 19665 392
20200304 1338 19665 19680 19665 19680 73
20200304 1339 19670 19675 19670 19675 201
20200304 1340 19670 19675 19670 19675 203
20200304 1341 19680 19695 19670 19695 1895
20200304 1342 19640 19690 19640 19690 270
20200304 1343 19640 19640 19640 19640 5
20200304 1344 19645 19645 19645 19645 7
20200304 1345 19645 19695 19645 19695 1132
20200304 1346 19650 19690 19640 19640 656
20200304 1347 19645 19645 19645 19645 4
20200304 1348 19645 19650 19645 19650 8
20200304 1349 19650 19680 19650 19680 1127
20200304 1350 19685 19685 19650 19675 268
20200304 1351 19655 19655 19655 19655 4
20200304 1352 19655 19665 19655 19665 12
20200304 1353 19685 19690 19640 19640 768
20200304 1354 19640 19690 19640 19640 1528
20200304 1355 19645 19650 19645 19650 6
20200304 1356 19650 19650 19650 19650 4
20200304 1357 19650 19655 19650 19655 8
20200304 1358 19655 19690 19655 19690 1132
20200304 1359 19665 19700 19650 19650 782
20200304 1400 19645 19650 19645 19650 8
20200304 1401 19655 19700 19650 19655 202
20200304 1402 19655 19655 19655 19655 4
20200304 1403 19660 19695 19660 19660 1131
20200304 1404 19660 19665 19660 19665 7
20200304 1405 19665 19670 19665 19670 6
20200304 1406 19670 19675 19670 19675 9
20200304 1407 19675 19710 19675 19680 1130
20200304 1408 19680 19685 19680 19685 7
20200304 1409 19685 19685 19685 19685 4
20200304 1410 19690 19690 19665 19665 10
20200304 1411 19665 19715 19660 19715 1768
20200304 1412 19710 19710 19670 19710 1326
20200304 1413 19655 19710 19655 19710 207
20200304 1414 19655 19660 19655 19660 10
20200304 1415 19660 19660 19660 19660 1
20200304 1416 19665 19705 19665 19705 1130
20200304 1417 19665 19670 19665 19670 8
20200304 1418 19675 19675 19675 19675 4
20200304 1419 19675 19680 19675 19680 978
20200304 1420 19635 19695 19635 19695 203
20200304 1421 19695 19700 19650 19655 1129
20200304 1422 19660 19660 19660 19660 6
20200304 1423 19660 19665 19660 19665 8
20200304 1424 19665 19710 19660 19660 589
20200304 1425 19710 19710 19665 19670 1131
20200304 1426 19675 19720 19675 19720 208
20200304 1427 19680 19730 19680 19730 205
20200304 1428 19685 19700 19685 19700 8
20200304 1429 19750 19750 19670 19720 1330
20200304 1430 19725 19725 19670 19670 205
20200304 1431 19720 19720 19720 19720 246
20200304 1432 19720 19720 19715 19715 247
20200304 1433 19720 19720 19720 19720 199
20200304 1434 19720 19730 19720 19730 1171
20200304 1435 19725 19725 19715 19715 246
20200304 1436 19715 19715 19715 19715 200
20200304 1437 19715 19715 19710 19710 246
20200304 1438 19730 19730 19730 19730 1373
20200304 1439 19730 19730 19730 19730 200
20200304 1440 19745 19745 19745 19745 245
20200304 1442 19740 19740 19740 19740 433
20200304 1443 19740 19745 19740 19740 1373
20200304 1444 19745 19745 19745 19745 199
20200304 1445 19745 19750 19745 19750 246
20200304 1446 19750 19750 19745 19745 246
20200304 1447 19745 19745 19745 19745 1124
20200304 1448 19745 19745 19735 19735 247
20200304 1449 19740 19740 19740 19740 200
20200304 1450 19750 19755 19750 19755 245
20200304 1451 19760 19760 19760 19760 247
20200304 1452 19760 19760 19760 19760 1480
20200304 1453 19755 19760 19755 19760 246
20200304 1454 19750 19750 19750 19750 46
20200304 1455 19750 19750 19750 19750 200
20200304 1456 19750 19750 19735 19735 1533
20200304 1457 19740 19740 19740 19740 219
20200304 1458 19740 19740 19740 19740 221
20200304 1459 19740 19740 19740 19740 320
20200304 1500 19740 19745 19740 19745 1346
20200304 1501 19735 19735 19735 19735 380
20200304 1502 19735 19735 19735 19735 159
20200304 1503 19730 19730 19730 19730 221
20200304 1504 19720 19720 19710 19710 380
20200304 1505 19720 19720 19720 19720 160
20200304 1506 19720 19720 19720 19720 220
20200304 1507 19720 19730 19720 19730 380
20200304 1508 19725 19725 19725 19725 160
20200304 1509 19730 19730 19730 19730 221
20200304 1510 19730 19735 19730 19735 220
20200304 1511 19740 19740 19740 19740 160
20200304 1516 19720 19720 19720 19720 1
20200304 1517 19720 19720 19720 19720 1
20200304 1518 19725 19725 19725 19725 1
20200304 1519 19725 19725 19725 19725 1
20200304 1520 19735 19735 19735 19735 1
20200305 918 19920 19920 19920 19920 21
20200305 922 19905 19905 19905 19905 22
20200305 926 19940 19940 19940 19940 22
20200305 929 20015 20015 20015 20015 22
20200305 933 19990 19990 19990 19990 22
20200305 936 20020 20020 20020 20020 22
20200305 940 20045 20045 20045 20045 22
20200305 944 20080 20080 20080 20080 22
20200305 947 20040 20040 20040 20040 22
20200305 951 20030 20030 20030 20030 21
20200305 954 20015 20015 20015 20015 22
20200305 958 20045 20045 20045 20045 22
20200305 1002 20050 20050 20050 20050 22
20200305 1005 20050 20050 20050 20050 22
20200305 1009 20040 20040 20040 20040 22
20200305 1012 20025 20025 20025 20025 22
20200305 1016 19995 19995 19995 19995 22
20200305 1020 19995 19995 19995 19995 22
20200305 1023 19995 19995 19995 19995 22
20200305 1027 19985 19985 19985 19985 21
20200305 1030 19995 19995 19995 19995 22
20200305 1034 20025 20025 20025 20025 22
20200305 1038 20040 20040 20040 20040 22
20200305 1041 20075 20075 20075 20075 22
20200305 1045 20055 20055 20055 20055 22
20200305 1048 20050 20050 20050 20050 22
20200305 1052 20035 20035 20035 20035 22
20200305 1056 20055 20055 20055 20055 22
20200305 1059 20065 20065 20065 20065 22
20200305 1103 20050 20050 20050 20050 21
20200305 1106 20055 20055 20055 20055 22
20200305 1110 20010 20010 20010 20010 22
20200305 1114 20000 20000 20000 20000 22
20200305 1117 19990 19990 19990 19990 22
20200305 1121 19990 19990 19990 19990 22
20200305 1124 20000 20000 20000 20000 22
20200305 1128 20010 20010 20010 20010 22
20200305 1132 20015 20015 20015 20015 22
20200305 1135 20005 20005 20005 20005 22
20200305 1139 19995 19995 19995 19995 21
20200305 1142 19990 19990 19990 19990 22
20200305 1146 20005 20005 20005 20005 22
20200305 1150 20005 20005 20005 20005 22
20200305 1153 20020 20020 20020 20020 22
20200305 1157 20025 20025 20025 20025 22
20200305 1200 20025 20025 20025 20025 22
20200305 1204 20030 20030 20030 20030 22
20200305 1208 20030 20030 20030 20030 22
20200305 1211 20015 20015 20015 20015 22
20200305 1215 20015 20015 20015 20015 21
20200305 1218 20025 20025 20025 20025 22
20200305 1222 20030 20030 20030 20030 22
20200305 1226 20035 20035 20035 20035 22
20200305 1229 20030 20030 20030 20030 22
20200305 1233 20025 20025 20025 20025 22
20200305 1236 20000 20000 20000 20000 22
20200305 1240 20010 20010 20010 20010 22
20200305 1244 20015 20015 20015 20015 22
20200305 1247 19995 19995 19995 19995 21
20200305 1251 19995 19995 19995 19995 22
20200305 1254 19985 19985 19985 19985 22
20200305 1255 19940 19940 19940 19940 12
20200305 1256 19945 19945 19945 19945 1
20200305 1257 19945 19945 19945 19945 12
20200305 1258 19950 19990 19950 19955 35
20200305 1259 19960 19960 19955 19955 11
20200305 1300 19955 19960 19955 19960 2
20200305 1301 19955 19960 19955 19960 13
20200305 1302 19960 19960 19960 19960 11
20200305 1303 19960 19965 19960 19965 14
20200305 1304 19975 19980 19975 19980 3
20200305 1305 19970 20020 19970 20020 33
20200305 1306 19980 19980 19975 19975 11
20200305 1307 19975 19975 19970 19970 12
20200305 1308 19975 19975 19970 19970 3
20200305 1309 19975 19975 19970 19975 13
20200305 1310 19980 19980 19975 19980 12
20200305 1311 19975 19975 19975 19975 10
20200305 1312 19975 19975 19970 19970 3
20200305 1313 19975 19975 19975 19975 13
20200305 1314 19975 19975 19970 19970 11
20200305 1315 19970 19975 19970 19970 13
20200305 1316 19970 19975 19970 19975 3
20200305 1317 19975 19975 19975 19975 12
20200305 1318 19975 19975 19970 19970 11
20200305 1319 19970 19970 19965 19965 12
20200305 1320 19965 19970 19965 19970 3
20200305 1321 19970 19970 19970 19970 13
20200305 1322 19970 19970 19970 19970 10
20200305 1323 19970 19980 19970 19980 15
20200305 1324 19980 19980 19980 19980 1
20200305 1325 19980 19980 19980 19980 12
20200305 1326 19985 19995 19985 19995 13
20200305 1327 20000 20040 19990 19990 33
20200305 1328 19995 19995 19990 19995 4
20200305 1329 19990 19995 19990 19995 11
20200305 1330 19995 19995 19990 19990 12
20200305 1331 19995 19995 19995 19995 12
20200305 1332 19995 19995 19995 19995 3
20200305 1333 19995 19995 19980 19985 13
20200305 1334 19985 19990 19985 19990 12
20200305 1335 19990 19990 19990 19990 10
20200305 1336 19990 19990 19990 19990 3
20200305 1337 19990 19990 19980 19980 13
20200305 1338 19985 19985 19985 19985 12
20200305 1339 19985 19985 19980 19980 11
20200305 1340 19980 19985 19980 19985 5
20200305 1341 19975 19980 19975 19980 12
20200305 1342 19980 19980 19980 19980 11
20200305 1343 19980 19980 19975 19975 11
20200305 1344 19975 19975 19975 19975 3
20200305 1345 19970 19980 19970 19980 12
20200305 1346 19980 19985 19980 19985 12
20200305 1347 19980 19980 19980 19980 11
20200305 1348 19980 19985 19980 19980 4
20200305 1349 19980 19980 19980 19980 12
20200305 1350 19980 19980 19980 19980 12
20200305 1351 19980 19980 19970 19970 13
20200305 1352 19975 19975 19975 19975 3
20200305 1353 19975 19975 19975 19975 10
20200305 1354 19975 19975 19970 19970 13
20200305 1355 19975 19980 19975 19975 12
20200305 1356 19980 20020 19980 19980 24
20200305 1357 19975 19980 19975 19980 11
20200305 1358 19975 19975 19970 19975 14
20200305 1359 19980 19980 19975 19975 10
20200305 1400 19985 20030 19980 19980 25
20200305 1401 19985 19985 19985 19985 10
20200305 1403 20045 20045 20045 20045 22
20200305 1407 20045 20045 20045 20045 22
20200305 1410 20050 20050 20050 20050 22
20200305 1414 20050 20050 20050 20050 22
20200305 1418 20055 20055 20055 20055 22
20200305 1421 20050 20050 20050 20050 22
20200305 1425 20045 20045 20045 20045 23
20200305 1428 20050 20050 20050 20050 21
20200305 1432 20075 20075 20075 20075 22
20200305 1436 20090 20090 20090 20090 22
20200305 1439 20105 20105 20105 20105 22
20200305 1443 20110 20110 20110 20110 22
20200305 1447 20115 20115 20115 20115 22
20200305 1450 20105 20105 20105 20105 22
20200305 1454 20105 20105 20105 20105 22
20200305 1457 20110 20110 20110 20110 22
20200305 1501 20095 20095 20095 20095 21
20200305 1505 20080 20080 20080 20080 22
20200305 1508 20065 20075 20065 20075 23
20200305 1512 20070 20070 20070 20070 22
20200305 1516 20070 20070 20070 20070 23
20200305 1517 20070 20070 20070 20070 1
20200305 1518 20070 20070 20070 20070 1
20200305 1519 20075 20075 20075 20075 1
20200305 1520 20085 20085 20085 20085 1
20200306 952 19730 19730 19730 19730 4
20200306 954 19725 19725 19720 19720 5
20200306 955 19725 19725 19725 19725 1
20200306 956 19725 19725 19725 19725 3
20200306 957 19720 19725 19720 19725 7
20200306 959 19720 19720 19720 19720 4
20200306 1000 19720 19720 19720 19720 2
20200306 1002 19710 19710 19710 19710 3
20200306 1004 19710 19710 19710 19710 4
20200306 1005 19705 19705 19705 19705 1
20200306 1006 19705 19705 19705 19705 3
20200306 1007 19710 19710 19710 19710 4
20200306 1009 19685 19690 19685 19690 5
20200306 1010 19690 19690 19690 19690 1
20200306 1011 19690 19695 19690 19695 6
20200306 1012 19685 19685 19685 19685 2
20200306 1013 19690 19690 19690 19690 3
20200306 1014 19685 19685 19685 19685 4
20200306 1015 19690 19690 19690 19690 1
20200306 1017 19675 19675 19675 19675 1
20200306 1018 19670 19670 19670 19670 3
20200306 1019 19660 19660 19655 19655 4
20200306 1020 19655 19655 19655 19655 1
20200306 1021 19645 19645 19645 19645 3
20200306 1022 19645 19645 19645 19645 1
20200306 1023 19640 19640 19640 19640 3
20200306 1024 19645 19645 19640 19640 4
20200306 1025 19650 19650 19650 19650 1
20200306 1026 19650 19655 19650 19655 7
20200306 1027 19660 19660 19660 19660 1
20200306 1029 19650 19650 19640 19640 5
20200306 1030 19635 19635 19635 19635 1
20200306 1031 19635 19635 19635 19635 3
20200306 1032 19640 19640 19640 19640 1
20200306 1033 19650 19650 19650 19650 3
20200306 1034 19655 19660 19655 19660 5
20200306 1036 19655 19655 19655 19655 3
20200306 1037 19660 19660 19660 19660 1
20200306 1038 19665 19665 19665 19665 3
20200306 1039 19650 19650 19650 19650 4
20200306 1040 19655 19655 19655 19655 1
20200306 1041 19660 19660 19655 19660 8
20200306 1044 19660 19660 19660 19660 4
20200306 1045 19655 19655 19655 19655 1
20200306 1046 19655 19655 19655 19655 3
20200306 1047 19645 19645 19645 19645 2
20200306 1048 19645 19645 19645 19645 3
20200306 1049 19640 19640 19635 19635 4
20200306 1050 19625 19625 19625 19625 1
20200306 1051 19620 19620 19620 19620 3
20200306 1052 19615 19615 19615 19615 1
20200306 1053 19615 19615 19615 19615 3
20200306 1054 19615 19615 19615 19615 4
20200306 1055 19610 19610 19610 19610 1
20200306 1056 19610 19615 19610 19615 7
20200306 1057 19610 19610 19610 19610 1
20200306 1058 19610 19610 19610 19610 3
20200306 1059 19605 19605 19605 19605 4
20200306 1100 19605 19605 19605 19605 2
20200306 1103 19590 19590 19590 19590 3
20200306 1104 19590 19590 19585 19585 5
20200306 1105 19590 19590 19590 19590 1
20200306 1106 19590 19590 19590 19590 3
20200306 1107 19580 19580 19580 19580 1
20200306 1108 19575 19575 19575 19575 3
20200306 1109 19575 19575 19575 19575 1
20200306 1110 19580 19590 19580 19590 7
20200306 1111 19570 19570 19570 19570 170
20200306 1112 19575 19575 19575 19575 170
20200306 1113 19570 19570 19570 19570 3
20200306 1114 19565 19575 19565 19575 170
20200306 1115 19565 19565 19565 19565 5
20200306 1116 19565 19580 19565 19580 176
20200306 1117 19585 19585 19585 19585 1
20200306 1118 19585 19585 19585 19585 169
20200306 1119 19590 19590 19590 19590 170
20200306 1120 19590 19590 19585 19585 4
20200306 1121 19570 19570 19570 19570 3
20200306 1122 19570 19570 19570 19570 2
20200306 1123 19570 19575 19570 19575 346
20200306 1125 19570 19575 19570 19570 327
20200306 1126 19570 19570 19570 19570 170
20200306 1127 19570 19570 19570 19570 1
20200306 1128 19560 19565 19560 19565 6
20200306 1129 19555 19555 19555 19555 339
20200306 1130 19555 19555 19555 19555 2
20200306 1131 19555 19555 19555 19555 177
20200306 1133 19560 19560 19560 19560 169
20200306 1134 19560 19560 19560 19560 1
20200306 1135 19565 19570 19560 19570 173
20200306 1136 19570 19580 19570 19580 177
20200306 1138 19595 19595 19595 19595 169
20200306 1139 19600 19600 19600 19600 2
20200306 1140 19605 19610 19605 19605 173
20200306 1141 19610 19615 19610 19610 7
20200306 1142 19615 19615 19615 19615 170
20200306 1144 19600 19600 19600 19600 1
20200306 1145 19600 19600 19595 19595 343
20200306 1146 19590 19590 19590 19590 7
20200306 1147 19590 19590 19590 19590 1
20200306 1148 19595 19595 19595 19595 339
20200306 1150 19580 19580 19575 19575 173
20200306 1151 19575 19575 19575 19575 173
20200306 1152 19575 19575 19575 19575 1
20200306 1153 19575 19575 19575 19575 172
20200306 1154 19575 19575 19575 19575 1
20200306 1155 19580 19580 19580 19580 173
20200306 1156 19590 19590 19585 19585 5
20200306 1157 19585 19590 19585 19590 173
20200306 1158 19590 19590 19590 19590 169
20200306 1159 19590 19590 19590 19590 1
20200306 1200 19585 19585 19585 19585 172
20200306 1201 19575 19575 19570 19570 4
20200306 1202 19570 19570 19570 19570 171
20200306 1203 19570 19570 19570 19570 172
20200306 1204 19570 19570 19570 19570 1
20200306 1205 19575 19575 19575 19575 173
20200306 1206 19570 19570 19570 19570 1
20200306 1207 19575 19575 19575 19575 178
20200306 1208 19575 19575 19575 19575 169
20200306 1210 19580 19580 19580 19580 172
20200306 1211 19590 19590 19590 19590 1
20200306 1212 19595 19595 19595 19595 175
20200306 1213 19595 19595 19595 19595 175
20200306 1216 19590 19595 19590 19595 172
20200306 1217 19595 19595 19595 19595 173
20200306 1218 19585 19585 19585 19585 3
20200306 1219 19580 19585 19580 19585 171
20200306 1220 19585 19585 19585 19585 3
20200306 1221 19580 19580 19580 19580 1
20200306 1222 19580 19580 19580 19580 346
20200306 1224 19580 19580 19580 19580 170
20200306 1225 19590 19590 19590 19590 172
20200306 1226 19590 19590 19590 19590 1
20200306 1227 19590 19590 19585 19585 5
20200306 1228 19580 19590 19580 19590 176
20200306 1229 19585 19585 19585 19585 1
20200306 1230 19585 19585 19585 19585 341
20200306 1232 19585 19585 19585 19585 172
20200306 1233 19580 19580 19580 19580 3
20200306 1234 19585 19585 19585 19585 170
20200306 1235 19585 19585 19585 19585 172
20200306 1236 19585 19585 19585 19585 1
20200306 1237 19590 19590 19585 19585 175
20200306 1238 19585 19585 19585 19585 7
20200306 1239 19590 19590 19590 19590 169
20200306 1241 19600 19600 19600 19600 170
20200306 1242 19600 19600 19595 19595 4
20200306 1243 19585 19585 19585 19585 3
20200306 1244 19585 19585 19585 19585 341
20200306 1245 19575 19575 19575 19575 3
20200306 1246 19575 19580 19575 19580 170
20200306 1247 19570 19570 19570 19570 173
20200306 1248 19570 19570 19570 19570 6
20200306 1249 19565 19570 19565 19570 172
20200306 1252 19570 19570 19565 19570 173
20200306 1253 19570 19570 19560 19560 173
20200306 1254 19560 19560 19560 19560 1
20200306 1255 19560 19560 19545 19545 173
20200306 1256 19545 19550 19545 19545 170
20200306 1257 19540 19545 19540 19545 4
20200306 1258 19545 19550 19545 19550 173
20200306 1259 19545 19555 19545 19555 171
20200306 1300 19545 19545 19545 19545 3
20200306 1301 19545 19550 19545 19550 170
20200306 1302 19545 19545 19545 19545 4
20200306 1303 19545 19545 19545 19545 170
20200306 1304 19540 19545 19540 19545 176
20200306 1307 19535 19540 19535 19540 9
20200306 1308 19545 19545 19545 19545 339
20200306 1310 19535 19535 19535 19535 4
20200306 1311 19535 19540 19535 19540 343
20200306 1313 19545 19545 19545 19545 170
20200306 1314 19545 19545 19545 19545 173
20200306 1315 19550 19550 19550 19550 3
20200306 1316 19545 19545 19545 19545 170
20200306 1317 19545 19550 19545 19550 5
20200306 1319 19535 19535 19535 19535 3
20200306 1320 19530 19540 19530 19540 346
20200306 1321 19540 19540 19540 19540 169
20200306 1322 19535 19535 19535 19535 1
20200306 1323 19540 19540 19540 19540 170
20200306 1324 19535 19540 19535 19540 4
20200306 1325 19540 19540 19535 19535 172
20200306 1326 19535 19550 19535 19550 172
20200306 1327 19540 19545 19540 19545 5
20200306 1328 19550 19550 19550 19550 173
20200306 1330 19550 19550 19545 19545 172
20200306 1331 19540 19555 19540 19555 170
20200306 1332 19540 19540 19540 19540 4
20200306 1333 19550 19550 19550 19550 170
20200306 1334 19550 19555 19545 19555 8
20200306 1335 19555 19555 19555 19555 169
20200306 1337 19545 19550 19540 19550 8
20200306 1338 19555 19555 19555 19555 169
20200306 1339 19545 19550 19545 19550 4
20200306 1340 19555 19555 19555 19555 170
20200306 1341 19545 19550 19545 19550 5
20200306 1342 19540 19550 19540 19550 338
20200306 1344 19540 19550 19540 19550 178
20200306 1345 19555 19555 19555 19555 169
20200306 1346 19540 19540 19540 19540 1
20200306 1347 19545 19555 19540 19555 174
20200306 1348 19560 19560 19560 19560 173
20200306 1350 19540 19540 19540 19540 3
20200306 1351 19540 19555 19540 19555 5
20200306 1352 19545 19555 19545 19555 339
20200306 1354 19555 19555 19545 19545 174
20200306 1355 19550 19550 19550 19550 173
20200306 1356 19550 19560 19550 19560 2
20200306 1357 19555 19555 19555 19555 6
20200306 1358 19555 19555 19555 19555 1
20200306 1359 19555 19555 19555 19555 340
20200306 1401 19555 19555 19550 19550 10
20200306 1457 19550 19550 19550 19550 1
20200306 1516 19605 19605 19605 19605 1
20200306 1517 19610 19610 19610 19610 1
20200306 1518 19605 19605 19605 19605 1
20200306 1519 19610 19610 19610 19610 1
20200306 1520 19615 19615 19615 19615 1
20200309 902 19165 19165 19165 19165 1
20200309 1000 19080 19080 19080 19080 2
20200309 1009 19090 19090 19085 19085 16
20200309 1012 19075 19075 19075 19075 8
20200309 1016 19055 19055 19055 19055 8
20200309 1019 19085 19085 19085 19085 9
20200309 1023 19095 19095 19095 19095 8
20200309 1026 19080 19080 19080 19080 8
20200309 1029 19105 19105 19105 19105 9
20200309 1033 19125 19125 19125 19125 8
20200309 1036 19125 19125 19125 19125 8
20200309 1039 19110 19110 19110 19110 9
20200309 1043 19055 19055 19055 19055 8
20200309 1046 19010 19010 19010 19010 3
20200309 1049 19000 19000 19000 19000 5
20200309 1053 18985 18985 18985 18985 8
20200309 1056 18950 18950 18950 18950 8
20200309 1059 18935 18935 18935 18935 9
20200309 1103 18900 18900 18900 18900 3
20200309 1105 18900 18900 18900 18900 14
20200309 1106 18900 18900 18900 18900 58
20200309 1109 18915 18915 18915 18915 8
20200309 1113 18895 18895 18895 18895 9
20200309 1116 18870 18870 18870 18870 8
20200309 1119 18875 18875 18875 18875 8
20200309 1123 18880 18880 18880 18880 9
20200309 1126 18875 18875 18875 18875 8
20200309 1129 18870 18870 18870 18870 8
20200309 1133 18855 18855 18855 18855 9
20200309 1136 18815 18815 18815 18815 8
20200309 1139 18815 18815 18815 18815 8
20200309 1143 18805 18805 18805 18805 9
20200309 1146 18780 18780 18780 18780 8
20200309 1149 18780 18780 18780 18780 8
20200309 1153 18790 18790 18790 18790 9
20200309 1156 18795 18795 18795 18795 8
20200309 1159 18790 18790 18790 18790 8
20200309 1203 18775 18775 18775 18775 9
20200309 1206 18785 18785 18785 18785 8
20200309 1209 18810 18810 18810 18810 8
20200309 1213 18850 18850 18850 18850 8
20200309 1216 18855 18855 18855 18855 9
20200309 1219 18835 18835 18835 18835 8
20200309 1223 18845 18845 18845 18845 8
20200309 1226 18840 18840 18840 18840 9
20200309 1229 18835 18835 18835 18835 8
20200309 1233 18820 18820 18820 18820 8
20200309 1236 18805 18805 18805 18805 9
20200309 1239 18825 18825 18825 18825 8
20200309 1243 18820 18820 18820 18820 8
20200309 1246 18815 18815 18815 18815 9
20200309 1247 18815 18815 18815 18815 24
20200309 1249 18820 18820 18820 18820 8
20200309 1253 18830 18830 18830 18830 8
20200309 1256 18850 18850 18850 18850 9
20200309 1259 18830 18830 18830 18830 8
20200309 1303 18835 18835 18835 18835 8
20200309 1306 18835 18835 18835 18835 8
20200309 1309 18840 18840 18840 18840 9
20200309 1313 18825 18825 18825 18825 8
20200309 1316 18820 18820 18820 18820 8
20200309 1319 18825 18825 18825 18825 9
20200309 1323 18835 18835 18835 18835 8
20200309 1326 18830 18830 18830 18830 8
20200309 1329 18840 18840 18840 18840 9
20200309 1333 18820 18820 18820 18820 8
20200309 1336 18810 18810 18810 18810 8
20200309 1339 18815 18815 18815 18815 9
20200309 1343 18790 18790 18790 18790 8
20200309 1346 18795 18795 18795 18795 8
20200309 1349 18800 18800 18800 18800 9
20200309 1353 18795 18795 18795 18795 8
20200309 1356 18795 18795 18795 18795 8
20200309 1359 18790 18790 18790 18790 9
20200309 1516 18840 18840 18840 18840 1
20200309 1517 18830 18830 18830 18830 1
20200309 1518 18835 18835 18835 18835 1
20200309 1519 18835 18835 18835 18835 1
20200309 1520 18835 18835 18835 18835 1
20200309 1530 18890 18890 18890 18890 1
20200310 1010 18745 18745 18735 18735 20
20200310 1012 18710 18710 18710 18710 8
20200310 1013 18700 18700 18700 18700 5
20200310 1014 18705 18705 18705 18705 2
20200310 1015 18685 18685 18680 18680 9
20200310 1016 18685 18685 18685 18685 8
20200310 1017 18695 18695 18695 18695 8
20200310 1018 18695 18700 18695 18700 7
20200310 1019 18695 18695 18695 18695 2
20200310 1020 18690 18695 18690 18695 16
20200310 1022 18725 18725 18710 18720 15
20200310 1023 18740 18740 18740 18740 2
20200310 1024 18745 18750 18745 18750 9
20200310 1025 18760 18760 18760 18760 6
20200310 1026 18760 18785 18760 18785 10
20200310 1027 18790 18790 18790 18790 6
20200310 1028 18805 18805 18805 18805 1
20200310 1029 18810 18810 18810 18810 10
20200310 1030 18810 18820 18810 18820 7
20200310 1031 18810 18815 18810 18815 11
20200310 1032 18810 18820 18810 18820 6
20200310 1033 18825 18825 18825 18825 8
20200310 1034 18820 18820 18820 18820 2
20200310 1035 18795 18800 18795 18800 9
20200310 1036 18810 18810 18810 18810 9
20200310 1037 18830 18830 18830 18830 7
20200310 1038 18810 18810 18810 18810 10
20200310 1039 18835 18835 18835 18835 6
20200310 1040 18830 18830 18810 18810 11
20200310 1042 18810 18810 18810 18810 7
20200310 1043 18800 18800 18800 18800 2
20200310 1044 18785 18790 18780 18790 14
20200310 1045 18795 18795 18790 18795 12
20200310 1047 18785 18810 18785 18810 17
20200310 1049 18800 18800 18795 18795 15
20200310 1050 18795 18795 18795 18795 2
20200310 1051 18800 18800 18800 18800 6
20200310 1052 18805 18810 18805 18810 11
20200310 1054 18795 18795 18790 18790 9
20200310 1056 18770 18770 18765 18765 24
20200310 1058 18760 18770 18760 18770 3
20200310 1059 18760 18760 18760 18760 7
20200310 1100 18755 18755 18755 18755 9
20200310 1101 18760 18760 18755 18755 7
20200310 1102 18755 18755 18750 18750 10
20200310 1103 18755 18760 18755 18760 10
20200310 1104 18755 18755 18740 18740 7
20200310 1106 18720 18725 18720 18725 15
20200310 1107 18710 18710 18710 18710 2
20200310 1108 18700 18700 18700 18700 1
20200310 1109 18700 18700 18695 18695 17
20200310 1110 18700 18725 18700 18725 11
20200310 1111 18725 18725 18725 18725 5
20200310 1112 18695 18695 18695 18695 1
20200310 1113 18690 18690 18680 18680 15
20200310 1114 18675 18675 18675 18675 2
20200310 1115 18675 18675 18675 18675 9
20200310 1116 18680 18680 18680 18680 7
20200310 1117 18680 18680 18680 18680 1
20200310 1118 18675 18680 18675 18680 18
20200310 1120 18680 18680 18680 18680 3
20200310 1121 18680 18680 18680 18680 6
20200310 1122 18680 18685 18680 18685 19
20200310 1123 18680 18680 18680 18680 5
20200310 1124 18680 18680 18680 18680 1
20200310 1125 18680 18680 18680 18680 9
20200310 1126 18680 18680 18680 18680 1
20200310 1127 18680 18680 18680 18680 2
20200310 1128 18680 18680 18680 18680 7
20200310 1130 18680 18680 18680 18680 7
20200310 1131 18680 18680 18680 18680 157
20200310 1132 18670 18670 18670 18670 3
20200310 1133 18670 18670 18670 18670 7
20200310 1134 18670 18670 18670 18670 2
20200310 1135 18670 18670 18670 18670 6
20200310 1136 18670 18670 18635 18635 201
20200310 1138 18625 18630 18625 18630 41
20200310 1139 18620 18620 18620 18620 2
20200310 1140 18620 18620 18620 18620 7
20200310 1141 18615 18615 18615 18615 9
20200310 1142 18610 18610 18605 18605 15
20200310 1143 18600 18605 18600 18605 11
20200310 1145 18620 18620 18620 18620 15
20200310 1146 18610 18610 18610 18610 1
20200310 1147 18610 18610 18605 18605 7
20200310 1148 18605 18610 18605 18610 11
20200310 1150 18595 18600 18590 18595 18
20200310 1152 18615 18650 18615 18650 15
20200310 1154 18650 18655 18650 18650 5
20200310 1156 18635 18700 18635 18700 17
20200310 1157 18655 18655 18650 18650 14
20200310 1158 18655 18655 18655 18655 1
20200310 1159 18695 18695 18650 18650 10
20200310 1200 18655 18655 18655 18655 9
20200310 1201 18690 18690 18690 18690 2
20200310 1202 18640 18645 18640 18645 16
20200310 1203 18695 18695 18695 18695 2
20200310 1204 18655 18655 18650 18650 15
20200310 1205 18695 18695 18695 18695 3
20200310 1206 18655 18655 18655 18655 8
20200310 1207 18650 18695 18650 18695 8
20200310 1208 18655 18655 18655 18655 3
20200310 1209 18655 18705 18655 18705 18
20200310 1211 18650 18660 18650 18660 12
20200310 1213 18645 18695 18645 18695 20
20200310 1214 18660 18660 18660 18660 5
20200310 1215 18665 18665 18665 18665 3
20200310 1216 18670 18670 18665 18665 14
20200310 1218 18660 18665 18660 18665 3
20200310 1219 18665 18665 18665 18665 8
20200310 1220 18665 18670 18665 18670 18
20200310 1221 18675 18675 18675 18675 5
20200310 1222 18710 18710 18710 18710 3
20200310 1223 18675 18675 18675 18675 9
20200310 1224 18675 18710 18670 18670 10
20200310 1225 18675 18675 18675 18675 8
20200310 1226 18690 18715 18690 18715 6
20200310 1227 18715 18715 18715 18715 1
20200310 1228 18700 18710 18695 18710 12
20200310 1229 18695 18695 18695 18695 2
20200310 1230 18700 18745 18700 18745 15
20200310 1231 18695 18695 18695 18695 2
20200310 1232 18695 18695 18695 18695 1
20200310 1233 18700 18700 18695 18695 20
20200310 1235 18685 18685 18685 18685 10
20200310 1236 18700 18700 18700 18700 7
20200310 1237 18705 18720 18705 18720 12
20200310 1238 18720 18720 18720 18720 5
20200310 1239 18725 18760 18725 18760 10
20200310 1240 18725 18725 18725 18725 1
20200310 1241 18720 18765 18720 18765 18
20200310 1243 18720 18725 18720 18725 10
20200310 1244 18720 18725 18720 18725 8
20200310 1245 18735 18740 18735 18740 7
20200310 1246 18740 18740 18740 18740 9
20200310 1247 18750 18750 18750 18750 1
20200310 1248 18765 18765 18750 18755 16
20200310 1250 18750 18785 18750 18785 3
20200310 1251 18755 18755 18755 18755 16
20200310 1252 18800 18800 18800 18800 3
20200310 1253 18745 18750 18745 18750 16
20200310 1254 18785 18785 18785 18785 2
20200310 1255 18730 18730 18725 18725 16
20200310 1256 18765 18765 18765 18765 3
20200310 1257 18705 18705 18705 18705 8
20200310 1258 18700 18745 18700 18745 9
20200310 1300 18710 18730 18710 18730 18
20200310 1302 18685 18685 18675 18680 11
20200310 1303 18680 18685 18680 18685 6
20200310 1304 18690 18690 18690 18690 10
20200310 1305 18725 18725 18685 18685 7
20200310 1307 18685 18685 18685 18685 15
20200310 1308 18675 18675 18675 18675 2
20200310 1309 18680 18680 18675 18680 12
20200310 1310 18675 18675 18675 18675 5
20200310 1311 18680 18680 18680 18680 2
20200310 1312 18660 18660 18660 18660 10
20200310 1313 18665 18665 18665 18665 3
20200310 1314 18660 18665 18660 18665 20
20200310 1315 18670 18700 18670 18700 3
20200310 1316 18700 18700 18675 18675 9
20200310 1317 18680 18695 18680 18695 7
20200310 1318 18695 18695 18695 18695 1
20200310 1319 18695 18695 18695 18695 1
20200310 1320 18690 18690 18690 18690 17
20200310 1321 18695 18695 18695 18695 8
20200310 1322 18750 18750 18700 18700 17
20200310 1324 18735 18735 18685 18685 8
20200310 1325 18690 18690 18690 18690 11
20200310 1326 18740 18740 18740 18740 3
20200310 1327 18710 18715 18710 18710 17
20200310 1328 18725 18765 18725 18765 4
20200310 1329 18725 18725 18725 18725 13
20200310 1330 18720 18755 18720 18755 3
20200310 1331 18755 18755 18705 18705 8
20200310 1332 18705 18745 18700 18745 14
20200310 1334 18700 18730 18700 18730 17
20200310 1336 18730 18730 18690 18690 4
20200310 1337 18725 18725 18695 18695 13
20200310 1339 18690 18695 18690 18695 17
20200310 1341 18700 18700 18690 18695 17
20200310 1343 18725 18725 18690 18690 10
20200310 1344 18685 18685 18685 18685 7
20200310 1345 18720 18720 18720 18720 2
20200310 1346 18720 18720 18685 18690 16
20200310 1347 18730 18730 18730 18730 1
20200310 1348 18730 18730 18695 18700 14
20200310 1349 18695 18715 18695 18715 3
20200310 1350 18715 18715 18715 18715 2
20200310 1351 18695 18700 18695 18700 15
20200310 1352 18740 18740 18740 18740 2
20200310 1353 18700 18705 18700 18700 16
20200310 1354 18740 18740 18740 18740 2
20200310 1355 18720 18720 18720 18720 9
20200310 1356 18730 18755 18730 18755 7
20200310 1357 18720 18725 18720 18725 9
20200310 1358 18755 18755 18755 18755 3
20200310 1359 18695 18695 18695 18695 1
20200310 1400 18710 18735 18710 18735 14
20200310 1401 18735 18735 18735 18735 2
20200310 1402 18735 18735 18735 18735 4
20200310 1403 18730 18730 18730 18730 2
20200310 1404 18785 18785 18785 18785 3
20200310 1406 18775 18775 18775 18775 2
20200310 1409 18775 18775 18775 18775 3
20200310 1411 18775 18775 18775 18775 2
20200310 1413 18775 18775 18775 18775 3
20200310 1415 18770 18770 18770 18770 2
20200310 1417 18790 18790 18790 18790 3
20200310 1419 18810 18810 18810 18810 3
20200310 1421 18815 18815 18815 18815 2
20200310 1424 18770 18770 18770 18770 3
20200310 1426 18800 18800 18800 18800 2
20200310 1428 18780 18780 18780 18780 2
20200310 1430 18785 18785 18785 18785 3
20200310 1432 18780 18780 18780 18780 2
20200310 1434 18790 18790 18790 18790 3
20200310 1436 18800 18800 18800 18800 3
20200310 1438 18800 18800 18800 18800 3
20200310 1441 18800 18800 18800 18800 3
20200310 1443 18800 18800 18800 18800 1
20200310 1445 18820 18820 18820 18820 3
20200310 1446 18800 18800 18800 18800 1
20200310 1447 18795 18795 18795 18795 3
20200310 1449 18800 18800 18800 18800 2
20200310 1451 18795 18795 18795 18795 3
20200310 1453 18810 18810 18810 18810 2
20200310 1456 18790 18790 18790 18790 3
20200310 1458 18805 18805 18805 18805 2
20200310 1500 18795 18795 18795 18795 2
20200310 1502 18810 18810 18810 18810 3
20200310 1504 18820 18820 18820 18820 3
20200310 1506 18810 18810 18810 18810 3
20200310 1508 18805 18805 18805 18805 3
20200310 1510 18815 18815 18815 18815 2
20200310 1513 18815 18815 18815 18815 2
20200310 1515 18815 18815 18815 18815 1
20200310 1516 18840 18840 18840 18840 1
20200310 1517 18835 18835 18835 18835 4
20200310 1518 18830 18830 18830 18830 1
20200310 1519 18840 18840 18840 18840 4
20200310 1520 18840 18840 18840 18840 1
20200310 1530 18845 18845 18845 18845 1
20200311 1117 18685 18685 18685 18685 5
20200311 1118 18680 18680 18680 18680 4
20200311 1120 18690 18690 18690 18690 4
20200311 1121 18690 18695 18690 18695 23
20200311 1122 18700 18700 18700 18700 4
20200311 1123 18690 18690 18690 18690 3
20200311 1124 18695 18695 18695 18695 4
20200311 1125 18705 18705 18700 18700 14
20200311 1126 18705 18720 18705 18720 8
20200311 1127 18720 18720 18720 18720 4
20200311 1128 18725 18725 18725 18725 18
20200311 1130 18730 18730 18730 18730 4
20200311 1131 18740 18740 18725 18725 8
20200311 1132 18715 18715 18715 18715 3
20200311 1133 18715 18715 18715 18715 4
20200311 1134 18705 18705 18705 18705 4
20200311 1135 18710 18710 18710 18710 8
20200311 1136 18715 18715 18715 18715 24
20200311 1137 18710 18710 18710 18710 4
20200311 1138 18715 18715 18715 18715 4
20200311 1139 18715 18715 18715 18715 4
20200311 1140 18710 18720 18710 18720 22
20200311 1141 18710 18710 18710 18710 4
20200311 1142 18710 18710 18710 18710 4
20200311 1143 18715 18725 18715 18725 18
20200311 1144 18720 18720 18720 18720 4
20200311 1145 18730 18730 18730 18730 4
20200311 1146 18710 18710 18710 18710 4
20200311 1147 18710 18710 18710 18710 4
20200311 1148 18710 18710 18705 18705 7
20200311 1149 18710 18710 18710 18710 9
20200311 1150 18705 18705 18705 18705 4
20200311 1151 18700 18705 18700 18705 28
20200311 1153 18700 18700 18695 18695 8
20200311 1154 18695 18695 18695 18695 4
20200311 1155 18695 18710 18695 18710 18
20200311 1157 18715 18715 18710 18710 7
20200311 1158 18705 18705 18705 18705 4
20200311 1159 18725 18725 18725 18725 14
20200311 1200 18725 18725 18725 18725 4
20200311 1201 18720 18720 18720 18720 4
20200311 1202 18705 18710 18705 18710 8
20200311 1203 18705 18705 18705 18705 4
20200311 1204 18705 18705 18705 18705 4
20200311 1205 18705 18710 18705 18710 27
20200311 1206 18715 18715 18715 18715 4
20200311 1207 18710 18710 18710 18710 4
20200311 1208 18715 18715 18715 18715 4
20200311 1209 18725 18730 18725 18730 18
20200311 1210 18745 18745 18745 18745 4
20200311 1211 18760 18760 18750 18750 15
20200311 1212 18750 18750 18750 18750 4
20200311 1213 18755 18755 18755 18755 4
20200311 1214 18750 18750 18750 18750 4
20200311 1215 18750 18750 18740 18740 7
20200311 1216 18745 18745 18745 18745 4
20200311 1217 18745 18750 18745 18750 23
20200311 1219 18740 18740 18730 18730 8
20200311 1220 18735 18735 18735 18735 4
20200311 1221 18735 18735 18735 18735 4
20200311 1222 18725 18725 18725 18725 4
20200311 1223 18715 18715 18715 18715 3
20200311 1224 18720 18720 18715 18715 8
20200311 1225 18710 18720 18710 18720 33
20200311 1227 18735 18735 18735 18735 4
20200311 1228 18730 18730 18710 18710 8
20200311 1229 18710 18710 18710 18710 4
20200311 1230 18710 18710 18710 18710 4
20200311 1231 18700 18700 18700 18700 4
20200311 1232 18695 18695 18695 18695 7
20200311 1233 18700 18700 18700 18700 29
20200311 1234 18695 18695 18695 18695 4
20200311 1235 18685 18685 18685 18685 4
20200311 1236 18685 18685 18685 18685 4
20200311 1237 18685 18685 18680 18680 8
20200311 1238 18675 18685 18675 18685 23
20200311 1240 18680 18680 18680 18680 3
20200311 1241 18670 18670 18670 18670 8
20200311 1242 18665 18665 18665 18665 4
20200311 1243 18675 18685 18675 18685 23
20200311 1245 18690 18690 18690 18690 4
20200311 1246 18685 18690 18685 18690 8
20200311 1247 18680 18680 18680 18680 4
20200311 1248 18680 18685 18680 18685 22
20200311 1250 18675 18675 18665 18665 8
20200311 1251 18670 18670 18670 18670 4
20200311 1252 18675 18675 18675 18675 4
20200311 1253 18690 18695 18690 18695 19
20200311 1254 18695 18695 18695 18695 4
20200311 1255 18690 18690 18690 18690 8
20200311 1256 18695 18695 18695 18695 4
20200311 1257 18690 18690 18690 18690 3
20200311 1258 18685 18690 18685 18690 23
20200311 1259 18685 18685 18685 18685 4
20200311 1300 18695 18695 18695 18695 4
20200311 1301 18690 18690 18690 18690 4
20200311 1302 18685 18685 18685 18685 4
20200311 1303 18690 18695 18690 18695 23
20200311 1304 18680 18680 18680 18680 4
20200311 1305 18685 18685 18685 18685 3
20200311 1306 18690 18690 18690 18690 4
20200311 1307 18690 18690 18690 18690 4
20200311 1308 18680 18690 18680 18690 24
20200311 1309 18680 18680 18680 18680 4
20200311 1310 18680 18680 18680 18680 4
20200311 1311 18685 18685 18685 18685 4
20200311 1312 18680 18680 18675 18675 8
20200311 1313 18675 18680 18675 18680 22
20200311 1315 18675 18675 18675 18675 4
20200311 1316 18665 18665 18665 18665 4
20200311 1317 18665 18665 18665 18665 8
20200311 1318 18660 18660 18660 18660 4
20200311 1319 18655 18655 18655 18655 4
20200311 1320 18655 18665 18655 18665 28
20200311 1321 18655 18655 18655 18655 4
20200311 1322 18660 18660 18660 18660 3
20200311 1323 18650 18650 18650 18650 4
20200311 1324 18660 18660 18660 18660 4
20200311 1325 18660 18660 18655 18655 12
20200311 1327 18640 18645 18640 18645 29
20200311 1328 18640 18645 18640 18645 8
20200311 1330 18640 18640 18630 18630 8
20200311 1331 18630 18630 18630 18630 3
20200311 1332 18630 18630 18630 18630 4
20200311 1333 18625 18640 18625 18640 23
20200311 1334 18630 18630 18630 18630 4
20200311 1335 18620 18620 18620 18620 4
20200311 1336 18625 18625 18625 18625 4
20200311 1337 18635 18635 18635 18635 4
20200311 1338 18635 18635 18635 18635 8
20200311 1339 18635 18635 18630 18630 21
20200311 1340 18625 18630 18625 18630 6
20200311 1341 18625 18625 18620 18620 8
20200311 1342 18610 18610 18605 18605 7
20200311 1343 18585 18590 18580 18585 12
20200311 1344 18580 18580 18580 18580 11
20200311 1345 18580 18580 18580 18580 30
20200311 1346 18580 18580 18580 18580 3
20200311 1347 18575 18580 18575 18580 11
20200311 1348 18575 18580 18570 18570 19
20200311 1349 18575 18575 18570 18570 12
20200311 1350 18550 18550 18550 18550 3
20200311 1351 18545 18550 18545 18550 22
20200311 1352 18540 18545 18540 18545 7
20200311 1353 18545 18545 18540 18540 8
20200311 1354 18540 18540 18535 18540 23
20200311 1355 18525 18525 18525 18525 2
20200311 1356 18520 18520 18515 18515 11
20200311 1357 18520 18525 18520 18520 19
20200311 1358 18525 18530 18525 18530 6
20200311 1359 18530 18530 18530 18530 9
20200311 1400 18525 18530 18525 18530 6
20200311 1401 18525 18525 18525 18525 8
20200311 1402 18505 18505 18475 18475 15
20200311 1403 18455 18455 18455 18455 3
20200311 1404 18465 18465 18460 18460 4
20200311 1405 18455 18465 18455 18465 5
20200311 1406 18460 18460 18460 18460 2
20200311 1407 18455 18455 18450 18450 5
20200311 1408 18445 18445 18445 18445 4
20200311 1409 18440 18440 18440 18440 6
20200311 1410 18435 18435 18430 18430 5
20200311 1411 18435 18435 18435 18435 7
20200311 1413 18410 18410 18395 18395 4
20200311 1414 18395 18395 18395 18395 5
20200311 1415 18390 18390 18390 18390 2
20200311 1416 18385 18385 18385 18385 5
20200311 1417 18385 18390 18385 18390 4
20200311 1418 18385 18385 18385 18385 3
20200311 1419 18385 18385 18380 18385 6
20200311 1420 18385 18385 18385 18385 3
20200311 1421 18395 18395 18395 18395 2
20200311 1422 18395 18395 18390 18390 4
20200311 1423 18385 18385 18380 18380 5
20200311 1424 18380 18380 18380 18380 2
20200311 1425 18375 18375 18370 18370 5
20200311 1426 18360 18360 18355 18355 4
20200311 1427 18355 18355 18355 18355 3
20200311 1428 18350 18355 18350 18355 4
20200311 1429 18355 18355 18350 18350 5
20200311 1430 18350 18350 18350 18350 4
20200311 1431 18340 18340 18340 18340 3
20200311 1432 18335 18335 18335 18335 4
20200311 1433 18335 18335 18335 18335 3
20200311 1434 18330 18330 18325 18325 4
20200311 1435 18315 18315 18300 18300 5
20200311 1436 18295 18295 18295 18295 2
20200311 1437 18290 18290 18280 18280 4
20200311 1438 18265 18265 18260 18260 5
20200311 1439 18270 18270 18270 18270 2
20200311 1440 18275 18285 18270 18285 7
20200311 1441 18305 18305 18305 18305 2
20200311 1442 18300 18300 18300 18300 3
20200311 1443 18290 18290 18280 18280 4
20200311 1444 18290 18310 18290 18310 5
20200311 1445 18330 18330 18330 18330 2
20200311 1446 18335 18345 18335 18345 5
20200311 1447 18325 18325 18320 18320 4
20200311 1448 18320 18320 18320 18320 3
20200311 1449 18325 18325 18310 18310 4
20200311 1450 18310 18310 18310 18310 2
20200311 1451 18310 18310 18310 18310 2
20200311 1452 18305 18305 18305 18305 3
20200311 1516 18410 18410 18410 18410 1
20200311 1517 18415 18415 18415 18415 1
20200311 1518 18415 18415 18415 18415 1
20200311 1519 18425 18425 18425 18425 1
20200311 1520 18435 18435 18435 18435 1
20200311 1530 18445 18445 18445 18445 1
20200312 1432 17475 17475 17470 17470 49
20200312 1433 17470 17470 17465 17465 50
20200312 1434 17465 17465 17465 17465 24
20200312 1435 17460 17465 17460 17465 50
20200312 1436 17465 17475 17465 17475 74
20200312 1437 17475 17475 17475 17475 24
20200312 1438 17485 17485 17485 17485 25
20200312 1439 17480 17480 17480 17480 49
20200312 1440 17470 17470 17465 17465 49
20200312 1441 17470 17470 17470 17470 50
20200312 1442 17465 17465 17465 17465 24
20200312 1443 17455 17455 17440 17440 49
20200312 1444 17435 17435 17435 17435 50
20200312 1445 17420 17425 17420 17425 49
20200312 1446 17425 17425 17425 17425 25
20200312 1447 17415 17430 17415 17430 49
20200312 1448 17410 17410 17390 17390 49
20200312 1449 17385 17385 17385 17385 49
20200312 1450 17380 17380 17380 17380 25
20200312 1451 17375 17375 17375 17375 49
20200312 1452 17370 17380 17370 17380 50
20200312 1453 17390 17390 17380 17380 49
20200312 1454 17395 17395 17395 17395 24
20200312 1455 17395 17410 17395 17410 74
20200312 1456 17420 17420 17420 17420 25
20200312 1457 17420 17420 17410 17410 49
20200312 1458 17410 17410 17410 17410 25
20200312 1459 17410 17410 17400 17400 49
20200312 1500 17395 17395 17385 17385 49
20200312 1501 17385 17385 17380 17380 50
20200312 1502 17380 17380 17380 17380 24
20200312 1503 17380 17380 17375 17375 50
20200312 1504 17375 17375 17370 17370 49
20200312 1505 17360 17360 17345 17345 49
20200312 1506 17345 17345 17345 17345 25
20200312 1507 17335 17335 17330 17330 49
20200312 1508 17315 17315 17310 17310 49
20200312 1509 17300 17310 17300 17310 50
20200312 1510 17295 17295 17295 17295 24
20200312 1511 17290 17290 17290 17290 24
20200312 1512 17310 17310 17310 17310 25
20200312 1530 17750 17750 17750 17750 5
20200313 1012 16085 16085 16085 16085 729
20200313 1017 16035 16035 16035 16035 730
20200313 1022 15885 15885 15885 15885 729
20200313 1027 15870 15870 15870 15870 730
20200313 1032 15900 15900 15900 15900 729
20200313 1040 15825 15825 15825 15825 730
20200313 1043 15755 15755 15755 15755 729
20200313 1128 15840 15840 15840 15840 1313
20200313 1129 15860 15860 15860 15860 830
20200313 1134 15905 15905 15905 15905 830
20200313 1139 15870 15870 15870 15870 830
20200313 1145 15830 15830 15830 15830 830
20200313 1150 15830 15830 15830 15830 830
20200313 1155 15815 15815 15815 15815 830
20200313 1200 15830 15830 15830 15830 830
20200313 1205 15845 15845 15845 15845 830
20200313 1210 15810 15810 15810 15810 830
20200313 1216 15795 15795 15795 15795 830
20200313 1221 15740 15740 15740 15740 830
20200313 1226 15680 15680 15680 15680 830
20200313 1231 15690 15690 15690 15690 830
20200313 1236 15685 15685 15685 15685 830
20200313 1241 15740 15740 15735 15735 830
20200313 1247 15710 15710 15710 15710 830
20200313 1252 15735 15735 15735 15735 830
20200313 1257 15715 15715 15715 15715 830
20200313 1302 15810 15810 15810 15810 830
20200313 1307 15825 15825 15825 15825 830
20200313 1312 15745 15745 15745 15745 830
20200313 1318 15740 15740 15740 15740 830
20200313 1323 15900 15900 15900 15900 830
20200313 1328 15950 15950 15950 15950 830
20200313 1333 16005 16005 16005 16005 830
20200313 1338 16110 16110 16110 16110 830
20200313 1343 16205 16205 16205 16205 830
20200313 1349 16210 16210 16210 16210 830
20200313 1354 16255 16255 16255 16255 830
20200313 1359 16390 16390 16390 16390 830
20200313 1404 16610 16610 16610 16610 830
20200313 1411 16680 16680 16680 16680 387
20200313 1414 16750 16750 16750 16750 387
20200313 1501 16760 16760 16750 16750 1084
20200313 1502 16735 16735 16735 16735 543
20200313 1503 16715 16715 16715 16715 542
20200313 1504 16730 16730 16730 16730 542
20200313 1505 16685 16685 16685 16685 543
20200313 1506 16660 16660 16660 16660 542
20200313 1507 16675 16675 16675 16675 542
20200313 1508 16640 16640 16640 16640 543
20200313 1509 16660 16660 16650 16650 1084
20200313 1510 16685 16685 16685 16685 543
20200313 1511 16675 16675 16675 16675 542
20200313 1512 16710 16710 16710 16710 542
20200313 1513 16695 16695 16695 16695 543
20200313 1514 16685 16685 16685 16685 542
20200313 1515 16655 16655 16655 16655 542
20200313 1516 16655 16655 16655 16655 543
20200313 1517 16680 16680 16640 16640 1085
20200313 1520 16655 16655 16655 16655 5
20200316 1010 16835 16835 16835 16835 506
20200316 1118 16590 16590 16590 16590 4
20200316 1120 16585 16585 16585 16585 4
20200316 1121 16590 16590 16590 16590 4
20200316 1123 16565 16565 16565 16565 4
20200316 1125 16560 16560 16560 16560 4
20200316 1126 16550 16550 16550 16550 4
20200316 1128 16550 16550 16550 16550 4
20200316 1130 16565 16565 16565 16565 4
20200316 1131 16545 16545 16545 16545 4
20200316 1133 16540 16540 16540 16540 4
20200316 1135 16535 16535 16535 16535 4
20200316 1136 16525 16525 16525 16525 4
20200316 1138 16510 16510 16510 16510 4
20200316 1140 16525 16525 16525 16525 4
20200316 1141 16520 16520 16520 16520 4
20200316 1143 16505 16505 16505 16505 4
20200316 1145 16500 16500 16500 16500 3
20200316 1147 16500 16500 16500 16500 4
20200316 1148 16515 16525 16515 16525 8
20200316 1151 16565 16565 16565 16565 4
20200316 1153 16535 16535 16535 16535 4
20200316 1155 16545 16545 16545 16545 4
20200316 1156 16545 16545 16545 16545 4
20200316 1158 16560 16560 16560 16560 4
20200316 1159 16565 16565 16565 16565 4
20200316 1201 16535 16535 16535 16535 4
20200316 1203 16535 16535 16535 16535 4
20200316 1204 16505 16505 16505 16505 4
20200316 1206 16485 16485 16485 16485 4
20200316 1208 16490 16490 16490 16490 4
20200316 1209 16495 16495 16495 16495 4
20200316 1211 16510 16510 16510 16510 4
20200316 1213 16500 16500 16500 16500 4
20200316 1214 16500 16500 16500 16500 5
20200316 1215 16510 16510 16510 16510 4
20200316 1218 16485 16485 16485 16485 4
20200316 1219 16485 16485 16485 16485 4
20200316 1221 16480 16480 16480 16480 4
20200316 1223 16475 16475 16475 16475 4
20200316 1224 16475 16475 16475 16475 4
20200316 1226 16455 16455 16455 16455 4
20200316 1228 16460 16460 16460 16460 4
20200316 1229 16450 16450 16450 16450 4
20200316 1231 16450 16450 16450 16450 4
20200316 1233 16445 16445 16445 16445 4
20200316 1234 16445 16445 16445 16445 4
20200316 1236 16440 16440 16440 16440 4
20200316 1238 16460 16470 16460 16470 7
20200316 1241 16480 16480 16480 16480 4
20200316 1243 16465 16465 16465 16465 4
20200316 1244 16470 16470 16470 16470 4
20200316 1246 16465 16465 16465 16465 4
20200316 1248 16465 16465 16465 16465 4
20200316 1249 16480 16480 16480 16480 8
20200316 1253 16530 16535 16530 16535 8
20200316 1256 16530 16530 16530 16530 4
20200316 1258 16530 16530 16530 16530 4
20200316 1259 16530 16530 16530 16530 4
20200316 1301 16510 16510 16510 16510 4
20200316 1302 16490 16490 16490 16490 4
20200316 1304 16480 16480 16480 16480 4
20200316 1306 16490 16490 16490 16490 4
20200316 1307 16490 16490 16490 16490 4
20200316 1309 16460 16460 16460 16460 4
20200316 1311 16470 16470 16470 16470 4
20200316 1312 16460 16460 16460 16460 4
20200316 1314 16460 16460 16460 16460 4
20200316 1316 16445 16445 16445 16445 4
20200316 1317 16430 16430 16430 16430 4
20200316 1319 16410 16410 16410 16410 4
20200316 1321 16400 16400 16400 16400 4
20200316 1322 16420 16420 16420 16420 4
20200316 1324 16440 16440 16440 16440 4
20200316 1326 16425 16425 16425 16425 4
20200316 1327 16410 16410 16410 16410 4
20200316 1329 16405 16405 16405 16405 4
20200316 1331 16395 16395 16395 16395 4
20200316 1332 16350 16350 16350 16350 4
20200316 1334 16350 16350 16350 16350 3
20200316 1336 16340 16340 16340 16340 4
20200316 1337 16330 16330 16330 16330 4
20200316 1339 16340 16340 16340 16340 4
20200316 1341 16365 16365 16365 16365 8
20200316 1344 16335 16335 16335 16335 4
20200316 1346 16315 16315 16315 16315 4
20200316 1347 16350 16350 16350 16350 4
20200316 1348 16360 16360 16360 16360 4
20200316 1351 16360 16360 16360 16360 4
20200316 1352 16335 16335 16335 16335 4
20200316 1354 16345 16345 16345 16345 4
20200316 1356 16325 16325 16325 16325 4
20200316 1357 16325 16325 16325 16325 4
20200316 1359 16335 16335 16335 16335 4
20200316 1406 16335 16335 16335 16335 7
20200316 1516 16360 16360 16360 16360 1
20200316 1517 16360 16360 16360 16360 1
20200316 1518 16320 16320 16320 16320 1
20200316 1519 16305 16305 16305 16305 1
20200316 1520 16265 16265 16265 16265 1
20200317 925 15675 15675 15675 15675 5
20200317 929 15625 15625 15625 15625 4
20200317 932 15625 15625 15625 15625 5
20200317 936 15635 15635 15635 15635 5
20200317 939 15605 15605 15605 15605 4
20200317 942 15560 15560 15560 15560 5
20200317 948 15640 15640 15640 15640 5
20200317 949 15675 15675 15675 15675 4
20200317 953 15750 15750 15750 15750 5
20200317 957 15775 15775 15775 15775 4
20200317 1000 15795 15795 15795 15795 5
20200317 1003 15800 15800 15800 15800 5
20200317 1007 15875 15875 15875 15875 4
20200317 1010 15910 15910 15910 15910 5
20200317 1014 15845 15845 15845 15845 5
20200317 1017 15890 15890 15890 15890 4
20200317 1021 15870 15870 15870 15870 5
20200317 1024 15910 15910 15910 15910 4
20200317 1028 16025 16025 16025 16025 5
20200317 1031 16075 16075 16075 16075 5
20200317 1035 16150 16150 16150 16150 4
20200317 1038 16105 16105 16105 16105 5
20200317 1042 16025 16025 16025 16025 5
20200317 1045 15980 15980 15980 15980 4
20200317 1049 15885 15885 15885 15885 5
20200317 1052 15860 15860 15860 15860 4
20200317 1056 15895 15895 15895 15895 5
20200317 1059 15830 15830 15830 15830 5
20200317 1103 15855 15855 15855 15855 4
20200317 1106 15840 15840 15840 15840 5
20200317 1110 15770 15770 15770 15770 4
20200317 1113 15660 15660 15660 15660 5
20200317 1117 15660 15660 15660 15660 5
20200317 1120 15620 15620 15620 15620 4
20200317 1124 15710 15710 15710 15710 5
20200317 1127 15740 15740 15650 15650 8
20200317 1128 15700 15700 15700 15700 8
20200317 1129 15715 15715 15715 15715 3
20200317 1131 15755 15755 15695 15750 15
20200317 1133 15785 15785 15785 15785 8
20200317 1134 15795 15795 15730 15730 8
20200317 1135 15765 15765 15765 15765 8
20200317 1136 15760 15760 15760 15760 3
20200317 1137 15750 15750 15750 15750 8
20200317 1138 15705 15750 15705 15750 67
20200317 1141 15840 15840 15825 15825 8
20200317 1142 15885 15885 15885 15885 8
20200317 1143 15875 15875 15875 15875 3
20200317 1144 15870 15870 15870 15870 8
20200317 1145 15825 15860 15825 15860 8
20200317 1147 15850 15850 15850 15850 8
20200317 1148 15845 15845 15815 15815 7
20200317 1149 15895 15895 15895 15895 8
20200317 1150 15915 15915 15915 15915 3
20200317 1151 15880 15880 15880 15880 8
20200317 1152 15815 15860 15815 15860 8
20200317 1154 15855 15855 15855 15855 8
20200317 1155 15860 15860 15815 15815 8
20200317 1156 15865 15865 15865 15865 8
20200317 1157 15865 15865 15865 15865 3
20200317 1158 15845 15845 15845 15845 8
20200317 1159 15795 15825 15795 15825 7
20200317 1202 15805 15805 15800 15800 8
20200317 1203 15855 15855 15855 15855 8
20200317 1204 15840 15840 15840 15840 3
20200317 1205 15880 15880 15880 15880 8
20200317 1206 15830 15885 15830 15885 7
20200317 1208 15900 15900 15900 15900 8
20200317 1209 15920 15920 15865 15865 8
20200317 1210 15900 15900 15900 15900 8
20200317 1211 15870 15870 15870 15870 3
20200317 1212 15820 15820 15820 15820 8
20200317 1213 15800 15800 15800 15800 5
20200317 1215 15815 15815 15815 15815 8
20200317 1216 15815 15815 15800 15800 4
20200317 1217 15800 15800 15800 15800 8
20200317 1218 15795 15795 15795 15795 3
20200317 1219 15820 15820 15820 15820 8
20200317 1220 15760 15820 15760 15820 8
20200317 1222 15865 15865 15865 15865 8
20200317 1223 15845 15845 15800 15800 8
20200317 1224 15840 15840 15840 15840 8
20200317 1225 15855 15855 15855 15855 3
20200317 1226 15860 15860 15815 15815 12
20200317 1227 15870 15870 15870 15870 3
20200317 1229 15860 15860 15860 15860 8
20200317 1230 15905 15905 15855 15855 8
20200317 1231 15890 15890 15890 15890 8
20200317 1232 15920 15920 15920 15920 3
20200317 1233 15920 15920 15860 15860 12
20200317 1235 15885 15885 15885 15885 3
20200317 1236 15890 15890 15890 15890 8
20200317 1237 15890 15890 15840 15840 8
20200317 1238 15885 15885 15885 15885 8
20200317 1239 15880 15880 15880 15880 3
20200317 1240 15845 15845 15800 15800 13
20200317 1242 15870 15870 15870 15870 3
20200317 1243 15860 15860 15860 15860 8
20200317 1244 15865 15865 15810 15810 7
20200317 1245 15895 15895 15895 15895 8
20200317 1246 15895 15895 15895 15895 3
20200317 1247 15910 15910 15855 15855 13
20200317 1249 15915 15915 15915 15915 3
20200317 1250 15930 15930 15930 15930 8
20200317 1251 15870 15920 15870 15920 8
20200317 1252 15905 15905 15905 15905 8
20200317 1253 15895 15895 15895 15895 3
20200317 1254 15915 15915 15860 15860 12
20200317 1256 15905 15905 15905 15905 3
20200317 1257 15905 15905 15905 15905 8
20200317 1258 15860 15910 15860 15910 8
20200317 1259 15965 15965 15965 15965 8
20200317 1300 15965 15965 15965 15965 3
20200317 1301 15960 15960 15905 15905 12
20200317 1303 15975 15975 15975 15975 3
20200317 1304 15985 15985 15985 15985 8
20200317 1305 15915 15970 15915 15970 8
20200317 1306 15970 15970 15970 15970 8
20200317 1307 15975 15975 15975 15975 3
20200317 1308 15970 15970 15915 15915 13
20200317 1310 15970 15970 15970 15970 3
20200317 1311 15980 15980 15980 15980 8
20200317 1312 15935 15935 15935 15935 4
20200317 1313 15985 15985 15985 15985 8
20200317 1314 15960 15960 15960 15960 3
20200317 1315 15965 15965 15910 15910 13
20200317 1317 15920 15920 15920 15920 3
20200317 1318 15905 15905 15905 15905 8
20200317 1319 15880 15930 15880 15930 8
20200317 1320 15925 15925 15925 15925 8
20200317 1322 15915 15915 15855 15855 7
20200317 1324 15890 15890 15890 15890 3
20200317 1325 15885 15885 15885 15885 8
20200317 1326 15855 15895 15855 15895 8
20200317 1327 15890 15890 15890 15890 8
20200317 1329 15895 15895 15810 15865 15
20200317 1331 15850 15850 15850 15850 3
20200317 1332 15860 15860 15860 15860 8
20200317 1333 15815 15870 15815 15870 8
20200317 1334 15875 15875 15875 15875 8
20200317 1336 15865 15880 15830 15880 16
20200317 1338 15895 15895 15895 15895 3
20200317 1339 15925 15925 15925 15925 8
20200317 1340 15880 15930 15880 15930 7
20200317 1341 15920 15920 15920 15920 8
20200317 1343 15950 15950 15895 15950 16
20200317 1345 15945 15945 15945 15945 3
20200317 1346 15950 15950 15950 15950 8
20200317 1347 15885 15945 15885 15945 7
20200317 1348 15960 15960 15960 15960 8
20200317 1350 15985 15985 15940 15985 16
20200317 1352 15985 15985 15985 15985 3
20200317 1353 15985 15985 15985 15985 8
20200317 1354 15940 16015 15940 16015 8
20200317 1355 16030 16030 16030 16030 8
20200317 1356 16050 16050 16050 16050 4
20200317 1357 16045 16045 15990 16035 15
20200317 1359 16025 16025 16025 16025 3
20200317 1400 16030 16030 16030 16030 8
20200317 1401 15985 16020 15985 16020 8
20200317 1402 16015 16015 16015 16015 8
20200317 1404 16050 16050 15980 16035 16
20200317 1406 16015 16015 16015 16015 3
20200317 1407 16010 16010 16010 16010 8
20200317 1408 15980 15980 15980 15980 4
20200317 1409 16040 16040 16040 16040 11
20200317 1411 16025 16025 15955 16000 16
20200317 1413 16020 16020 16020 16020 3
20200317 1414 16000 16000 16000 16000 8
20200317 1415 15935 15935 15935 15935 4
20200317 1416 15985 15985 15980 15980 11
20200317 1418 15990 15990 15940 15990 16
20200317 1420 15990 15990 15990 15990 3
20200317 1421 15990 15990 15990 15990 8
20200317 1422 15980 15980 15980 15980 5
20200317 1423 16025 16025 16025 16025 11
20200317 1425 16030 16030 15980 16030 15
20200317 1427 16005 16005 16005 16005 3
20200317 1428 15995 15995 15995 15995 8
20200317 1429 15920 15920 15920 15920 5
20200317 1430 15980 15980 15970 15970 11
20200317 1432 15950 15950 15900 15945 16
20200317 1434 15925 15925 15925 15925 3
20200317 1435 15900 15900 15900 15900 8
20200317 1436 15850 15850 15850 15850 4
20200317 1437 15855 15855 15855 15855 11
20200317 1439 15860 15860 15800 15860 16
20200317 1441 15820 15870 15820 15825 188
20200317 1442 15870 15870 15835 15835 100
20200317 1443 15710 15730 15710 15730 190
20200317 1444 16000 16000 15730 15730 196
20200317 1445 15730 15730 15730 15730 93
20200317 1446 15730 16000 15730 16000 201
20200317 1447 15710 15710 15710 15710 185
20200317 1448 15690 15960 15690 15690 188
20200317 1449 15960 15960 15690 15690 101
20200317 1450 15690 15690 15690 15690 190
20200317 1451 15690 15960 15690 15690 196
20200317 1452 15690 15690 15690 15690 93
20200317 1453 15690 15690 15670 15690 189
20200317 1454 15690 15690 15670 15670 100
20200317 1455 15670 15670 15670 15670 271
20200317 1456 15940 15940 15670 15670 103
20200317 1457 15670 15670 15670 15670 191
20200317 1458 15670 15960 15670 15670 196
20200317 1459 15690 15690 15690 15690 93
20200317 1500 15690 15980 15690 15980 201
20200317 1501 15710 15710 15690 15690 185
20200317 1502 15690 15690 15670 15670 185
20200317 1503 15940 15940 15670 15670 104
20200317 1504 15670 15670 15670 15670 189
20200317 1505 15670 15940 15670 15670 196
20200317 1506 15670 15670 15670 15670 93
20200317 1507 15670 15915 15650 15915 193
20200317 1508 15915 15915 15650 15650 100
20200317 1509 15630 15630 15630 15630 92
20200317 1510 15650 15920 15650 15670 282
20200317 1511 15710 15730 15710 15730 191
20200317 1512 15750 16020 15750 16020 103
20200317 1513 15730 15730 15730 15730 186
20200317 1514 15750 16040 15750 16040 196
20200317 1515 15750 15750 15750 15750 92
20200317 1516 15730 15730 15730 15730 93
20200317 1517 16040 16040 16040 16040 11
20200317 1519 16000 16000 16000 16000 11
20200317 1530 15950 15950 15950 15950 5
20200318 1516 15245 15245 15245 15245 1
20200318 1517 15230 15230 15230 15230 1
20200318 1518 15200 15200 15200 15200 1
20200318 1519 15190 15190 15190 15190 1
20200318 1520 15155 15155 15155 15155 1
20200319 1020 14465 14465 14465 14465 573
20200319 1110 14205 14205 14200 14200 30
20200319 1111 14190 14190 14140 14140 40
20200319 1112 14135 14150 14135 14150 30
20200319 1113 14150 14170 14150 14170 30
20200319 1114 14155 14155 14145 14145 30
20200319 1115 14135 14170 14135 14170 30
20200319 1116 14190 14205 14190 14205 30
20200319 1117 14225 14225 14210 14210 30
20200319 1118 14210 14250 14210 14250 30
20200319 1119 14265 14265 14265 14265 13
20200319 1120 14245 14245 14245 14245 10
20200319 1122 14220 14220 14220 14220 3
20200319 1124 14205 14205 14205 14205 3
20200319 1127 14200 14200 14200 14200 3
20200319 1129 14215 14215 14215 14215 3
20200319 1131 14145 14145 14145 14145 3
20200319 1134 14005 14005 14005 14005 3
20200319 1136 13755 14005 13755 14005 347
20200319 1139 14035 14035 14035 14035 3
20200319 1140 13835 13835 13835 13835 344
20200319 1141 14010 14010 14010 14010 3
20200319 1144 13985 13985 13985 13985 3
20200319 1146 13895 13895 13895 13895 3
20200319 1147 13895 13895 13895 13895 341
20200319 1148 14015 14015 14015 14015 3
20200319 1151 13915 13915 13915 13915 3
20200319 1153 13915 13915 13915 13915 3
20200319 1156 13915 13915 13915 13915 3
20200319 1158 13870 13870 13870 13870 3
20200319 1200 13870 13870 13870 13870 3
20200319 1203 13740 13740 13740 13740 3
20200319 1205 13740 13740 13740 13740 3
20200319 1237 13420 13420 13420 13420 11
20200319 1240 13895 13895 13895 13895 3
20200319 1242 13995 13995 13995 13995 3
20200319 1244 14095 14095 14095 14095 3
20200319 1246 13975 13975 13975 13975 3
20200319 1248 13955 13955 13955 13955 3
20200319 1250 13835 13835 13835 13835 3
20200319 1252 13755 13755 13755 13755 3
20200319 1254 13735 13735 13735 13735 3
20200319 1256 13640 13640 13460 13460 643
20200319 1258 13675 13675 13675 13675 3
20200319 1259 13440 13440 13440 13440 323
20200319 1300 13595 13595 13595 13595 3
20200319 1302 13510 13510 13510 13510 3
20200319 1304 13510 13510 13510 13510 3
20200319 1306 13510 13510 13510 13510 3
20200319 1308 13510 13510 13510 13510 1
20200319 1310 13650 13650 13650 13650 3
20200319 1312 13655 13655 13655 13655 3
20200319 1314 13690 13690 13690 13690 3
20200319 1316 13710 13710 13710 13710 3
20200319 1318 13830 13830 13830 13830 3
20200319 1320 13790 13790 13790 13790 3
20200319 1322 13720 13720 13720 13720 3
20200319 1324 13735 13735 13735 13735 3
20200319 1326 13775 13775 13775 13775 3
20200319 1328 13745 13745 13745 13745 3
20200319 1330 13785 13785 13785 13785 3
20200319 1332 13845 13845 13845 13845 3
20200319 1334 13820 13820 13820 13820 3
20200319 1336 13820 13965 13820 13965 607
20200319 1338 14020 14020 14020 14020 3
20200319 1340 13935 13935 13935 13935 3
20200319 1342 13860 13860 13860 13860 3
20200319 1345 13785 13785 13785 13785 3
20200319 1346 13750 13750 13750 13750 3
20200319 1348 13750 13750 13750 13750 3
20200319 1350 13750 13750 13750 13750 3
20200319 1351 13750 13750 13750 13750 902
20200319 1352 13810 13810 13810 13810 3
20200319 1354 13810 13810 13810 13810 3
20200319 1356 13810 13810 13810 13810 3
20200319 1358 13790 13790 13790 13790 3
20200319 1400 13730 13730 13730 13730 3
20200319 1402 13730 13730 13730 13730 3
20200319 1404 13730 13730 13730 13730 3
20200319 1406 13650 13650 13650 13650 3
20200319 1408 13655 13655 13655 13655 3
20200319 1410 13655 13655 13655 13655 3
20200319 1412 13650 13650 13650 13650 3
20200319 1414 13655 13655 13655 13655 3
20200319 1416 13655 13655 13655 13655 3
20200319 1419 13655 13655 13655 13655 3
20200319 1421 13655 13655 13655 13655 3
20200319 1423 13655 13655 13655 13655 3
20200319 1425 13655 13655 13655 13655 3
20200319 1427 13655 13655 13655 13655 3
20200319 1429 13620 13620 13620 13620 3
20200319 1431 13595 13595 13595 13595 3
20200319 1433 13515 13515 13510 13510 15
20200319 1435 13500 13500 13500 13500 3
20200319 1437 13485 13485 13485 13485 3
20200319 1439 13485 13485 13485 13485 3
20200319 1441 13485 13485 13485 13485 3
20200319 1443 13485 13485 13485 13485 3
20200319 1445 13485 13485 13485 13485 3
20200319 1447 13485 13485 13485 13485 3
20200319 1449 13485 13485 13485 13485 3
20200319 1451 13485 13485 13485 13485 3
20200319 1453 13485 13485 13485 13485 3
20200319 1455 13480 13480 13480 13480 3
20200319 1457 13445 13445 13445 13445 3
20200319 1459 13455 13455 13455 13455 3
20200319 1501 13430 13430 13430 13430 3
20200319 1503 13430 13430 13320 13320 1362
20200319 1505 13405 13405 13290 13290 1362
20200319 1507 13355 13455 13355 13455 1362
20200319 1508 13360 13360 13360 13360 1359
20200319 1509 13460 13460 13460 13460 3
20200319 1510 13340 13340 13340 13340 1360
20200319 1511 13400 13400 13400 13400 3
20200319 1512 13290 13290 13290 13290 1359
20200319 1513 13440 13440 13335 13335 1362
20200319 1515 13390 13390 13290 13290 1362
20200319 1517 13345 13465 13345 13465 1362
20200319 1518 13360 13360 13360 13360 1360
20200319 1519 13485 13485 13485 13485 3
20200320 902 13525 13525 13525 13525 5
20200320 903 13590 13650 13590 13650 10
20200320 952 13485 13485 13485 13485 602
20200320 1004 13370 13370 13370 13370 413
20200320 1007 13500 13500 13500 13500 214
20200320 1015 13560 13560 13560 13560 412
20200320 1100 13610 13610 13610 13610 413
20200320 1102 13615 13615 13615 13615 207
20200320 1119 13675 13675 13675 13675 1445
20200320 1246 13695 13695 13695 13695 1653
20200320 1316 13795 13815 13795 13815 1445
20200320 1327 13855 13855 13855 13855 413
20200320 1332 13905 13905 13905 13905 413
20200320 1516 14400 14400 14400 14400 1
20200320 1517 14400 14400 14400 14400 1
20200320 1518 14425 14425 14425 14425 1
20200320 1519 14445 14445 14445 14445 1
20200320 1520 14430 14430 14430 14430 1
20200320 1530 14540 14540 14540 14540 40
20200323 1035 13490 13490 13490 13490 1248
20200323 1057 13640 13640 13640 13640 625
20200323 1201 13590 13605 13590 13605 2498
20200323 1206 13680 13680 13680 13680 625
20200323 1226 13725 13725 13725 13725 625
20200323 1227 13730 13730 13730 13730 624
20200323 1228 13740 13740 13740 13740 624
20200323 1302 13720 13720 13720 13720 1
20200323 1415 13700 13700 13700 13700 1
20200323 1417 13660 13660 13660 13660 1
20200323 1506 13300 13300 13300 13300 1748
20200323 1508 13310 13310 13310 13310 874
20200323 1509 13360 13360 13360 13360 875
20200323 1511 13390 13390 13390 13390 874
20200323 1512 13385 13385 13385 13385 874
20200323 1514 13375 13375 13375 13375 875
20200323 1515 13365 13365 13365 13365 874
20200323 1517 13355 13355 13355 13355 874
20200323 1518 13340 13340 13340 13340 875
20200323 1530 13515 13515 13515 13515 5
20200324 1100 13995 13995 13995 13995 25
20200324 1131 14040 14040 14040 14040 7
20200324 1132 14040 14040 14040 14040 5
20200324 1134 14040 14040 14040 14040 14
20200324 1136 14040 14040 14040 14040 14
20200324 1137 14040 14040 14040 14040 503
20200324 1138 14040 14130 14040 14040 1095
20200324 1141 14040 14040 14040 14040 14
20200324 1143 14040 14040 14040 14040 19
20200324 1145 14040 14040 14040 14040 14
20200324 1147 14040 14040 14040 14040 14
20200324 1150 14040 14040 14040 14040 14
20200324 1152 14040 14040 14040 14040 14
20200324 1154 14040 14040 14040 14040 14
20200324 1157 14040 14040 14040 14040 14
20200324 1159 14040 14040 14040 14040 14
20200324 1201 14040 14040 14040 14040 14
20200324 1203 14040 14040 14040 14040 7
20200324 1204 14040 14040 14040 14040 7
20200324 1206 14040 14040 14040 14040 14
20200324 1208 14040 14040 14040 14040 14
20200324 1210 14040 14040 14040 14040 14
20200324 1212 14040 14040 14040 14040 7
20200324 1213 14040 14040 14040 14040 7
20200324 1215 14040 14040 14040 14040 14
20200324 1217 14040 14040 14040 14040 14
20200324 1219 14040 14040 14040 14040 7
20200324 1220 14040 14040 14040 14040 7
20200324 1221 14025 14025 14025 14025 7
20200324 1222 14020 14020 14020 14020 7
20200324 1224 14025 14040 14025 14040 14
20200324 1226 14040 14040 14040 14040 7
20200324 1227 14040 14040 14040 14040 7
20200324 1228 14040 14040 14040 14040 7
20200324 1229 14035 14035 14035 14035 7
20200324 1231 14040 14040 14040 14040 14
20200324 1233 14040 14040 14040 14040 14
20200324 1235 14040 14040 14040 14040 7
20200324 1236 14040 14040 14040 14040 7
20200324 1237 14035 14035 14035 14035 7
20200324 1238 14035 14035 14035 14035 7
20200324 1240 14015 14015 14010 14010 14
20200324 1242 14015 14015 14015 14015 7
20200324 1243 14015 14015 14015 14015 7
20200324 1244 13980 13980 13980 13980 7
20200324 1245 13990 13990 13990 13990 7
20200324 1246 13970 13970 13970 13970 7
20200324 1247 13970 13970 13970 13970 7
20200324 1249 13965 13965 13965 13965 7
20200324 1250 13960 13960 13960 13960 7
20200324 1251 13930 13930 13930 13930 7
20200324 1252 13930 13930 13930 13930 7
20200324 1253 13930 13930 13930 13930 7
20200324 1254 13930 13930 13930 13930 7
20200324 1255 13930 13930 13930 13930 7
20200324 1256 13930 13930 13930 13930 7
20200324 1258 13930 13930 13930 13930 7
20200324 1259 13930 13930 13930 13930 7
20200324 1300 13930 13930 13930 13930 7
20200324 1301 13930 13930 13930 13930 7
20200324 1302 13930 13930 13930 13930 7
20200324 1303 13950 13950 13950 13950 7
20200324 1305 13950 13950 13950 13950 7
20200324 1306 13935 13935 13935 13935 7
20200324 1307 13945 13945 13945 13945 7
20200324 1308 13945 13945 13945 13945 7
20200324 1309 13970 13970 13960 13960 14
20200324 1310 13965 13965 13965 13965 7
20200324 1312 13950 13950 13950 13950 14
20200324 1313 13940 13940 13935 13935 14
20200324 1315 13930 13930 13930 13930 7
20200324 1316 13930 13930 13930 13930 7
20200324 1318 13920 13925 13920 13925 14
20200324 1320 13950 13950 13940 13940 14
20200324 1322 13990 13990 13990 13990 7
20200324 1323 13995 13995 13995 13995 7
20200324 1325 14010 14010 14010 14010 14
20200324 1327 14020 14020 14015 14015 14
20200324 1329 14025 14025 14025 14025 14
20200324 1332 14040 14040 14035 14035 14
20200324 1334 14020 14020 14020 14020 14
20200324 1336 14010 14010 14000 14000 14
20200324 1339 14035 14035 14030 14030 14
20200324 1341 14045 14050 14045 14050 14
20200324 1343 14050 14050 14045 14045 14
20200324 1344 13945 13945 13945 13945 1
20200324 1346 14065 14065 14060 14060 14
20200324 1348 14060 14060 14060 14060 14
20200324 1350 14075 14075 14075 14075 14
20200324 1353 14080 14080 14080 14080 14
20200324 1355 14085 14085 14085 14085 14
20200324 1357 14100 14100 14100 14100 14
20200324 1400 14110 14110 14110 14110 14
20200324 1402 14085 14085 14085 14085 14
20200324 1404 14080 14080 14080 14080 14
20200324 1407 14090 14090 14090 14090 14
20200324 1409 14100 14100 14100 14100 14
20200324 1411 14110 14110 14110 14110 14
20200324 1414 14125 14125 14125 14125 14
20200324 1416 14130 14130 14130 14130 14
20200324 1418 14110 14110 14110 14110 14
20200324 1421 14135 14135 14135 14135 14
20200324 1423 14135 14135 14135 14135 14
20200324 1425 14115 14115 14115 14115 14
20200324 1428 14095 14095 14095 14095 14
20200324 1430 14110 14110 14105 14105 14
20200324 1432 14095 14095 14095 14095 14
20200324 1435 14090 14090 14090 14090 14
20200324 1437 14100 14100 14100 14100 14
20200324 1439 14120 14120 14120 14120 14
20200324 1444 14190 14190 14190 14190 14
20200324 1446 14190 14190 14190 14190 14
20200324 1449 14200 14200 14200 14200 14
20200324 1451 14210 14210 14210 14210 14
20200324 1453 14195 14195 14195 14195 14
20200324 1456 14200 14200 14200 14200 14
20200324 1458 14210 14210 14210 14210 14
20200324 1500 14230 14230 14230 14230 14
20200324 1503 14205 14205 14205 14205 14
20200324 1505 14210 14210 14210 14210 14
20200324 1507 14260 14260 14260 14260 14
20200324 1510 14315 14315 14315 14315 14
20200324 1512 14400 14400 14400 14400 14
20200324 1514 14390 14390 14390 14390 14
20200324 1517 14405 14405 14405 14405 14
20200324 1519 14380 14380 14365 14365 28
20200324 1520 14370 14370 14370 14370 3
20200325 1331 15215 15215 15215 15215 5
20200325 1516 15610 15610 15610 15610 1
20200325 1517 15630 15630 15630 15630 1
20200325 1518 15620 15620 15620 15620 1
20200325 1519 15605 15605 15605 15605 1
20200325 1520 15590 15590 15590 15590 1
20200326 1001 15895 15895 15895 15895 10
20200326 1002 15870 15870 15870 15870 10
20200326 1025 15670 15670 15670 15670 10
20200326 1054 15790 15790 15785 15785 90
20200326 1055 15795 15795 15790 15790 60
20200326 1056 15800 15800 15800 15800 60
20200326 1057 15800 15800 15780 15780 60
20200326 1058 15790 15790 15785 15785 60
20200326 1059 15785 15785 15785 15785 60
20200326 1100 15785 15785 15785 15785 60
20200326 1101 15785 15785 15770 15770 60
20200326 1102 15750 15750 15750 15750 60
20200326 1103 15750 15750 15750 15750 30
20200326 1104 15720 15720 15720 15720 7
20200326 1107 15760 15760 15760 15760 8
20200326 1110 15725 15725 15725 15725 7
20200326 1113 15710 15710 15710 15710 8
20200326 1116 15720 15720 15720 15720 7
20200326 1120 15750 15750 15750 15750 8
20200326 1123 15750 15750 15750 15750 7
20200326 1126 15800 15800 15800 15800 8
20200326 1129 15790 15790 15790 15790 7
20200326 1133 15815 15815 15815 15815 8
20200326 1136 15785 15785 15785 15785 7
20200326 1139 15780 15780 15780 15780 8
20200326 1142 15830 15830 15830 15830 7
20200326 1146 15825 15825 15825 15825 8
20200326 1149 15860 15860 15860 15860 7
20200326 1152 15865 15865 15865 15865 8
20200326 1155 15855 15855 15855 15855 7
20200326 1158 15880 15880 15880 15880 8
20200326 1201 15900 15900 15900 15900 1
20200326 1202 15925 15925 15925 15925 6
20200326 1205 15940 15940 15940 15940 8
20200326 1208 15955 15955 15955 15955 7
20200326 1211 15985 15985 15985 15985 8
20200326 1214 15950 15950 15950 15950 7
20200326 1218 15935 15935 15935 15935 8
20200326 1221 15965 15965 15965 15965 7
20200326 1224 15970 15970 15970 15970 8
20200326 1227 15955 15955 15955 15955 7
20200326 1231 15970 15970 15970 15970 8
20200326 1234 15915 15915 15915 15915 7
20200326 1237 15880 15880 15880 15880 8
20200326 1240 15910 15910 15910 15910 7
20200326 1243 15905 15905 15905 15905 8
20200326 1247 15960 15960 15960 15960 7
20200326 1253 15960 15970 15960 15970 15
20200326 1256 15975 16025 15975 16025 8
20200326 1259 16020 16020 16020 16020 7
20200326 1303 15995 15995 15995 15995 8
20200326 1306 15965 15965 15965 15965 7
20200326 1309 15975 15975 15975 15975 8
20200326 1312 16020 16020 16020 16020 7
20200326 1316 16010 16010 16010 16010 8
20200326 1319 16005 16005 16005 16005 7
20200326 1322 15960 15960 15960 15960 8
20200326 1326 15980 15980 15980 15980 7
20200326 1329 16000 16000 16000 16000 8
20200326 1332 16010 16010 16010 16010 8
20200326 1335 16020 16020 16020 16020 8
20200326 1339 16000 16000 16000 16000 7
20200326 1342 16030 16030 16030 16030 8
20200326 1345 16035 16035 16035 16035 7
20200326 1348 16020 16020 16020 16020 8
20200326 1349 15945 15945 15945 15945 6
20200326 1350 15940 15945 15940 15945 15
20200326 1352 16030 16030 16030 16030 8
20200326 1354 15945 15945 15945 15945 5
20200326 1355 15940 15940 15940 15940 10
20200326 1356 15940 15945 15940 15945 16
20200326 1357 15950 15965 15950 15965 21
20200326 1358 16055 16055 15970 15970 18
20200326 1359 15970 15970 15970 15970 11
20200326 1400 15980 15980 15980 15980 11
20200326 1401 15975 16040 15975 16040 18
20200326 1402 15970 15970 15970 15970 3
20200326 1403 15955 15955 15935 15935 13
20200326 1404 15950 15950 15950 15950 8
20200326 1405 15935 15935 15935 15935 11
20200326 1406 15940 15940 15940 15940 10
20200326 1407 15935 15935 15935 15935 3
20200326 1408 15930 15930 15930 15930 10
20200326 1409 15920 15935 15920 15935 18
20200326 1410 15925 15950 15925 15950 26
20200326 1411 15955 15960 15955 15960 18
20200326 1412 15970 15970 15970 15970 18
20200326 1413 15970 15970 15970 15970 10
20200326 1414 16060 16060 15965 15965 10
20200326 1415 15975 15975 15975 15975 10
20200326 1416 15980 16010 15980 16010 21
20200326 1417 16100 16100 16100 16100 8
20200326 1418 16025 16025 16025 16025 11
20200326 1419 16045 16045 16045 16045 11
20200326 1420 16065 16170 16065 16170 19
20200326 1421 16085 16085 16085 16085 10
20200326 1422 16080 16080 16080 16080 10
20200326 1423 16090 16090 16080 16080 13
20200326 1424 16080 16080 16075 16075 17
20200326 1425 16075 16075 16075 16075 11
20200326 1426 16070 16070 16070 16070 10
20200326 1427 16135 16135 16070 16070 9
20200326 1428 16055 16055 16055 16055 3
20200326 1429 16045 16070 16045 16070 27
20200326 1430 16065 16165 16065 16075 29
20200326 1431 16080 16080 16080 16080 11
20200326 1432 16085 16085 16085 16085 11
20200326 1433 16095 16185 16095 16185 18
20200326 1434 16095 16095 16095 16095 10
20200326 1435 16090 16090 16090 16090 11
20200326 1436 16095 16095 16095 16095 11
20200326 1437 16165 16165 16080 16080 12
20200326 1438 16070 16070 16070 16070 11
20200326 1439 16080 16085 16080 16085 18
20200326 1440 16095 16175 16095 16175 19
20200326 1441 16075 16075 16075 16075 1
20200326 1442 16065 16065 16065 16065 1
20200326 1443 16040 16065 16040 16065 17
20200326 1444 16045 16045 16045 16045 1
20200326 1445 16040 16040 16035 16035 16
20200326 1446 16035 16035 16035 16035 8
20200326 1447 16020 16020 16020 16020 4
20200326 1448 16005 16005 16005 16005 3
20200326 1449 15960 15960 15960 15960 10
20200326 1450 16000 16000 16000 16000 2
20200326 1451 15955 15955 15955 15955 10
20200326 1452 15950 15950 15950 15950 3
20200326 1453 15925 15925 15920 15920 13
20200326 1454 15920 15920 15920 15920 2
20200326 1455 15915 15915 15890 15890 12
20200326 1456 15890 15890 15875 15875 30
20200326 1457 15765 15765 15765 15765 10
20200326 1458 15795 15795 15795 15795 11
20200326 1459 15845 15890 15845 15890 14
20200326 1500 15915 15915 15875 15875 17
20200326 1501 15875 15875 15875 15875 1
20200326 1502 15875 15875 15870 15870 19
20200326 1503 15840 15840 15840 15840 2
20200326 1504 15840 15870 15840 15870 21
20200326 1505 15850 15850 15850 15850 10
20200326 1506 15915 15915 15915 15915 8
20200326 1507 15830 15830 15830 15830 5
20200326 1508 15800 15800 15780 15780 21
20200326 1509 15825 15825 15825 15825 8
20200326 1510 15775 15775 15775 15775 4
20200326 1511 15760 15760 15760 15760 2
20200326 1512 15760 15775 15760 15775 24
20200326 1513 15765 15765 15765 15765 11
20200326 1514 15745 15745 15745 15745 2
20200326 1515 15725 15725 15705 15705 33
20200326 1516 15710 15710 15705 15705 8
20200326 1517 15705 15705 15685 15685 11
20200326 1518 15705 15705 15685 15685 4
20200326 1519 15685 15705 15685 15685 11
20200326 1520 15650 15650 15630 15630 94
20200327 907 16165 16165 16165 16165 11
20200327 911 16140 16140 16140 16140 10
20200327 914 16185 16185 16185 16185 11
20200327 917 16230 16230 16230 16230 10
20200327 920 16230 16230 16230 16230 11
20200327 923 16205 16205 16205 16205 10
20200327 927 16130 16130 16130 16130 11
20200327 930 16200 16200 16200 16200 10
20200327 933 16225 16225 16225 16225 11
20200327 937 16200 16200 16200 16200 10
20200327 940 16245 16245 16245 16245 11
20200327 943 16250 16250 16250 16250 10
20200327 947 16330 16330 16330 16330 10
20200327 950 16245 16245 16245 16245 10
20200327 953 16225 16225 16225 16225 11
20200327 956 16240 16240 16240 16240 10
20200327 959 16125 16125 16125 16125 11
20200327 1003 16115 16115 16115 16115 10
20200327 1006 16150 16150 16150 16150 11
20200327 1009 16140 16140 16140 16140 10
20200327 1014 16085 16085 16085 16085 11
20200327 1016 16045 16045 16045 16045 10
20200327 1019 16100 16100 16100 16100 11
20200327 1022 16080 16080 16080 16080 10
20200327 1026 16055 16055 16055 16055 10
20200327 1029 16100 16100 16100 16100 11
20200327 1032 16080 16080 16080 16080 10
20200327 1035 16080 16080 16080 16080 11
20200327 1039 16065 16065 16050 16050 14
20200327 1042 16085 16085 16085 16085 11
20200327 1045 16020 16020 16020 16020 10
20200327 1048 16000 16000 16000 16000 11
20200327 1052 15955 16050 15955 16050 30
20200327 1055 15950 16040 15950 16040 31
20200327 1058 16060 16060 15955 15955 30
20200327 1100 16050 16050 16050 16050 3
20200327 1101 16050 16050 16050 16050 11
20200327 1102 16050 16050 16050 16050 6
20200327 1103 16035 16035 16035 16035 20
20200327 1105 15935 15935 15935 15935 10
20200327 1106 16020 16020 16020 16020 20
20200327 1108 15930 16030 15930 16030 31
20200327 1111 15990 15990 15925 15925 30
20200327 1114 15965 15965 15965 15965 20
20200327 1115 15855 15855 15855 15855 11
20200327 1116 15930 15930 15930 15930 20
20200327 1118 15835 15835 15835 15835 10
20200327 1119 15855 15855 15855 15855 20
20200327 1121 15785 15785 15785 15785 11
20200327 1122 15860 15860 15860 15860 20
20200327 1124 15755 15755 15755 15755 10
20200327 1125 15850 15850 15850 15850 3
20200327 1127 15860 15860 15860 15860 3
20200327 1128 15860 15860 15860 15860 14
20200327 1130 15865 15865 15865 15865 3
20200327 1131 15865 15865 15860 15860 20
20200327 1133 15855 15855 15855 15855 3
20200327 1134 15855 15855 15855 15855 14
20200327 1135 15860 15860 15860 15860 7
20200327 1137 15860 15860 15860 15860 10
20200327 1138 15900 15900 15900 15900 3
20200327 1139 15900 15900 15900 15900 3
20200327 1141 15905 15905 15905 15905 14
20200327 1143 15920 15920 15920 15920 3
20200327 1144 15920 15920 15920 15920 10
20200327 1146 15935 15935 15935 15935 3
20200327 1147 15940 15940 15935 15935 14
20200327 1149 15985 15985 15985 15985 3
20200327 1150 15985 15985 15985 15985 13
20200327 1151 15990 15990 15990 15990 3
20200327 1154 15990 15995 15990 15995 14
20200327 1155 15995 15995 15990 15990 23
20200327 1156 15985 15985 15985 15985 4
20200327 1157 15995 15995 15935 15935 26
20200327 1159 15930 15930 15930 15930 3
20200327 1200 15930 15930 15930 15930 14
20200327 1202 15935 15935 15935 15935 4
20200327 1204 15935 15935 15935 15935 16
20200327 1205 15940 15940 15930 15930 23
20200327 1207 15920 15920 15920 15920 11
20200327 1210 15920 15935 15920 15935 13
20200327 1211 15935 15935 15935 15935 3
20200327 1213 15940 15940 15940 15940 14
20200327 1214 15940 15940 15940 15940 3
20200327 1215 15945 15945 15945 15945 3
20200327 1217 15945 15945 15945 15945 10
20200327 1218 15985 15985 15985 15985 3
20200327 1220 15985 15985 15985 15985 11
20200327 1221 15995 15995 15995 15995 20
20200327 1223 15985 15985 15985 15985 6
20200327 1224 15985 15985 15985 15985 4
20200327 1226 15990 15990 15990 15990 14
20200327 1227 15990 15990 15990 15990 3
20200327 1229 15995 15995 15995 15995 3
20200327 1230 15995 15995 15995 15995 13
20200327 1232 16000 16000 16000 16000 3
20200327 1233 16000 16000 16000 16000 11
20200327 1234 16035 16035 16035 16035 3
20200327 1235 16035 16035 16035 16035 17
20200327 1236 16000 16000 16000 16000 6
20200327 1237 16000 16000 16000 16000 4
20200327 1238 16000 16000 16000 16000 16
20200327 1239 15995 15995 15995 15995 4
20200327 1240 15995 15995 15995 15995 7
20200327 1241 15995 15995 15995 15995 13
20200327 1242 16000 16000 16000 16000 3
20200327 1243 16000 16000 16000 16000 10
20200327 1245 16010 16010 16010 16010 3
20200327 1246 16010 16010 16010 16010 14
20200327 1248 16035 16035 16035 16035 20
20200327 1249 16010 16010 16010 16010 3
20200327 1251 16010 16010 16010 16010 7
20200327 1253 16010 16030 16010 16030 14
20200327 1254 16030 16030 16030 16030 3
20200327 1256 16030 16035 16030 16035 13
20200327 1257 16035 16035 16035 16035 3
20200327 1259 16040 16040 16040 16040 14
20200327 1301 16055 16055 16055 16055 3
20200327 1302 16055 16055 16055 16055 13
20200327 1304 16060 16060 16060 16060 3
20200327 1305 16060 16060 16060 16060 17
20200327 1306 16055 16055 16055 16055 4
20200327 1307 16055 16055 16055 16055 20
20200327 1309 16040 16040 16035 16035 40
20200327 1310 16030 16030 16030 16030 4
20200327 1312 16030 16030 16010 16010 22
20200327 1314 16000 16000 16000 16000 7
20200327 1315 16000 16000 16000 16000 16
20200327 1318 16005 16005 16005 16005 6
20200327 1319 16005 16005 16005 16005 10
20200327 1320 16010 16010 16010 16010 8
20200327 1321 16010 16010 16005 16005 16
20200327 1322 16000 16000 16000 16000 4
20200327 1323 16000 16000 16000 16000 20
20200327 1325 15990 15990 15990 15990 3
20200327 1326 15990 15990 15990 15990 10
20200327 1328 15995 15995 15995 15995 14
20200327 1331 16010 16010 16010 16010 20
20200327 1332 15995 15995 15985 15985 32
20200327 1334 15980 15980 15980 15980 20
20200327 1335 15945 15945 15945 15945 7
20200327 1336 15945 15945 15945 15945 4
20200327 1338 15945 15945 15945 15945 10
20200327 1339 15970 15970 15970 15970 20
20200327 1341 15945 15945 15945 15945 6
20200327 1342 15940 15940 15940 15940 23
20200327 1344 15935 15935 15935 15935 14
20200327 1345 15935 15935 15920 15920 26
20200327 1347 15915 15915 15915 15915 3
20200327 1348 15915 15915 15915 15915 14
20200327 1350 15920 15920 15920 15920 4
20200327 1351 15920 15920 15915 15915 19
20200327 1353 15905 15905 15900 15900 40
20200327 1355 15860 15860 15860 15860 11
20200327 1356 15860 15860 15850 15850 32
20200327 1358 15715 15810 15715 15810 30
20200327 1401 15795 15795 15795 15795 14
20200327 1403 15820 15820 15820 15820 3
20200327 1404 15820 15820 15820 15820 10
20200327 1406 15820 15820 15820 15820 27
20200327 1408 15795 15795 15695 15695 17
20200327 1409 15770 15770 15770 15770 20
20200327 1411 15630 15630 15630 15630 10
20200327 1412 15710 15710 15710 15710 20
20200327 1414 15585 15685 15585 15685 31
20200327 1417 15620 15620 15485 15485 30
20200327 1420 15560 15560 15560 15560 20
20200327 1421 15530 15530 15530 15530 11
20200327 1422 15580 15685 15580 15685 9
20200327 1424 15685 15685 15685 15685 10
20200327 1425 15695 15695 15695 15695 6
20200327 1427 15695 15695 15695 15695 10
20200327 1428 15700 15700 15700 15700 3
20200327 1430 15740 15740 15740 15740 3
20200327 1431 15740 15740 15740 15740 11
20200327 1432 15750 15755 15750 15755 6
20200327 1433 15815 15815 15815 15815 3
20200327 1435 15825 15830 15825 15830 6
20200327 1436 15860 15860 15860 15860 3
20200327 1438 15860 15860 15860 15860 17
20200327 1439 15845 15845 15815 15815 37
20200327 1440 15740 15740 15700 15700 16
20200327 1441 15830 15830 15830 15830 20
20200327 1444 15770 15770 15770 15770 20
20200327 1447 15770 15770 15770 15770 3
20200327 1448 15770 15770 15770 15770 17
20200327 1449 15775 15775 15775 15775 20
20200327 1452 15765 15765 15765 15765 20
20200327 1455 15765 15765 15765 15765 6
20200327 1456 15770 15770 15770 15770 3
20200327 1457 15810 15810 15810 15810 3
20200327 1500 15815 15815 15810 15810 23
20200327 1501 15815 15815 15815 15815 13
20200327 1503 15895 15895 15895 15895 20
20200327 1505 15890 15890 15890 15890 3
20200327 1506 15985 15985 15985 15985 20
20200327 1508 15965 15965 15965 15965 20
20200327 1511 15960 15960 15960 15960 20
20200327 1514 15900 15900 15900 15900 20
20200327 1515 15900 15900 15900 15900 3
20200327 1516 15925 15935 15925 15935 21
20200327 1518 15910 15910 15900 15900 44
20200327 1519 15930 15950 15855 15855 29
20200327 1520 15980 15980 15980 15980 1
20200330 1516 16125 16125 16125 16125 1
20200330 1518 16120 16120 16120 16120 1
20200330 1520 16130 16130 16130 16130 1
20200331 1038 16550 16550 16545 16545 21
20200331 1040 16510 16510 16510 16510 1
20200331 1043 16545 16545 16545 16545 1
20200331 1046 16600 16600 16600 16600 1
20200331 1049 16625 16625 16625 16625 1
20200331 1051 16625 16625 16625 16625 100
20200331 1052 16635 16635 16635 16635 1
20200331 1055 16630 16630 16630 16630 1
20200331 1057 16620 16620 16620 16620 1
20200331 1100 16605 16605 16605 16605 1
20200331 1103 16625 16625 16625 16625 1
20200331 1106 16590 16590 16590 16590 1
20200331 1109 16605 16605 16605 16605 1
20200331 1112 16590 16590 16590 16590 1
20200331 1114 16580 16580 16580 16580 1
20200331 1117 16585 16585 16585 16585 1
20200331 1120 16605 16605 16605 16605 1
20200331 1123 16635 16635 16635 16635 1
20200331 1126 16655 16655 16655 16655 1
20200331 1129 16675 16675 16675 16675 1
20200331 1131 16670 16670 16670 16670 1
20200331 1134 16660 16660 16660 16660 1
20200331 1137 16680 16680 16680 16680 1
20200331 1140 16670 16670 16670 16670 1
20200331 1143 16665 16665 16665 16665 1
20200331 1146 16650 16650 16650 16650 1
20200331 1148 16650 16650 16650 16650 401
20200331 1151 16665 16665 16665 16665 1
20200331 1154 16685 16685 16685 16685 1
20200331 1157 16700 16700 16700 16700 1
20200331 1200 16695 16695 16695 16695 1
20200331 1203 16700 16700 16700 16700 1
20200331 1205 16675 16675 16675 16675 1
20200331 1208 16645 16645 16645 16645 1
20200331 1211 16615 16615 16615 16615 1
20200331 1214 16615 16615 16615 16615 1
20200331 1216 16590 16590 16590 16590 20
20200331 1217 16585 16590 16585 16590 21
20200331 1220 16610 16610 16610 16610 1
20200331 1222 16610 16610 16610 16610 1
20200331 1225 16615 16615 16615 16615 1
20200331 1227 16600 16600 16600 16600 20
20200331 1228 16620 16620 16620 16620 1
20200331 1231 16610 16610 16610 16610 1
20200331 1234 16625 16625 16625 16625 1
20200331 1236 16610 16610 16605 16605 40
20200331 1237 16615 16615 16615 16615 1
20200331 1238 16605 16605 16605 16605 240
20200331 1239 16605 16605 16605 16605 1
20200331 1242 16615 16615 16615 16615 1
20200331 1245 16605 16605 16605 16605 1
20200331 1248 16595 16595 16595 16595 1
20200331 1251 16605 16605 16605 16605 1
20200331 1254 16600 16600 16600 16600 1
20200331 1257 16605 16605 16605 16605 1
20200331 1259 16585 16585 16585 16585 1
20200331 1302 16570 16570 16570 16570 1
20200331 1303 16560 16560 16560 16560 20
20200331 1304 16555 16555 16555 16555 20
20200331 1305 16550 16555 16540 16540 61
20200331 1306 16540 16540 16540 16540 20
20200331 1308 16535 16540 16535 16540 21
20200331 1310 16535 16535 16535 16535 20
20200331 1311 16535 16535 16535 16535 1
20200331 1312 16535 16535 16535 16535 20
20200331 1314 16570 16570 16570 16570 1
20200331 1316 16555 16555 16555 16555 1
20200331 1318 16540 16540 16540 16540 20
20200331 1319 16550 16550 16550 16550 1
20200331 1321 16550 16550 16545 16545 120
20200331 1322 16545 16545 16545 16545 1
20200331 1325 16530 16530 16530 16530 1
20200331 1328 16525 16525 16525 16525 1
20200331 1331 16535 16535 16535 16535 1
20200331 1334 16470 16470 16470 16470 1
20200331 1335 16455 16455 16440 16440 100
20200331 1336 16415 16415 16415 16415 1
20200331 1339 16355 16355 16355 16355 1
20200331 1342 16350 16350 16350 16350 1
20200331 1345 16375 16375 16375 16375 1
20200331 1348 16425 16425 16425 16425 1
20200331 1351 16435 16435 16415 16415 101
20200331 1354 16370 16370 16370 16370 1
20200331 1356 16370 16370 16370 16370 1
20200331 1359 16370 16370 16370 16370 1
20200331 1402 16370 16370 16370 16370 1
20200331 1404 16310 16310 16295 16295 80
20200331 1405 16315 16315 16315 16315 1
20200331 1407 16295 16295 16290 16290 40
20200331 1408 16305 16305 16305 16305 1
20200331 1411 16325 16325 16325 16325 1
20200331 1413 16365 16365 16365 16365 1
20200331 1416 16410 16410 16410 16410 1
20200331 1419 16390 16390 16390 16390 1
20200331 1422 16440 16440 16440 16440 1
20200331 1425 16480 16480 16480 16480 1
20200331 1428 16515 16515 16515 16515 1
20200331 1431 16535 16535 16535 16535 1
20200331 1433 16520 16520 16520 16520 1
20200331 1436 16540 16540 16540 16540 1
20200331 1439 16500 16500 16500 16500 1
20200331 1440 16500 16500 16500 16500 1
20200331 1442 16535 16535 16535 16535 1
20200331 1445 16565 16565 16565 16565 1
20200331 1448 16605 16605 16605 16605 1
20200331 1451 16615 16615 16615 16615 1
20200331 1453 16585 16585 16585 16585 1
20200331 1456 16585 16585 16585 16585 1
20200331 1459 16610 16610 16610 16610 1
20200331 1502 16575 16575 16575 16575 1
20200331 1505 16580 16580 16545 16545 81
20200331 1506 16540 16540 16535 16535 40
20200331 1508 16530 16530 16530 16530 1
20200331 1510 16550 16550 16550 16550 1
20200331 1513 16545 16545 16545 16545 341
20200331 1516 16570 16570 16570 16570 1
20200331 1517 16560 16560 16560 16560 20
20200331 1519 16580 16585 16580 16585 21
20200331 1530 16565 16565 16565 16565 35
