날짜 시간 시가 고가 저가 종가 거래량
20200901 901 18800 18800 18800 18800 119
20200901 903 18800 18800 18800 18800 50
20200901 904 18700 18800 18700 18750 21
20200901 905 18800 18800 18800 18800 40
20200901 906 18850 18850 18850 18850 9
20200901 907 18850 18850 18800 18800 14
20200901 908 18800 18800 18800 18800 127
20200901 909 18800 18800 18800 18800 1
20200901 910 18750 18750 18750 18750 11
20200901 911 18800 18850 18800 18850 114
20200901 912 18800 18800 18800 18800 220
20200901 913 18800 18900 18800 18800 348
20200901 916 18850 18850 18850 18850 102
20200901 917 18800 18800 18800 18800 198
20200901 919 18800 18800 18750 18750 157
20200901 920 18750 18750 18750 18750 48
20200901 921 18700 18700 18700 18700 109
20200901 923 18700 18700 18700 18700 18
20200901 924 18700 18700 18700 18700 46
20200901 925 18700 18700 18700 18700 57
20200901 926 18650 18650 18650 18650 25
20200901 927 18650 18650 18650 18650 29
20200901 928 18650 18700 18650 18700 42
20200901 929 18650 18650 18650 18650 107
20200901 930 18650 18650 18650 18650 8
20200901 931 18600 18650 18600 18650 210
20200901 932 18650 18650 18650 18650 1
20200901 935 18650 18650 18650 18650 35
20200901 936 18650 18650 18650 18650 35
20200901 938 18600 18600 18600 18600 18
20200901 939 18600 18600 18600 18600 4
20200901 940 18600 18650 18600 18650 25
20200901 941 18650 18650 18650 18650 24
20200901 942 18600 18650 18600 18650 79
20200901 944 18600 18600 18600 18600 1016
20200901 945 18600 18600 18600 18600 32
20200901 946 18600 18600 18600 18600 18
20200901 947 18600 18650 18600 18650 24
20200901 948 18600 18650 18600 18650 67
20200901 949 18600 18600 18600 18600 15
20200901 950 18650 18650 18600 18650 395
20200901 951 18650 18700 18650 18700 11
20200901 952 18700 18700 18600 18600 2
20200901 953 18600 18700 18600 18700 5
20200901 954 18650 18650 18600 18600 142
20200901 956 18650 18650 18650 18650 1
20200901 957 18600 18600 18600 18600 26
20200901 958 18600 18600 18600 18600 21
20200901 959 18600 18700 18600 18600 9
20200901 1000 18600 18600 18600 18600 1
20200901 1001 18600 18600 18600 18600 7
20200901 1002 18600 18600 18600 18600 105
20200901 1003 18600 18600 18600 18600 19
20200901 1004 18650 18650 18600 18600 22
20200901 1005 18600 18650 18600 18650 608
20200901 1006 18650 18650 18600 18600 60
20200901 1007 18600 18600 18600 18600 24
20200901 1008 18600 18600 18600 18600 102
20200901 1009 18600 18600 18600 18600 22
20200901 1010 18600 18600 18600 18600 10
20200901 1011 18600 18600 18600 18600 178
20200901 1012 18600 18600 18550 18600 381
20200901 1013 18550 18550 18550 18550 159
20200901 1014 18550 18550 18550 18550 62
20200901 1015 18550 18550 18500 18500 658
20200901 1016 18500 18500 18450 18500 151
20200901 1017 18500 18500 18500 18500 108
20200901 1018 18550 18550 18500 18500 2
20200901 1019 18500 18500 18500 18500 62
20200901 1020 18500 18550 18400 18400 848
20200901 1021 18400 18500 18400 18450 882
20200901 1022 18450 18450 18450 18450 5
20200901 1023 18450 18450 18400 18450 48
20200901 1024 18400 18400 18400 18400 1270
20200901 1025 18400 18400 18350 18350 666
20200901 1026 18350 18400 18350 18400 28
20200901 1027 18350 18400 18350 18400 194
20200901 1028 18400 18450 18400 18450 56
20200901 1029 18400 18450 18400 18400 54
20200901 1030 18400 18400 18400 18400 20
20200901 1031 18400 18450 18400 18400 8
20200901 1032 18400 18450 18400 18400 301
20200901 1033 18400 18400 18400 18400 1
20200901 1034 18400 18400 18400 18400 7
20200901 1035 18450 18450 18400 18400 137
20200901 1036 18400 18400 18400 18400 6
20200901 1037 18400 18450 18400 18400 11
20200901 1038 18400 18400 18400 18400 1
20200901 1039 18400 18450 18400 18400 27
20200901 1040 18400 18400 18400 18400 21
20200901 1041 18400 18400 18400 18400 6
20200901 1042 18450 18450 18400 18400 899
20200901 1043 18400 18400 18400 18400 25
20200901 1044 18400 18400 18400 18400 22
20200901 1045 18400 18400 18400 18400 4
20200901 1046 18400 18450 18400 18450 117
20200901 1047 18400 18400 18400 18400 4
20200901 1048 18400 18400 18400 18400 9
20200901 1049 18400 18450 18400 18450 255
20200901 1050 18450 18450 18450 18450 8
20200901 1051 18450 18450 18450 18450 21
20200901 1052 18450 18450 18450 18450 30
20200901 1053 18450 18450 18450 18450 25
20200901 1054 18450 18450 18450 18450 70
20200901 1055 18450 18450 18450 18450 7
20200901 1056 18450 18450 18450 18450 92
20200901 1057 18450 18450 18450 18450 47
20200901 1058 18450 18450 18450 18450 38
20200901 1059 18450 18450 18450 18450 5
20200901 1100 18450 18450 18450 18450 3
20200901 1101 18450 18450 18450 18450 6
20200901 1102 18450 18450 18450 18450 26
20200901 1103 18450 18450 18450 18450 16
20200901 1104 18450 18450 18450 18450 9
20200901 1105 18450 18500 18450 18450 29
20200901 1106 18450 18450 18450 18450 24
20200901 1107 18450 18450 18400 18400 1437
20200901 1108 18400 18400 18400 18400 31
20200901 1109 18400 18450 18400 18450 13
20200901 1110 18400 18450 18400 18450 293
20200901 1111 18450 18450 18450 18450 4
20200901 1112 18450 18450 18450 18450 19
20200901 1113 18450 18450 18450 18450 24
20200901 1114 18450 18450 18450 18450 8
20200901 1115 18500 18500 18450 18450 57
20200901 1116 18450 18500 18450 18500 116
20200901 1117 18500 18500 18450 18450 30
20200901 1118 18450 18450 18450 18450 6
20200901 1119 18450 18450 18450 18450 1
20200901 1120 18450 18450 18450 18450 7
20200901 1121 18450 18500 18450 18500 323
20200901 1122 18500 18500 18500 18500 9
20200901 1123 18500 18500 18500 18500 5
20200901 1124 18500 18500 18450 18450 6
20200901 1125 18450 18500 18450 18500 190
20200901 1126 18500 18500 18450 18450 16
20200901 1127 18450 18500 18450 18500 97
20200901 1128 18500 18500 18500 18500 4
20200901 1129 18500 18500 18500 18500 25
20200901 1130 18500 18500 18500 18500 20
20200901 1131 18500 18500 18500 18500 9
20200901 1132 18500 18500 18500 18500 19
20200901 1133 18500 18500 18500 18500 7
20200901 1134 18500 18500 18500 18500 3
20200901 1135 18500 18500 18500 18500 24
20200901 1136 18500 18500 18500 18500 24
20200901 1137 18500 18500 18500 18500 1
20200901 1138 18500 18500 18500 18500 7
20200901 1139 18500 18500 18500 18500 31
20200901 1140 18500 18500 18500 18500 26
20200901 1141 18500 18500 18500 18500 2
20200901 1142 18500 18500 18500 18500 5
20200901 1143 18500 18500 18500 18500 4
20200901 1144 18500 18500 18500 18500 44
20200901 1145 18500 18500 18500 18500 7
20200901 1146 18500 18500 18500 18500 1
20200901 1147 18500 18500 18500 18500 4
20200901 1148 18500 18550 18500 18500 28
20200901 1149 18500 18500 18500 18500 19
20200901 1150 18550 18550 18500 18500 6
20200901 1151 18500 18550 18500 18500 25
20200901 1152 18500 18500 18500 18500 7
20200901 1153 18500 18500 18500 18500 19
20200901 1154 18500 18500 18500 18500 4
20200901 1155 18500 18500 18500 18500 24
20200901 1156 18500 18500 18500 18500 10
20200901 1157 18500 18500 18500 18500 1
20200901 1158 18500 18500 18500 18500 23
20200901 1159 18500 18500 18500 18500 22
20200901 1200 18500 18500 18500 18500 7
20200901 1201 18500 18500 18500 18500 11
20200901 1202 18500 18500 18500 18500 15
20200901 1203 18500 18500 18500 18500 18
20200901 1207 18500 18500 18500 18500 36
20200901 1208 18500 18500 18500 18500 60
20200901 1210 18500 18500 18500 18500 18
20200901 1211 18500 18500 18500 18500 2
20200901 1212 18500 18550 18500 18550 24
20200901 1213 18550 18550 18550 18550 10
20200901 1214 18500 18500 18500 18500 19
20200901 1215 18500 18500 18500 18500 52
20200901 1216 18500 18500 18500 18500 15
20200901 1218 18500 18500 18500 18500 18
20200901 1221 18500 18500 18500 18500 44
20200901 1222 18500 18500 18500 18500 20
20200901 1225 18550 18550 18500 18500 26
20200901 1226 18500 18500 18500 18500 19
20200901 1227 18500 18500 18500 18500 1
20200901 1229 18500 18500 18500 18500 19
20200901 1230 18500 18500 18500 18500 18
20200901 1233 18500 18500 18500 18500 19
20200901 1235 18500 18500 18500 18500 15
20200901 1237 18500 18500 18500 18500 19
20200901 1239 18500 18500 18500 18500 15
20200901 1241 18500 18500 18500 18500 19
20200901 1242 18500 18500 18500 18500 1
20200901 1243 18500 18500 18500 18500 1
20200901 1244 18500 18500 18500 18500 16
20200901 1245 18500 18500 18500 18500 20
20200901 1248 18500 18500 18500 18500 34
20200901 1252 18500 18500 18500 18500 18
20200901 1253 18500 18500 18500 18500 16
20200901 1254 18500 18500 18500 18500 2
20200901 1256 18500 18500 18500 18500 19
20200901 1257 18500 18500 18500 18500 1
20200901 1258 18500 18500 18500 18500 17
20200901 1300 18500 18500 18500 18500 20
20200901 1301 18550 18550 18550 18550 5
20200901 1302 18500 18500 18500 18500 15
20200901 1304 18500 18500 18500 18500 69
20200901 1305 18500 18500 18450 18450 200
20200901 1306 18450 18450 18450 18450 127
20200901 1307 18450 18450 18450 18450 219
20200901 1308 18450 18450 18450 18450 128
20200901 1309 18450 18500 18450 18450 526
20200901 1310 18450 18500 18450 18500 410
20200901 1311 18450 18500 18450 18450 292
20200901 1312 18450 18450 18450 18450 100
20200901 1313 18450 18450 18450 18450 101
20200901 1314 18450 18450 18450 18450 149
20200901 1315 18450 18500 18450 18450 217
20200901 1316 18450 18500 18450 18450 318
20200901 1317 18450 18500 18450 18450 157
20200901 1318 18450 18450 18450 18450 100
20200901 1319 18450 18450 18450 18450 119
20200901 1320 18450 18450 18450 18450 145
20200901 1321 18450 18450 18450 18450 137
20200901 1322 18500 18500 18450 18450 100
20200901 1323 18450 18450 18450 18450 207
20200901 1324 18450 18450 18400 18400 101
20200901 1325 18400 18400 18400 18400 115
20200901 1326 18400 18400 18400 18400 156
20200901 1327 18400 18400 18400 18400 187
20200901 1328 18400 18400 18400 18400 156
20200901 1329 18400 18450 18400 18400 184
20200901 1330 18400 18400 18400 18400 170
20200901 1331 18400 18400 18400 18400 102
20200901 1332 18400 18400 18400 18400 133
20200901 1333 18400 18400 18400 18400 179
20200901 1334 18400 18400 18400 18400 162
20200901 1335 18400 18400 18400 18400 139
20200901 1336 18400 18400 18400 18400 186
20200901 1337 18400 18400 18400 18400 100
20200901 1338 18400 18400 18400 18400 160
20200901 1339 18400 18400 18350 18350 2972
20200901 1340 18350 18350 18350 18350 134
20200901 1341 18350 18350 18350 18350 141
20200901 1342 18350 18350 18350 18350 211
20200901 1343 18350 18350 18350 18350 263
20200901 1344 18400 18400 18350 18350 199
20200901 1345 18350 18350 18350 18350 164
20200901 1346 18350 18350 18350 18350 179
20200901 1347 18350 18350 18350 18350 139
20200901 1348 18350 18350 18350 18350 145
20200901 1349 18350 18350 18350 18350 199
20200901 1350 18350 18400 18300 18350 399
20200901 1351 18350 18350 18350 18350 133
20200901 1352 18350 18400 18350 18350 279
20200901 1353 18300 18300 18300 18300 193
20200901 1354 18300 18300 18300 18300 199
20200901 1355 18300 18300 18300 18300 264
20200901 1356 18300 18300 18300 18300 168
20200901 1357 18300 18300 18300 18300 238
20200901 1358 18300 18350 18300 18300 220
20200901 1359 18300 18300 18300 18300 218
20200901 1400 18300 18350 18300 18300 220
20200901 1401 18300 18300 18300 18300 295
20200901 1402 18300 18300 18250 18250 301
20200901 1403 18250 18250 18250 18250 165
20200901 1404 18250 18300 18250 18250 512
20200901 1405 18250 18300 18250 18250 269
20200901 1406 18250 18300 18250 18250 481
20200901 1407 18300 18300 18250 18300 246
20200901 1408 18300 18300 18250 18250 247
20200901 1409 18300 18300 18250 18250 183
20200901 1410 18250 18300 18250 18300 169
20200901 1411 18250 18300 18250 18250 239
20200901 1412 18300 18300 18250 18250 172
20200901 1413 18250 18300 18250 18250 323
20200901 1414 18300 18300 18250 18250 191
20200901 1415 18250 18250 18250 18250 139
20200901 1416 18250 18300 18250 18250 210
20200901 1417 18250 18300 18250 18250 141
20200901 1418 18250 18300 18250 18250 248
20200901 1419 18250 18300 18250 18300 396
20200901 1420 18300 18300 18300 18300 168
20200901 1421 18300 18300 18300 18300 225
20200901 1422 18350 18350 18300 18300 143
20200901 1423 18300 18300 18300 18300 191
20200901 1424 18300 18350 18300 18350 189
20200901 1425 18300 18350 18300 18300 185
20200901 1426 18300 18300 18300 18300 138
20200901 1427 18300 18350 18300 18350 215
20200901 1428 18300 18350 18300 18300 172
20200901 1429 18300 18350 18300 18350 540
20200901 1430 18300 18350 18300 18300 242
20200901 1431 18300 18350 18300 18300 158
20200901 1432 18300 18400 18300 18350 130
20200901 1433 18400 18400 18350 18350 2057
20200901 1434 18400 18400 18350 18350 55
20200901 1435 18350 18350 18350 18350 101
20200901 1436 18350 18350 18350 18350 39
20200901 1437 18350 18400 18350 18400 1512
20200901 1438 18400 18400 18400 18400 38
20200901 1439 18400 18400 18350 18350 104
20200901 1440 18350 18400 18350 18350 40
20200901 1441 18400 18400 18350 18350 53
20200901 1442 18350 18400 18350 18400 327
20200901 1443 18400 18400 18400 18400 53
20200901 1444 18400 18400 18400 18400 73
20200901 1445 18400 18400 18400 18400 839
20200901 1446 18400 18400 18400 18400 110
20200901 1447 18400 18450 18400 18400 44
20200901 1448 18400 18450 18400 18400 55
20200901 1449 18400 18400 18400 18400 71
20200901 1450 18400 18450 18400 18400 58
20200901 1451 18400 18450 18400 18400 102
20200901 1452 18400 18450 18400 18400 95
20200901 1453 18400 18450 18400 18400 88
20200901 1454 18400 18400 18400 18400 55
20200901 1455 18400 18400 18400 18400 40
20200901 1456 18400 18400 18400 18400 73
20200901 1457 18400 18400 18400 18400 52
20200901 1458 18400 18400 18400 18400 104
20200901 1459 18450 18450 18400 18400 90
20200901 1500 18400 18400 18400 18400 66
20200901 1501 18400 18400 18400 18400 92
20200901 1502 18400 18400 18400 18400 20
20200901 1503 18450 18450 18400 18400 4
20200901 1504 18450 18450 18450 18450 358
20200901 1505 18450 18450 18450 18450 20
20200901 1506 18450 18450 18450 18450 143
20200901 1507 18450 18450 18450 18450 102
20200901 1508 18450 18450 18450 18450 1
20200901 1509 18450 18500 18450 18450 1002
20200901 1510 18450 18450 18450 18450 2
20200901 1511 18450 18500 18450 18450 1020
20200901 1512 18450 18500 18450 18450 12
20200901 1513 18450 18450 18450 18450 22
20200901 1514 18450 18450 18450 18450 41
20200901 1515 18450 18500 18450 18500 2402
20200901 1516 18500 18550 18500 18550 768
20200901 1517 18500 18550 18500 18550 699
20200901 1518 18550 18550 18550 18550 6
20200901 1519 18600 18600 18600 18600 614
20200901 1520 18600 18600 18600 18600 897
20200901 1530 18650 18650 18650 18650 1254
