날짜 시간 시가 고가 저가 종가 거래량
20200302 906 113450 113450 113450 113450 1
20200302 909 113435 113435 113435 113435 1
20200302 932 113430 113430 113430 113430 3
20200302 938 113370 113370 113370 113370 10
20200302 950 113395 113395 113395 113395 30
20200302 1003 113430 113430 113430 113430 1
20200302 1012 113430 113445 113430 113445 5
20200302 1017 113450 113455 113450 113455 22
20200302 1018 113474 113474 113474 113474 4477
20200302 1037 113445 113445 113445 113445 1
20200302 1039 113430 113430 113430 113430 1
20200302 1107 113410 113410 113410 113410 6
20200302 1129 113370 113370 113370 113370 4
20200302 1137 113350 113350 113350 113350 176
20200302 1150 113315 113315 113315 113315 54
20200302 1151 113315 113315 113315 113315 1
20200302 1156 113315 113315 113315 113315 1
20200302 1211 113315 113315 113315 113315 1
20200302 1239 113325 113325 113325 113325 3
20200302 1240 113325 113325 113325 113325 1
20200302 1317 113315 113315 113315 113315 1
20200302 1323 113285 113285 113285 113285 1
20200302 1340 113285 113285 113285 113285 12
20200302 1344 113345 113345 113345 113345 1
20200302 1446 113270 113270 113270 113270 9
20200302 1517 113230 113230 113230 113230 1
20200302 1530 113245 113245 113245 113245 2
20200303 906 113125 113125 113125 113125 5
20200303 921 113195 113195 113195 113195 35
20200303 955 113205 113205 113205 113205 7
20200303 959 113200 113200 113200 113200 3
20200303 1001 113195 113195 113195 113195 8
20200303 1010 113190 113190 113190 113190 1
20200303 1039 113175 113175 113175 113175 1
20200303 1043 113130 113130 113115 113115 100
20200303 1211 113205 113205 113205 113205 1
20200303 1236 113200 113200 113200 113200 2
20200303 1317 113170 113170 113170 113170 2
20200303 1326 113200 113200 113200 113200 5
20200303 1344 113240 113240 113240 113240 1
20200303 1517 113275 113275 113275 113275 1
20200304 906 113554 113554 113554 113554 2
20200304 910 113460 113460 113460 113460 7
20200304 1000 113460 113460 113460 113460 1
20200304 1024 113465 113465 113450 113450 3
20200304 1036 113455 113455 113455 113455 1
20200304 1039 113524 113524 113524 113524 1
20200304 1041 113529 113529 113529 113529 1
20200304 1103 113524 113524 113524 113524 2
20200304 1111 113470 113470 113470 113470 6
20200304 1115 113470 113470 113470 113470 9
20200304 1149 113470 113470 113470 113470 30
20200304 1211 113529 113529 113529 113529 1
20200304 1246 113524 113524 113524 113524 1
20200304 1306 113519 113519 113509 113509 3
20200304 1308 113504 113504 113504 113504 1
20200304 1311 113499 113499 113499 113499 1
20200304 1344 113499 113499 113499 113499 1
20200304 1443 113499 113499 113499 113499 2
20200304 1447 113494 113494 113494 113494 2
20200304 1450 113489 113489 113484 113484 2
20200304 1452 113479 113479 113479 113479 1
20200304 1517 113484 113484 113484 113484 1
20200305 905 113460 113460 113450 113450 9000
20200305 906 113435 113435 113435 113435 1
20200305 908 113455 113455 113455 113455 9000
20200305 940 113435 113435 113435 113435 1
20200305 956 113450 113450 113450 113450 2
20200305 1039 113435 113435 113435 113435 1
20200305 1106 113430 113430 113430 113430 1
20200305 1211 113425 113425 113425 113425 1
20200305 1246 113435 113435 113435 113435 9
20200305 1314 113435 113435 113435 113435 4
20200305 1344 113514 113514 113514 113514 1
20200305 1347 113484 113484 113484 113484 59
20200305 1432 113420 113420 113400 113400 6020
20200305 1437 113420 113420 113415 113415 6000
20200305 1517 113470 113470 113470 113470 1
20200305 1530 113470 113470 113470 113470 1
20200306 906 113515 113515 113515 113515 1
20200306 932 113515 113515 113515 113515 2
20200306 950 113520 113520 113520 113520 1
20200306 957 113510 113510 113510 113510 1
20200306 1002 113450 113450 113450 113450 4
20200306 1026 113460 113460 113460 113460 50
20200306 1039 113535 113535 113535 113535 1
20200306 1121 113540 113540 113540 113540 1
20200306 1123 113540 113540 113540 113540 1
20200306 1134 113520 113520 113520 113520 1
20200306 1146 113520 113520 113520 113520 5
20200306 1211 113520 113520 113520 113520 1
20200306 1344 113520 113520 113520 113520 1
20200306 1357 113500 113500 113500 113500 10
20200306 1415 113515 113515 113515 113515 2
20200306 1419 113490 113490 113490 113490 1
20200306 1428 113490 113490 113490 113490 43
20200306 1440 113480 113480 113480 113480 100
20200306 1445 113445 113445 113435 113435 67
20200306 1504 113450 113450 113450 113450 1
20200306 1517 113420 113420 113420 113420 1
20200306 1530 113380 113380 113380 113380 13
20200309 905 113495 113495 113495 113495 19
20200309 906 113515 113515 113515 113515 1
20200309 909 113595 113595 113595 113595 5
20200309 910 113615 113615 113615 113615 2
20200309 918 113590 113590 113590 113590 1
20200309 921 113570 113570 113570 113570 2
20200309 930 113570 113570 113570 113570 2
20200309 933 113480 113480 113480 113480 2
20200309 941 113485 113485 113485 113485 5
20200309 943 113485 113485 113485 113485 3
20200309 948 113550 113550 113550 113550 4
20200309 1001 113475 113475 113475 113475 43
20200309 1006 113520 113520 113520 113520 2
20200309 1012 113525 113525 113525 113525 3
20200309 1038 113515 113515 113515 113515 1
20200309 1125 113505 113505 113505 113505 1000
20200309 1144 113535 113535 113535 113535 16
20200309 1148 113535 113535 113535 113535 10
20200309 1159 113540 113540 113540 113540 4
20200309 1204 113540 113540 113540 113540 19
20200309 1205 113540 113540 113540 113540 4
20200309 1206 113535 113535 113535 113535 228
20200309 1211 113530 113530 113530 113530 1
20200309 1243 113530 113530 113530 113530 1
20200309 1252 113530 113530 113530 113530 7
20200309 1256 113535 113535 113535 113535 2
20200309 1314 113470 113470 113470 113470 1
20200309 1344 113490 113490 113490 113490 1
20200309 1346 113490 113490 113490 113490 1
20200309 1352 113470 113470 113470 113470 4
20200309 1356 113405 113405 113405 113405 1
20200309 1358 113395 113395 113395 113395 1
20200309 1438 113400 113400 113400 113400 88
20200309 1443 113385 113385 113380 113380 9
20200309 1513 113400 113400 113400 113400 1
20200309 1514 113400 113400 113400 113400 1
20200309 1517 113410 113410 113410 113410 1
20200309 1518 113405 113405 113405 113405 1
20200309 1519 113405 113405 113405 113405 1
20200309 1520 113410 113410 113410 113410 1
20200310 905 113405 113405 113405 113405 10
20200310 906 113405 113405 113405 113405 1
20200310 924 113375 113375 113370 113370 5
20200310 927 113370 113370 113370 113370 5
20200310 928 113370 113370 113370 113370 5
20200310 930 113370 113370 113370 113370 10
20200310 948 113380 113380 113380 113380 1
20200310 1038 113425 113425 113425 113425 1
20200310 1045 113400 113400 113400 113400 649
20200310 1211 113445 113445 113445 113445 1
20200310 1240 113440 113440 113380 113380 6
20200310 1344 113415 113415 113415 113415 1
20200310 1411 113385 113385 113385 113385 1
20200310 1414 113355 113355 113325 113325 10
20200310 1501 113325 113325 113325 113325 1
20200310 1517 113405 113405 113405 113405 1
20200310 1530 113340 113340 113340 113340 1000
20200311 906 113360 113360 113360 113360 1
20200311 947 113290 113290 113290 113290 700
20200311 1038 113415 113415 113415 113415 1
20200311 1110 113430 113430 113430 113430 7
20200311 1125 113400 113400 113400 113400 48
20200311 1131 113400 113400 113400 113400 1
20200311 1159 113400 113400 113400 113400 1
20200311 1201 113400 113400 113400 113400 9
20200311 1211 113400 113400 113400 113400 1
20200311 1235 113400 113400 113400 113400 1
20200311 1344 113385 113385 113385 113385 1
20200311 1417 113335 113335 113335 113335 5
20200311 1418 113335 113335 113335 113335 5
20200311 1427 113335 113335 113335 113335 1
20200311 1437 113340 113340 113340 113340 12
20200311 1439 113340 113340 113340 113340 60
20200311 1517 113370 113370 113370 113370 1
20200311 1530 113270 113270 113270 113270 200
20200312 906 113280 113280 113280 113280 1
20200312 913 113235 113235 113235 113235 5
20200312 917 113235 113235 113235 113235 4
20200312 923 113230 113230 113230 113230 1
20200312 925 113240 113240 113240 113240 5
20200312 927 113245 113245 113245 113245 5
20200312 930 113265 113265 113265 113265 7
20200312 931 113265 113265 113265 113265 3
20200312 1008 113275 113275 113275 113275 8
20200312 1016 113275 113275 113275 113275 7
20200312 1028 113290 113290 113290 113290 14
20200312 1037 113360 113360 113360 113360 1
20200312 1047 113335 113335 113335 113335 5
20200312 1053 113375 113375 113375 113375 1
20200312 1114 113320 113320 113320 113320 2
20200312 1134 113310 113310 113310 113310 4
20200312 1208 113350 113350 113350 113350 1
20200312 1209 113310 113310 113310 113310 6
20200312 1215 113285 113285 113285 113285 100
20200312 1243 113285 113285 113285 113285 59
20200312 1245 113350 113350 113350 113350 2
20200312 1315 113330 113330 113330 113330 43
20200312 1319 113330 113330 113330 113330 42
20200312 1322 113280 113280 113280 113280 5
20200312 1339 113330 113330 113330 113330 1
20200312 1345 113320 113320 113320 113320 1
20200312 1354 113315 113315 113315 113315 1
20200312 1407 113340 113340 113340 113340 7
20200312 1424 113295 113295 113295 113295 2
20200312 1511 113400 113400 113400 113400 1
20200313 906 113325 113325 113325 113325 1
20200313 916 113025 113025 113025 113025 1
20200313 919 113005 113005 113005 113005 1
20200313 921 112960 112960 112960 112960 1
20200313 932 112915 112915 112915 112915 30
20200313 943 112910 112910 112910 112910 30
20200313 953 112915 112935 112915 112935 8
20200313 955 112940 112940 112940 112940 5
20200313 957 112970 112970 112970 112970 10
20200313 1002 112980 112980 112980 112980 30
20200313 1011 113165 113165 113165 113165 3
20200313 1012 113165 113165 113165 113165 1
20200313 1019 113100 113100 113100 113100 9
20200313 1038 113095 113100 113095 113100 2
20200313 1211 113270 113270 113270 113270 1
20200313 1241 113130 113130 113130 113130 3
20200313 1244 113130 113130 113130 113130 5
20200313 1251 113110 113110 113110 113110 1
20200313 1344 113110 113110 113110 113110 1
20200313 1352 113110 113110 113110 113110 1
20200313 1356 113070 113070 113070 113070 50
20200313 1409 113050 113050 113050 113050 3
20200313 1428 113110 113110 113110 113110 39
20200313 1432 113180 113180 113180 113180 28
20200313 1447 113175 113175 113175 113175 3
20200313 1449 113270 113270 113270 113270 1
20200313 1502 113270 113270 113270 113270 1
20200313 1517 113210 113210 113210 113210 1
20200316 901 113900 113900 113900 113900 1
20200316 906 113520 113520 113520 113520 1
20200316 912 113420 113420 113420 113420 2
20200316 916 113370 113370 113370 113370 5
20200316 917 113370 113370 113370 113370 1
20200316 922 113385 113385 113385 113385 1
20200316 932 113370 113370 113370 113370 88
20200316 945 113310 113310 113310 113310 5
20200316 1038 113370 113370 113370 113370 1
20200316 1048 113370 113370 113370 113370 2
20200316 1052 113370 113370 113370 113370 1
20200316 1211 113370 113370 113370 113370 1
20200316 1233 113370 113370 113370 113370 2
20200316 1322 113320 113320 113310 113310 38
20200316 1344 113325 113325 113325 113325 1
20200316 1402 113325 113325 113325 113325 1
20200316 1449 113300 113300 113300 113300 10
20200316 1452 113290 113290 113290 113290 5
20200316 1508 113245 113245 113240 113240 44
20200316 1517 113260 113260 113260 113260 1
20200317 903 113190 113190 113190 113190 35
20200317 905 113260 113260 113260 113260 17
20200317 906 113480 113480 113480 113480 1
20200317 916 113385 113385 113385 113385 2
20200317 925 113425 113425 113425 113425 10
20200317 926 113430 113430 113430 113430 16
20200317 928 113430 113430 113430 113430 47
20200317 937 113530 113530 113530 113530 1
20200317 944 113450 113450 113435 113435 2
20200317 948 113435 113435 113435 113435 3
20200317 959 113410 113410 113410 113410 5
20200317 1020 113360 113360 113360 113360 60
20200317 1023 113365 113365 113365 113365 228
20200317 1026 113410 113410 113410 113410 1
20200317 1038 113455 113455 113455 113455 1
20200317 1056 113520 113520 113520 113520 25
20200317 1057 113520 113520 113520 113520 20
20200317 1140 113440 113440 113440 113440 1
20200317 1157 113330 113330 113330 113330 1
20200317 1211 113415 113415 113415 113415 1
20200317 1229 113335 113335 113335 113335 36
20200317 1231 113335 113335 113335 113335 10
20200317 1235 113335 113335 113335 113335 1
20200317 1307 113345 113345 113345 113345 1
20200317 1331 113425 113425 113425 113425 1
20200317 1344 113385 113385 113385 113385 1
20200317 1503 113425 113425 113425 113425 4
20200317 1517 113475 113475 113475 113475 1
20200318 906 113400 113400 113400 113400 1
20200318 933 113400 113400 113400 113400 4
20200318 954 113400 113400 113400 113400 5
20200318 1000 113445 113445 113445 113445 1
20200318 1003 113400 113400 113400 113400 3
20200318 1038 113400 113400 113400 113400 1
20200318 1056 113365 113365 113365 113365 1
20200318 1211 113430 113430 113430 113430 1
20200318 1239 113435 113435 113435 113435 4
20200318 1241 113435 113435 113435 113435 3
20200318 1319 113405 113405 113405 113405 2
20200318 1338 113375 113375 113375 113375 2
20200318 1344 113440 113440 113440 113440 1
20200318 1502 113400 113400 113400 113400 1
20200318 1503 113390 113390 113390 113390 6
20200318 1508 113350 113350 113350 113350 1
20200318 1517 113315 113315 113315 113315 1
20200318 1530 113275 113275 113275 113275 800
20200319 904 113185 113185 113185 113185 9
20200319 906 113185 113185 113185 113185 1
20200319 959 113130 113130 113130 113130 10
20200319 1002 113000 113000 113000 113000 26
20200319 1014 112995 112995 112995 112995 6
20200319 1016 113000 113000 113000 113000 92
20200319 1024 113115 113115 113115 113115 1
20200319 1034 113040 113040 113040 113040 5
20200319 1038 113085 113085 113085 113085 1
20200319 1122 112590 112590 112590 112590 1
20200319 1300 112225 112225 112225 112225 5
20200319 1312 112225 112225 112225 112225 10
20200319 1326 112635 112635 112635 112635 5
20200319 1334 112655 112655 112655 112655 9
20200319 1344 112650 112650 112650 112650 2
20200319 1349 112620 112620 112620 112620 112
20200319 1355 112815 112815 112815 112815 19
20200319 1414 112600 112600 112600 112600 50
20200319 1415 112540 112540 112540 112540 50
20200319 1417 112570 112570 112570 112570 84
20200319 1423 112590 112590 112590 112590 502
20200319 1426 112560 112560 112560 112560 83
20200319 1427 112560 112560 112560 112560 165
20200319 1428 112560 112560 112540 112540 84
20200319 1429 112530 112530 112530 112530 333
20200319 1430 112530 112530 112530 112530 333
20200319 1431 112530 112530 112530 112530 335
20200319 1433 112530 112530 112530 112530 165
20200319 1434 112470 112470 112470 112470 168
20200319 1435 112470 112470 112470 112470 166
20200319 1436 112470 112470 112470 112470 251
20200319 1437 112470 112470 112470 112470 166
20200319 1438 112470 112470 112470 112470 165
20200319 1439 112500 112500 112500 112500 167
20200319 1440 112500 112500 112500 112500 167
20200319 1441 112530 112530 112530 112530 168
20200319 1442 112530 112530 112530 112530 166
20200319 1443 112530 112530 112530 112530 167
20200319 1444 112530 112530 112530 112530 84
20200319 1445 112530 112530 112530 112530 166
20200319 1446 112530 112530 112530 112530 167
20200319 1447 112530 112530 112530 112530 165
20200319 1448 112530 112530 112530 112530 167
20200319 1449 112530 112530 112530 112530 167
20200319 1450 112530 112530 112530 112530 167
20200319 1451 112530 112530 112530 112530 166
20200319 1452 112530 112530 112530 112530 168
20200319 1453 112560 112560 112560 112560 167
20200319 1454 112575 112575 112575 112575 167
20200319 1455 112590 112590 112590 112590 165
20200319 1456 112595 112595 112595 112595 166
20200319 1457 112505 112505 112505 112505 168
20200319 1458 112385 112385 112385 112385 166
20200319 1459 112410 112410 112410 112410 164
20200319 1500 112410 112410 112410 112410 85
20200319 1517 112590 112590 112590 112590 1
20200319 1530 112540 112540 112540 112540 600
20200320 901 112575 112575 112575 112575 9
20200320 906 112880 112880 112880 112880 1
20200320 907 112800 112800 112800 112800 20
20200320 910 112840 112840 112840 112840 1
20200320 921 112900 112900 112900 112900 10
20200320 1031 112930 112930 112930 112930 8
20200320 1038 112990 112990 112990 112990 1
20200320 1112 112870 112870 112870 112870 2
20200320 1211 112835 112835 112835 112835 1
20200320 1239 112830 112830 112830 112830 2
20200320 1321 112655 112655 112655 112655 1
20200320 1340 112830 112830 112830 112830 1
20200320 1341 112870 112870 112870 112870 177
20200320 1344 112955 112955 112955 112955 1
20200320 1401 112840 112840 112840 112840 9
20200320 1453 112840 112840 112840 112840 1
20200320 1455 112835 112835 112835 112835 1
20200320 1506 112870 112870 112870 112870 1
20200320 1515 112895 112895 112895 112895 39
20200320 1517 113020 113020 113020 113020 1
20200320 1530 113055 113055 113055 113055 19
20200323 901 113055 113055 113055 113055 6
20200323 902 113055 113055 113055 113055 8
20200323 906 112850 112850 112850 112850 1
20200323 908 112825 112825 112825 112825 20
20200323 921 112780 112780 112780 112780 1
20200323 929 112695 112695 112695 112695 4
20200323 942 112715 112715 112700 112700 4
20200323 953 112670 112670 112670 112670 996
20200323 1013 112670 112670 112670 112670 1
20200323 1036 112660 112660 112660 112660 8
20200323 1038 112685 112685 112685 112685 1
20200323 1056 112650 112650 112650 112650 1
20200323 1128 112670 112670 112610 112610 10
20200323 1136 112670 112670 112670 112670 5
20200323 1209 112725 112725 112725 112725 2
20200323 1210 112725 112725 112725 112725 5
20200323 1211 112725 112725 112725 112725 1
20200323 1225 112670 112670 112670 112670 1
20200323 1236 112675 112675 112675 112675 10
20200323 1300 112705 112705 112705 112705 100
20200323 1344 112730 112730 112730 112730 1
20200323 1351 112725 112725 112725 112725 1
20200323 1422 112725 112725 112700 112700 2
20200323 1504 112780 112780 112780 112780 5
20200323 1517 112785 112785 112785 112785 1
20200324 906 112825 112825 112825 112825 1
20200324 958 112870 112870 112870 112870 2
20200324 1038 112780 112780 112780 112780 1
20200324 1041 112790 112790 112790 112790 3
20200324 1050 112790 112790 112790 112790 2
20200324 1058 112825 112825 112825 112825 5
20200324 1211 112915 112915 112915 112915 1
20200324 1256 112915 112915 112915 112915 1
20200324 1314 112915 112915 112915 112915 2
20200324 1329 112870 112870 112870 112870 8
20200324 1339 112870 112870 112870 112870 1
20200324 1344 112925 112925 112925 112925 1
20200324 1353 112880 112880 112880 112880 11
20200324 1422 112880 112880 112880 112880 2
20200324 1442 112965 112965 112965 112965 4
20200324 1517 112875 112875 112875 112875 1
20200324 1530 112910 112910 112910 112910 1
20200325 903 112675 112675 112675 112675 27
20200325 906 112845 112845 112845 112845 1
20200325 907 112845 112845 112845 112845 4
20200325 917 112925 112925 112925 112925 10
20200325 933 112900 112900 112900 112900 40
20200325 1034 112875 112875 112875 112875 15
20200325 1038 112890 112920 112890 112920 31
20200325 1053 112920 112920 112920 112920 19
20200325 1104 113030 113030 113030 113030 4
20200325 1211 112980 112980 112980 112980 1
20200325 1332 112905 112905 112905 112905 5
20200325 1344 112930 112930 112930 112930 1
20200325 1517 112790 112790 112790 112790 1
20200326 906 112985 112985 112985 112985 1
20200326 930 112930 112930 112930 112930 1
20200326 932 112915 112915 112915 112915 2
20200326 948 112985 112985 112985 112985 78
20200326 1016 113245 113245 113245 113245 100
20200326 1038 113205 113205 113205 113205 1
20200326 1211 113250 113250 113250 113250 1
20200326 1258 113240 113240 113240 113240 1
20200326 1319 113230 113230 113230 113230 18
20200326 1339 113220 113220 113220 113220 1
20200326 1344 113220 113220 113220 113220 1
20200326 1350 113205 113205 113205 113205 1
20200326 1401 113220 113220 113220 113220 3
20200326 1410 113180 113180 113180 113180 3
20200326 1505 113180 113180 113180 113180 2
20200326 1509 113180 113180 113180 113180 128
20200326 1517 113230 113230 113230 113230 1
20200327 901 113225 113225 113225 113225 19
20200327 906 113270 113270 113270 113270 1
20200327 916 113230 113230 113230 113230 4
20200327 918 113250 113250 113250 113250 1
20200327 921 113210 113210 113210 113210 5
20200327 932 113270 113270 113270 113270 22
20200327 951 113360 113360 113360 113360 2
20200327 1022 113360 113360 113360 113360 4
20200327 1038 113360 113360 113360 113360 1
20200327 1052 113360 113360 113360 113360 1
20200327 1115 113360 113360 113360 113360 26
20200327 1211 113365 113365 113365 113365 1
20200327 1239 113300 113300 113300 113300 3
20200327 1241 113300 113300 113300 113300 1
20200327 1243 113305 113305 113305 113305 5
20200327 1305 113340 113340 113340 113340 9
20200327 1327 113325 113325 113325 113325 6
20200327 1344 113340 113340 113340 113340 1
20200327 1347 113350 113350 113350 113350 1
20200327 1401 113315 113315 113315 113315 1
20200327 1517 113275 113275 113275 113275 1
20200327 1530 113275 113275 113275 113275 3
20200330 906 113230 113230 113230 113230 1
20200330 956 113235 113235 113235 113235 2
20200330 1015 113230 113230 113230 113230 3
20200330 1029 113230 113230 113230 113230 3
20200330 1038 113230 113230 113230 113230 1
20200330 1211 113210 113210 113210 113210 1
20200330 1248 113210 113210 113210 113210 1
20200330 1344 113235 113235 113235 113235 1
20200330 1348 113255 113260 113255 113260 2
20200330 1422 113175 113175 113175 113175 10
20200330 1504 113205 113205 113205 113205 1
20200330 1517 113200 113200 113200 113200 1
20200331 904 112945 112945 112945 112945 2
20200331 906 113020 113020 113020 113020 1
20200331 1019 112990 112990 112990 112990 1
20200331 1038 113035 113035 113035 113035 1
20200331 1114 113035 113035 113035 113035 1
20200331 1152 113025 113025 113025 113025 1
20200331 1211 113020 113020 113020 113020 1
20200331 1252 113040 113040 113040 113040 1
20200331 1343 113040 113040 113040 113040 4
20200331 1344 113110 113110 113110 113110 1
20200331 1421 113110 113110 113110 113110 1
20200331 1517 113165 113165 113165 113165 1
