날짜 시간 시가 고가 저가 종가 거래량
20171201 901 13129 13129 13115 13115 176
20171201 903 13048 13048 13048 13048 52
20171201 905 13048 13053 13048 13053 8
20171201 906 13043 13043 13043 13043 104
20171201 907 13024 13029 13024 13029 111
20171201 911 13019 13019 13019 13019 317
20171201 912 13014 13014 13009 13009 208
20171201 913 12995 12995 12995 12995 1
20171201 915 12995 13005 12995 13005 300
20171201 916 13009 13009 13009 13009 104
20171201 917 13000 13000 13000 13000 104
20171201 918 13014 13014 12990 12990 174
20171201 920 13014 13014 13014 13014 104
20171201 922 13009 13009 13009 13009 20
20171201 923 13009 13009 13009 13009 397
20171201 924 13009 13009 13009 13009 104
20171201 925 13005 13005 13005 13005 104
20171201 926 13005 13005 13005 13005 104
20171201 927 13009 13009 13009 13009 104
20171201 928 12995 12995 12990 12990 147
20171201 929 12976 12990 12966 12990 581
20171201 931 13014 13014 13014 13014 104
20171201 932 13014 13014 13014 13014 104
20171201 933 13005 13014 13005 13014 106
20171201 935 13014 13014 12995 12995 313
20171201 936 13009 13009 12995 12995 124
20171201 937 12995 12995 12995 12995 104
20171201 938 13005 13005 12995 12995 110
20171201 939 12995 12995 12995 12995 105
20171201 946 13000 13000 12990 12990 738
20171201 947 12986 12986 12981 12981 117
20171201 948 12976 12986 12971 12986 208
20171201 949 12976 12976 12976 12976 104
20171201 951 12971 12976 12971 12976 208
20171201 953 12971 12971 12966 12966 116
20171201 958 12966 12966 12962 12966 525
20171201 1000 12966 12966 12966 12966 104
20171201 1001 12971 12971 12957 12957 108
20171201 1004 12952 12952 12952 12952 143
20171201 1005 12952 12957 12952 12957 174
20171201 1010 12952 12952 12918 12918 46
20171201 1012 12952 12952 12952 12952 1
20171201 1013 12952 12952 12947 12947 5
20171201 1014 12947 12947 12947 12947 2
20171201 1015 12952 12952 12947 12947 3
20171201 1017 12957 12957 12947 12947 25
20171201 1018 12957 12957 12952 12952 36
20171201 1019 12952 12952 12942 12947 400
20171201 1020 12947 12952 12942 12942 70
20171201 1021 12957 12957 12952 12952 49
20171201 1022 12947 12947 12947 12947 63
20171201 1023 12952 12957 12947 12947 62
20171201 1024 12952 12952 12952 12952 50
20171201 1025 12962 12962 12957 12962 70
20171201 1026 12952 12952 12947 12952 75
20171201 1027 12957 12957 12952 12957 49
20171201 1028 12957 12966 12957 12962 71
20171201 1029 12966 12966 12962 12966 47
20171201 1030 12966 12976 12966 12976 61
20171201 1031 12971 12976 12962 12966 63
20171201 1032 12962 12976 12962 12976 73
20171201 1033 12976 12976 12971 12971 49
20171201 1034 12971 12971 12962 12966 84
20171201 1035 12962 12971 12962 12962 51
20171201 1036 12976 12976 12957 12957 78
20171201 1037 12971 12971 12962 12962 50
20171201 1038 12966 12966 12957 12957 62
20171201 1039 12957 12966 12957 12966 36
20171201 1040 12976 12976 12957 12971 95
20171201 1041 12962 12971 12962 12971 48
20171201 1042 12971 12976 12962 12976 71
20171201 1043 12976 12976 12962 12962 83
20171201 1044 12957 12976 12957 12976 59
20171201 1045 12971 12976 12971 12976 48
20171201 1046 12976 12976 12966 12966 80
20171201 1047 12976 12976 12966 12966 61
20171201 1048 12976 12976 12971 12971 58
20171201 1049 12971 12976 12966 12966 57
20171201 1050 12966 12966 12938 12938 200
20171201 1052 12966 12966 12966 12966 6
20171201 1101 12966 12966 12966 12966 2
20171201 1109 12966 12966 12966 12966 127
20171201 1112 12952 12952 12952 12952 9
20171201 1115 13005 13005 13005 13005 10
20171201 1116 13005 13014 13000 13000 8
20171201 1117 13000 13000 13000 13000 2
20171201 1120 13000 13000 13000 13000 14
20171201 1126 13005 13019 13005 13019 29
20171201 1127 13024 13024 13024 13024 708
20171201 1129 13043 13062 13043 13062 9
20171201 1130 13062 13062 13062 13062 2
20171201 1131 13062 13062 13062 13062 2
20171201 1139 13053 13053 13048 13048 4
20171201 1150 13038 13038 13038 13038 4
20171201 1152 13038 13038 13014 13014 623
20171201 1203 13053 13053 13053 13053 113
20171201 1216 13000 13000 13000 13000 2
20171201 1218 13000 13000 13000 13000 32
20171201 1221 13000 13000 13000 13000 22
20171201 1232 13005 13005 13005 13005 2
20171201 1255 12995 12995 12995 12995 665
20171201 1303 13009 13009 13009 13009 1
20171201 1305 13009 13009 13009 13009 1
20171201 1306 13014 13029 13014 13029 8
20171201 1307 13033 13033 13033 13033 2
20171201 1308 13038 13038 13038 13038 4
20171201 1309 13043 13043 13043 13043 2
20171201 1310 13043 13043 13043 13043 1
20171201 1312 13048 13048 13048 13048 2
20171201 1313 13043 13043 13043 13043 2
20171201 1314 13038 13043 13038 13043 5
20171201 1315 13043 13043 13043 13043 2
20171201 1316 13048 13048 13048 13048 2
20171201 1318 13038 13038 13038 13038 1
20171201 1319 13048 13048 13048 13048 2
20171201 1320 13053 13053 13053 13053 2
20171201 1321 13057 13057 13057 13057 2
20171201 1322 13043 13043 13043 13043 2
20171201 1323 12995 13048 12995 13048 370
20171201 1325 13057 13057 13057 13057 1
20171201 1326 13062 13062 13062 13062 2
20171201 1327 13053 13062 13053 13057 12
20171201 1328 13062 13062 13057 13057 22
20171201 1329 13057 13062 13057 13057 23
20171201 1330 13062 13062 13057 13062 20
20171201 1331 13067 13067 13057 13057 18
20171201 1332 13062 13062 13057 13057 11
20171201 1333 13057 13072 13057 13072 23
20171201 1334 13062 13067 13057 13057 22
20171201 1335 13062 13072 13062 13072 23
20171201 1336 13062 13067 13062 13067 18
20171201 1337 13072 13072 13057 13067 20
20171201 1338 13057 13062 13057 13062 23
20171201 1339 13057 13062 13057 13057 22
20171201 1340 13057 13067 13048 13048 22
20171201 1341 13062 13062 13057 13057 23
20171201 1342 13053 13053 13048 13048 18
20171201 1343 13053 13053 13048 13053 20
20171201 1344 13053 13057 13048 13057 23
20171201 1345 13057 13057 13057 13057 12
20171201 1346 13062 13062 13053 13057 23
20171201 1347 13067 13067 13057 13057 16
20171201 1348 13053 13072 13053 13062 23
20171201 1349 13048 13057 13043 13043 20
20171201 1350 13043 13057 13043 13057 20
20171201 1351 13053 13062 13053 13057 23
20171201 1352 13057 13067 13057 13062 17
20171201 1353 13062 13067 13062 13062 26
20171201 1354 13067 13072 13067 13067 22
20171201 1355 13072 13072 13062 13067 22
20171201 1356 13081 13081 13057 13057 21
20171201 1357 13062 13077 13062 13072 18
20171201 1358 13072 13072 13057 13057 12
20171201 1359 13062 13067 13062 13062 22
20171201 1400 13057 13062 13057 13062 23
20171201 1401 13057 13062 13057 13057 22
20171201 1402 13072 13081 13072 13072 20
20171201 1403 13072 13077 13072 13072 18
20171201 1404 13091 13091 13072 13072 23
20171201 1405 13067 13086 13067 13072 22
20171201 1406 13067 13077 13067 13077 23
20171201 1407 13067 13072 13067 13072 23
20171201 1408 13077 13077 13072 13072 16
20171201 1409 13072 13072 13062 13067 21
20171201 1410 13062 13072 13062 13072 22
20171201 1411 13067 13067 13057 13057 12
20171201 1412 13057 13062 13053 13053 19
20171201 1413 13067 13067 13053 13053 23
20171201 1414 13053 13057 13053 13057 22
20171201 1415 13057 13062 13057 13062 21
20171201 1416 13057 13057 13048 13053 23
20171201 1417 13053 13057 13053 13057 22
20171201 1418 13043 13048 13043 13043 19
20171201 1419 13048 13057 13048 13048 12
20171201 1420 13053 13053 13038 13038 23
20171201 1421 13043 13053 13033 13043 35
20171201 1422 13043 13043 13043 13043 21
20171201 1423 13038 13038 12986 13038 72
20171201 1424 13038 13048 13038 13043 28
20171201 1425 13038 13048 13033 13048 23
20171201 1426 13043 13043 13038 13043 22
20171201 1427 13033 13043 13033 13038 28
20171201 1428 13038 13048 13038 13043 31
20171201 1429 13043 13043 13038 13038 28
20171201 1430 13043 13048 13038 13038 27
20171201 1431 13038 13048 13038 13043 27
20171201 1432 13043 13048 13033 13048 39
20171201 1433 13038 13048 13038 13043 22
20171201 1434 13038 13043 13038 13043 28
20171201 1435 13038 13038 13029 13029 36
20171201 1436 13033 13043 13033 13033 23
20171201 1437 13029 13033 13029 13029 27
20171201 1438 13024 13033 13024 13024 27
20171201 1439 13024 13033 13024 13029 49
20171201 1440 13033 13033 13024 13024 22
20171201 1441 13024 13033 13024 13033 26
20171201 1442 13033 13033 13024 13033 38
20171201 1443 13019 13033 13019 13033 28
20171201 1444 13019 13033 12971 13029 381
20171201 1445 13024 13029 13024 13029 28
20171201 1446 13033 13038 13024 13038 38
20171201 1447 13024 13029 13019 13019 28
20171201 1448 13019 13024 13019 13024 20
20171201 1449 13019 13029 13019 13029 24
20171201 1450 13029 13033 13019 13019 36
20171201 1451 13009 13009 13009 13009 23
20171201 1452 13009 13009 13009 13009 21
20171201 1453 13009 13024 13009 13024 35
20171201 1454 13019 13024 13014 13024 23
20171201 1455 13014 13029 13014 13019 24
20171201 1456 13009 13019 13009 13019 21
20171201 1457 13019 13024 13014 13019 35
20171201 1458 13014 13014 13014 13014 24
20171201 1459 13009 13024 13005 13005 25
20171201 1500 13014 13014 13000 13009 16
20171201 1501 13005 13005 13005 13005 13
20171201 1509 12995 12995 12995 12995 2
20171201 1530 13009 13009 13009 13009 1
20171204 901 13029 13029 13029 13029 51
20171204 902 13081 13081 13081 13081 2
20171204 907 13067 13067 13067 13067 44
20171204 908 13101 13101 13101 13101 2
20171204 915 13101 13120 13101 13120 3
20171204 916 13120 13120 13120 13120 1
20171204 918 13129 13129 13129 13129 385
20171204 919 13172 13172 13172 13172 8
20171204 922 13168 13168 13168 13168 2
20171204 923 13177 13177 13177 13177 2
20171204 925 13177 13177 13177 13177 62
20171204 926 13177 13177 13177 13177 78
20171204 927 13177 13177 13177 13177 18
20171204 930 13120 13120 13120 13120 25
20171204 931 13129 13129 13129 13129 404
20171204 932 13129 13129 13129 13129 248
20171204 937 13115 13115 13115 13115 8
20171204 940 13115 13115 13115 13115 4
20171204 941 13129 13129 13115 13115 281
20171204 942 13115 13129 13105 13105 51
20171204 945 13124 13129 13124 13129 912
20171204 946 13134 13134 13134 13134 5
20171204 947 13148 13148 13148 13148 29
20171204 951 13148 13148 13148 13148 248
20171204 1002 13144 13163 13144 13163 953
20171204 1003 13148 13148 13148 13148 133
20171204 1005 13110 13110 13110 13110 446
20171204 1018 13105 13105 13105 13105 50
20171204 1021 13086 13086 13086 13086 248
20171204 1022 13086 13086 13086 13086 317
20171204 1023 13086 13086 13086 13086 32
20171204 1025 13086 13086 13086 13086 446
20171204 1029 13081 13081 13081 13081 19
20171204 1030 13086 13086 13086 13086 1
20171204 1036 13086 13091 13086 13091 1678
20171204 1039 13091 13091 13091 13091 196
20171204 1041 13096 13096 13096 13096 886
20171204 1042 13096 13101 13096 13101 1996
20171204 1044 13105 13105 13105 13105 255
20171204 1047 13101 13101 13101 13101 664
20171204 1048 13105 13105 13105 13105 446
20171204 1058 13105 13110 13105 13110 1490
20171204 1101 13129 13129 13129 13129 1
20171204 1102 13105 13105 13105 13105 419
20171204 1106 13105 13105 13105 13105 618
20171204 1112 13105 13105 13105 13105 248
20171204 1115 13105 13105 13105 13105 5
20171204 1116 13105 13105 13105 13105 441
20171204 1121 13096 13105 13096 13105 251
20171204 1125 13105 13105 13105 13105 446
20171204 1129 13105 13105 13105 13105 1570
20171204 1131 13129 13129 13129 13129 2
20171204 1132 13105 13105 13105 13105 248
20171204 1135 13105 13105 13105 13105 446
20171204 1139 13105 13105 13105 13105 2
20171204 1142 13105 13105 13105 13105 248
20171204 1145 13105 13105 13105 13105 446
20171204 1151 13105 13105 13105 13105 255
20171204 1155 13105 13105 13105 13105 446
20171204 1158 13129 13129 13129 13129 872
20171204 1207 13129 13129 13129 13129 446
20171204 1216 13129 13129 13129 13129 438
20171204 1223 13148 13148 13148 13148 1
20171204 1236 13153 13153 13153 13153 3
20171204 1251 13144 13144 13144 13144 100
20171204 1252 13144 13144 13144 13144 1
20171204 1256 13139 13139 13139 13139 20
20171204 1258 13120 13120 13120 13120 6
20171204 1318 13124 13124 13124 13124 10
20171204 1342 13120 13120 13120 13120 8
20171204 1344 13124 13124 13124 13124 15
20171204 1345 13124 13124 13124 13124 64
20171204 1354 13129 13129 13129 13129 239
20171204 1359 13129 13129 13129 13129 223
20171204 1401 13134 13134 13134 13134 145
20171204 1406 13134 13134 13134 13134 2000
20171204 1408 13134 13134 13134 13134 291
20171204 1411 13134 13134 13129 13129 688
20171204 1418 13134 13134 13134 13134 15
20171204 1419 13134 13134 13129 13129 1382
20171204 1420 13134 13134 13134 13134 15
20171204 1421 13134 13134 13134 13134 15
20171204 1422 13134 13134 13129 13129 638
20171204 1423 13134 13134 13129 13134 200
20171204 1424 13129 13134 13129 13134 146
20171204 1425 13129 13129 13124 13124 459
20171204 1431 13120 13120 13120 13120 114
20171204 1434 13129 13129 13129 13129 10
20171204 1436 13129 13129 13129 13129 985
20171204 1437 13129 13129 13129 13129 5
20171204 1443 13134 13134 13134 13134 7
20171204 1444 13129 13129 13129 13129 514
20171204 1445 13134 13134 13134 13134 181
20171204 1447 13134 13134 13134 13134 1
20171204 1448 13134 13134 13134 13134 63
20171204 1452 13134 13134 13134 13134 303
20171204 1456 13134 13134 13134 13134 394
20171204 1457 13134 13134 13134 13134 240
20171204 1458 13134 13134 13134 13134 15
20171204 1459 13134 13134 13134 13134 79
20171204 1500 13134 13134 13134 13134 40
20171204 1501 13134 13153 13134 13139 2125
20171204 1502 13158 13158 13144 13153 164
20171204 1503 13158 13158 13144 13144 276
20171204 1504 13139 13148 13139 13148 177
20171204 1505 13139 13148 13139 13148 80
20171204 1506 13144 13148 13139 13148 267
20171204 1507 13148 13148 13148 13148 30
20171204 1508 13134 13144 13134 13144 6
20171204 1509 13148 13163 13148 13153 410
20171204 1510 13153 13158 13144 13144 163
20171204 1511 13153 13153 13148 13153 241
20171204 1512 13148 13148 13144 13148 711
20171204 1513 13148 13158 13144 13144 255
20171204 1514 13158 13158 13144 13148 120
20171204 1515 13153 13153 13144 13148 199
20171204 1516 13153 13153 13134 13144 564
20171204 1517 13129 13139 13129 13139 314
20171204 1530 13168 13168 13168 13168 11
20171205 901 13144 13144 13144 13144 102
20171205 913 13129 13129 13129 13129 50
20171205 914 13091 13091 13091 13091 64
20171205 916 13077 13077 13077 13077 46
20171205 928 13129 13129 13129 13129 727
20171205 931 13129 13129 13129 13129 1
20171205 938 13144 13144 13144 13144 1
20171205 940 13153 13153 13153 13153 500
20171205 951 13163 13163 13163 13163 1
20171205 954 13163 13163 13163 13163 38
20171205 956 13158 13158 13158 13158 226
20171205 1000 13168 13168 13168 13168 3
20171205 1001 13168 13168 13168 13168 1
20171205 1008 13168 13168 13168 13168 86
20171205 1017 13168 13168 13168 13168 7
20171205 1019 13158 13158 13158 13158 37
20171205 1024 13144 13144 13144 13144 1
20171205 1028 13144 13144 13144 13144 1
20171205 1029 13144 13144 13144 13144 1
20171205 1032 13144 13144 13144 13144 1
20171205 1036 13158 13158 13158 13158 1
20171205 1046 13168 13168 13168 13168 1033
20171205 1049 13158 13158 13158 13158 1
20171205 1052 13158 13158 13158 13158 43
20171205 1059 13163 13163 13163 13163 44
20171205 1100 13163 13163 13163 13163 60
20171205 1113 13168 13168 13168 13168 33
20171205 1117 13172 13172 13172 13172 15
20171205 1118 13172 13172 13172 13172 30
20171205 1132 13172 13172 13172 13172 1
20171205 1133 13168 13168 13168 13168 585
20171205 1134 13168 13168 13168 13168 10
20171205 1135 13163 13163 13163 13163 8
20171205 1139 13163 13163 13163 13163 20
20171205 1142 13158 13158 13158 13158 8
20171205 1156 13153 13153 13153 13153 1
20171205 1206 13172 13172 13172 13172 1
20171205 1223 13172 13172 13172 13172 99
20171205 1226 13177 13187 13177 13187 360
20171205 1227 13168 13168 13153 13153 360
20171205 1256 13158 13158 13158 13158 6
20171205 1300 13153 13153 13153 13153 35
20171205 1308 13148 13148 13148 13148 42
20171205 1314 13148 13148 13148 13148 70
20171205 1326 13148 13148 13148 13148 78
20171205 1329 13168 13168 13168 13168 65
20171205 1330 13168 13187 13168 13187 131
20171205 1343 13187 13187 13187 13187 5
20171205 1353 13158 13158 13158 13158 237
20171205 1403 13158 13158 13158 13158 237
20171205 1413 13158 13158 13158 13158 105
20171205 1415 13158 13158 13158 13158 132
20171205 1417 13187 13187 13187 13187 30
20171205 1423 13153 13153 13153 13153 237
20171205 1433 13153 13153 13153 13153 237
20171205 1443 13153 13153 13153 13153 237
20171205 1444 13158 13158 13158 13158 1000
20171205 1451 13153 13153 13153 13153 67
20171205 1453 13153 13153 13153 13153 234
20171205 1506 13153 13153 13153 13153 13
20171205 1510 13148 13148 13148 13148 27
20171205 1516 13148 13148 13148 13148 33
20171205 1530 13187 13187 13187 13187 85
20171206 901 13187 13187 13187 13187 2
20171206 904 13187 13187 13187 13187 2
20171206 907 13187 13187 13158 13158 367
20171206 927 13158 13158 13158 13158 6
20171206 933 13182 13182 13182 13182 22
20171206 934 13187 13187 13187 13187 500
20171206 937 13158 13158 13158 13158 2
20171206 939 13158 13158 13158 13158 200
20171206 940 13168 13168 13168 13168 122
20171206 950 13163 13163 13158 13158 101
20171206 959 13172 13192 13172 13192 172
20171206 1008 13211 13211 13211 13211 1
20171206 1019 13187 13187 13187 13187 2
20171206 1040 13168 13168 13168 13168 500
20171206 1057 13187 13187 13187 13187 100
20171206 1115 13187 13187 13187 13187 1
20171206 1145 13182 13182 13182 13182 5
20171206 1211 13168 13168 13168 13168 44
20171206 1213 13163 13163 13163 13163 2
20171206 1222 13158 13158 13158 13158 28
20171206 1248 13172 13172 13172 13172 1
20171206 1256 13172 13172 13172 13172 1
20171206 1303 13172 13172 13172 13172 1
20171206 1305 13172 13172 13172 13172 1
20171206 1311 13172 13172 13172 13172 1
20171206 1312 13158 13158 13158 13158 11
20171206 1318 13158 13158 13158 13158 1
20171206 1327 13153 13153 13153 13153 102
20171206 1330 13144 13144 13144 13144 372
20171206 1332 13134 13134 13134 13134 9
20171206 1333 13144 13144 13144 13144 1
20171206 1334 13129 13129 13129 13129 8
20171206 1341 13148 13148 13148 13148 1
20171206 1342 13129 13129 13124 13124 479
20171206 1345 13120 13120 13120 13120 2
20171206 1348 13129 13129 13129 13129 1
20171206 1349 13110 13110 13110 13110 10
20171206 1356 13110 13110 13081 13081 601
20171206 1403 13101 13101 13067 13067 6
20171206 1411 13101 13101 13101 13101 1
20171206 1412 13101 13101 13101 13101 1
20171206 1414 13101 13101 13101 13101 130
20171206 1415 13101 13101 13101 13101 3
20171206 1418 13096 13096 13096 13096 1
20171206 1424 13096 13096 13096 13096 300
20171206 1426 13101 13101 13101 13101 1
20171206 1429 13101 13101 13101 13101 762
20171206 1431 13101 13101 13101 13101 20
20171206 1433 13101 13101 13101 13101 1
20171206 1437 13101 13101 13101 13101 132
20171206 1438 13101 13101 13101 13101 1
20171206 1444 13101 13101 13101 13101 1
20171206 1448 13101 13101 13101 13101 1
20171206 1456 13101 13101 13101 13101 1
20171206 1457 13096 13096 13096 13096 12
20171206 1500 13096 13096 13096 13096 329
20171206 1502 13081 13081 13081 13081 1
20171206 1503 13096 13096 13096 13096 1
20171206 1511 13096 13096 13096 13096 1
20171206 1530 13077 13077 13077 13077 7
20171207 901 13048 13048 13024 13024 103
20171207 902 12981 12981 12976 12976 4
20171207 907 12957 12957 12957 12957 20
20171207 908 12957 12957 12957 12957 72
20171207 911 12952 12952 12942 12942 63
20171207 912 12938 12938 12938 12938 112
20171207 913 12933 12933 12928 12928 11
20171207 915 12928 12928 12928 12928 500
20171207 921 12890 12890 12890 12890 69
20171207 922 12885 12885 12885 12885 4
20171207 926 12871 12871 12871 12871 5
20171207 931 12856 12856 12856 12856 7
20171207 932 12856 12856 12842 12842 9
20171207 933 12842 12842 12842 12842 4
20171207 934 12842 12842 12803 12808 38
20171207 935 12808 12813 12808 12813 9
20171207 936 12813 12818 12808 12818 14
20171207 937 12813 12823 12813 12823 11
20171207 938 12823 12823 12818 12818 5
20171207 939 12813 12813 12803 12808 6
20171207 940 12803 12803 12799 12803 406
20171207 945 12813 12813 12813 12813 30
20171207 951 12832 12832 12832 12832 20
20171207 954 12823 12823 12823 12823 13
20171207 955 12823 12851 12823 12832 22
20171207 956 12827 12837 12827 12832 7
20171207 957 12832 12832 12827 12827 9
20171207 958 12832 12832 12827 12827 14
20171207 959 12827 12827 12818 12823 9
20171207 1000 12823 12827 12818 12818 9
20171207 1001 12818 12818 12818 12818 3
20171207 1002 12851 12851 12851 12851 39
20171207 1003 12818 12851 12818 12851 99
20171207 1008 12818 12818 12808 12808 100
20171207 1013 12813 12813 12808 12808 24
20171207 1018 12808 12808 12808 12808 13
20171207 1019 12808 12808 12808 12808 13
20171207 1020 12808 12808 12808 12808 9
20171207 1021 12808 12842 12808 12808 21
20171207 1022 12808 12808 12799 12799 14
20171207 1023 12803 12803 12799 12799 12
20171207 1032 12799 12799 12770 12770 230
20171207 1033 12803 12803 12803 12803 2
20171207 1034 12784 12784 12779 12779 180
20171207 1036 12803 12803 12803 12803 173
20171207 1041 12827 12832 12827 12832 16
20171207 1042 12832 12880 12832 12832 24
20171207 1043 12832 12832 12832 12832 15
20171207 1044 12832 12842 12832 12842 13
20171207 1045 12847 12851 12837 12842 12
20171207 1046 12842 12847 12842 12847 3
20171207 1047 12842 12842 12842 12842 15
20171207 1058 12856 12856 12856 12856 50
20171207 1105 12861 12861 12842 12842 16
20171207 1106 12847 12847 12842 12842 17
20171207 1107 12842 12847 12837 12837 13
20171207 1108 12837 12885 12837 12837 103
20171207 1109 12837 12890 12837 12837 73
20171207 1115 12875 12880 12875 12880 11
20171207 1116 12885 12885 12871 12885 25
20171207 1118 12875 12875 12832 12875 36
20171207 1119 12885 12885 12885 12885 4
20171207 1120 12880 12885 12875 12875 18
20171207 1121 12880 12880 12880 12880 23
20171207 1122 12880 12880 12880 12880 15
20171207 1123 12875 12875 12851 12851 7
20171207 1124 12885 12885 12885 12885 1
20171207 1125 12880 12880 12880 12880 8
20171207 1127 12880 12880 12880 12880 7
20171207 1128 12880 12880 12880 12880 17
20171207 1129 12880 12880 12880 12880 17
20171207 1130 12880 12885 12880 12880 15
20171207 1131 12880 12885 12880 12880 21
20171207 1132 12880 12880 12880 12880 21
20171207 1133 12885 12885 12885 12885 8
20171207 1134 12880 12880 12880 12880 7
20171207 1136 12880 12880 12880 12880 7
20171207 1138 12880 12880 12880 12880 8
20171207 1140 12880 12880 12880 12880 7
20171207 1143 12880 12880 12880 12880 7
20171207 1144 12885 12885 12885 12885 9
20171207 1145 12880 12880 12880 12880 8
20171207 1146 12885 12885 12885 12885 33
20171207 1147 12885 12885 12880 12880 37
20171207 1148 12885 12885 12885 12885 8
20171207 1149 12885 12885 12880 12880 12
20171207 1151 12885 12885 12885 12885 14
20171207 1152 12880 12880 12880 12880 28
20171207 1153 12880 12885 12880 12880 19
20171207 1154 12880 12880 12861 12861 253
20171207 1155 12861 12880 12861 12880 17
20171207 1156 12880 12885 12861 12880 41
20171207 1158 12875 12875 12875 12875 7
20171207 1200 12880 12880 12880 12880 2
20171207 1201 12880 12880 12880 12880 8
20171207 1203 12885 12885 12885 12885 5
20171207 1205 12885 12890 12885 12890 20
20171207 1206 12885 12885 12885 12885 62
20171207 1207 12885 12885 12885 12885 3
20171207 1210 12890 12890 12890 12890 7
20171207 1212 12890 12890 12890 12890 9
20171207 1215 12885 12890 12885 12885 15
20171207 1216 12885 12890 12885 12885 41
20171207 1217 12885 12885 12885 12885 14
20171207 1218 12885 12885 12885 12885 11
20171207 1219 12885 12890 12885 12885 12
20171207 1221 12890 12890 12890 12890 4
20171207 1222 12890 12890 12890 12890 8
20171207 1223 12890 12890 12890 12890 4
20171207 1224 12890 12890 12890 12890 5
20171207 1225 12899 12899 12894 12894 66
20171207 1226 12894 12894 12894 12894 8
20171207 1227 12899 12899 12894 12894 83
20171207 1228 12899 12899 12899 12899 10
20171207 1229 12890 12894 12890 12890 50
20171207 1230 12894 12894 12894 12894 5
20171207 1231 12899 12899 12894 12894 17
20171207 1232 12894 12894 12894 12894 8
20171207 1233 12899 12899 12885 12885 126
20171207 1234 12890 12894 12890 12894 31
20171207 1235 12894 12894 12890 12890 10
20171207 1236 12890 12890 12890 12890 4
20171207 1237 12890 12890 12885 12890 40
20171207 1239 12880 12885 12880 12885 40
20171207 1240 12885 12885 12880 12880 8
20171207 1241 12880 12885 12875 12875 26
20171207 1242 12875 12885 12875 12875 20
20171207 1243 12875 12894 12875 12890 25
20171207 1244 12885 12894 12885 12894 29
20171207 1245 12885 12885 12885 12885 7
20171207 1246 12890 12890 12890 12890 18
20171207 1247 12890 12890 12890 12890 9
20171207 1248 12885 12890 12885 12885 37
20171207 1249 12885 12885 12885 12885 14
20171207 1250 12885 12885 12837 12837 72
20171207 1251 12885 12885 12885 12885 19
20171207 1252 12885 12885 12885 12885 6
20171207 1253 12885 12885 12880 12885 43
20171207 1254 12875 12875 12875 12875 6
20171207 1255 12880 12880 12875 12875 18
20171207 1256 12880 12880 12875 12875 9
20171207 1257 12871 12871 12866 12871 16
20171207 1258 12861 12866 12861 12866 36
20171207 1259 12866 12866 12866 12866 4
20171207 1300 12871 12871 12871 12871 5
20171207 1301 12871 12871 12866 12871 14
20171207 1302 12871 12871 12861 12861 31
20171207 1303 12871 12871 12832 12832 42
20171207 1304 12832 12856 12832 12832 14
20171207 1305 12832 12856 12832 12856 2
20171207 1306 12856 12856 12856 12856 7
20171207 1307 12856 12861 12856 12861 61
20171207 1308 12856 12861 12856 12856 121
20171207 1309 12851 12856 12851 12856 60
20171207 1310 12861 12861 12856 12856 68
20171207 1311 12861 12861 12851 12851 76
20171207 1312 12851 12861 12851 12861 8
20171207 1313 12861 12861 12856 12861 34
20171207 1314 12856 12856 12851 12851 13
20171207 1317 12851 12851 12832 12832 46
20171207 1318 12851 12851 12851 12851 39
20171207 1319 12851 12851 12851 12851 2
20171207 1320 12842 12847 12842 12842 25
20171207 1321 12847 12847 12842 12842 18
20171207 1322 12837 12837 12832 12832 39
20171207 1323 12827 12827 12794 12794 37
20171207 1324 12827 12827 12827 12827 6
20171207 1325 12818 12823 12818 12823 18
20171207 1326 12818 12818 12813 12813 14
20171207 1327 12813 12813 12794 12803 24
20171207 1328 12808 12808 12794 12799 428
20171207 1329 12799 12803 12794 12799 26
20171207 1330 12794 12794 12789 12794 617
20171207 1332 12803 12803 12794 12794 14
20171207 1337 12789 12789 12789 12789 1
20171207 1342 12794 12794 12794 12794 102
20171207 1343 12794 12794 12794 12794 305
20171207 1344 12827 12827 12827 12827 10
20171207 1345 12832 12832 12832 12832 86
20171207 1346 12827 12832 12827 12827 60
20171207 1349 12832 12832 12832 12832 8
20171207 1350 12827 12827 12827 12827 6
20171207 1351 12827 12832 12827 12827 16
20171207 1352 12827 12827 12827 12827 7
20171207 1353 12827 12832 12827 12827 19
20171207 1354 12827 12827 12827 12827 5
20171207 1355 12827 12827 12827 12827 235
20171207 1356 12827 12832 12827 12827 21
20171207 1357 12827 12832 12827 12832 18
20171207 1410 12832 12832 12832 12832 17
20171207 1411 12832 12832 12832 12832 50
20171207 1413 12832 12832 12827 12827 13
20171207 1414 12827 12827 12827 12827 3
20171207 1415 12827 12832 12827 12827 19
20171207 1416 12827 12827 12827 12827 7
20171207 1417 12827 12827 12808 12823 327
20171207 1418 12823 12823 12823 12823 2
20171207 1424 12823 12823 12823 12823 11
20171207 1428 12827 12832 12827 12832 1588
20171207 1429 12856 12856 12856 12856 25
20171207 1432 12856 12885 12856 12880 109
20171207 1433 12880 12880 12875 12875 14
20171207 1434 12875 12880 12875 12880 29
20171207 1435 12875 12880 12875 12880 49
20171207 1436 12880 12885 12880 12885 25
20171207 1437 12880 12885 12856 12856 22
20171207 1438 12856 12880 12851 12851 21
20171207 1439 12851 12875 12851 12851 30
20171207 1440 12866 12871 12866 12866 8
20171207 1441 12866 12885 12866 12885 25
20171207 1442 12890 12894 12875 12894 25
20171207 1443 12885 12885 12875 12875 14
20171207 1444 12890 12890 12880 12880 14
20171207 1445 12885 12885 12885 12885 7
20171207 1446 12885 12885 12875 12875 43
20171207 1447 12875 12875 12866 12866 21
20171207 1448 12871 12875 12871 12875 13
20171207 1449 12871 12875 12871 12875 15
20171207 1450 12875 12875 12875 12875 10
20171207 1451 12875 12875 12871 12871 31
20171207 1452 12875 12875 12871 12871 24
20171207 1453 12871 12875 12871 12871 11
20171207 1455 12875 12875 12875 12875 10
20171207 1456 12875 12875 12871 12871 39
20171207 1457 12875 12875 12875 12875 18
20171207 1458 12875 12875 12871 12871 16
20171207 1459 12871 12875 12871 12875 16
20171207 1500 12875 12875 12871 12871 19
20171207 1501 12871 12875 12871 12875 15
20171207 1502 12880 12880 12880 12880 78
20171207 1503 12875 12875 12875 12875 32
20171207 1504 12875 12875 12875 12875 16
20171207 1505 12875 12880 12875 12880 21
20171207 1506 12875 12875 12875 12875 32
20171207 1507 12880 12880 12871 12871 19
20171207 1508 12875 12875 12875 12875 15
20171207 1509 12871 12875 12871 12875 11
20171207 1510 12875 12875 12875 12875 30
20171207 1511 12871 12875 12871 12875 14
20171207 1512 12875 12875 12866 12866 10
20171207 1513 12861 12866 12851 12866 45
20171207 1514 12866 12866 12861 12861 13
20171207 1515 12861 12866 12851 12856 27
20171207 1516 12861 12861 12856 12856 57
20171207 1517 12856 12856 12851 12851 21
20171207 1518 12861 12861 12861 12861 16
20171207 1519 12861 12861 12861 12861 8
20171207 1520 12851 12851 12851 12851 100
20171207 1530 12813 12813 12813 12813 112
20171208 912 12928 12928 12928 12928 47
20171208 913 12871 12871 12861 12861 249
20171208 914 12875 12875 12875 12875 4
20171208 916 12880 12880 12880 12880 4
20171208 917 12885 12885 12885 12885 4
20171208 918 12890 12890 12890 12890 4
20171208 919 12894 12894 12894 12894 4
20171208 920 12899 12899 12899 12899 4
20171208 922 12904 12904 12904 12904 4
20171208 933 12866 12866 12866 12866 400
20171208 943 12837 12837 12837 12837 10
20171208 955 12880 12880 12880 12880 1
20171208 1002 12871 12871 12871 12871 264
20171208 1012 12856 12856 12856 12856 5
20171208 1025 12851 12856 12851 12856 10
20171208 1033 12856 12856 12856 12856 3
20171208 1038 12871 12871 12871 12871 4
20171208 1039 12871 12871 12871 12871 41
20171208 1040 12861 12861 12861 12861 2
20171208 1041 12871 12871 12871 12871 7
20171208 1045 12818 12818 12818 12818 100
20171208 1048 12875 12875 12875 12875 1
20171208 1057 12832 12880 12832 12880 77
20171208 1155 12847 12847 12813 12813 378
20171208 1251 12842 12842 12842 12842 50
20171208 1252 12842 12842 12842 12842 80
20171208 1253 12842 12842 12842 12842 10
20171208 1334 12842 12842 12842 12842 791
20171208 1356 12866 12866 12866 12866 80
20171208 1403 12875 12875 12875 12875 1
20171208 1449 12842 12842 12813 12813 400
20171208 1504 12837 12837 12837 12837 17
20171208 1506 12808 12808 12794 12794 10
20171208 1509 12794 12794 12794 12794 10
20171208 1510 12794 12794 12794 12794 51
20171208 1517 12789 12789 12789 12789 1
20171208 1530 12851 12851 12851 12851 70
20171211 904 12851 12851 12851 12851 102
20171211 908 12851 12851 12851 12851 5
20171211 913 12851 12851 12851 12851 10
20171211 920 12856 12856 12856 12856 3
20171211 943 12947 12947 12947 12947 4
20171211 944 12957 12957 12957 12957 1
20171211 954 12981 12981 12981 12981 1
20171211 1000 12938 12938 12938 12938 75
20171211 1001 12981 12986 12981 12986 14
20171211 1015 12928 12928 12928 12928 32
20171211 1030 12933 12933 12933 12933 100
20171211 1031 12933 12933 12933 12933 262
20171211 1037 12933 12933 12933 12933 51
20171211 1057 12928 12928 12928 12928 1
20171211 1058 12928 12928 12928 12928 67
20171211 1100 12928 12928 12928 12928 101
20171211 1218 12962 12962 12962 12962 350
20171211 1223 12942 12947 12942 12947 4
20171211 1224 12952 12952 12952 12952 2
20171211 1227 12957 12957 12957 12957 2
20171211 1229 12962 12962 12962 12962 2
20171211 1234 12957 12957 12957 12957 250
20171211 1238 12962 12962 12962 12962 50
20171211 1256 12962 12962 12962 12962 1
20171211 1318 12962 12962 12962 12962 102
20171211 1320 12962 12962 12962 12962 46
20171211 1321 12966 12966 12966 12966 2
20171211 1322 12971 12971 12971 12971 1
20171211 1337 12971 12971 12971 12971 11
20171211 1420 12971 12971 12971 12971 19
20171211 1427 12976 12976 12976 12976 15
20171211 1429 12976 12976 12976 12976 64
20171211 1430 12976 12976 12976 12976 66
20171211 1500 12976 12976 12976 12976 125
20171212 901 12990 12990 12990 12990 40
20171212 903 12957 12957 12914 12914 452
20171212 905 12914 12914 12914 12914 300
20171212 907 12894 12894 12894 12894 50
20171212 908 12880 12880 12880 12880 46
20171212 909 12880 12880 12880 12880 44
20171212 927 12880 12880 12880 12880 402
20171212 930 12861 12861 12861 12861 12
20171212 931 12866 12866 12866 12866 5
20171212 933 12871 12871 12871 12871 2
20171212 937 12894 12894 12894 12894 13
20171212 938 12885 12885 12875 12875 10
20171212 940 12875 12875 12871 12871 29
20171212 942 12871 12871 12871 12871 5
20171212 943 12875 12875 12866 12866 8
20171212 945 12866 12866 12861 12861 113
20171212 946 12856 12856 12856 12856 14
20171212 958 12856 12856 12856 12856 115
20171212 1002 12851 12851 12851 12851 42
20171212 1003 12851 12851 12851 12851 5
20171212 1004 12847 12847 12847 12847 31
20171212 1005 12842 12842 12842 12842 13
20171212 1006 12832 12832 12827 12827 62
20171212 1007 12827 12837 12827 12837 19
20171212 1009 12827 12827 12823 12823 112
20171212 1010 12827 12827 12827 12827 6
20171212 1012 12832 12832 12832 12832 12
20171212 1013 12832 12837 12832 12837 15
20171212 1014 12837 12842 12837 12842 8
20171212 1016 12832 12842 12832 12842 12
20171212 1017 12837 12837 12837 12837 6
20171212 1018 12837 12837 12823 12823 17
20171212 1019 12818 12818 12818 12818 15
20171212 1020 12818 12818 12813 12813 27
20171212 1023 12808 12808 12808 12808 21
20171212 1024 12808 12808 12808 12808 25
20171212 1025 12808 12808 12808 12808 2
20171212 1031 12813 12813 12813 12813 1
20171212 1035 12818 12818 12813 12813 75
20171212 1043 12818 12818 12808 12808 101
20171212 1047 12818 12818 12813 12813 32
20171212 1048 12813 12813 12813 12813 17
20171212 1049 12813 12813 12813 12813 2
20171212 1050 12818 12818 12818 12818 14
20171212 1051 12808 12808 12808 12808 3
20171212 1052 12803 12803 12803 12803 11
20171212 1053 12803 12803 12803 12803 2
20171212 1054 12803 12803 12803 12803 8
20171212 1055 12803 12803 12799 12803 27
20171212 1056 12803 12803 12803 12803 2
20171212 1057 12799 12799 12799 12799 6
20171212 1101 12799 12808 12799 12808 222
20171212 1102 12808 12808 12803 12803 28
20171212 1103 12803 12803 12794 12794 13
20171212 1104 12803 12803 12803 12803 6
20171212 1105 12813 12813 12813 12813 11
20171212 1107 12808 12808 12803 12803 18
20171212 1108 12803 12803 12799 12799 27
20171212 1109 12799 12803 12799 12803 9
20171212 1111 12803 12803 12803 12803 5
20171212 1112 12799 12803 12799 12803 5
20171212 1113 12794 12794 12794 12794 19
20171212 1114 12803 12808 12803 12803 14
20171212 1115 12803 12803 12803 12803 13
20171212 1116 12808 12808 12808 12808 16
20171212 1117 12808 12813 12808 12813 8
20171212 1119 12803 12803 12803 12803 5
20171212 1120 12799 12803 12799 12803 8
20171212 1121 12803 12803 12803 12803 12
20171212 1122 12803 12803 12803 12803 14
20171212 1123 12808 12808 12803 12803 8
20171212 1124 12799 12799 12799 12799 2
20171212 1125 12808 12808 12799 12799 14
20171212 1126 12808 12808 12799 12799 11
20171212 1127 12808 12808 12808 12808 6
20171212 1134 12813 12813 12813 12813 1
20171212 1143 12813 12813 12813 12813 70
20171212 1147 12813 12813 12813 12813 5
20171212 1151 12813 12813 12808 12808 208
20171212 1152 12808 12808 12808 12808 2
20171212 1153 12808 12808 12808 12808 8
20171212 1154 12808 12808 12808 12808 11
20171212 1156 12808 12808 12808 12808 18
20171212 1157 12808 12808 12808 12808 16
20171212 1159 12808 12808 12808 12808 2
20171212 1201 12808 12808 12803 12803 32
20171212 1203 12808 12808 12808 12808 18
20171212 1204 12808 12808 12808 12808 16
20171212 1206 12808 12808 12808 12808 3
20171212 1210 12808 12808 12808 12808 48
20171212 1211 12808 12808 12808 12808 43
20171212 1215 12808 12808 12808 12808 20
20171212 1216 12808 12808 12808 12808 6
20171212 1217 12803 12808 12794 12794 144
20171212 1219 12789 12789 12789 12789 102
20171212 1220 12789 12789 12789 12789 1
20171212 1222 12789 12789 12789 12789 16
20171212 1223 12789 12789 12789 12789 6
20171212 1224 12789 12789 12789 12789 24
20171212 1225 12789 12789 12789 12789 4
20171212 1227 12789 12789 12789 12789 8
20171212 1228 12789 12789 12789 12789 11
20171212 1229 12789 12789 12784 12784 89
20171212 1230 12789 12789 12789 12789 7
20171212 1231 12789 12789 12789 12789 24
20171212 1232 12789 12789 12789 12789 3
20171212 1233 12784 12784 12784 12784 1
20171212 1234 12779 12779 12779 12779 157
20171212 1238 12779 12779 12779 12779 74
20171212 1239 12779 12779 12779 12779 4
20171212 1241 12779 12779 12779 12779 13
20171212 1242 12779 12779 12779 12779 4
20171212 1244 12779 12779 12779 12779 25
20171212 1245 12779 12779 12779 12779 13
20171212 1253 12779 12779 12779 12779 10
20171212 1300 12784 12784 12784 12784 34
20171212 1301 12789 12789 12789 12789 29
20171212 1302 12784 12784 12784 12784 3
20171212 1303 12789 12794 12789 12789 25
20171212 1304 12794 12794 12789 12789 7
20171212 1305 12784 12789 12784 12789 25
20171212 1306 12789 12789 12784 12784 2
20171212 1307 12784 12784 12784 12784 3
20171212 1308 12789 12789 12784 12784 18
20171212 1310 12789 12794 12789 12794 4
20171212 1311 12799 12799 12779 12794 22
20171212 1312 12794 12794 12789 12789 28
20171212 1313 12789 12789 12789 12789 1
20171212 1314 12794 12794 12789 12789 9
20171212 1315 12799 12799 12789 12789 7
20171212 1317 12794 12794 12789 12789 4
20171212 1318 12799 12799 12794 12794 7
20171212 1319 12794 12794 12784 12789 41
20171212 1320 12784 12784 12784 12784 1
20171212 1321 12794 12794 12789 12789 18
20171212 1322 12779 12779 12779 12779 28
20171212 1325 12775 12775 12775 12775 17
20171212 1326 12775 12775 12775 12775 24
20171212 1327 12775 12775 12775 12775 1
20171212 1328 12775 12775 12775 12775 9
20171212 1330 12770 12775 12770 12775 23
20171212 1332 12770 12770 12760 12760 23
20171212 1333 12765 12765 12765 12765 12
20171212 1339 12770 12770 12770 12770 1
20171212 1340 12770 12770 12770 12770 37
20171212 1341 12770 12770 12765 12765 35
20171212 1342 12770 12770 12770 12770 3
20171212 1343 12770 12770 12770 12770 7
20171212 1345 12770 12770 12770 12770 4
20171212 1346 12770 12770 12770 12770 19
20171212 1347 12770 12770 12770 12770 14
20171212 1348 12770 12770 12770 12770 1
20171212 1349 12775 12775 12775 12775 10
20171212 1350 12770 12770 12765 12765 22
20171212 1351 12770 12770 12765 12765 57
20171212 1352 12765 12765 12722 12722 92
20171212 1353 12775 12775 12765 12770 24
20171212 1355 12770 12770 12760 12760 8
20171212 1356 12765 12770 12765 12770 10
20171212 1357 12756 12756 12756 12756 7
20171212 1358 12756 12756 12756 12756 10
20171212 1400 12756 12756 12756 12756 1
20171212 1401 12756 12756 12756 12756 6
20171212 1407 12756 12756 12756 12756 10
20171212 1409 12751 12751 12751 12751 12
20171212 1416 12756 12756 12756 12756 10
20171212 1418 12756 12756 12756 12756 31
20171212 1422 12756 12756 12756 12756 5
20171212 1425 12756 12756 12756 12756 16
20171212 1427 12756 12756 12756 12756 17
20171212 1428 12756 12756 12756 12756 6
20171212 1430 12756 12756 12756 12756 115
20171212 1432 12779 12779 12779 12779 1
20171212 1433 12794 12794 12794 12794 116
20171212 1434 12799 12799 12794 12794 27
20171212 1435 12799 12799 12789 12789 25
20171212 1436 12799 12799 12794 12794 9
20171212 1437 12789 12789 12789 12789 3
20171212 1438 12794 12803 12794 12799 19
20171212 1440 12799 12799 12799 12799 8
20171212 1441 12803 12803 12794 12794 32
20171212 1442 12799 12803 12799 12799 12
20171212 1443 12813 12813 12813 12813 10
20171212 1444 12799 12799 12799 12799 2
20171212 1445 12799 12799 12799 12799 6
20171212 1449 12799 12799 12799 12799 11
20171212 1452 12799 12799 12799 12799 10
20171212 1453 12794 12794 12794 12794 85
20171212 1454 12794 12794 12794 12794 6
20171212 1455 12794 12794 12794 12794 49
20171212 1456 12789 12789 12789 12789 5
20171212 1457 12794 12794 12794 12794 1
20171212 1458 12794 12794 12789 12794 15
20171212 1459 12794 12794 12794 12794 7
20171212 1501 12794 12799 12794 12799 17
20171212 1502 12794 12794 12794 12794 20
20171212 1503 12794 12794 12794 12794 7
20171212 1505 12794 12794 12784 12794 18
20171212 1507 12794 12794 12789 12789 8
20171212 1508 12794 12794 12794 12794 7
20171212 1509 12794 12794 12789 12789 18
20171212 1510 12794 12799 12789 12799 17
20171212 1511 12789 12789 12789 12789 1
20171212 1512 12784 12789 12779 12784 16
20171212 1513 12775 12789 12775 12789 15
20171212 1515 12770 12789 12770 12789 17
20171212 1516 12789 12789 12784 12784 20
20171212 1517 12789 12799 12789 12799 8
20171212 1530 12799 12799 12799 12799 67
20171213 903 12818 12818 12818 12818 1
20171213 923 12813 12813 12813 12813 1
20171213 924 12813 12813 12813 12813 1
20171213 928 12813 12813 12813 12813 10
20171213 931 12813 12813 12813 12813 225
20171213 941 12875 12875 12875 12875 1
20171213 942 12875 12875 12875 12875 24
20171213 1014 12875 12875 12875 12875 223
20171213 1025 12823 12823 12823 12823 1
20171213 1041 12894 12894 12894 12894 1
20171213 1101 12894 12894 12894 12894 8
20171213 1107 12899 12899 12899 12899 8
20171213 1115 12899 12899 12899 12899 1
20171213 1126 12894 12894 12894 12894 1
20171213 1137 12899 12899 12899 12899 63
20171213 1144 12904 12904 12904 12904 1
20171213 1145 12933 12933 12899 12899 400
20171213 1148 12938 12938 12938 12938 2
20171213 1149 12966 12966 12966 12966 152
20171213 1151 12966 12966 12966 12966 152
20171213 1209 12966 12966 12966 12966 3178
20171213 1210 12966 12966 12966 12966 198
20171213 1212 12966 12966 12966 12966 197
20171213 1214 12962 12962 12962 12962 198
20171213 1217 12957 12957 12957 12957 197
20171213 1219 12966 12966 12966 12966 198
20171213 1222 12957 12957 12957 12957 198
20171213 1223 12952 12952 12952 12952 198
20171213 1224 12962 12962 12962 12962 197
20171213 1226 12957 12957 12957 12957 198
20171213 1228 12952 12952 12952 12952 197
20171213 1229 12952 12952 12952 12952 198
20171213 1231 12947 12947 12947 12947 198
20171213 1234 12942 12942 12942 12942 198
20171213 1235 12942 12942 12942 12942 197
20171213 1237 12942 12942 12942 12942 198
20171213 1239 12942 12942 12942 12942 197
20171213 1240 12933 12933 12933 12933 7
20171213 1241 12909 12909 12909 12909 198
20171213 1243 12923 12923 12923 12923 198
20171213 1245 12928 12928 12928 12928 198
20171213 1251 12933 12933 12928 12928 592
20171213 1253 12928 12928 12928 12928 198
20171213 1255 12928 12928 12928 12928 198
20171213 1257 12933 12933 12933 12933 198
20171213 1259 12918 12918 12918 12918 197
20171213 1301 12909 12909 12909 12909 198
20171213 1303 12909 12909 12909 12909 198
20171213 1304 12918 12918 12918 12918 198
20171213 1307 12914 12914 12914 12914 198
20171213 1308 12914 12914 12914 12914 198
20171213 1311 12899 12899 12899 12899 197
20171213 1312 12909 12909 12909 12909 198
20171213 1314 12904 12904 12904 12904 197
20171213 1316 12914 12914 12914 12914 198
20171213 1319 12904 12904 12904 12904 198
20171213 1320 12904 12904 12904 12904 198
20171213 1322 12904 12904 12904 12904 197
20171213 1324 12904 12904 12904 12904 198
20171213 1326 12904 12904 12904 12904 197
20171213 1331 12904 12904 12904 12904 1
20171213 1332 12904 12904 12904 12904 1
20171213 1333 12904 12904 12904 12904 394
20171213 1338 12904 12904 12904 12904 1
20171213 1344 12899 12899 12899 12899 1143
20171213 1345 12904 12904 12904 12904 286
20171213 1346 12904 12904 12904 12904 286
20171213 1348 12904 12904 12904 12904 285
20171213 1349 12899 12899 12899 12899 286
20171213 1351 12904 12904 12904 12904 286
20171213 1352 12904 12904 12904 12904 286
20171213 1354 12899 12899 12899 12899 286
20171213 1355 12904 12904 12904 12904 286
20171213 1357 12904 12904 12904 12904 285
20171213 1358 12904 12904 12904 12904 286
20171213 1400 12904 12904 12904 12904 286
20171213 1401 12904 12904 12904 12904 286
20171213 1403 12904 12904 12904 12904 286
20171213 1405 12904 12918 12904 12918 289
20171213 1406 12909 12909 12909 12909 285
20171213 1408 12914 12914 12914 12914 286
20171213 1409 12914 12914 12914 12914 286
20171213 1412 12904 12904 12904 12904 286
20171213 1413 12904 12904 12904 12904 286
20171213 1415 12904 12914 12904 12914 571
20171213 1417 12914 12914 12914 12914 286
20171213 1418 12914 12914 12914 12914 286
20171213 1420 12899 12899 12899 12899 286
20171213 1421 12904 12904 12904 12904 286
20171213 1422 12904 12904 12904 12904 35
20171213 1423 12904 12904 12904 12904 352
20171213 1425 12904 12904 12904 12904 487
20171213 1427 12899 12899 12899 12899 286
20171213 1428 12899 12899 12899 12899 286
20171213 1430 12904 12904 12904 12904 286
20171213 1431 12909 12909 12909 12909 286
20171213 1432 12909 12909 12909 12909 286
20171213 1434 12904 12904 12904 12904 20
20171213 1435 12894 12904 12894 12904 571
20171213 1437 12899 12899 12899 12899 286
20171213 1438 12890 12890 12890 12890 286
20171213 1440 12909 12909 12909 12909 286
20171213 1442 12899 12899 12899 12899 286
20171213 1443 12894 12894 12894 12894 285
20171213 1445 12909 12909 12909 12909 286
20171213 1446 12904 12904 12904 12904 286
20171213 1448 12904 12904 12904 12904 286
20171213 1449 12909 12909 12909 12909 286
20171213 1451 12909 12909 12909 12909 286
20171213 1452 12909 12909 12909 12909 285
20171213 1454 12909 12909 12909 12909 286
20171213 1455 12909 12909 12909 12909 286
20171213 1457 12914 12914 12914 12914 286
20171213 1500 12914 12914 12914 12914 285
20171213 1505 12918 12918 12918 12918 50
20171213 1512 12918 12938 12918 12938 2047
20171213 1514 12947 12947 12947 12947 50
20171213 1515 12947 12947 12947 12947 474
20171213 1518 12947 12947 12947 12947 525
20171213 1530 12986 12986 12986 12986 49
20171214 901 12986 12990 12986 12990 4
20171214 902 13005 13005 13005 13005 2
20171214 905 13009 13014 13009 13014 11
20171214 906 13019 13043 13019 13043 3
20171214 907 13053 13057 13053 13057 5
20171214 912 13053 13062 13053 13062 457
20171214 913 13062 13062 13062 13062 10
20171214 919 13067 13067 13067 13067 2
20171214 922 13067 13067 13067 13067 5
20171214 923 13005 13019 13005 13019 4
20171214 927 13024 13024 13024 13024 2
20171214 928 13024 13024 13024 13024 45
20171214 930 13024 13024 13024 13024 7
20171214 934 13005 13005 13005 13005 2
20171214 935 13009 13009 13009 13009 2
20171214 938 13009 13009 13009 13009 293
20171214 940 13014 13014 13014 13014 2
20171214 944 13019 13019 13019 13019 2
20171214 947 13014 13014 13014 13014 1
20171214 949 13005 13024 13005 13024 6
20171214 955 13029 13029 13029 13029 3
20171214 1000 13014 13014 13014 13014 2
20171214 1002 13019 13019 13019 13019 2
20171214 1004 13014 13014 13014 13014 93
20171214 1007 13014 13014 13014 13014 2
20171214 1011 13014 13014 13014 13014 2
20171214 1014 13014 13014 13014 13014 2
20171214 1018 13014 13014 13014 13014 2
20171214 1022 13014 13014 13014 13014 2
20171214 1025 13014 13014 13014 13014 2
20171214 1026 13014 13014 13014 13014 496
20171214 1029 12986 12986 12986 12986 5
20171214 1032 12990 12990 12990 12990 2
20171214 1035 12995 12995 12995 12995 2
20171214 1039 13000 13000 13000 13000 2
20171214 1041 13005 13033 13005 13033 3
20171214 1047 12986 12986 12986 12986 2
20171214 1048 12990 12990 12990 12990 2
20171214 1052 12995 12995 12995 12995 2
20171214 1056 13000 13000 13000 13000 2
20171214 1100 13005 13005 13005 13005 2
20171214 1106 13000 13000 13000 13000 2
20171214 1108 13005 13005 13005 13005 495
20171214 1110 13009 13009 13009 13009 2
20171214 1117 13014 13014 13014 13014 2
20171214 1121 13005 13005 13005 13005 1
20171214 1124 13000 13000 13000 13000 2
20171214 1126 13005 13005 13005 13005 1
20171214 1128 13009 13009 13009 13009 2
20171214 1135 13000 13000 13000 13000 2
20171214 1136 13005 13005 13005 13005 2
20171214 1143 13009 13009 13009 13009 2
20171214 1146 13000 13000 13000 13000 2
20171214 1147 13005 13005 13005 13005 2
20171214 1149 13038 13043 13038 13043 3
20171214 1154 13000 13005 13000 13005 4
20171214 1158 13009 13009 13009 13009 2
20171214 1204 13014 13014 13014 13014 2
20171214 1209 13000 13033 13000 13033 29
20171214 1210 13033 13033 13033 13033 5
20171214 1213 13038 13038 13038 13038 2
20171214 1215 13043 13043 13043 13043 34
20171214 1220 13019 13024 13019 13024 4
20171214 1224 13029 13029 13029 13029 1
20171214 1228 13033 13033 13033 13033 2
20171214 1234 13019 13019 13019 13019 2
20171214 1235 13024 13024 13024 13024 2
20171214 1242 13024 13024 13024 13024 1
20171214 1245 13009 13009 13009 13009 3
20171214 1246 13014 13014 13014 13014 2
20171214 1252 13019 13019 13019 13019 1
20171214 1253 13009 13014 13009 13014 3
20171214 1257 13014 13019 13014 13019 3
20171214 1302 13014 13014 13014 13014 44
20171214 1304 13014 13014 13014 13014 155
20171214 1305 13014 13014 13014 13014 355
20171214 1306 13019 13019 13019 13019 2
20171214 1309 13024 13024 13024 13024 2
20171214 1315 13024 13024 13024 13024 1
20171214 1316 13029 13029 13029 13029 2
20171214 1321 13033 13033 13033 13033 2
20171214 1323 13043 13043 13043 13043 180
20171214 1324 13043 13043 13043 13043 100
20171214 1326 13038 13043 13038 13043 4
20171214 1330 13048 13048 13048 13048 2
20171214 1334 13043 13081 13043 13081 10002
20171214 1335 13081 13081 13077 13081 25000
20171214 1336 13081 13081 13077 13077 55000
20171214 1337 13081 13081 13077 13077 15000
20171214 1338 13081 13081 13081 13081 4000
20171214 1341 13081 13081 13024 13033 40
20171214 1345 13038 13038 13038 13038 2
20171214 1349 13043 13043 13043 13043 2
20171214 1353 13048 13048 13048 13048 2
20171214 1357 13053 13053 13053 13053 2
20171214 1358 13043 13043 13043 13043 31
20171214 1400 13048 13048 13048 13048 2
20171214 1403 13053 13053 13053 13053 2
20171214 1407 13057 13057 13057 13057 1
20171214 1411 13062 13062 13062 13062 2
20171214 1415 13067 13067 13067 13067 2
20171214 1416 13086 13105 13086 13105 32025
20171214 1417 13105 13105 13105 13105 4975
20171214 1422 13062 13062 13062 13062 2
20171214 1425 13062 13062 13062 13062 2
20171214 1429 13062 13062 13062 13062 2
20171214 1433 13067 13086 13067 13086 73
20171214 1436 13062 13062 13062 13062 2
20171214 1440 13033 13033 13033 13033 2
20171214 1443 13038 13062 13038 13062 100
20171214 1444 13067 13077 13067 13077 37
20171214 1451 13033 13033 13033 13033 2
20171214 1453 13038 13038 13038 13038 2
20171214 1459 13038 13038 13038 13038 98
20171214 1502 13033 13033 13033 13033 2
20171214 1506 13033 13033 13033 13033 2
20171214 1519 13057 13062 13033 13033 720
20171214 1530 12981 12981 12981 12981 457
20171215 901 13019 13019 13019 13019 99
20171215 902 13048 13048 13048 13048 3
20171215 914 13043 13043 13043 13043 20
20171215 918 13024 13024 13024 13024 20
20171215 920 13014 13014 13014 13014 639
20171215 930 12990 12990 12990 12990 86
20171215 937 12990 12990 12990 12990 1
20171215 943 12976 12976 12976 12976 100
20171215 947 12957 12957 12957 12957 181
20171215 1007 12962 12962 12962 12962 1
20171215 1017 12976 12976 12976 12976 1
20171215 1042 13033 13033 13033 13033 30
20171215 1043 12990 12990 12990 12990 5
20171215 1044 12990 12990 12990 12990 95
20171215 1112 12976 12976 12976 12976 1
20171215 1140 12976 12976 12976 12976 100
20171215 1218 13019 13033 13019 13033 75
20171215 1231 13024 13024 13024 13024 1
20171215 1252 13024 13024 13024 13024 1
20171215 1302 13014 13014 13014 13014 36
20171215 1303 13014 13014 13014 13014 102
20171215 1309 13014 13014 13014 13014 73
20171215 1311 13014 13014 13014 13014 2
20171215 1314 13005 13005 13005 13005 1
20171215 1318 12990 12990 12990 12990 15
20171215 1325 12990 13014 12990 13014 37
20171215 1327 13014 13014 13014 13014 33
20171215 1346 13033 13033 13033 13033 709
20171215 1351 13043 13043 13043 13043 66
20171215 1352 13043 13043 13043 13043 14
20171215 1405 13053 13053 13053 13053 1
20171215 1415 13053 13053 13053 13053 51
20171215 1419 13043 13043 13043 13043 1001
20171215 1420 13033 13033 13033 13033 46
20171215 1423 13048 13048 13048 13048 20
20171215 1427 13033 13033 13033 13033 120
20171215 1429 13033 13033 13019 13019 400
20171215 1434 13014 13014 13014 13014 2000
20171215 1435 13053 13053 13053 13053 36
20171215 1443 13043 13043 13043 13043 73
20171215 1530 13043 13043 13043 13043 2
20171218 901 13062 13062 13062 13062 3
20171218 905 13043 13043 13014 13014 201
20171218 907 13014 13014 13014 13014 46
20171218 917 13043 13043 13043 13043 30
20171218 940 13043 13043 13043 13043 47
20171218 948 13043 13043 13043 13043 33
20171218 1010 13038 13038 13038 13038 204
20171218 1024 12986 12986 12986 12986 209
20171218 1047 12986 12986 12986 12986 1
20171218 1052 13024 13024 13019 13019 12
20171218 1053 13029 13029 13029 13029 4
20171218 1054 13033 13033 13033 13033 25
20171218 1055 13024 13024 13024 13024 84
20171218 1056 13029 13029 13029 13029 4
20171218 1057 13024 13024 13024 13024 19
20171218 1058 13029 13029 13029 13029 21
20171218 1059 13029 13029 13029 13029 19
20171218 1100 13029 13029 13029 13029 30
20171218 1101 13029 13029 13029 13029 13
20171218 1102 13033 13033 13029 13029 38
20171218 1103 13038 13038 13033 13033 33
20171218 1104 13033 13033 13033 13033 4
20171218 1105 13038 13038 13038 13038 38
20171218 1106 13038 13038 13038 13038 42
20171218 1107 13038 13038 13038 13038 15
20171218 1108 13038 13038 13038 13038 13
20171218 1109 13033 13033 13033 13033 31
20171218 1111 13038 13038 13033 13038 122
20171218 1112 13038 13038 13029 13029 57
20171218 1113 13038 13038 13029 13029 34
20171218 1114 13038 13038 13033 13033 22
20171218 1115 13033 13033 13033 13033 34
20171218 1116 13029 13029 13029 13029 4
20171218 1117 13029 13029 13029 13029 43
20171218 1118 13029 13029 13029 13029 24
20171218 1119 13029 13029 13029 13029 23
20171218 1121 13029 13029 13029 13029 65
20171218 1122 13029 13029 13029 13029 1
20171218 1125 13033 13033 13033 13033 9
20171218 1136 13033 13033 13033 13033 15
20171218 1137 13033 13033 13029 13029 2
20171218 1139 13033 13033 13033 13033 15
20171218 1142 13033 13033 13033 13033 15
20171218 1144 13033 13033 13033 13033 16
20171218 1146 13033 13033 13033 13033 255
20171218 1147 13033 13033 13033 13033 15
20171218 1148 13038 13038 13033 13038 236
20171218 1149 13033 13038 13033 13038 19
20171218 1150 13038 13038 13038 13038 9
20171218 1151 13038 13038 13033 13038 28
20171218 1152 13038 13038 13033 13033 51
20171218 1153 13038 13038 13033 13033 34
20171218 1154 13038 13038 13038 13038 40
20171218 1155 13043 13043 13038 13038 30
20171218 1156 13038 13038 13038 13038 12
20171218 1157 13033 13043 13033 13038 68
20171218 1158 13038 13038 13038 13038 23
20171218 1159 13038 13038 13033 13033 39
20171218 1200 13043 13043 13033 13033 44
20171218 1201 13033 13033 13033 13033 23
20171218 1202 13033 13033 13033 13033 12
20171218 1203 13038 13038 13038 13038 15
20171218 1204 13038 13038 13038 13038 61
20171218 1205 13038 13038 13038 13038 4
20171218 1206 13033 13033 13033 13033 44
20171218 1207 13038 13038 13029 13029 196
20171218 1208 13033 13033 13033 13033 38
20171218 1209 13038 13038 13033 13033 34
20171218 1210 13038 13038 13033 13033 14
20171218 1211 13038 13038 13038 13038 19
20171218 1212 13038 13038 13029 13033 14
20171218 1213 13038 13038 13038 13038 28
20171218 1214 13029 13033 13029 13033 44
20171218 1215 13033 13038 13033 13038 64
20171218 1217 13038 13038 13033 13038 59
20171218 1218 13038 13038 13038 13038 19
20171218 1220 13038 13038 13029 13029 52
20171218 1221 13038 13038 13033 13033 38
20171218 1222 13038 13038 13038 13038 4
20171218 1223 13024 13038 13024 13024 25
20171218 1233 13014 13014 13014 13014 2
20171218 1234 13014 13014 13014 13014 4
20171218 1237 13019 13019 13019 13019 13
20171218 1239 13019 13019 13019 13019 15
20171218 1242 13019 13019 13019 13019 61
20171218 1244 13014 13014 13014 13014 2
20171218 1245 13019 13019 13019 13019 15
20171218 1247 13019 13019 13019 13019 15
20171218 1250 13019 13019 13019 13019 15
20171218 1252 13019 13019 13019 13019 1
20171218 1253 13019 13019 13019 13019 15
20171218 1254 13014 13014 13014 13014 3
20171218 1255 13019 13019 13019 13019 11
20171218 1258 13043 13043 13043 13043 15
20171218 1301 13043 13043 13043 13043 16
20171218 1303 13043 13043 13043 13043 15
20171218 1304 13043 13043 13043 13043 25
20171218 1305 13038 13038 13038 13038 2
20171218 1306 13043 13043 13043 13043 411
20171218 1308 13062 13062 13062 13062 7
20171218 1309 13062 13077 13062 13077 435
20171218 1310 13062 13067 13062 13067 44
20171218 1311 13062 13077 13062 13072 38
20171218 1312 13067 13067 13067 13067 13
20171218 1313 13072 13072 13062 13072 60
20171218 1314 13072 13072 13067 13067 34
20171218 1315 13062 13067 13057 13067 8
20171218 1316 13067 13067 13067 13067 22
20171218 1317 13067 13067 13067 13067 33
20171218 1318 13062 13067 13062 13067 45
20171218 1319 13062 13067 13062 13067 144
20171218 1320 13062 13062 13062 13062 23
20171218 1321 13067 13067 13067 13067 4
20171218 1322 13062 13062 13062 13062 22
20171218 1323 13067 13067 13067 13067 22
20171218 1324 13067 13067 13067 13067 37
20171218 1325 13062 13067 13062 13067 28
20171218 1326 13057 13057 13057 13057 2
20171218 1330 13057 13057 13057 13057 195
20171218 1332 13057 13057 13057 13057 20
20171218 1333 13057 13057 13057 13057 3
20171218 1335 13057 13057 13057 13057 76
20171218 1336 13053 13053 13019 13043 405
20171218 1338 13057 13057 13057 13057 70
20171218 1339 13057 13057 13057 13057 10
20171218 1347 13053 13053 13053 13053 3
20171218 1348 13053 13053 13053 13053 255
20171218 1349 13053 13053 13053 13053 4
20171218 1350 13053 13053 13053 13053 53
20171218 1351 13053 13053 13053 13053 15
20171218 1353 13048 13053 13048 13053 78
20171218 1354 13048 13048 13048 13048 19
20171218 1355 13053 13053 13053 13053 38
20171218 1356 13053 13053 13048 13053 60
20171218 1357 13053 13053 13048 13048 6
20171218 1358 13053 13053 13048 13048 26
20171218 1359 13053 13053 13053 13053 15
20171218 1400 13053 13053 13053 13053 23
20171218 1401 13053 13053 13053 13053 1
20171218 1402 13053 13053 13053 13053 65
20171218 1408 13048 13048 13048 13048 3
20171218 1409 13048 13048 13048 13048 182
20171218 1410 13048 13048 13043 13048 51
20171218 1417 13048 13048 13048 13048 241
20171218 1418 13043 13043 13043 13043 2
20171218 1424 13043 13043 13043 13043 139
20171218 1429 13043 13048 13043 13048 21
20171218 1430 13043 13043 13043 13043 212
20171218 1439 13038 13038 13038 13038 3
20171218 1440 13043 13043 13043 13043 28
20171218 1444 13043 13043 13043 13043 12
20171218 1446 13043 13043 13043 13043 15
20171218 1449 13043 13043 13043 13043 15
20171218 1450 13038 13038 13038 13038 2
20171218 1452 13043 13043 13043 13043 15
20171218 1454 13043 13043 13043 13043 15
20171218 1455 13043 13048 13043 13048 60
20171218 1457 13048 13048 13048 13048 15
20171218 1458 13043 13043 13043 13043 389
20171218 1500 13048 13048 13043 13043 18
20171218 1502 13048 13048 13048 13048 16
20171218 1505 13048 13048 13048 13048 33
20171218 1507 13048 13048 13043 13043 391
20171218 1508 13048 13048 13043 13043 37
20171218 1509 13043 13043 13043 13043 22
20171218 1510 13043 13043 13043 13043 55
20171218 1511 13038 13043 13038 13043 4
20171218 1514 13043 13043 13043 13043 56
20171218 1515 13043 13043 13043 13043 31
20171218 1516 13043 13048 13043 13043 62
20171218 1517 13038 13038 13038 13038 29
20171218 1530 13048 13048 13048 13048 76
20171219 901 13048 13048 13048 13048 2
20171219 907 13081 13081 13081 13081 3
20171219 910 13091 13091 13091 13091 1
20171219 920 13091 13091 13091 13091 2
20171219 921 13086 13086 13072 13072 80
20171219 929 13057 13057 13057 13057 29
20171219 952 13057 13057 13057 13057 10
20171219 1001 13029 13029 13029 13029 5
20171219 1006 13014 13014 13009 13009 2
20171219 1007 12981 12981 12981 12981 44
20171219 1122 12986 12986 12986 12986 2
20171219 1151 12986 12986 12986 12986 1
20171219 1152 13029 13029 13029 13029 75
20171219 1159 13029 13029 13029 13029 1
20171219 1205 12986 12986 12986 12986 3
20171219 1306 12986 12986 12986 12986 37
20171219 1316 12976 12976 12966 12966 40
20171219 1423 12990 12990 12990 12990 46
20171219 1425 13024 13024 13024 13024 1
20171219 1426 13024 13024 13024 13024 3
20171219 1428 13043 13043 13043 13043 669
20171219 1452 13043 13043 13043 13043 56
20171219 1517 13043 13043 13043 13043 1
20171220 929 13043 13043 13043 13043 390
20171220 933 13043 13043 13043 13043 46
20171220 934 13053 13053 13053 13053 1
20171220 935 13062 13062 13062 13062 2
20171220 937 13077 13077 13077 13077 22
20171220 946 13072 13072 13072 13072 6
20171220 953 13072 13101 13072 13101 4
20171220 959 13062 13062 13062 13062 46
20171220 1003 13057 13057 13057 13057 1
20171220 1008 13062 13062 13062 13062 250
20171220 1032 13101 13101 13101 13101 1
20171220 1053 13062 13062 13062 13062 46
20171220 1054 13062 13062 13062 13062 46
20171220 1153 13096 13096 13096 13096 1
20171220 1323 13062 13062 13053 13053 47
20171220 1359 13033 13033 13033 13033 45
20171220 1403 13033 13033 13033 13033 3
20171220 1438 13038 13038 13038 13038 46
20171221 901 13038 13038 13038 13038 1
20171221 903 13024 13024 13024 13024 1208
20171221 908 12990 12990 12990 12990 1
20171221 913 12957 12957 12957 12957 300
20171221 914 12986 12986 12966 12966 100
20171221 955 13029 13033 13029 13033 400
20171221 1002 13057 13072 13057 13072 172
20171221 1018 13024 13024 13024 13024 5
20171221 1021 12990 12990 12990 12990 761
20171221 1022 12986 12986 12986 12986 11
20171221 1036 13038 13048 13038 13043 81
20171221 1037 13038 13043 13038 13043 33
20171221 1038 13043 13043 13043 13043 39
20171221 1039 13053 13057 13053 13057 47
20171221 1040 13048 13048 13048 13048 39
20171221 1041 13048 13048 13043 13043 91
20171221 1042 13053 13053 13053 13053 79
20171221 1043 13048 13048 13048 13048 8
20171221 1045 13053 13053 13048 13048 150
20171221 1046 13043 13043 13043 13043 26
20171221 1047 13053 13053 13053 13053 39
20171221 1048 13043 13043 13038 13038 79
20171221 1049 13043 13043 13033 13033 71
20171221 1050 13038 13038 13033 13038 91
20171221 1051 13033 13033 13024 13024 73
20171221 1053 13033 13033 13029 13029 87
20171221 1054 13033 13038 13033 13038 70
20171221 1055 13033 13033 13033 13033 33
20171221 1056 13033 13033 13029 13033 104
20171221 1057 13024 13024 13024 13024 8
20171221 1059 13029 13029 13029 13029 16
20171221 1100 13029 13029 13024 13024 185
20171221 1102 13029 13029 13024 13024 86
20171221 1103 13019 13019 13019 13019 48
20171221 1104 13029 13029 13029 13029 34
20171221 1105 13033 13033 13024 13024 143
20171221 1107 13029 13033 13029 13033 44
20171221 1108 13033 13033 13024 13024 82
20171221 1109 13033 13033 13029 13029 34
20171221 1110 13024 13029 13024 13024 72
20171221 1111 13033 13033 13033 13033 39
20171221 1112 13024 13024 13024 13024 31
20171221 1113 13029 13029 13024 13024 55
20171221 1114 13029 13029 13029 13029 58
20171221 1115 13038 13038 13038 13038 8
20171221 1116 13033 13033 13033 13033 78
20171221 1117 13033 13033 13033 13033 8
20171221 1118 13024 13029 13019 13019 130
20171221 1119 13019 13029 13019 13024 144
20171221 1121 13019 13019 13019 13019 8
20171221 1122 13033 13033 13029 13029 117
20171221 1123 13024 13024 13024 13024 26
20171221 1124 13033 13038 13033 13033 81
20171221 1125 13033 13033 13033 13033 71
20171221 1127 13033 13033 13029 13029 55
20171221 1128 13029 13033 13029 13033 89
20171221 1129 13029 13029 13024 13024 42
20171221 1130 13033 13033 13033 13033 78
20171221 1131 13029 13029 13029 13029 39
20171221 1132 13033 13033 13033 13033 33
20171221 1133 13033 13033 13029 13029 105
20171221 1134 13029 13029 13029 13029 39
20171221 1135 13033 13033 13033 13033 8
20171221 1136 13033 13033 13033 13033 79
20171221 1137 13033 13033 13033 13033 65
20171221 1138 13033 13033 13033 13033 81
20171221 1139 13033 13033 13029 13029 71
20171221 1141 13033 13033 13029 13033 95
20171221 1142 13033 13033 13033 13033 39
20171221 1143 13029 13029 13024 13024 50
20171221 1144 13019 13019 13019 13019 79
20171221 1145 13024 13024 13024 13024 39
20171221 1146 13029 13029 13024 13024 34
20171221 1147 13024 13024 13024 13024 104
20171221 1148 13024 13024 13024 13024 39
20171221 1150 13024 13024 13019 13024 118
20171221 1151 13024 13024 13024 13024 26
20171221 1153 13024 13024 13019 13024 86
20171221 1154 13014 13014 13014 13014 74
20171221 1155 13019 13029 13019 13024 80
20171221 1156 13019 13019 13019 13019 70
20171221 1157 13024 13024 13024 13024 26
20171221 1158 13024 13029 13024 13029 56
20171221 1159 13024 13024 13024 13024 70
20171221 1200 13033 13033 13024 13024 34
20171221 1201 13033 13033 13033 13033 105
20171221 1202 13033 13033 13033 13033 39
20171221 1203 13024 13024 13024 13024 8
20171221 1204 13029 13029 13024 13024 78
20171221 1205 13029 13029 12986 12986 69
20171221 1206 13029 13029 13029 13029 34
20171221 1207 13029 13029 13029 13029 78
20171221 1208 13029 13029 13029 13029 39
20171221 1209 13029 13029 13029 13029 81
20171221 1210 13029 13029 13029 13029 70
20171221 1211 13029 13029 13029 13029 26
20171221 1212 13029 13033 13029 13033 39
20171221 1213 13033 13033 13033 13033 39
20171221 1214 13029 13029 13029 13029 8
20171221 1216 13033 13033 13033 13033 160
20171221 1218 13033 13033 13033 13033 86
20171221 1219 13033 13033 13029 13029 66
20171221 1220 13033 13033 13033 13033 34
20171221 1221 13029 13033 13029 13033 134
20171221 1222 13029 13029 13024 13024 40
20171221 1224 13029 13029 13024 13024 152
20171221 1225 13029 13029 13029 13029 26
20171221 1226 13024 13024 13024 13024 8
20171221 1227 13029 13029 13029 13029 118
20171221 1228 13029 13029 13029 13029 25
20171221 1229 13029 13033 13029 13033 87
20171221 1230 13033 13033 13033 13033 66
20171221 1231 13029 13029 13029 13029 8
20171221 1232 13033 13033 13033 13033 78
20171221 1233 13033 13033 13033 13033 65
20171221 1235 13033 13033 13033 13033 81
20171221 1238 13033 13033 13033 13033 1
20171221 1241 13033 13033 13033 13033 372
20171221 1242 13029 13029 13029 13029 26
20171221 1243 13029 13033 13029 13033 55
20171221 1244 13024 13033 13024 13033 97
20171221 1246 13029 13033 13029 13033 70
20171221 1247 13033 13033 13029 13029 81
20171221 1248 13029 13029 13029 13029 8
20171221 1249 13029 13029 13019 13019 136
20171221 1250 13029 13029 13029 13029 8
20171221 1251 13029 13029 13029 13029 8
20171221 1252 13024 13024 13024 13024 72
20171221 1253 13019 13019 13014 13019 97
20171221 1254 13019 13019 13019 13019 8
20171221 1255 13024 13024 13009 13009 118
20171221 1256 13014 13014 13014 13014 26
20171221 1257 13009 13009 13009 13009 8
20171221 1258 13009 13014 13009 13014 105
20171221 1300 13033 13033 13033 13033 62
20171221 1301 13033 13033 13033 13033 64
20171221 1302 13033 13033 13033 13033 8
20171221 1303 13029 13033 13029 13033 104
20171221 1304 13033 13033 13033 13033 39
20171221 1305 13029 13029 13029 13029 8
20171221 1306 13033 13033 13029 13033 104
20171221 1307 13033 13033 13024 13024 65
20171221 1308 13029 13029 13029 13029 7
20171221 1309 13029 13033 13029 13033 87
20171221 1310 13033 13033 13033 13033 52
20171221 1311 13024 13024 13024 13024 39
20171221 1312 13038 13038 13033 13033 174
20171221 1314 13024 13029 13024 13029 95
20171221 1315 13024 13029 13024 13029 64
20171221 1317 13029 13029 13029 13029 113
20171221 1318 13033 13033 13033 13033 39
20171221 1319 13029 13029 13029 13029 8
20171221 1320 13029 13029 13019 13019 104
20171221 1321 13019 13019 13019 13019 39
20171221 1322 13029 13029 13024 13024 34
20171221 1323 13029 13029 13029 13029 78
20171221 1324 13019 13024 13019 13024 65
20171221 1325 13024 13029 13024 13029 39
20171221 1326 13029 13029 13024 13024 86
20171221 1327 13024 13024 13024 13024 26
20171221 1328 13024 13029 13024 13029 40
20171221 1329 13019 13019 13019 13019 112
20171221 1331 13019 13019 13019 13019 100
20171221 1332 13029 13029 13019 13019 50
20171221 1334 13029 13029 13024 13024 80
20171221 1335 13029 13033 13029 13033 41
20171221 1336 13029 13029 13029 13029 26
20171221 1337 13029 13029 13029 13029 101
20171221 1338 13029 13029 13029 13029 8
20171221 1339 13029 13029 13024 13024 65
20171221 1340 13029 13029 13029 13029 47
20171221 1341 13029 13029 13029 13029 65
20171221 1342 13029 13029 13029 13029 39
20171221 1343 13029 13029 13029 13029 88
20171221 1344 13029 13029 13029 13029 8
20171221 1345 13024 13024 13024 13024 39
20171221 1348 13029 13033 13029 13029 184
20171221 1352 13029 13029 13029 13029 216
20171221 1354 13029 13029 13029 13029 118
20171221 1359 13029 13033 13029 13033 280
20171221 1400 13033 13033 13024 13024 146
20171221 1401 13029 13029 13029 13029 8
20171221 1402 13029 13029 13029 13029 54
20171221 1403 13029 13029 13024 13024 179
20171221 1405 13033 13033 13029 13029 145
20171221 1408 13033 13033 13033 13033 1
20171221 1409 13038 13038 13038 13038 26
20171221 1411 13038 13038 13038 13038 25
20171221 1412 13038 13038 13038 13038 14
20171221 1413 13038 13038 13038 13038 44
20171221 1415 13033 13033 13033 13033 372
20171221 1416 13038 13038 13038 13038 41
20171221 1419 13038 13038 13038 13038 15
20171221 1420 13033 13033 13033 13033 238
20171221 1422 13038 13038 13033 13033 118
20171221 1423 13033 13033 13033 13033 38
20171221 1424 13038 13038 13029 13038 49
20171221 1425 13038 13043 13024 13024 243
20171221 1426 13024 13024 13024 13024 7
20171221 1427 13024 13024 13019 13019 38
20171221 1428 13029 13029 13024 13024 103
20171221 1429 13024 13024 13024 13024 7
20171221 1430 13024 13029 13024 13029 64
20171221 1431 13029 13029 13029 13029 78
20171221 1432 13019 13019 13019 13019 7
20171221 1433 13024 13024 13019 13024 142
20171221 1434 13024 13024 13024 13024 7
20171221 1435 13024 13024 13024 13024 25
20171221 1436 13033 13038 13033 13033 115
20171221 1437 13033 13033 13029 13029 122
20171221 1438 13024 13033 13024 13033 33
20171221 1439 13033 13033 13024 13024 135
20171221 1440 13029 13029 13029 13029 7
20171221 1441 13029 13029 13024 13024 38
20171221 1442 13029 13029 13024 13029 103
20171221 1443 13029 13029 13029 13029 115
20171221 1444 13029 13029 13019 13019 71
20171221 1445 13024 13024 13024 13024 70
20171221 1446 13014 13014 13014 13014 15
20171221 1447 13024 13024 13024 13024 141
20171221 1448 13014 13014 13014 13014 33
20171221 1450 13024 13024 13014 13014 116
20171221 1451 13014 13014 13014 13014 7
20171221 1453 13014 13019 13014 13019 103
20171221 1455 13009 13009 13005 13005 47
20171221 1456 13019 13019 13014 13014 109
20171221 1457 13024 13024 13019 13019 33
20171221 1458 13005 13019 13005 13014 64
20171221 1459 13014 13014 13009 13009 109
20171221 1500 13014 13014 13014 13014 7
20171221 1501 13014 13014 13009 13009 103
20171221 1502 13009 13014 13009 13014 38
20171221 1503 13014 13014 13014 13014 26
20171221 1504 13019 13024 13014 13024 84
20171221 1505 13009 13009 13009 13009 39
20171221 1506 13009 13009 13005 13005 33
20171221 1507 13005 13009 13005 13009 140
20171221 1508 13000 13000 13000 13000 7
20171221 1510 13000 13000 13000 13000 78
20171221 1511 12995 12995 12995 12995 72
20171221 1512 12990 12995 12990 12995 57
20171221 1513 12995 12995 12990 12990 84
20171221 1514 12995 12995 12990 12990 82
20171221 1515 12995 12995 12995 12995 7
20171221 1516 12990 12990 12990 12990 162
20171221 1517 12995 12995 12995 12995 7
20171221 1518 12981 12981 12981 12981 3
20171221 1530 12976 12976 12976 12976 14
20171222 901 12976 12976 12976 12976 1
20171222 903 12976 12976 12976 12976 39
20171222 904 12952 12952 12952 12952 6
20171222 919 12966 12966 12966 12966 43
20171222 921 12942 12942 12942 12942 5
20171222 931 13009 13009 13009 13009 2
20171222 938 13024 13024 13024 13024 1
20171222 1021 13024 13024 13024 13024 4
20171222 1030 13000 13000 13000 13000 1
20171222 1031 13024 13033 13024 13033 304
20171222 1047 13033 13033 13033 13033 33
20171222 1100 13033 13033 13033 13033 28
20171222 1101 13033 13033 13033 13033 9
20171222 1102 13033 13033 13033 13033 14
20171222 1111 13033 13033 13033 13033 11
20171222 1112 13033 13033 13033 13033 14
20171222 1113 13033 13033 13029 13029 14
20171222 1115 13033 13033 13033 13033 12
20171222 1117 13033 13033 13033 13033 68
20171222 1118 13033 13033 13033 13033 14
20171222 1119 13033 13033 13033 13033 35
20171222 1120 13033 13033 13033 13033 28
20171222 1121 13033 13043 13033 13043 24
20171222 1122 13038 13038 13038 13038 266
20171222 1123 13038 13043 13038 13043 81
20171222 1124 13048 13048 13043 13043 16
20171222 1126 13053 13053 13048 13048 80
20171222 1127 13048 13048 13048 13048 42
20171222 1128 13053 13053 13038 13043 80
20171222 1130 13048 13048 13043 13043 24
20171222 1131 13043 13043 13038 13038 27
20171222 1132 13043 13048 13043 13048 67
20171222 1133 13048 13048 13048 13048 19
20171222 1135 13048 13048 13048 13048 17
20171222 1136 13048 13048 13043 13043 41
20171222 1138 13048 13048 13048 13048 1
20171222 1139 13048 13048 13048 13048 93
20171222 1140 13048 13048 13048 13048 16
20171222 1141 13048 13048 13048 13048 34
20171222 1143 13048 13048 13048 13048 55
20171222 1144 13048 13048 13048 13048 37
20171222 1145 13048 13048 13048 13048 17
20171222 1147 13048 13048 13048 13048 58
20171222 1148 13048 13048 13048 13048 26
20171222 1151 13048 13048 13043 13043 33
20171222 1152 13048 13048 13043 13043 39
20171222 1153 13048 13048 13048 13048 45
20171222 1154 13048 13048 13048 13048 41
20171222 1155 13048 13048 13043 13043 32
20171222 1156 13038 13038 13038 13038 12
20171222 1157 13043 13048 13043 13048 43
20171222 1158 13053 13053 13048 13048 32
20171222 1159 13048 13048 13043 13043 28
20171222 1200 13048 13048 13038 13038 34
20171222 1201 13043 13043 13043 13043 16
20171222 1202 13048 13048 13038 13038 59
20171222 1204 13038 13048 13029 13043 34
20171222 1205 13033 13043 13033 13043 30
20171222 1206 13038 13038 13033 13033 62
20171222 1207 13043 13043 13038 13038 47
20171222 1209 13043 13043 13033 13033 28
20171222 1210 13048 13048 13048 13048 15
20171222 1211 13043 13043 13038 13038 17
20171222 1213 13048 13048 13048 13048 70
20171222 1214 13048 13048 13048 13048 5
20171222 1215 13043 13048 13043 13043 90
20171222 1216 13038 13038 13033 13033 7
20171222 1217 13043 13043 13033 13043 84
20171222 1218 13033 13033 13033 13033 5
20171222 1220 13033 13048 13033 13048 29
20171222 1221 13048 13048 13043 13048 28
20171222 1222 13048 13048 13048 13048 14
20171222 1223 13048 13048 13048 13048 33
20171222 1224 13048 13048 13043 13043 16
20171222 1225 13038 13038 13038 13038 15
20171222 1226 13048 13048 13043 13043 17
20171222 1227 13043 13043 13038 13038 25
20171222 1228 13048 13048 13048 13048 59
20171222 1229 13033 13048 13033 13038 18
20171222 1230 13053 13053 13043 13043 38
20171222 1231 13043 13043 13038 13038 20
20171222 1232 13038 13038 13033 13033 44
20171222 1233 13038 13038 13038 13038 28
20171222 1234 13048 13048 13048 13048 26
20171222 1235 13043 13048 13043 13048 19
20171222 1236 13038 13048 13038 13048 35
20171222 1237 13048 13048 13038 13038 21
20171222 1238 13038 13043 13038 13043 66
20171222 1239 13038 13038 13033 13033 17
20171222 1240 13048 13048 13048 13048 5
20171222 1241 13048 13048 13029 13043 32
20171222 1242 13043 13043 13043 13043 15
20171222 1243 13038 13048 13038 13048 59
20171222 1245 13048 13048 13043 13043 17
20171222 1246 13043 13043 13043 13043 36
20171222 1247 13038 13048 13038 13048 47
20171222 1248 13048 13048 13043 13043 47
20171222 1249 13048 13048 13043 13043 18
20171222 1250 13048 13048 13048 13048 11
20171222 1251 13043 13048 13043 13048 26
20171222 1252 13043 13048 13043 13048 20
20171222 1253 13043 13048 13043 13048 48
20171222 1254 13043 13043 13033 13043 26
20171222 1256 13048 13048 13043 13043 26
20171222 1257 13048 13048 13048 13048 5
20171222 1258 13043 13043 13043 13043 86
20171222 1259 13048 13048 13048 13048 19
20171222 1300 13043 13043 13043 13043 17
20171222 1301 13043 13048 13043 13048 21
20171222 1302 13043 13043 13043 13043 27
20171222 1303 13043 13043 13043 13043 43
20171222 1305 13043 13043 13043 13043 45
20171222 1306 13043 13043 13038 13043 36
20171222 1307 13043 13043 13043 13043 17
20171222 1308 13043 13043 13043 13043 28
20171222 1309 13043 13043 13043 13043 38
20171222 1310 13038 13043 13033 13043 19
20171222 1311 13043 13048 13033 13033 52
20171222 1313 13043 13043 13033 13033 58
20171222 1314 13033 13038 13033 13038 34
20171222 1315 13038 13043 13038 13043 24
20171222 1316 13043 13043 13043 13043 5
20171222 1317 13043 13043 13043 13043 26
20171222 1318 13038 13043 13038 13043 33
20171222 1319 13038 13043 13038 13038 63
20171222 1321 13038 13038 13038 13038 5
20171222 1322 13043 13043 13043 13043 12
20171222 1323 13043 13043 13043 13043 11
20171222 1325 13038 13038 13038 13038 101
20171222 1326 13038 13038 13038 13038 16
20171222 1327 13029 13038 13029 13038 62
20171222 1328 13038 13043 13038 13038 66
20171222 1330 13038 13038 13038 13038 40
20171222 1332 13038 13038 13038 13038 49
20171222 1333 13038 13038 13038 13038 5
20171222 1335 13043 13043 13043 13043 7
20171222 1336 13043 13043 13043 13043 12
20171222 1337 13048 13048 13048 13048 4
20171222 1340 13048 13048 13048 13048 37
20171222 1341 13048 13048 13048 13048 12
20171222 1342 13048 13048 13048 13048 7
20171222 1344 13043 13043 13038 13038 239
20171222 1345 13048 13048 13038 13043 54
20171222 1346 13048 13048 13048 13048 15
20171222 1347 13038 13038 13038 13038 5
20171222 1348 13043 13043 13043 13043 37
20171222 1349 13048 13048 13043 13043 33
20171222 1350 13043 13043 13033 13033 33
20171222 1351 13043 13043 13038 13038 25
20171222 1352 13043 13043 13043 13043 5
20171222 1353 13038 13038 13033 13033 38
20171222 1354 13048 13048 13043 13043 45
20171222 1355 13043 13043 13043 13043 21
20171222 1356 13038 13048 13033 13033 43
20171222 1357 13029 13043 13029 13043 7
20171222 1358 13038 13043 13038 13043 33
20171222 1359 13038 13043 13038 13043 33
20171222 1400 13038 13038 13038 13038 11
20171222 1401 13038 13038 13033 13033 37
20171222 1402 13043 13043 13043 13043 32
20171222 1403 13038 13038 13029 13029 28
20171222 1404 13038 13038 13038 13038 44
20171222 1405 13033 13038 13033 13038 27
20171222 1406 13043 13043 13038 13038 12
20171222 1407 13038 13038 13033 13033 26
20171222 1408 13033 13043 13033 13043 29
20171222 1409 13033 13038 13033 13038 44
20171222 1410 12986 13038 12986 13038 7
20171222 1411 13033 13033 13033 13033 30
20171222 1412 13043 13043 13043 13043 26
20171222 1413 13043 13043 13043 13043 29
20171222 1414 13043 13048 13043 13048 32
20171222 1415 13048 13048 13048 13048 12
20171222 1416 13043 13043 13038 13043 51
20171222 1418 13038 13048 13038 13048 31
20171222 1419 13038 13053 13038 13053 35
20171222 1420 13043 13048 13043 13048 27
20171222 1421 13048 13048 13043 13043 18
20171222 1422 13043 13043 13029 13029 14
20171222 1423 13053 13053 13048 13048 31
20171222 1424 13048 13048 13048 13048 65
20171222 1425 13043 13048 13029 13048 14
20171222 1426 13048 13048 13048 13048 25
20171222 1427 13048 13048 13048 13048 15
20171222 1428 13048 13048 13048 13048 12
20171222 1429 13048 13048 13043 13048 67
20171222 1430 13048 13048 13048 13048 11
20171222 1431 13048 13048 13048 13048 26
20171222 1432 13048 13048 13048 13048 4
20171222 1433 13048 13048 13048 13048 23
20171222 1434 13048 13048 13043 13043 69
20171222 1435 13048 13048 13048 13048 16
20171222 1436 13048 13048 13048 13048 14
20171222 1437 13048 13053 13038 13053 45
20171222 1439 13048 13048 13014 13014 132
20171222 1440 13048 13048 13048 13048 4
20171222 1442 13048 13053 13048 13053 48
20171222 1443 13048 13048 13048 13048 12
20171222 1444 13048 13048 13048 13048 18
20171222 1445 13048 13048 13048 13048 61
20171222 1446 13048 13048 13048 13048 16
20171222 1447 13048 13048 13009 13009 20
20171222 1448 13043 13043 13043 13043 18
20171222 1449 13038 13048 13038 13043 57
20171222 1450 13043 13043 13043 13043 26
20171222 1451 13038 13038 13038 13038 11
20171222 1452 13033 13033 13033 13033 7
20171222 1455 13033 13048 13033 13048 73
20171222 1456 13048 13048 13048 13048 4
20171222 1457 13043 13048 13043 13043 38
20171222 1458 13048 13048 13048 13048 4
20171222 1459 13043 13048 13043 13048 28
20171222 1500 13048 13048 13029 13029 44
20171222 1501 13048 13048 13043 13043 36
20171222 1502 13043 13043 13038 13038 26
20171222 1503 13053 13053 13048 13048 26
20171222 1505 13048 13048 13038 13043 95
20171222 1506 13043 13043 13043 13043 15
20171222 1507 13048 13048 13043 13048 30
20171222 1508 13048 13048 13048 13048 4
20171222 1509 13048 13048 13043 13043 19
20171222 1510 13048 13048 13043 13043 57
20171222 1511 13043 13043 13043 13043 11
20171222 1512 13043 13048 13043 13048 23
20171222 1513 13048 13048 13048 13048 29
20171222 1514 13048 13048 13048 13048 18
20171222 1515 13048 13048 13048 13048 19
20171222 1516 13048 13048 13048 13048 37
20171222 1517 13048 13053 13048 13053 41
20171222 1518 13053 13053 13053 13053 12
20171222 1530 13000 13000 13000 13000 72
20171226 901 13033 13033 13033 13033 6
20171226 903 13067 13067 13067 13067 63
20171226 904 13072 13072 13072 13072 20
20171226 912 13091 13091 13091 13091 4
20171226 913 13101 13101 13101 13101 4
20171226 915 13110 13110 13110 13110 2
20171226 948 13110 13110 13110 13110 5
20171226 956 13105 13110 13105 13110 129
20171226 1001 13091 13091 13091 13091 1
20171226 1004 13096 13096 13096 13096 1
20171226 1005 13101 13105 13096 13105 3
20171226 1007 13110 13110 13110 13110 219
20171226 1010 13115 13115 13115 13115 10
20171226 1012 13115 13115 13115 13115 19
20171226 1013 13115 13115 13115 13115 6
20171226 1022 13115 13115 13115 13115 50
20171226 1031 13115 13115 13115 13115 28
20171226 1057 13105 13105 13105 13105 150
20171226 1113 13105 13105 13105 13105 1
20171226 1125 13110 13115 13110 13115 14
20171226 1126 13120 13120 13120 13120 9
20171226 1138 13120 13120 13120 13120 189
20171226 1147 13124 13124 13124 13124 50
20171226 1150 13124 13124 13124 13124 544
20171226 1153 13124 13124 13124 13124 1
20171226 1156 13124 13124 13124 13124 1
20171226 1209 13120 13120 13120 13120 1
20171226 1220 13120 13120 13120 13120 1
20171226 1235 13124 13124 13124 13124 14069
20171226 1245 13129 13129 13129 13129 1
20171226 1247 13129 13129 13129 13129 203
20171226 1249 13120 13120 13115 13115 100
20171226 1250 13129 13129 13129 13129 141
20171226 1259 13129 13129 13129 13129 20
20171226 1300 13134 13134 13134 13134 53
20171226 1301 13134 13139 13134 13139 53
20171226 1302 13139 13139 13139 13139 7
20171226 1303 13139 13144 13139 13144 12
20171226 1304 13144 13144 13144 13144 15
20171226 1305 13144 13144 13144 13144 36
20171226 1306 13144 13144 13144 13144 15
20171226 1307 13144 13144 13144 13144 22
20171226 1308 13144 13144 13144 13144 6
20171226 1309 13144 13144 13144 13144 22
20171226 1310 13144 13144 13144 13144 34
20171226 1311 13144 13144 13144 13144 20
20171226 1312 13144 13144 13144 13144 11
20171226 1313 13144 13144 13144 13144 14
20171226 1314 13144 13144 13144 13144 25
20171226 1315 13144 13144 13144 13144 33
20171226 1316 13144 13144 13144 13144 7
20171226 1317 13139 13144 13139 13144 16
20171226 1318 13144 13144 13144 13144 22
20171226 1320 13144 13144 13144 13144 55
20171226 1321 13144 13144 13144 13144 18
20171226 1322 13144 13148 13144 13148 5
20171226 1323 13148 13148 13148 13148 11
20171226 1324 13148 13158 13148 13158 37
20171226 1325 13163 13168 13163 13163 44
20171226 1326 13168 13168 13168 13168 11
20171226 1327 13158 13158 13148 13158 9
20171226 1328 13163 13163 13158 13158 35
20171226 1329 13153 13163 13153 13163 33
20171226 1331 13163 13163 13153 13158 38
20171226 1332 13163 13163 13163 13163 7
20171226 1333 13163 13163 13163 13163 13
20171226 1334 13163 13163 13158 13158 35
20171226 1335 13163 13163 13158 13158 29
20171226 1336 13163 13163 13163 13163 22
20171226 1337 13158 13163 13158 13163 11
20171226 1338 13139 13163 13139 13158 21
20171226 1339 13163 13163 13153 13158 52
20171226 1340 13163 13163 13163 13163 7
20171226 1341 13163 13163 13163 13163 14
20171226 1342 13163 13163 13163 13163 18
20171226 1343 13153 13163 13153 13163 40
20171226 1344 13163 13163 13163 13163 14
20171226 1345 13163 13163 13163 13163 18
20171226 1346 13163 13163 13163 13163 13
20171226 1347 13158 13163 13158 13163 20
20171226 1348 13163 13163 13158 13158 46
20171226 1349 13158 13158 13158 13158 3
20171226 1350 13158 13163 13158 13163 20
20171226 1351 13158 13163 13158 13158 12
20171226 1352 13163 13163 13163 13163 21
20171226 1353 13163 13163 13158 13158 37
20171226 1354 13163 13163 13158 13163 13
20171226 1355 13163 13163 13163 13163 54
20171226 1356 13163 13163 13163 13163 12
20171226 1357 13163 13163 13163 13163 36
20171226 1358 13158 13163 13158 13163 29
20171226 1359 13163 13163 13163 13163 11
20171226 1400 13163 13163 13163 13163 3
20171226 1401 13163 13163 13163 13163 21
20171226 1402 13163 13163 13158 13163 48
20171226 1403 13158 13158 13153 13153 11
20171226 1404 13158 13158 13158 13158 11
20171226 1405 13163 13163 13158 13158 23
20171226 1406 13163 13163 13163 13163 14
20171226 1407 13163 13163 13163 13163 74
20171226 1408 13158 13163 13158 13163 9
20171226 1409 13163 13163 13158 13163 29
20171226 1410 13163 13163 13163 13163 11
20171226 1411 13158 13158 13153 13153 7
20171226 1412 13158 13158 13153 13153 53
20171226 1413 13153 13153 13153 13153 10
20171226 1414 13148 13163 13148 13163 14
20171226 1415 13158 13163 13153 13163 21
20171226 1416 13153 13158 13153 13153 40
20171226 1417 13158 13158 13153 13158 12
20171226 1418 13158 13158 13153 13153 12
20171226 1419 13163 13163 13158 13158 18
20171226 1420 13158 13158 13153 13153 20
20171226 1421 13158 13158 13153 13153 38
20171226 1422 13153 13158 13153 13158 17
20171226 1423 13163 13163 13153 13153 17
20171226 1424 13153 13153 13148 13153 13
20171226 1425 13163 13163 13153 13153 21
20171226 1426 13153 13163 13153 13163 40
20171226 1427 13158 13163 13158 13163 10
20171226 1428 13163 13163 13153 13153 7
20171226 1429 13153 13153 13144 13148 26
20171226 1430 13139 13153 13139 13153 1007
20171226 1431 13158 13158 13148 13148 42
20171226 1432 13158 13158 13148 13158 26
20171226 1433 13153 13163 13153 13163 7
20171226 1434 13163 13163 13153 13153 18
20171226 1435 13148 13153 13148 13148 33
20171226 1436 13158 13158 13153 13158 26
20171226 1437 13153 13158 13144 13158 15
20171226 1438 13153 13153 13148 13148 10
20171226 1439 13158 13158 13158 13158 21
20171226 1440 13148 13158 13148 13158 44
20171226 1441 13158 13158 13148 13148 7
20171226 1442 13158 13158 13153 13153 21
20171226 1443 13153 13153 13148 13153 16
20171226 1444 13153 13153 13153 13153 7
20171226 1445 13158 13158 13153 13153 45
20171226 1446 13148 13158 13148 13148 17
20171226 1447 13148 13153 13148 13153 16
20171226 1448 13148 13153 13148 13153 15
20171226 1449 13158 13158 13148 13153 19
20171226 1450 13153 13158 13148 13158 33
20171226 1451 13153 13153 13139 13148 1023
20171226 1452 13148 13148 13148 13148 7
20171226 1453 13153 13158 13148 13158 21
20171226 1454 13153 13158 13148 13148 38
20171226 1455 13148 13153 13148 13153 12
20171226 1456 13148 13153 13144 13144 32
20171226 1457 13144 13158 13144 13158 13
20171226 1458 13148 13148 13148 13148 16
20171226 1459 13153 13158 13144 13148 49
20171226 1500 13144 13158 13144 13148 1009
20171226 1501 13153 13153 13153 13153 6
20171226 1502 13148 13153 13148 13153 23
20171226 1503 13158 13158 13153 13153 16
20171226 1504 13153 13158 13153 13158 36
20171226 1505 13158 13158 13153 13153 11
20171226 1506 13153 13158 13153 13158 21
20171226 1507 13158 13158 13153 13158 21
20171226 1508 13158 13158 13158 13158 29
20171226 1509 13158 13158 13153 13153 10
20171226 1510 13158 13158 13153 13158 29
20171226 1511 13158 13158 13158 13158 12
20171226 1512 13158 13158 13158 13158 2
20171226 1513 13158 13158 13153 13158 53
20171226 1514 13158 13158 13158 13158 10
20171226 1515 13158 13158 13158 13158 2
20171226 1516 13158 13158 13158 13158 28
20171226 1517 13158 13158 13158 13158 8
20171226 1518 13158 13158 13158 13158 27
20171226 1530 13144 13144 13144 13144 85
20171227 901 13287 13287 13287 13287 27
20171227 903 13307 13307 13307 13307 130
20171227 907 13263 13263 13263 13263 2
20171227 908 13278 13278 13230 13230 1366
20171227 911 13254 13254 13254 13254 2
20171227 912 13254 13254 13254 13254 1000
20171227 916 13278 13278 13278 13278 1
20171227 919 13278 13278 13278 13278 30
20171227 928 13268 13268 13268 13268 101
20171227 930 13249 13249 13249 13249 1000
20171227 932 13235 13235 13235 13235 71
20171227 934 13235 13235 13235 13235 3
20171227 936 13225 13230 13225 13230 3
20171227 942 13216 13216 13216 13216 1
20171227 947 13235 13235 13235 13235 108
20171227 948 13239 13239 13239 13239 3
20171227 949 13235 13235 13235 13235 902
20171227 950 13239 13239 13239 13239 3
20171227 951 13239 13244 13239 13244 7
20171227 952 13239 13239 13235 13235 14
20171227 953 13239 13239 13239 13239 7
20171227 954 13239 13239 13235 13235 316
20171227 956 13239 13239 13239 13239 15
20171227 957 13239 13239 13235 13235 15
20171227 958 13244 13244 13244 13244 3
20171227 1001 13244 13244 13244 13244 4
20171227 1002 13244 13244 13244 13244 5
20171227 1004 13244 13244 13244 13244 6
20171227 1006 13244 13244 13244 13244 10
20171227 1013 13239 13244 13239 13244 53
20171227 1014 13259 13259 13259 13259 29
20171227 1015 13254 13254 13254 13254 36
20171227 1016 13259 13259 13254 13254 16
20171227 1017 13259 13263 13244 13263 29
20171227 1018 13259 13263 13259 13263 14
20171227 1019 13259 13263 13259 13263 158
20171227 1020 13268 13268 13263 13263 27
20171227 1021 13268 13268 13244 13244 35
20171227 1024 13244 13268 13244 13268 35
20171227 1025 13268 13268 13268 13268 7
20171227 1026 13268 13268 13268 13268 8
20171227 1027 13268 13268 13268 13268 1016
20171227 1028 13263 13263 13254 13254 24
20171227 1029 13263 13263 13259 13259 11
20171227 1030 13259 13259 13254 13254 18
20171227 1031 13254 13254 13244 13244 2093
20171227 1032 13249 13249 13249 13249 11
20171227 1039 13244 13244 13244 13244 10
20171227 1040 13244 13244 13244 13244 24
20171227 1042 13244 13244 13244 13244 6
20171227 1044 13244 13244 13244 13244 5
20171227 1047 13244 13244 13239 13239 26
20171227 1049 13244 13244 13244 13244 6
20171227 1050 13244 13244 13244 13244 13
20171227 1051 13244 13244 13244 13244 6
20171227 1053 13244 13263 13244 13259 419
20171227 1054 13254 13259 13254 13259 58
20171227 1055 13244 13254 13239 13254 52
20171227 1056 13249 13254 13244 13244 24
20171227 1057 13254 13254 13239 13244 47
20171227 1058 13249 13249 13239 13244 15
20171227 1059 13235 13239 13235 13239 1006
20171227 1100 13239 13239 13239 13239 1
20171227 1101 13249 13249 13239 13239 27
20171227 1102 13239 13239 13239 13239 7
20171227 1103 13244 13244 13235 13235 10
20171227 1104 13244 13244 13239 13239 5
20171227 1105 13244 13244 13239 13239 18
20171227 1106 13239 13239 13239 13239 10
20171227 1107 13239 13244 13235 13235 20
20171227 1108 13235 13235 13235 13235 6
20171227 1109 13249 13249 13244 13244 24
20171227 1110 13249 13249 13249 13249 5
20171227 1112 13239 13244 13235 13235 31
20171227 1113 13235 13244 13235 13244 4
20171227 1114 13239 13239 13239 13239 10
20171227 1115 13244 13244 13239 13239 11
20171227 1116 13244 13244 13235 13244 14
20171227 1117 13244 13244 13239 13239 7
20171227 1119 13244 13244 13244 13244 8
20171227 1120 13249 13249 13249 13249 14
20171227 1121 13249 13249 13249 13249 10
20171227 1122 13249 13249 13249 13249 11
20171227 1123 13254 13254 13244 13254 102
20171227 1124 13249 13259 13249 13259 10
20171227 1125 13259 13259 13254 13254 23
20171227 1126 13249 13249 13249 13249 2
20171227 1127 13249 13249 13244 13249 59
20171227 1130 13244 13244 13244 13244 44
20171227 1131 13244 13244 13244 13244 17
20171227 1132 13239 13244 13239 13244 15
20171227 1133 13244 13244 13244 13244 1
20171227 1134 13244 13244 13196 13244 38
20171227 1135 13239 13244 13239 13244 8
20171227 1136 13244 13244 13244 13244 1
20171227 1137 13244 13244 13244 13244 12
20171227 1138 13244 13244 13244 13244 20
20171227 1139 13239 13239 13239 13239 8
20171227 1140 13244 13244 13239 13239 5
20171227 1141 13239 13239 13239 13239 6
20171227 1143 13239 13239 13239 13239 40
20171227 1144 13239 13239 13239 13239 1
20171227 1145 13239 13239 13239 13239 1
20171227 1146 13239 13239 13239 13239 10
20171227 1148 13235 13235 13235 13235 20
20171227 1150 13235 13235 13235 13235 700
20171227 1157 13235 13235 13235 13235 2
20171227 1201 13249 13249 13249 13249 75
20171227 1217 13249 13249 13249 13249 132
20171227 1251 13249 13249 13249 13249 1
20171227 1257 13244 13244 13244 13244 7
20171227 1258 13244 13244 13244 13244 3
20171227 1300 13239 13239 13239 13239 12
20171227 1301 13249 13249 13244 13249 29
20171227 1302 13249 13249 13244 13244 4
20171227 1303 13244 13244 13239 13239 356
20171227 1304 13239 13244 13239 13244 13
20171227 1305 13239 13239 13235 13239 9
20171227 1306 13239 13249 13239 13244 15
20171227 1307 13244 13244 13244 13244 4
20171227 1308 13244 13244 13239 13239 11
20171227 1309 13244 13249 13239 13239 17
20171227 1310 13249 13249 13244 13249 9
20171227 1311 13244 13244 13244 13244 11
20171227 1312 13239 13244 13225 13225 18
20171227 1313 13244 13244 13235 13235 4
20171227 1314 13239 13239 13235 13235 15
20171227 1315 13235 13244 13235 13244 14
20171227 1316 13244 13244 13225 13225 7
20171227 1317 13239 13244 13235 13235 10
20171227 1318 13235 13244 13230 13244 16
20171227 1319 13244 13244 13244 13244 2
20171227 1320 13235 13244 13235 13239 18
20171227 1321 13235 13244 13235 13244 10
20171227 1322 13239 13249 13239 13239 275
20171227 1323 13244 13244 13235 13235 17
20171227 1324 13239 13239 13239 13239 2
20171227 1325 13239 13249 13239 13244 21
20171227 1326 13244 13244 13244 13244 3
20171227 1327 13244 13244 13239 13239 11
20171227 1328 13244 13244 13239 13239 15
20171227 1329 13244 13244 13244 13244 10
20171227 1330 13244 13244 13244 13244 6
20171227 1331 13244 13244 13244 13244 8
20171227 1332 13244 13244 13244 13244 9
20171227 1333 13244 13244 13244 13244 3
20171227 1334 13244 13244 13244 13244 7
20171227 1335 13244 13244 13244 13244 7
20171227 1336 13244 13244 13239 13244 35
20171227 1337 13244 13244 13244 13244 3
20171227 1338 13239 13244 13239 13244 7
20171227 1339 13239 13244 13239 13244 28
20171227 1340 13239 13244 13239 13244 3
20171227 1341 13244 13244 13244 13244 3
20171227 1342 13244 13244 13239 13239 16
20171227 1343 13239 13244 13239 13244 10
20171227 1344 13239 13244 13239 13239 8
20171227 1345 13244 13244 13239 13244 13
20171227 1346 13244 13244 13235 13239 14
20171227 1347 13239 13244 13235 13235 13
20171227 1348 13235 13244 13235 13244 3
20171227 1349 13244 13244 13244 13244 6
20171227 1350 13244 13244 13239 13239 25
20171227 1351 13244 13244 13239 13239 3
20171227 1352 13239 13244 13239 13244 8
20171227 1353 13239 13244 13239 13244 14
20171227 1354 13244 13244 13239 13244 18
20171227 1355 13244 13244 13225 13225 19
20171227 1356 13244 13244 13244 13244 6
20171227 1357 13244 13244 13244 13244 8
20171227 1358 13244 13244 13244 13244 8
20171227 1359 13244 13244 13244 13244 7
20171227 1400 13244 13244 13244 13244 1
20171227 1401 13244 13244 13244 13244 15
20171227 1402 13244 13244 13244 13244 2
20171227 1403 13244 13244 13244 13244 2
20171227 1404 13244 13244 13244 13244 17
20171227 1405 13244 13244 13244 13244 2
20171227 1406 13244 13244 13244 13244 2
20171227 1407 13244 13244 13244 13244 8
20171227 1408 13244 13244 13244 13244 13
20171227 1409 13244 13244 13244 13244 7
20171227 1410 13244 13244 13244 13244 5
20171227 1411 13244 13244 13244 13244 9
20171227 1412 13244 13244 13244 13244 6
20171227 1413 13244 13244 13244 13244 11
20171227 1414 13244 13244 13244 13244 2
20171227 1415 13244 13244 13244 13244 14
20171227 1416 13244 13244 13244 13244 81
20171227 1417 13244 13244 13244 13244 6
20171227 1418 13244 13244 13244 13244 19
20171227 1419 13244 13254 13244 13254 10067
20171227 1420 13254 13254 13254 13254 10
20171227 1421 13254 13254 13254 13254 291
20171227 1422 13263 13263 13263 13263 9
20171227 1423 13263 13263 13263 13263 12
20171227 1424 13263 13263 13263 13263 6
20171227 1425 13263 13263 13263 13263 9
20171227 1426 13263 13263 13263 13263 7
20171227 1427 13263 13273 13263 13273 338
20171227 1428 13287 13292 13287 13287 77
20171227 1429 13292 13292 13292 13292 15
20171227 1430 13292 13292 13292 13292 1
20171227 1431 13287 13292 13287 13292 8
20171227 1432 13292 13292 13287 13292 25
20171227 1433 13292 13292 13287 13287 7
20171227 1434 13292 13292 13287 13287 11
20171227 1435 13292 13292 13287 13292 17
20171227 1436 13292 13292 13292 13292 12
20171227 1437 13292 13292 13287 13292 14
20171227 1438 13292 13292 13292 13292 6
20171227 1439 13292 13292 13292 13292 12
20171227 1440 13292 13292 13287 13292 14
20171227 1441 13292 13292 13292 13292 2
20171227 1442 13292 13292 13292 13292 10
20171227 1443 13287 13292 13287 13292 18
20171227 1444 13292 13292 13292 13292 1
20171227 1445 13292 13292 13292 13292 7
20171227 1446 13292 13302 13292 13302 735
20171227 1447 13292 13302 13292 13302 11
20171227 1448 13292 13302 13292 13302 14
20171227 1449 13292 13292 13292 13292 1
20171227 1450 13302 13302 13297 13297 9
20171227 1451 13297 13297 13292 13297 16
20171227 1452 13302 13302 13292 13292 6
20171227 1453 13297 13302 13292 13292 20
20171227 1454 13297 13297 13292 13292 2
20171227 1455 13297 13297 13292 13297 6
20171227 1456 13297 13297 13292 13297 13
20171227 1457 13287 13292 13287 13292 13
20171227 1458 13292 13292 13283 13283 5
20171227 1459 13287 13287 13283 13283 13
20171227 1500 13273 13273 13273 13273 7
20171227 1501 13287 13287 13283 13283 2
20171227 1502 13278 13278 13268 13268 5103
20171227 1503 13273 13287 13273 13287 2
20171227 1504 13283 13283 13283 13283 18
20171227 1505 13287 13287 13283 13283 2
20171227 1506 13292 13292 13287 13287 6
20171227 1507 13292 13292 13283 13292 26
20171227 1509 13292 13292 13287 13287 2
20171227 1510 13287 13292 13283 13287 18
20171227 1511 13287 13287 13283 13287 9
20171227 1512 13278 13287 13278 13287 6
20171227 1513 13287 13287 13283 13287 12
20171227 1514 13283 13292 13283 13287 13
20171227 1515 13283 13283 13283 13283 1
20171227 1516 13287 13287 13283 13283 18
20171227 1517 13278 13292 13278 13292 5
20171227 1518 13292 13292 13292 13292 8
20171227 1519 13287 13287 13283 13283 9318
20171227 1530 13311 13311 13311 13311 222
20171228 901 13311 13311 13302 13302 10
20171228 904 13287 13287 13287 13287 4
20171228 908 13278 13278 13273 13273 773
20171228 909 13268 13268 13268 13268 91
20171228 910 13268 13268 13268 13268 4909
20171228 919 13340 13340 13340 13340 30
20171228 944 13321 13321 13321 13321 7
20171228 952 13331 13331 13331 13331 7
20171228 953 13335 13335 13335 13335 1
20171228 956 13345 13345 13345 13345 51
20171228 957 13359 13364 13359 13364 3
20171228 958 13369 13369 13369 13369 13
20171228 1003 13369 13369 13369 13369 88
20171228 1015 13407 13407 13407 13407 248
20171228 1016 13417 13417 13417 13417 56
20171228 1022 13402 13402 13402 13402 378
20171228 1025 13407 13407 13407 13407 50
20171228 1028 13460 13460 13460 13460 50
20171228 1032 13465 13465 13465 13465 2
20171228 1041 13465 13470 13465 13470 700
20171228 1046 13455 13455 13455 13455 107
20171228 1049 13455 13455 13455 13455 10
20171228 1050 13417 13417 13412 13412 50
20171228 1125 13412 13412 13398 13398 46
20171228 1128 13398 13398 13398 13398 2
20171228 1253 13450 13450 13450 13450 1
20171228 1254 13436 13436 13436 13436 1
20171228 1258 13450 13450 13450 13450 4
20171228 1305 13450 13450 13450 13450 5
20171228 1311 13450 13450 13450 13450 5
20171228 1312 13460 13460 13460 13460 4
20171228 1319 13455 13455 13455 13455 5
20171228 1324 13455 13455 13455 13455 100
20171228 1325 13460 13460 13460 13460 21
20171228 1326 13460 13460 13460 13460 4
20171228 1333 13450 13450 13450 13450 4
20171228 1340 13460 13460 13460 13460 5
20171228 1347 13455 13455 13455 13455 4
20171228 1349 13455 13455 13455 13455 1
20171228 1354 13460 13460 13460 13460 5
20171228 1357 13455 13460 13455 13460 35
20171228 1359 13460 13460 13460 13460 1
20171228 1401 13460 13460 13460 13460 4
20171228 1403 13460 13460 13460 13460 7
20171228 1405 13431 13431 13431 13431 46
20171228 1406 13426 13426 13422 13422 48
20171228 1407 13426 13426 13426 13426 46
20171228 1408 13460 13460 13460 13460 4
20171228 1415 13460 13460 13441 13441 1052
20171228 1419 13441 13441 13441 13441 10
20171228 1422 13460 13460 13460 13460 4
20171228 1429 13460 13460 13460 13460 5
20171228 1436 13460 13465 13436 13436 10
20171228 1437 13465 13465 13465 13465 1
20171228 1443 13465 13465 13465 13465 4
20171228 1450 13470 13479 13470 13479 5
20171228 1457 13479 13479 13479 13479 4
20171228 1504 13479 13479 13479 13479 5
20171228 1511 13479 13479 13479 13479 3
20171228 1516 13465 13465 13465 13465 100
20171228 1530 13527 13527 13527 13527 296
