날짜 시간 시가 고가 저가 종가 거래량
20191202 916 10430 10430 10430 10430 1
20191202 1036 10430 10430 10430 10430 1
20191202 1100 10430 10430 10430 10430 4
20191202 1106 10420 10420 10415 10415 369
20191202 1108 10415 10415 10415 10415 369
20191202 1109 10415 10415 10415 10415 101
20191202 1111 10410 10410 10400 10400 369
20191202 1112 10400 10400 10400 10400 637
20191202 1213 10430 10430 10430 10430 1
20191202 1318 10430 10430 10430 10430 2
20191202 1530 10400 10400 10400 10400 291
20191203 907 10380 10380 10380 10380 40
20191203 919 10390 10390 10390 10390 96
20191203 921 10390 10390 10390 10390 1
20191203 949 10390 10390 10390 10390 7
20191203 1011 10390 10390 10390 10390 1
20191203 1023 10390 10390 10390 10390 1
20191203 1041 10390 10390 10390 10390 2
20191203 1112 10390 10390 10390 10390 4
20191203 1114 10390 10390 10390 10390 1
20191203 1142 10390 10390 10390 10390 1
20191203 1152 10390 10390 10390 10390 1
20191203 1153 10370 10370 10370 10370 22
20191203 1156 10370 10370 10370 10370 39
20191203 1217 10370 10370 10370 10370 19
20191203 1220 10370 10370 10370 10370 22
20191203 1224 10370 10370 10370 10370 20
20191203 1247 10365 10365 10365 10365 1
20191203 1310 10370 10370 10370 10370 5
20191203 1317 10370 10370 10370 10370 20
20191203 1326 10370 10370 10370 10370 20
20191203 1327 10370 10370 10370 10370 10
20191203 1347 10370 10370 10370 10370 1
20191203 1355 10370 10370 10370 10370 1
20191203 1408 10365 10365 10365 10365 1
20191203 1420 10370 10370 10370 10370 14
20191203 1441 10390 10390 10390 10390 10
20191203 1451 10390 10390 10390 10390 50
20191203 1457 10390 10390 10390 10390 147
20191203 1502 10385 10385 10385 10385 20
20191203 1512 10385 10385 10385 10385 1
20191203 1513 10385 10385 10385 10385 47
20191203 1515 10385 10385 10385 10385 1
20191203 1516 10385 10385 10385 10385 5
20191203 1530 10375 10375 10375 10375 110
20191204 1016 10375 10375 10375 10375 172
20191204 1017 10375 10375 10375 10375 172
20191204 1018 10375 10375 10375 10375 172
20191204 1019 10375 10375 10375 10375 172
20191204 1020 10375 10375 10375 10375 171
20191204 1040 10405 10415 10405 10415 58
20191204 1044 10415 10415 10415 10415 98
20191204 1103 10405 10405 10400 10400 15
20191204 1340 10400 10400 10400 10400 72
20191204 1424 10415 10415 10415 10415 1
20191204 1530 10400 10400 10400 10400 382
20191205 901 10505 10505 10505 10505 23
20191205 902 10455 10455 10455 10455 19
20191205 917 10420 10420 10420 10420 2
20191205 940 10420 10420 10420 10420 1386
20191205 1034 10425 10425 10420 10420 58
20191205 1036 10420 10420 10420 10420 58
20191205 1037 10420 10420 10420 10420 57
20191205 1038 10420 10420 10420 10420 57
20191205 1039 10420 10420 10420 10420 57
20191205 1052 10420 10420 10420 10420 2
20191205 1148 10425 10425 10425 10425 1
20191205 1224 10445 10445 10445 10445 1
20191205 1253 10445 10445 10445 10445 28
20191205 1300 10445 10445 10445 10445 5
20191205 1530 10445 10445 10445 10445 28
20191206 916 10450 10450 10450 10450 26
20191206 919 10450 10450 10450 10450 1
20191206 1004 10445 10445 10445 10445 1
20191206 1025 10425 10425 10425 10425 958
20191206 1046 10445 10445 10445 10445 1
20191206 1141 10445 10445 10445 10445 22
20191206 1200 10450 10450 10450 10450 73
20191206 1212 10425 10425 10425 10425 97
20191206 1236 10450 10450 10450 10450 15
20191206 1238 10450 10450 10450 10450 5
20191206 1350 10450 10450 10450 10450 3
20191206 1453 10430 10430 10425 10425 1914
20191206 1455 10425 10425 10420 10420 1914
20191206 1456 10420 10420 10420 10420 1429
20191206 1503 10415 10415 10390 10390 4312
20191206 1530 10440 10440 10440 10440 5
20191209 914 10450 10450 10450 10450 100
20191209 1145 10455 10455 10450 10450 150
20191209 1311 10470 10470 10470 10470 1
20191209 1417 10465 10465 10465 10465 1
20191209 1430 10455 10455 10455 10455 200
20191209 1432 10455 10455 10455 10455 50
20191209 1530 10455 10455 10455 10455 100
20191210 918 10475 10475 10475 10475 1
20191210 954 10475 10475 10475 10475 1
20191210 1052 10475 10475 10475 10475 5
20191210 1053 10475 10475 10475 10475 1
20191210 1200 10475 10475 10475 10475 37
20191210 1211 10460 10460 10455 10455 576
20191210 1213 10455 10455 10455 10455 576
20191210 1214 10455 10455 10455 10455 576
20191210 1215 10455 10455 10455 10455 576
20191210 1216 10455 10455 10455 10455 575
20191210 1304 10470 10470 10470 10470 4
20191210 1318 10470 10470 10470 10470 11
20191210 1322 10455 10455 10455 10455 50
20191210 1510 10465 10470 10465 10470 3
20191210 1530 10470 10470 10470 10470 96
20191211 944 10490 10490 10490 10490 2
20191211 949 10490 10490 10490 10490 20
20191211 1022 10490 10490 10490 10490 933
20191211 1023 10490 10490 10490 10490 9
20191211 1049 10490 10490 10490 10490 10
20191211 1051 10475 10475 10470 10470 6
20191211 1200 10470 10470 10455 10455 2109
20191211 1202 10455 10455 10450 10450 1874
20191211 1203 10450 10450 10450 10450 937
20191211 1204 10450 10450 10450 10450 937
20191211 1205 10450 10450 10450 10450 562
20191211 1206 10420 10420 10420 10420 5108
20191211 1250 10485 10490 10485 10490 2
20191211 1403 10470 10470 10470 10470 4
20191211 1414 10475 10475 10475 10475 100
20191211 1440 10475 10475 10475 10475 91
20191211 1511 10470 10470 10470 10470 253
20191211 1530 10455 10455 10455 10455 2000
20191212 902 10495 10495 10495 10495 479
20191212 907 10500 10500 10500 10500 3000
20191212 908 10500 10500 10500 10500 1
20191212 1032 10500 10500 10500 10500 167
20191212 1036 10500 10500 10500 10500 190
20191212 1055 10500 10500 10500 10500 1
20191212 1216 10500 10500 10500 10500 1
20191212 1236 10500 10500 10500 10500 5
20191212 1321 10500 10500 10500 10500 38
20191212 1330 10500 10500 10500 10500 8
20191212 1416 10500 10500 10500 10500 19
20191212 1426 10495 10495 10495 10495 99
20191212 1428 10495 10495 10495 10495 99
20191212 1429 10495 10495 10495 10495 98
20191212 1430 10495 10495 10495 10495 98
20191212 1431 10495 10495 10495 10495 98
20191213 917 10500 10500 10500 10500 3
20191213 926 10495 10495 10495 10495 2
20191213 935 10490 10490 10490 10490 1
20191213 941 10500 10500 10500 10500 1
20191213 1006 10490 10490 10490 10490 31
20191213 1007 10490 10490 10490 10490 31
20191213 1008 10490 10490 10480 10480 30
20191213 1009 10480 10480 10480 10480 30
20191213 1016 10480 10480 10480 10480 11
20191213 1030 10500 10500 10500 10500 1
20191213 1055 10495 10495 10485 10485 50
20191213 1056 10485 10485 10485 10485 50
20191213 1057 10485 10485 10485 10485 50
20191213 1059 10485 10485 10485 10485 50
20191213 1100 10485 10485 10485 10485 50
20191213 1209 10495 10495 10490 10490 100
20191213 1251 10500 10500 10500 10500 1
20191213 1315 10500 10500 10500 10500 1
20191213 1342 10500 10500 10500 10500 3
20191213 1405 10500 10500 10500 10500 39
20191213 1418 10490 10490 10490 10490 1
20191213 1509 10500 10500 10500 10500 19
20191213 1530 10495 10495 10495 10495 100
20191216 901 10545 10545 10545 10545 135
20191216 902 10550 10550 10550 10550 20
20191216 907 10550 10550 10520 10520 298
20191216 913 10540 10540 10540 10540 5
20191216 919 10530 10530 10530 10530 25
20191216 927 10535 10540 10535 10540 30
20191216 950 10540 10540 10540 10540 30
20191216 1007 10540 10550 10520 10520 796
20191216 1009 10520 10550 10515 10550 873
20191216 1010 10515 10515 10515 10515 789
20191216 1011 10515 10515 10515 10515 789
20191216 1012 10520 10520 10515 10515 789
20191216 1023 10545 10545 10545 10545 1
20191216 1215 10540 10540 10540 10540 2
20191216 1227 10540 10540 10540 10540 1
20191216 1302 10520 10520 10520 10520 1
20191216 1314 10540 10545 10540 10545 6
20191216 1331 10545 10545 10545 10545 43
20191216 1332 10550 10555 10550 10555 144
20191216 1352 10560 10560 10560 10560 20
20191216 1452 10545 10555 10545 10555 18
20191216 1518 10550 10550 10550 10550 57
20191216 1530 10545 10545 10545 10545 150
20191217 1019 10555 10555 10555 10555 1
20191217 1028 10535 10555 10535 10555 2
20191217 1105 10535 10535 10495 10495 45
20191217 1106 10495 10495 10495 10495 45
20191217 1107 10495 10495 10495 10495 45
20191217 1108 10500 10500 10500 10500 44
20191217 1109 10500 10500 10500 10500 44
20191217 1132 10500 10500 10500 10500 104
20191217 1246 10550 10555 10550 10555 5
20191217 1247 10555 10555 10555 10555 1
20191217 1310 10555 10555 10555 10555 1
20191217 1502 10530 10530 10520 10520 25
20191217 1530 10525 10525 10525 10525 20
20191218 901 10590 10590 10590 10590 1000
20191218 1105 10590 10590 10590 10590 1
20191218 1216 10590 10590 10590 10590 1
20191218 1219 10580 10580 10575 10575 200
20191218 1416 10580 10580 10575 10575 331
20191218 1509 10580 10580 10580 10580 50
20191218 1530 10575 10575 10575 10575 106
20191219 901 10620 10620 10620 10620 50
20191219 902 10595 10595 10595 10595 1000
20191219 917 10620 10620 10620 10620 42
20191219 1015 10585 10620 10585 10620 66
20191219 1023 10585 10585 10585 10585 33
20191219 1028 10620 10620 10620 10620 1
20191219 1039 10590 10615 10590 10615 2
20191219 1041 10590 10590 10590 10590 18
20191219 1141 10590 10590 10585 10585 44
20191219 1159 10585 10615 10585 10615 2
20191219 1223 10615 10615 10615 10615 1
20191219 1438 10615 10615 10615 10615 1
20191219 1456 10590 10590 10590 10590 1
20191219 1502 10590 10590 10590 10590 100
20191219 1514 10590 10590 10590 10590 9
20191219 1517 10590 10615 10590 10615 185
20191219 1530 10605 10605 10605 10605 20
20191220 901 10540 10540 10540 10540 2
20191220 909 10560 10560 10560 10560 2
20191220 911 10550 10550 10550 10550 1
20191220 912 10550 10550 10550 10550 1
20191220 913 10550 10550 10550 10550 1
20191220 914 10550 10550 10550 10550 1
20191220 934 10560 10560 10560 10560 1
20191220 948 10560 10560 10560 10560 1
20191220 949 10555 10555 10555 10555 1
20191220 950 10555 10555 10555 10555 1
20191220 954 10555 10555 10555 10555 2
20191220 1019 10555 10555 10555 10555 2
20191220 1024 10575 10580 10575 10580 93
20191220 1040 10555 10555 10555 10555 1
20191220 1101 10580 10580 10580 10580 1
20191220 1133 10575 10575 10575 10575 1
20191220 1139 10575 10575 10575 10575 1
20191220 1149 10575 10575 10575 10575 1
20191220 1151 10575 10575 10575 10575 1
20191220 1214 10575 10575 10575 10575 2
20191220 1218 10570 10570 10570 10570 1
20191220 1255 10570 10570 10570 10570 1
20191220 1258 10575 10575 10570 10570 58
20191220 1309 10575 10575 10575 10575 1
20191220 1319 10575 10575 10575 10575 1
20191220 1339 10570 10570 10570 10570 14
20191220 1402 10570 10570 10570 10570 2
20191220 1405 10570 10570 10570 10570 1
20191220 1408 10570 10570 10570 10570 1
20191220 1409 10570 10570 10570 10570 1
20191220 1412 10570 10570 10570 10570 1
20191220 1449 10565 10565 10550 10550 31
20191220 1455 10570 10570 10570 10570 1
20191220 1530 10575 10575 10575 10575 5
20191223 902 10600 10600 10600 10600 1000
20191223 912 10620 10620 10620 10620 1
20191223 924 10620 10620 10620 10620 3
20191223 930 10585 10585 10585 10585 1
20191223 952 10585 10585 10585 10585 11
20191223 953 10585 10585 10585 10585 1
20191223 1000 10580 10580 10580 10580 427
20191223 1030 10585 10585 10580 10580 9613
20191223 1031 10580 10580 10580 10580 4673
20191223 1112 10610 10610 10610 10610 1
20191223 1311 10600 10600 10600 10600 1
20191223 1312 10580 10580 10580 10580 1
20191223 1323 10580 10580 10580 10580 1
20191223 1332 10595 10605 10595 10605 569
20191223 1333 10615 10620 10615 10620 316
20191223 1442 10590 10590 10580 10580 570
20191223 1444 10580 10580 10580 10580 569
20191223 1445 10580 10580 10580 10580 569
20191223 1446 10580 10580 10580 10580 569
20191223 1447 10580 10580 10580 10580 569
20191223 1511 10610 10610 10610 10610 1
20191223 1530 10585 10585 10585 10585 52
20191224 908 10590 10590 10590 10590 1
20191224 909 10590 10590 10590 10590 67
20191224 910 10625 10625 10625 10625 189
20191224 921 10595 10595 10595 10595 10
20191224 924 10595 10595 10595 10595 3162
20191224 933 10630 10630 10630 10630 1
20191224 951 10630 10630 10630 10630 10
20191224 957 10635 10635 10635 10635 1
20191224 1001 10635 10635 10635 10635 1
20191224 1004 10635 10635 10635 10635 1
20191224 1008 10635 10635 10635 10635 1
20191224 1011 10635 10635 10635 10635 1
20191224 1015 10635 10635 10635 10635 1
20191224 1018 10635 10635 10635 10635 1
20191224 1022 10635 10635 10635 10635 1
20191224 1025 10635 10635 10635 10635 1
20191224 1029 10635 10635 10635 10635 1
20191224 1032 10635 10635 10635 10635 1
20191224 1036 10635 10635 10635 10635 1
20191224 1039 10635 10635 10635 10635 1
20191224 1043 10635 10635 10635 10635 1
20191224 1046 10635 10635 10635 10635 1
20191224 1050 10635 10635 10635 10635 1
20191224 1053 10635 10635 10635 10635 1
20191224 1057 10635 10635 10635 10635 1
20191224 1100 10630 10630 10630 10630 1
20191224 1103 10630 10630 10630 10630 1
20191224 1107 10630 10630 10630 10630 1
20191224 1110 10630 10630 10630 10630 1
20191224 1114 10630 10630 10630 10630 1
20191224 1117 10630 10630 10630 10630 1
20191224 1121 10630 10630 10630 10630 1
20191224 1123 10630 10630 10630 10630 2
20191224 1124 10630 10630 10630 10630 1
20191224 1125 10630 10630 10630 10630 137
20191224 1126 10625 10625 10625 10625 1
20191224 1128 10630 10630 10630 10630 1
20191224 1129 10630 10630 10630 10630 1
20191224 1131 10630 10630 10630 10630 1
20191224 1135 10630 10630 10630 10630 1
20191224 1138 10630 10630 10630 10630 1
20191224 1142 10630 10630 10630 10630 1
20191224 1145 10630 10630 10630 10630 1
20191224 1149 10630 10630 10630 10630 1
20191224 1152 10630 10630 10630 10630 1
20191224 1156 10630 10630 10630 10630 1
20191224 1159 10630 10630 10630 10630 1
20191224 1203 10630 10630 10630 10630 1
20191224 1206 10630 10630 10630 10630 1
20191224 1210 10630 10630 10630 10630 1
20191224 1213 10630 10630 10630 10630 1
20191224 1217 10630 10630 10630 10630 1
20191224 1220 10630 10630 10630 10630 1
20191224 1223 10630 10630 10630 10630 1
20191224 1227 10630 10630 10630 10630 1
20191224 1230 10630 10630 10630 10630 1
20191224 1234 10630 10630 10630 10630 1
20191224 1237 10630 10630 10630 10630 1
20191224 1241 10630 10630 10630 10630 1
20191224 1243 10630 10630 10630 10630 1
20191224 1244 10630 10630 10630 10630 1
20191224 1248 10630 10630 10630 10630 1
20191224 1251 10630 10630 10630 10630 1
20191224 1255 10630 10630 10630 10630 1
20191224 1258 10630 10630 10630 10630 1
20191224 1300 10630 10630 10630 10630 3
20191224 1302 10630 10630 10630 10630 44
20191224 1304 10630 10630 10625 10625 2
20191224 1305 10630 10630 10630 10630 6
20191224 1307 10630 10630 10630 10630 44
20191224 1309 10635 10635 10635 10635 1
20191224 1312 10635 10635 10635 10635 1
20191224 1313 10635 10635 10635 10635 411
20191224 1316 10635 10635 10635 10635 1
20191224 1317 10635 10635 10635 10635 56
20191224 1318 10635 10635 10635 10635 1
20191224 1319 10635 10635 10635 10635 1
20191224 1323 10635 10635 10635 10635 1
20191224 1325 10635 10635 10635 10635 97
20191224 1326 10635 10635 10635 10635 1
20191224 1330 10635 10635 10635 10635 1
20191224 1333 10635 10635 10635 10635 1
20191224 1337 10635 10635 10625 10625 23
20191224 1340 10625 10625 10625 10625 1
20191224 1344 10625 10625 10625 10625 1
20191224 1346 10625 10625 10625 10625 1
20191224 1347 10625 10625 10625 10625 1
20191224 1350 10625 10625 10625 10625 1
20191224 1354 10625 10625 10625 10625 1
20191224 1357 10625 10625 10625 10625 1
20191224 1401 10625 10625 10625 10625 1
20191224 1404 10630 10630 10630 10630 1
20191224 1408 10630 10630 10630 10630 1
20191224 1411 10625 10625 10625 10625 1
20191224 1415 10625 10625 10625 10625 1
20191224 1418 10630 10630 10630 10630 1
20191224 1422 10630 10630 10630 10630 1
20191224 1425 10630 10630 10630 10630 1
20191224 1429 10630 10630 10630 10630 1
20191224 1432 10630 10630 10630 10630 1
20191224 1436 10630 10630 10630 10630 1
20191224 1439 10630 10630 10630 10630 1
20191224 1443 10630 10630 10630 10630 1
20191224 1446 10630 10630 10630 10630 1
20191224 1450 10630 10630 10630 10630 1
20191224 1453 10630 10630 10630 10630 1
20191224 1457 10630 10630 10630 10630 1
20191224 1500 10630 10630 10630 10630 1
20191224 1504 10630 10630 10630 10630 1
20191224 1507 10630 10630 10630 10630 1
20191224 1511 10630 10630 10630 10630 1
20191224 1530 10630 10630 10630 10630 38
20191226 940 10630 10630 10630 10630 5
20191226 944 10630 10630 10630 10630 1
20191226 947 10620 10620 10620 10620 17
20191226 1013 10630 10630 10630 10630 1
20191226 1041 10630 10630 10630 10630 940
20191226 1122 10630 10630 10630 10630 1
20191226 1125 10630 10630 10630 10630 31
20191226 1205 10630 10630 10630 10630 282
20191226 1257 10620 10620 10620 10620 20
20191226 1258 10620 10620 10620 10620 1
20191226 1259 10620 10620 10620 10620 15
20191226 1334 10620 10630 10620 10630 4233
20191226 1425 10645 10645 10645 10645 15
20191226 1433 10615 10615 10615 10615 14
20191226 1436 10615 10615 10615 10615 929
20191226 1455 10615 10615 10610 10610 416
20191226 1456 10610 10610 10610 10610 104
20191226 1530 10645 10645 10645 10645 328
20191227 926 10695 10695 10695 10695 1
20191227 930 10690 10695 10690 10695 100
20191227 946 10695 10695 10695 10695 2600
20191227 949 10695 10695 10695 10695 139
20191227 1006 10695 10695 10695 10695 160
20191227 1014 10660 10660 10660 10660 3
20191227 1015 10695 10700 10695 10700 168
20191227 1016 10660 10660 10660 10660 1
20191227 1041 10700 10700 10700 10700 3
20191227 1108 10700 10700 10700 10700 154
20191227 1110 10700 10700 10700 10700 100
20191227 1159 10670 10670 10670 10670 20
20191227 1208 10690 10690 10690 10690 1
20191227 1240 10690 10690 10690 10690 93
20191227 1243 10670 10670 10670 10670 9
20191227 1431 10685 10685 10685 10685 81
20191227 1443 10690 10690 10690 10690 4
20191227 1530 10690 10690 10690 10690 49
20191230 907 10690 10690 10690 10690 284
20191230 910 10690 10690 10690 10690 1
20191230 918 10690 10690 10690 10690 10
20191230 920 10665 10665 10660 10660 1300
20191230 957 10690 10690 10690 10690 1
20191230 1020 10685 10690 10685 10690 300
20191230 1036 10690 10690 10690 10690 105
20191230 1037 10690 10690 10690 10690 1
20191230 1201 10685 10685 10660 10660 2000
20191230 1214 10685 10685 10685 10685 20
20191230 1238 10685 10685 10685 10685 9
20191230 1239 10685 10685 10685 10685 95
20191230 1241 10685 10685 10685 10685 1
20191230 1246 10685 10685 10685 10685 4
20191230 1247 10685 10685 10685 10685 1
20191230 1259 10665 10665 10660 10660 177
20191230 1307 10660 10660 10660 10660 39
20191230 1308 10660 10660 10660 10660 39
20191230 1309 10660 10660 10660 10660 39
20191230 1311 10660 10660 10660 10660 38
20191230 1312 10660 10660 10660 10660 38
20191230 1340 10665 10665 10665 10665 15
20191230 1431 10675 10690 10675 10690 5500
20191230 1451 10690 10690 10690 10690 18
20191230 1502 10680 10690 10680 10690 2
20191230 1510 10690 10690 10690 10690 20
20191230 1518 10680 10680 10665 10665 200
20191230 1530 10685 10685 10685 10685 14
