날짜 시가 고가 저가 종가 거래량 거래대금 상장주식수 시가총액 외국인현보유수량 기관순매수
20161227 9980 9980 9895 9895 125250 1244000000 1500000 14842000000 0 -40
20161228 9900 9905 9880 9890 269045 2661000000 1500000 14835000000 0 -313
20161229 9835 9885 9835 9885 163206 1609000000 1500000 14827000000 0 -374
20170102 9885 9900 9855 9880 35502 351000000 1500000 14820000000 0 -170
20170103 9885 9990 9815 9955 297608 2941000000 1500000 14932000000 0 -633
20170104 9910 9920 9865 9895 29842 296000000 1500000 14842000000 0 -182
20170105 10145 10240 10100 10240 71283 726000000 1500000 15360000000 0 -629
20170106 10265 10265 10125 10125 66204 674000000 1500000 15187000000 0 -1204
20170109 9970 9970 9860 9860 97761 966000000 1500000 14790000000 0 -172
20170110 10000 10085 9955 10070 116337 1165000000 1500000 15105000000 0 575
20170111 9995 10120 9995 10055 136010 1374000000 1500000 15082000000 0 -121
20170112 10165 10290 10165 10290 20662 212000000 1500000 15435000000 0 637
20170113 10320 10400 10290 10385 1094791 11333000000 1500000 15577000000 0 -2009
20170116 10350 10355 10290 10290 329401 3405000000 1500000 15435000000 0 185
20170117 10260 10425 10200 10425 400220 4093000000 1500000 15637000000 0 405
20170118 10800 10800 10540 10555 413226 4366000000 1500000 15832000000 0 344
20170119 10370 10410 10340 10410 365157 3785000000 1500000 15615000000 0 -44
20170120 10380 10515 10365 10515 467195 4874000000 1500000 15772000000 0 2051
20170123 10550 10585 10525 10585 384668 4060000000 1500000 15877000000 0 -108
20170124 10620 10640 10585 10620 358967 3808000000 1500000 15930000000 0 -105
20170125 10550 10585 10535 10585 307264 3244000000 1500000 15877000000 0 -5
20170126 10705 10730 10690 10700 327345 3509000000 1500000 16050000000 0 555
20170131 10525 10635 10525 10635 284686 3012000000 1500000 15952000000 0 -54
20170201 10795 10800 10710 10710 390821 4213000000 1500000 16065000000 0 -790
20170202 10810 10935 10780 10910 188787 2049000000 1500000 16365000000 0 -426
20170203 10945 10950 10895 10895 254477 2780000000 1500000 16342000000 0 -806
20170206 11040 11115 11040 11105 390228 4330000000 1500000 16657000000 0 -140
20170207 11050 11050 10955 10985 341657 3765000000 1500000 16477000000 0 -741
20170208 10950 10995 10900 10925 446856 4891000000 1500000 16387000000 0 -604
20170209 10910 10990 10905 10940 562979 6152000000 1500000 16410000000 0 133
20170210 10800 10875 10785 10845 465949 5041000000 1500000 16267000000 0 -1291
20170213 10830 10880 10790 10820 514532 5583000000 1500000 16230000000 0 -997
20170214 10870 11085 10860 11085 500876 5459000000 1500000 16627000000 0 1192
20170215 11000 11080 10955 11010 447340 4907000000 1500000 16515000000 0 418
20170216 11145 11150 10990 11020 528896 5867000000 1500000 16530000000 0 -1314
20170217 11020 11020 10900 10930 515495 5636000000 1500000 16395000000 0 314
20170220 10850 10935 10830 10895 302372 3291000000 1500000 16342000000 0 42
20170221 10945 10945 10875 10935 248071 2700000000 1500000 16402000000 0 285
20170222 11005 11055 11000 11000 322662 3560000000 1500000 16500000000 0 110
20170223 11000 11110 11000 11065 403591 4455000000 1500000 16597000000 0 514
20170224 11085 11265 11085 11195 382543 4275000000 1500000 16792000000 0 -332
20170227 11165 11215 11155 11160 274185 3065000000 1500000 16740000000 0 -2372
20170228 11130 11225 11130 11225 304570 3395000000 1500000 16837000000 0 2540
20170302 11125 11125 10955 10995 248408 2730000000 1500000 16492000000 0 -652
20170303 10900 10900 10725 10725 294872 3193000000 1500000 16087000000 0 -3637
20170306 10710 10760 10685 10695 250119 2685000000 1500000 16042000000 0 -866
20170307 10735 10905 10715 10905 264729 2846000000 1500000 16357000000 0 3698
20170308 10830 10950 10820 10925 286166 3107000000 1500000 16387000000 0 453
20170309 10720 10745 10680 10680 281487 3016000000 1500000 16020000000 0 -7187
20170310 10640 10735 10625 10685 331494 3531000000 1500000 16027000000 0 -528
20170313 10790 10910 10790 10910 367501 3977000000 1500000 16365000000 0 4438
20170314 10910 10910 10820 10865 289320 3140000000 1500000 16297000000 0 344
20170315 10870 10950 10825 10945 273899 2975000000 1500000 16417000000 0 1749
20170316 11155 11210 11120 11170 299245 3348000000 1500000 16755000000 0 2090
20170317 11200 11225 11145 11155 396969 4444000000 1500000 16732000000 0 702
20170320 11215 11385 11180 11385 301439 3381000000 1500000 17077000000 0 315
20170321 11440 11505 11400 11405 300984 3458000000 1500000 17107000000 0 -2211
20170322 11325 11375 11270 11340 231084 2615000000 1500000 17010000000 0 -1879
20170323 11405 11440 11370 11370 309002 3529000000 1500000 17055000000 0 416
20170324 11365 11390 11310 11345 207795 2364000000 1500000 17017000000 0 -2195
20170327 11485 11540 11485 11520 319714 3680000000 1500000 17280000000 0 3676
20170328 11575 11575 11520 11545 385233 4446000000 1500000 17317000000 0 1063
20170329 11495 11555 11490 11525 259801 2990000000 1500000 17287000000 0 -1719
20170330 11555 11555 11415 11445 348098 4015000000 1500000 17167000000 0 516
20170331 11475 11475 11370 11445 313639 3579000000 1500000 17167000000 0 -88
20170403 11470 11555 11470 11485 254637 2937000000 1500000 17227000000 0 3036
20170404 11450 11460 11385 11385 205806 2355000000 1500000 17077000000 0 -1697
20170405 11310 11360 11280 11315 275280 3123000000 1500000 16972000000 0 -1659
20170406 11245 11265 11120 11135 223981 2516000000 1500000 16702000000 0 -1059
20170407 11175 11175 11020 11110 187282 2087000000 1500000 16665000000 0 -245
20170410 11020 11020 10925 10955 213679 2341000000 1500000 16432000000 0 -1910
20170411 10970 10970 10810 10865 204137 2234000000 1500000 16297000000 0 -2513
20170412 10780 10955 10780 10955 247053 2677000000 1500000 16432000000 0 -1732
20170413 11100 11255 11030 11185 214194 2375000000 1500000 16777000000 0 3078
20170414 11020 11195 10970 11015 250290 2751000000 1500000 16522000000 0 -8035
20170417 11020 11090 11020 11035 35112 389000000 1500000 16552000000 0 3310
20170418 11130 11130 10945 10950 9108 101000000 1500000 16425000000 0 -1800
20170419 10950 11010 10925 10965 11111 122000000 1500000 16447000000 0 809
20170420 10905 10995 10890 10985 201 2000000 1500000 16477000000 0 59
20170421 11010 11115 11005 11115 2109 23000000 1500000 16672000000 0 1131
20170424 11145 11190 11090 11150 35480 395000000 1500000 16725000000 0 1402
20170425 11195 11260 11040 11255 2556 29000000 1500000 16882000000 0 -108
20170426 11320 11330 11215 11275 6837 77000000 1500000 16912000000 0 2495
20170427 11170 11205 11150 11205 15136 169000000 1500000 16807000000 0 -142
20170428 11180 11195 11040 11040 21148 234000000 1500000 16560000000 0 -928
20170502 11040 11225 11040 11170 30666 342000000 1500000 16755000000 0 -189
20170504 11185 11190 11115 11130 654 7000000 1500000 16695000000 0 -220
20170508 11115 11180 11065 11160 753 8000000 1500000 16740000000 0 564
20170510 11160 11160 11065 11070 1182 13000000 1500000 16605000000 0 -245
20170511 11115 11210 11115 11200 1315 15000000 1500000 16800000000 0 1286
20170512 11210 11290 11185 11210 1731 19000000 1500000 16815000000 0 178
20170515 11265 11290 11215 11290 402 5000000 1500000 16935000000 0 382
20170516 11300 11435 11300 11430 27574 314000000 1500000 17145000000 0 2024
20170517 11360 11435 11345 11420 18347 210000000 1500000 17130000000 0 -2698
20170518 11220 11320 11220 11280 26855 302000000 1500000 16920000000 0 5325
20170519 11210 11260 11145 11235 10427 116000000 1500000 16852000000 0 -503
20170522 11280 11465 11280 11405 5990 68000000 1500000 17107000000 0 797
20170523 11425 11425 11290 11290 12146 138000000 1500000 16935000000 0 -1674
20170524 11275 11275 11215 11235 10548 119000000 1500000 16852000000 0 2066
20170525 11290 11440 11290 11430 11310 129000000 1500000 17145000000 0 237
20170526 11395 11415 11345 11360 689 8000000 1500000 17040000000 0 28
20170529 11375 11400 11335 11335 1019 12000000 1500000 17002000000 0 366
20170530 11310 11310 11270 11270 234 3000000 1500000 16905000000 0 -209
20170531 11300 11375 11285 11375 586 7000000 1500000 17062000000 0 -20
20170601 11355 11375 11320 11320 345 4000000 1500000 16980000000 0 137
20170602 11350 11380 11315 11315 151 2000000 1500000 16972000000 0 59
20170605 11380 11415 11370 11395 887 10000000 1500000 17092000000 0 812
20170607 11400 11400 11275 11275 1486 17000000 1500000 16912000000 0 -655
20170608 11255 11325 11220 11325 768 9000000 1500000 16987000000 0 -306
20170609 11305 11365 11290 11305 1987 22000000 1500000 16957000000 0 1924
20170612 11255 11255 11225 11225 342 4000000 1500000 16837000000 0 -327
20170613 11170 11200 11165 11200 176 2000000 1500000 16800000000 0 -150
20170614 11200 11280 11200 11280 156 2000000 1500000 16920000000 0 -13
20170615 11325 11370 11265 11265 5109 58000000 1500000 16897000000 0 31
20170616 11090 11180 10995 11070 997 11000000 1300000 14391000000 0 -949
20170619 11100 11165 11100 11140 25520 284000000 1300000 14482000000 0 297
20170620 11100 11100 10985 11045 1053 12000000 1300000 14358000000 0 -372
20170621 10940 10945 10870 10870 1441 16000000 1300000 14131000000 0 -1313
20170622 10930 10955 10910 10955 432 5000000 1300000 14241000000 0 -336
20170623 10960 10970 10920 10970 2415 26000000 1300000 14261000000 0 -1411
20170626 10970 11060 10970 11000 10259 113000000 1300000 14300000000 0 171
20170627 11035 11035 11005 11010 2298 25000000 1300000 14313000000 0 1674
20170628 10945 10955 10880 10880 3967 43000000 1300000 14144000000 0 -3946
20170629 10960 10975 10920 10930 2345 26000000 1300000 14209000000 0 2305
20170630 10850 10900 10820 10880 521 6000000 1300000 14144000000 0 -519
20170703 10905 10905 10800 10800 293 3000000 1300000 14040000000 0 -120
20170704 10775 10805 10725 10725 1813 20000000 1300000 13942000000 0 229
20170705 10755 10795 10755 10755 162 2000000 1300000 13981000000 0 -162
20170706 10810 10810 10620 10625 2057 22000000 1300000 13812000000 0 -2053
20170707 10655 10680 10620 10635 1231 13000000 1300000 13825000000 0 -1174
20170710 10720 10775 10720 10770 412 4000000 1300000 14001000000 0 197
20170711 10770 10785 10720 10735 529 6000000 1300000 13955000000 0 -263
20170712 10795 10865 10795 10850 601 7000000 1300000 14105000000 0 444
20170713 10945 11030 10945 11025 2380 26000000 1300000 14332000000 0 429
20170714 11010 11055 10960 11055 2052 23000000 1300000 14371000000 0 1962
20170717 11060 11200 11060 11155 966 11000000 1300000 14501000000 0 657
20170718 11155 11270 11155 11255 1751 20000000 1300000 14631000000 0 1556
20170719 11265 11320 11260 11305 750 8000000 1300000 14696000000 0 655
20170720 11270 11275 11200 11215 232 3000000 1300000 14579000000 0 -18
20170721 11275 11360 11260 11345 284 3000000 1300000 14748000000 0 25
20170724 11365 11460 11350 11425 91590 1048000000 1300000 14852000000 0 129
20170725 11415 11430 11360 11415 1165 13000000 1300000 14839000000 0 1059
20170726 11340 11350 11280 11305 508 6000000 1300000 14696000000 0 -480
20170727 11350 11490 11350 11480 3409 39000000 1300000 14924000000 0 1159
20170728 11405 11405 11290 11305 362 4000000 1300000 14696000000 0 -300
20170731 11230 11340 11230 11340 456 5000000 1300000 14742000000 0 185
20170801 11355 11390 11305 11305 10176 115000000 1300000 14696000000 0 -38
20170802 11295 11295 11205 11225 525 6000000 1300000 14592000000 0 -357
20170803 11200 11200 11135 11155 590 7000000 1300000 14501000000 0 -379
20170804 11180 11250 11170 11245 1490 17000000 1300000 14618000000 0 1364
20170807 11165 11190 11150 11190 371 4000000 1300000 14547000000 0 -351
20170808 11190 11235 11180 11220 461 5000000 1300000 14586000000 0 230
20170809 11065 11065 10975 11020 5211 57000000 1300000 14326000000 0 -3113
20170810 10955 10965 10840 10870 1026 11000000 1300000 14131000000 0 -863
20170811 10890 10890 10775 10815 8941 97000000 1300000 14059000000 0 -8422
20170814 10920 10985 10920 10935 10109 111000000 1300000 14215000000 0 8199
20170816 11090 11090 10865 10905 1756 19000000 1300000 14176000000 0 43
20170817 11055 11055 10970 10980 902 10000000 1300000 14274000000 0 555
20170818 10880 10900 10845 10895 2079 23000000 1300000 14163000000 0 -964
20170821 10935 10960 10935 10935 31475 345000000 1300000 14215000000 0 3
20170822 11025 11035 10945 11035 1559 17000000 1300000 14345000000 0 598
20170823 11055 11125 11045 11065 2567 28000000 1300000 14384000000 0 288
20170824 11120 11170 11120 11135 4053 45000000 1300000 14475000000 0 1336
20170825 11135 11140 11090 11120 608 7000000 1300000 14456000000 0 9
20170828 11200 11305 11200 11305 2214 25000000 1300000 14696000000 0 2070
20170829 11200 11215 11145 11185 63837 712000000 1300000 14540000000 0 -1133
20170830 11230 11270 11215 11225 1145 13000000 1300000 14592000000 0 805
20170831 11215 11220 11145 11165 381 4000000 1300000 14514000000 0 -272
20170901 11180 11260 11180 11250 1319 15000000 1300000 14625000000 0 993
20170904 11100 11135 11040 11040 1880 21000000 1300000 14352000000 0 -1461
20170905 11105 11110 11030 11085 497 6000000 1300000 14410000000 0 221
20170906 11085 11085 10995 10995 1972 22000000 1300000 14293000000 0 -467
20170907 11010 11135 11010 11110 2590 29000000 1300000 14443000000 0 36
20170908 11155 11170 11155 11170 1680 19000000 1300000 14521000000 0 1240
20170911 11170 11170 11075 11080 701 8000000 1300000 14404000000 0 -685
20170912 11105 11130 11100 11130 301404 3362000000 1300000 14469000000 0 -1338
20170913 11125 11175 11120 11155 3108 35000000 1300000 14501000000 0 427
20170914 11100 11100 11040 11050 1383 15000000 1300000 14365000000 0 -1383
20170915 11040 11050 10980 11040 372 4000000 1300000 14352000000 0 150
20170918 11035 11170 11035 11155 885 10000000 1300000 14501000000 0 863
20170919 11205 11205 11075 11085 1637 18000000 1300000 14410000000 0 -812
20170920 11085 11140 11075 11130 558 6000000 1300000 14469000000 0 297
20170921 11050 11060 11020 11030 6207 69000000 1300000 14339000000 0 -163
20170922 11040 11045 10910 10975 1363 15000000 1300000 14267000000 0 -911
20170925 11055 11100 11050 11065 2726 30000000 1300000 14384000000 0 1312
20170926 10985 10995 10960 10965 1389 15000000 1300000 14254000000 0 -1388
20170927 10935 10935 10895 10895 1750 19000000 1300000 14163000000 0 -1748
20170928 10815 10835 10720 10730 7099 77000000 1300000 13949000000 0 -7039
20170929 10790 10805 10780 10790 1942 21000000 1300000 14027000000 0 1271
20171010 10880 10965 10880 10965 2164 24000000 1300000 14254000000 0 1624
20171011 11000 11035 10940 10945 2657 29000000 1300000 14228000000 0 2240
20171012 11055 11060 10955 11010 931 10000000 1300000 14313000000 0 321
20171013 11015 11105 11015 11095 2087 23000000 1300000 14423000000 0 1435
20171016 11135 11150 11110 11140 826 9000000 1300000 14482000000 0 237
20171017 11095 11095 11035 11035 419 5000000 1300000 14345000000 0 -351
20171018 11085 11085 11055 11075 285 3000000 1300000 14397000000 0 -7
20171019 11045 11055 10995 11020 686 8000000 1300000 14326000000 0 -616
20171020 11090 11090 11010 11020 447 5000000 1300000 14326000000 0 409
20171023 10980 11070 10980 11055 3772 41000000 1300000 14371000000 0 3770
20171024 11065 11130 11065 11120 1261 14000000 1300000 14456000000 0 1241
20171025 11070 11135 11070 11135 165 2000000 1300000 14475000000 0 -105
20171026 11180 11200 11160 11185 757 8000000 1300000 14540000000 0 689
20171027 11075 11105 11050 11075 731 8000000 1300000 14397000000 0 -451
20171030 10910 11190 10910 11180 382 4000000 1300000 14534000000 0 325
20171031 11210 11265 11210 11265 3651 41000000 1300000 14644000000 0 2869
20171101 11300 11375 11300 11375 7121 81000000 1300000 14787000000 0 -6197
20171102 11405 11445 11385 11385 5453 62000000 1300000 14800000000 0 4851
20171103 11425 11440 11395 11405 532 6000000 1300000 14826000000 0 -258
20171106 11340 11380 11310 11375 5626 64000000 1300000 14787000000 0 932
20171107 11430 11465 11425 11450 10534 121000000 1300000 14885000000 0 424
20171108 11375 11410 11365 11375 25462 290000000 1300000 14787000000 0 -393
20171109 11380 11420 11365 11365 331 4000000 1300000 14774000000 0 256
20171110 11315 11340 11315 11340 138 2000000 1300000 14742000000 0 90
20171113 11275 11275 11235 11275 5545 62000000 1300000 14657000000 0 -192
20171114 11270 11310 11265 11310 1945 22000000 1300000 14703000000 0 140
20171115 11365 11410 11350 11410 155 2000000 1300000 14833000000 0 9
20171116 11525 11680 11525 11665 31974 373000000 1300000 15164000000 0 -730
20171117 11705 11815 11700 11725 956 11000000 1300000 15242000000 0 -325
20171120 11725 11755 11650 11665 1105 13000000 1300000 15164000000 0 -469
20171121 11720 11770 11695 11770 146 2000000 1300000 15301000000 0 41
20171122 11860 11890 11810 11890 22245 264000000 1300000 15457000000 0 -987
20171123 11965 12000 11890 12000 658 8000000 1300000 15600000000 0 -208
20171124 12000 12020 11975 12005 2115 25000000 1300000 15606000000 0 863
20171127 11985 11995 11920 11925 996 12000000 1300000 15502000000 0 766
20171128 11890 11990 11890 11990 30059 358000000 1300000 15587000000 0 438
20171129 12010 12130 12010 12130 10134 122000000 1300000 15769000000 0 41
20171130 12100 12100 11905 11940 73085 872000000 1300000 15522000000 0 -287
20171201 11960 11960 11920 11960 633 8000000 1300000 15548000000 0 175
20171204 12020 12020 11895 11900 669 8000000 1300000 15470000000 0 -155
20171205 11965 12050 11965 12030 125 2000000 1300000 15639000000 0 85
20171206 11935 11940 11790 11795 759 9000000 1300000 15333000000 0 -108
20171207 11785 11840 11765 11810 617 7000000 1300000 15353000000 0 431
20171208 11795 11840 11780 11840 120017 1416000000 1300000 15392000000 0 -14
20171211 11825 11860 11810 11815 78 1000000 1300000 15359000000 0 -67
20171212 11855 11900 11845 11845 40028 475000000 1300000 15398000000 0 -10
20171213 11805 11870 11805 11870 18 0 1300000 15431000000 0 -8
20171214 11940 11975 11925 11930 162 2000000 1300000 15509000000 0 124
20171215 11915 11930 11880 11925 20044 239000000 1300000 15502000000 0 -43
20171218 11900 11925 11860 11910 298 4000000 1300000 15483000000 0 144
20171219 11945 12005 11930 12005 40125 480000000 1300000 15606000000 0 66
20171220 12005 12100 12005 12100 211 3000000 1300000 15730000000 0 193
20171221 12095 12135 12070 12070 56 1000000 1300000 15691000000 0 -42
20171222 12100 12160 12100 12125 238 3000000 1300000 15762000000 0 -124
20171226 12185 12185 12170 12170 22 0 1300000 15821000000 0 6
20171227 12205 12205 12205 12205 490 6000000 1300000 15866000000 0 -310
20171228 12270 12300 12270 12300 1244 15000000 1300000 15990000000 0 -1191
20180102 12520 12530 12380 12525 8030 100000000 1300000 16282000000 0 -5207
20180103 12500 12500 12390 12460 6494 81000000 1300000 16198000000 0 4695
20180104 12425 12490 12390 12490 264 3000000 1300000 16237000000 0 -20
20180105 12500 12515 12485 12485 781 10000000 1300000 16230000000 0 -695
20180108 12520 12555 12365 12380 55117 687000000 1300000 16094000000 0 -515
20180109 12420 12430 12370 12420 3215 40000000 1300000 16146000000 0 -2949
20180110 12600 12600 12275 12305 29519 363000000 1300000 15996000000 0 -372
20180111 12305 12320 12265 12265 15261 188000000 1300000 15944000000 0 -188
20180112 12405 12455 12400 12455 46518 577000000 1300000 16191000000 0 1502
20180115 12565 12575 12480 12480 30436 381000000 1300000 16224000000 0 57
20180116 12460 12485 12410 12485 1082 13000000 1300000 16230000000 0 594
20180117 12435 12465 12335 12335 15253 190000000 1300000 16035000000 0 -234
20180118 12340 12340 12285 12300 171 2000000 1300000 15990000000 0 -149
20180119 12335 12430 12305 12395 425 5000000 1300000 16113000000 0 297
20180122 12390 12390 12295 12310 1099 14000000 1300000 16003000000 0 -1055
20180123 12345 12350 12265 12305 43 1000000 1300000 15996000000 0 -1
20180124 12235 12330 12235 12310 81 1000000 1300000 16003000000 0 -43
20180125 12430 12560 12430 12545 981 12000000 1300000 16308000000 0 620
20180126 12405 12440 12380 12395 758 9000000 1300000 16113000000 0 -696
20180129 12430 12465 12370 12395 3709 46000000 1300000 16113000000 0 2963
20180130 12265 12275 12210 12210 1120 14000000 1300000 15873000000 0 -1109
20180131 12240 12330 12200 12330 964 12000000 1300000 16029000000 0 649
20180201 12280 12290 12200 12255 82 1000000 1300000 15931000000 0 -78
20180202 12225 12225 12045 12045 1814 22000000 1300000 15658000000 0 -933
20180205 11890 11890 11780 11835 948 11000000 1300000 15385000000 0 -191
20180206 11695 11870 11655 11815 17020 199000000 1300000 15359000000 0 497
20180207 12045 12050 11905 11905 681 8000000 1300000 15476000000 0 577
20180208 11875 11900 11870 11870 223 3000000 1300000 15431000000 0 -215
20180209 11770 11825 11675 11785 101 1000000 1300000 15320000000 0 -76
20180212 11985 11995 11950 11960 774 9000000 1300000 15548000000 0 748
20180213 12015 12015 11985 11985 32 0 1300000 15580000000 0 -32
20180214 12000 12120 11970 12120 1678 20000000 1300000 15756000000 0 1012
20180219 12195 12330 12195 12330 2825 35000000 1300000 16029000000 0 1493
20180220 12270 12290 12250 12250 123 2000000 1300000 15925000000 0 -119
20180221 12195 12195 12115 12115 325 4000000 1300000 15749000000 0 -315
20180222 12025 12025 11930 11950 327 4000000 1300000 15535000000 0 -319
20180223 12065 12100 12030 12060 806 10000000 1300000 15678000000 0 518
20180226 12150 12185 12150 12185 92 1000000 1300000 15840000000 0 80
20180227 12280 12280 12180 12180 672 8000000 1300000 15834000000 0 574
20180228 12070 12070 11940 11940 292 4000000 1300000 15522000000 0 -234
20180302 12010 12025 11940 12025 139 2000000 1300000 15632000000 0 101
20180305 12015 12015 11970 11970 23 0 1300000 15561000000 0 -19
20180306 12130 12145 12105 12115 136 2000000 1300000 15749000000 0 80
20180307 12270 12305 12255 12255 91 1000000 1300000 15931000000 0 85
20180308 12235 12270 12235 12270 19 0 1300000 15951000000 0 -17
20180309 12225 12285 12225 12285 31 0 1300000 15970000000 0 29
20180312 12370 12400 12365 12400 19 0 1300000 16120000000 0 19
20180313 12365 12370 12325 12325 362 4000000 1300000 16022000000 0 -186
20180314 12345 12375 12345 12355 52 1000000 1300000 16061000000 0 18
20180315 12355 12355 12315 12315 9 0 1300000 16009000000 0 -3
20180316 12220 12275 12200 12275 29 0 1300000 15957000000 0 -23
20180319 12200 12210 12195 12205 1116 14000000 1300000 15866000000 0 810
20180320 12190 12275 12190 12275 120 1000000 1300000 15957000000 0 32
20180321 12225 12225 12215 12215 214 3000000 1300000 15879000000 0 -207
20180322 12325 12340 12220 12220 152 2000000 1300000 15886000000 0 -102
20180323 12030 12045 11990 11990 764 9000000 1300000 15587000000 0 -758
20180326 12035 12035 12025 12025 4 0 1300000 15632000000 0 2
20180327 12150 12225 12150 12225 261 3000000 1300000 15892000000 0 261
20180328 12175 12325 12140 12305 73 1000000 1300000 15996000000 0 -9
20180329 12245 12355 12245 12355 20398 251000000 1300000 16061000000 0 397
20180330 12360 12380 12360 12380 646 8000000 1300000 16094000000 0 218
20180402 12500 12530 12470 12510 35134 439000000 1300000 16263000000 0 -102
20180403 12510 12570 12490 12570 685 9000000 1300000 16341000000 0 -535
20180404 12560 12565 12465 12465 655 8000000 1300000 16204000000 0 -647
20180405 12470 12500 12380 12455 10967 136000000 1300000 16191000000 0 -885
20180406 12375 12375 12270 12270 4730 58000000 1300000 15951000000 0 -3116
20180409 12215 12320 12215 12285 3961 48000000 1300000 15970000000 0 3239
20180410 12185 12355 12180 12290 3376 42000000 1300000 15977000000 0 -3049
20180411 12325 12350 12260 12275 30130 371000000 1300000 15957000000 0 -39
20180412 12280 12310 12190 12195 72 1000000 1300000 15853000000 0 -38
20180413 12245 12245 12195 12225 77 1000000 1300000 15892000000 0 -77
20180416 12195 12195 12110 12125 1007 12000000 1300000 15762000000 0 -970
20180417 12235 12280 12220 12265 142 2000000 1300000 15944000000 0 95
20180418 12335 12335 12255 12255 323 4000000 1300000 15931000000 0 -236
20180419 12300 12420 12295 12420 368 5000000 1300000 16146000000 0 -294
20180420 12285 12290 12245 12280 425 5000000 1300000 15964000000 0 -392
20180423 12230 12275 12220 12245 210 3000000 1300000 15918000000 0 -174
20180424 12150 12150 12010 12045 3506 42000000 1300000 15658000000 0 -3333
20180425 12065 12070 11960 11960 1057 13000000 1300000 15548000000 0 -649
20180426 11970 12015 11950 11950 3383 40000000 1300000 15535000000 0 -2881
20180427 12055 12105 12010 12055 672 8000000 1300000 15671000000 0 -136
20180430 12210 12285 12210 12235 2023 25000000 1300000 15905000000 0 1607
20180502 12125 12130 12035 12060 3735 45000000 1300000 15678000000 0 2542
20180503 12000 12075 11990 12055 1874 23000000 1300000 15671000000 0 -114
20180504 12075 12075 12025 12030 383 5000000 1300000 15639000000 0 143
20180508 11990 12035 11975 12035 3506 42000000 1300000 15645000000 0 910
20180509 11980 11980 11910 11945 356 4000000 1300000 15528000000 0 -184
20180510 11970 12130 11955 12130 1076 13000000 1300000 15769000000 0 991
20180511 12235 12250 12205 12205 383 5000000 1300000 15866000000 0 383
20180514 12235 12290 12220 12245 701 9000000 1300000 15918000000 0 131
20180515 12185 12190 12060 12100 173 2000000 1300000 15730000000 0 -97
20180516 11960 12035 11940 12005 650 8000000 1300000 15606000000 0 -545
20180517 12000 12005 11940 11940 509 6000000 1300000 15522000000 0 -487
20180518 11935 12005 11920 12000 181 2000000 1300000 15600000000 0 -139
20180521 11955 11955 11825 11855 2129 25000000 1300000 15411000000 0 -1552
20180523 12015 12015 11960 11995 1065 13000000 1300000 15593000000 0 1003
20180524 11960 11985 11915 11975 2350 28000000 1300000 15567000000 0 -2103
20180525 11915 12030 11915 12005 2549 31000000 1300000 15606000000 0 2121
20180528 12035 12135 12035 12110 3368 41000000 1300000 15743000000 0 1154
20180529 12090 12090 12010 12050 65 1000000 1300000 15665000000 0 -56
20180530 11910 11955 11900 11950 367 4000000 1300000 15535000000 0 -199
20180531 12005 12075 12005 12040 133 2000000 1300000 15652000000 0 96
20180601 12025 12065 12025 12055 136 2000000 1300000 15671000000 0 112
20180604 12155 12180 12145 12165 319 4000000 1300000 15814000000 0 309
20180605 12140 12215 12140 12165 2514 31000000 1300000 15814000000 0 2492
20180607 12225 12240 12205 12205 369 5000000 1300000 15866000000 0 209
20180608 12140 12140 12045 12045 171 2000000 1300000 15658000000 0 25
20180611 12085 12095 12085 12090 33 0 1300000 15717000000 0 14
20180612 12025 12100 11995 12050 3398 41000000 1300000 15665000000 0 -3300
20180614 12150 12150 11870 11875 2976 35000000 1300000 15437000000 0 -2972
20180615 11770 11780 11570 11570 2032 24000000 1300000 15041000000 0 -1912
20180618 11525 11525 11390 11410 1879 21000000 1300000 14833000000 0 544
20180619 11435 11455 11320 11325 10003 114000000 1300000 14722000000 0 1002
20180620 11315 11425 11280 11400 1479 17000000 1300000 14820000000 0 -295
20180621 11340 11360 11260 11260 3735 42000000 1300000 14638000000 0 2915
20180622 11320 11345 11290 11345 12026 136000000 1300000 14748000000 0 -11987
20180625 11235 11235 11125 11155 14218 159000000 1300000 14501000000 0 9282
20180626 11210 11210 11125 11190 122 1000000 1300000 14547000000 0 -122
20180627 11100 11145 11095 11115 787 9000000 1300000 14449000000 0 -587
20180628 11075 11075 11000 11000 332 4000000 1300000 14300000000 0 108
20180629 11035 11200 11035 11180 2044 23000000 1300000 14534000000 0 1769
20180702 11175 11175 11085 11085 352 4000000 1300000 14410000000 0 -152
20180703 11110 11110 10990 11070 195 2000000 1300000 14391000000 0 27
20180704 11170 11210 11130 11170 354 4000000 1300000 14521000000 0 -96
20180705 11130 11130 11075 11105 144 2000000 1300000 14436000000 0 -144
20180706 11065 11165 11050 11165 65 1000000 1300000 14514000000 0 -45
20180709 11165 11260 11165 11260 19 0 1300000 14638000000 0 -5
20180710 11250 11250 11135 11150 272 3000000 1300000 14495000000 0 -272
20180711 11080 11080 11030 11070 2330 26000000 1300000 14391000000 0 200
20180712 10935 10955 10870 10955 518 6000000 1300000 14241000000 0 -498
20180713 10985 11015 10970 11000 539 6000000 1300000 14300000000 0 -279
20180716 10880 10930 10875 10900 368 4000000 1300000 14170000000 0 -333
20180717 10945 11005 10945 10985 34 0 1300000 14280000000 0 18
20180718 10910 10910 10830 10830 70 1000000 1300000 14079000000 0 -55
20180719 10855 10855 10820 10820 260 3000000 1300000 14066000000 0 -240
20180720 10795 10820 10730 10800 756 8000000 1300000 14040000000 0 12
20180723 10915 10915 10865 10865 781 9000000 1300000 14124000000 0 99
20180724 10760 10805 10755 10765 776 8000000 1300000 13994000000 0 -617
20180725 10820 10955 10820 10940 71790 784000000 1300000 14222000000 0 506
20180726 11085 11085 11030 11060 582 6000000 1300000 14378000000 0 290
20180727 11065 11145 11065 11130 24 0 1300000 14469000000 0 16
20180730 11125 11170 11055 11055 257 3000000 1300000 14371000000 0 -125
20180731 11110 11130 11060 11090 276271 3065000000 1300000 14417000000 0 -101
20180801 11120 11120 11025 11050 213 2000000 1300000 14365000000 0 -15
20180802 11075 11075 10940 10940 39 0 1300000 14222000000 0 -39
20180803 10870 10925 10860 10910 499 5000000 1300000 14183000000 0 -199
20180806 10970 10990 10970 10975 164 2000000 1300000 14267000000 0 -44
20180807 10930 10985 10915 10985 12318 134000000 1300000 14280000000 0 188
20180808 11070 11085 11050 11065 581 6000000 1300000 14384000000 0 542
20180809 11080 11125 11070 11110 54 1000000 1300000 14443000000 0 -30
20180810 10965 10980 10870 10870 424 5000000 1300000 14131000000 0 -412
20180813 10810 10810 10740 10790 629 7000000 1300000 14027000000 0 -281
20180814 10740 10890 10740 10890 138 1000000 1300000 14157000000 0 -138
20180816 10775 10890 10730 10875 858 9000000 1300000 14137000000 0 -28
20180817 10890 10955 10890 10950 5141 56000000 1300000 14235000000 0 -141
20180820 11030 11040 11000 11010 273 3000000 1300000 14313000000 0 243
20180821 11090 11095 11080 11090 375 4000000 1300000 14417000000 0 375
20180822 11080 11080 11060 11060 46 1000000 1300000 14378000000 0 44
20180823 10990 10990 10990 10990 1 0 1300000 14287000000 0 1
20180824 10940 10970 10940 10965 103 1000000 1300000 14254000000 0 -83
20180827 11155 11180 11145 11175 418 5000000 1300000 14527000000 0 390
20180828 11210 11265 11210 11265 229 3000000 1300000 14644000000 0 105
20180829 11265 11300 11225 11240 583 7000000 1300000 14612000000 0 37
20180830 11250 11300 11245 11285 172 2000000 1300000 14670000000 0 122
20180831 11190 11190 11180 11180 23 0 1300000 14534000000 0 -21
20180903 11130 11260 11130 11260 91 1000000 1300000 14638000000 0 1
20180904 11125 11175 11125 11145 71 1000000 1300000 14488000000 0 38
20180905 11085 11105 11085 11105 203 2000000 1300000 14436000000 0 -165
20180906 11075 11075 10975 10975 65 1000000 1300000 14267000000 0 45
20180907 10955 11010 10955 10995 800 9000000 1300000 14293000000 0 328
20180910 10985 10985 10850 10865 1130 12000000 1300000 14124000000 0 26
20180911 10845 10955 10840 10940 148 2000000 1300000 14222000000 0 -18
20180912 10930 10930 10870 10880 360 4000000 1300000 14144000000 0 -286
20180913 11000 11045 10970 10990 431 5000000 1300000 14287000000 0 -162
20180914 11035 11085 11035 11085 386 4000000 1300000 14410000000 0 170
20180917 10980 10980 10855 10870 186 2000000 1300000 14131000000 0 -186
20180918 10850 10975 10850 10975 17242 187000000 1300000 14267000000 0 -42
20180919 11015 11015 11015 11015 0 0 1300000 14319000000 0 0
20180920 11050 11070 11010 11015 2542 28000000 1300000 14319000000 0 2088
20180921 11065 11125 11065 11110 911 10000000 1300000 14443000000 0 -615
20180927 11110 11220 11110 11205 322 4000000 1300000 14566000000 0 125
20180928 11145 11260 11145 11260 2234 25000000 1300000 14638000000 0 2202
20181001 11215 11230 11200 11230 1032 12000000 1300000 14599000000 0 -31
20181002 11155 11155 11045 11050 91553 1014000000 1300000 14365000000 0 -309
20181004 10895 10950 10830 10840 320549 3486000000 1300000 14092000000 0 -290
20181005 10710 10840 10710 10800 695 7000000 1300000 14040000000 0 155
20181008 10810 10830 10765 10770 935 10000000 1400000 15078000000 0 -935
20181010 10800 10800 10760 10760 345 4000000 1600000 17216000000 0 -345
20181011 10625 10625 10555 10555 1574 17000000 1900000 20054000000 0 -990
20181012 10665 10820 10665 10795 781 8000000 1900000 20510000000 0 159
20181015 10760 10780 10735 10750 661 7000000 1900000 20425000000 0 -157
20181016 10780 10885 10775 10845 18768 203000000 1900000 20605000000 0 763
20181017 10950 10950 10860 10875 509 6000000 1900000 20662000000 0 503
20181018 10850 10850 10730 10730 16533 178000000 1900000 20387000000 0 -273
20181019 10680 10825 10645 10795 614 7000000 1900000 20510000000 0 -192
20181022 10770 10855 10760 10840 85 1000000 1900000 20596000000 0 -24
20181023 10750 10750 10685 10685 177 2000000 1900000 20301000000 0 -173
20181024 10765 10835 10725 10835 14 0 1900000 20586000000 0 -14
20181025 10600 10700 10600 10650 562 6000000 1900000 20235000000 0 -142
20181026 10830 10830 10560 10605 703 7000000 1900000 20149000000 0 -564
20181029 10675 10685 10620 10620 283 3000000 1900000 20178000000 0 -23
20181030 10635 10655 10625 10655 8 0 1900000 20244000000 0 -8
20181031 10640 10670 10610 10630 27 0 1900000 20197000000 0 -27
20181101 10630 10685 10625 10650 120 1000000 1900000 20235000000 0 -11
20181102 10870 10985 10825 10985 2197 24000000 1900000 20871000000 0 2176
20181105 10950 10970 10900 10930 71 1000000 1900000 20767000000 0 37
20181106 10940 10950 10910 10910 478 5000000 1900000 20729000000 0 477
20181107 10960 11030 10885 10925 251161 2753000000 1900000 20757000000 0 707
20181108 11025 11040 10995 11040 276372 3042000000 1900000 20976000000 0 108
20181109 10990 10990 10810 10825 295767 3212000000 1900000 20567000000 0 -618
20181112 10790 10805 10705 10705 120 1000000 1900000 20339000000 0 -61
20181113 10640 10765 10605 10735 82 1000000 1500000 16102000000 0 -82
20181114 10735 10830 10690 10715 135 1000000 1200000 12858000000 0 6
20181115 10740 10810 10720 10805 2638 28000000 1200000 12966000000 0 -1404
20181116 10830 10830 10760 10785 1388 15000000 1200000 12942000000 0 1322
20181119 10875 10895 10780 10820 262 3000000 1200000 12984000000 0 110
20181120 10840 10865 10810 10865 13 0 1200000 13038000000 0 -11
20181121 10745 10795 10720 10770 158 2000000 1200000 12924000000 0 -146
20181122 10815 10815 10810 10815 22 0 1200000 12978000000 0 20
20181123 10790 10800 10755 10760 42 0 1200000 12912000000 0 -6
20181126 10755 10810 10740 10800 116 1000000 1200000 12960000000 0 -114
20181127 10790 10805 10770 10795 718 8000000 1200000 12954000000 0 -18
20181128 10785 10850 10760 10850 89 1000000 1200000 13020000000 0 60
20181129 10920 10975 10890 10960 1679 18000000 1200000 13152000000 0 1639
20181130 10985 10995 10915 10965 814 9000000 1200000 13158000000 0 811
20181203 11085 11120 11025 11120 1292 14000000 1200000 13344000000 0 1273
20181204 11100 11235 11100 11235 499 6000000 1200000 13482000000 0 480
20181205 11165 11165 11045 11070 10064 111000000 1200000 13284000000 0 -101
20181206 11035 11055 10945 10945 176 2000000 1200000 13134000000 0 20
20181207 11030 11030 10990 11025 10 0 1200000 13230000000 0 -10
20181210 10890 10900 10890 10900 3 0 1200000 13080000000 0 -3
20181211 10795 10795 10795 10795 12 0 1200000 12954000000 0 -12
20181212 10840 10840 10800 10800 400024 4327000000 1200000 12960000000 0 -24
20181213 10865 10955 10865 10920 300172 3278000000 1200000 13104000000 0 -167
20181214 10885 10885 10765 10790 114 1000000 1200000 12948000000 0 -89
20181217 10775 10790 10750 10750 76 1000000 1500000 16125000000 0 -76
20181218 10760 10805 10760 10790 61 1000000 1900000 20501000000 0 -19
20181219 10860 10900 10855 10890 397 4000000 1900000 20691000000 0 -271
20181220 10785 10825 10745 10815 36 0 1900000 20548000000 0 -26
20181221 10845 10920 10840 10920 727 8000000 1900000 20748000000 0 637
20181224 10825 10880 10805 10870 50 1000000 1900000 20653000000 0 -10
20181226 10825 10850 10810 10835 143 2000000 1900000 20586000000 0 120
20181227 10885 10955 10885 10920 71 1000000 1900000 20748000000 0 41
20181228 10900 11030 10900 11030 429 5000000 1900000 20957000000 0 420
20190102 10885 11010 10885 10955 53 1000000 1900000 20814000000 0 -37
20190103 10820 10840 10740 10785 980 11000000 1900000 20491000000 0 -934
20190104 10785 10865 10770 10845 1863 20000000 1900000 20605000000 0 -1751
20190107 10860 10995 10860 10920 350369 3834000000 1900000 20748000000 0 -53
20190108 10890 10890 10830 10845 399 4000000 1900000 20605000000 0 -397
20190109 10870 10930 10845 10880 347 4000000 1900000 20672000000 0 51
20190110 10930 10955 10925 10945 2056 22000000 1600000 17512000000 0 2054
20190111 10915 10990 10915 10990 355 4000000 1600000 17584000000 0 349
20190114 10935 10935 10840 10840 82 1000000 1600000 17344000000 0 -71
20190115 10905 10945 10900 10925 71 1000000 1600000 17480000000 0 65
20190116 10880 10885 10855 10885 9 0 1600000 17416000000 0 -7
20190117 10900 10900 10885 10885 6 0 1600000 17416000000 0 4
20190118 10870 10870 10870 10870 15 0 1600000 17392000000 0 15
20190121 10865 10865 10770 10770 192 2000000 1600000 17232000000 0 -192
20190122 10935 10935 10705 10710 567 6000000 1600000 17136000000 0 -534
20190123 10715 10780 10715 10780 73 1000000 1600000 17248000000 0 -69
20190124 10795 10820 10730 10765 400166 4312000000 1600000 17224000000 0 -94
20190125 10755 10865 10755 10865 121 1000000 1600000 17384000000 0 18
20190128 10900 10975 10900 10975 1671 18000000 1600000 17560000000 0 1603
20190129 10920 10975 10890 10965 350048 3823000000 1800000 19737000000 0 23
20190130 10970 10970 10970 10970 5 0 1800000 19746000000 0 5
20190131 10985 11095 10985 11095 254 3000000 1800000 19971000000 0 220
20190201 11065 11065 10920 10935 131 1000000 1500000 16402000000 0 33
20190207 10890 10890 10825 10825 112 1000000 1500000 16237000000 0 -112
20190208 10820 10820 10820 10820 2 0 1500000 16230000000 0 -2
20190211 10825 10860 10800 10800 165 2000000 1500000 16200000000 0 -165
20190212 10790 10845 10785 10840 420074 4547000000 1800000 19512000000 0 -74
20190213 10845 10900 10835 10880 157 2000000 1800000 19584000000 0 -26
20190214 10800 10815 10795 10805 190 2000000 1600000 17288000000 0 -190
20190215 10770 10770 10745 10750 166 2000000 1700000 18275000000 0 -165
20190218 10820 10840 10800 10800 125 1000000 1700000 18360000000 0 -49
20190219 10770 10770 10740 10745 238 3000000 1700000 18266000000 0 -193
20190220 10820 10890 10820 10835 330 4000000 1700000 18419000000 0 311
20190221 10815 10840 10785 10840 118 1000000 1700000 18428000000 0 -118
20190222 10745 10805 10745 10785 205 2000000 1700000 18334000000 0 -85
20190225 10875 10885 10860 10880 117 1000000 1700000 18496000000 0 10
20190226 10915 10940 10915 10915 444 5000000 1700000 18555000000 0 266
20190227 10945 10945 10905 10915 428855 4681000000 1700000 18555000000 0 -437
20190228 10905 10910 10850 10850 341 4000000 1700000 18445000000 0 218
20190304 10800 10800 10790 10790 37 0 1700000 18343000000 0 -37
20190305 10910 10910 10770 10790 46 0 1400000 15106000000 0 -37
20190306 10770 10780 10710 10725 393503 4225000000 1400000 15015000000 0 -3143
20190307 10745 10750 10745 10745 88 1000000 1400000 15043000000 0 -88
20190308 10655 10665 10570 10575 2752 29000000 1400000 14805000000 0 -2752
20190311 10585 10635 10580 10605 5269 56000000 1600000 16968000000 0 -5269
20190312 10650 10735 10650 10700 55 1000000 1600000 17120000000 0 33
20190313 10710 10710 10640 10640 18 0 1600000 17024000000 0 -8
20190314 10675 10675 10590 10590 211 2000000 1600000 16944000000 0 -67
20190315 10600 10600 10525 10540 1703 18000000 1600000 16864000000 0 -1681
20190318 10600 10660 10575 10660 212 2000000 1600000 17056000000 0 152
20190319 10660 10705 10640 10690 356 4000000 1600000 17104000000 0 315
20190320 10660 10695 10660 10690 1171 13000000 1600000 17104000000 0 1168
20190321 10770 10790 10730 10740 35762 385000000 1600000 17184000000 0 563
20190322 10730 10730 10680 10700 178 2000000 1900000 20330000000 0 -64
20190325 10625 10625 10585 10610 636 7000000 1900000 20159000000 0 -541
20190326 10655 10665 10655 10655 15 0 1900000 20244000000 0 4
20190327 10605 10610 10590 10605 432 5000000 1900000 20149000000 0 -432
20190328 10530 10555 10515 10555 328 3000000 1900000 20054000000 0 -273
20190329 10590 10590 10565 10565 15 0 1900000 20073000000 0 -15
20190401 10590 10655 10590 10620 25188 268000000 1900000 20178000000 0 141
20190402 10635 10635 10550 10560 6043 64000000 1900000 20064000000 0 -6041
20190403 10550 10600 10550 10595 584 6000000 1900000 20130000000 0 566
20190404 10600 10600 10555 10570 2097 22000000 1900000 20083000000 0 -2097
20190405 10565 10565 10560 10560 121 1000000 1900000 20064000000 0 -100
20190408 10545 10545 10415 10415 11588 122000000 1900000 19788000000 0 -11588
20190409 10430 10455 10425 10450 413 4000000 1900000 19855000000 0 399
20190410 10465 10490 10425 10490 5692 59000000 1900000 19931000000 0 -4466
20190411 10340 10520 10340 10500 711 7000000 1900000 19950000000 0 102
20190412 10460 10475 10450 10475 240 3000000 1900000 19902000000 0 118
20190415 10570 10630 10570 10630 3121 33000000 1900000 20197000000 0 3088
20190416 10585 10585 10580 10580 104 1000000 1900000 20102000000 0 -98
20190417 10555 10585 10550 10580 1713 18000000 1900000 20102000000 0 -1713
20190418 10555 10555 10545 10545 5 0 1900000 20035000000 0 -5
20190419 10540 10545 10530 10530 100001 1053000000 1900000 20007000000 0 -100
20190422 10530 10530 10445 10455 892 9000000 1900000 19864000000 0 -292
20190423 10455 10455 10455 10455 302 3000000 1900000 19864000000 0 -302
20190424 10410 10425 10305 10305 16441 170000000 1800000 18549000000 0 -16440
20190425 10195 10195 10125 10125 282550 2870000000 1800000 18225000000 0 -22275
20190426 10130 10180 10100 10120 7120 72000000 1800000 18216000000 0 -3933
20190429 10145 10170 10140 10150 2193 22000000 1800000 18270000000 0 1509
20190430 10130 10130 9985 9985 22404 226000000 2000000 19970000000 0 -21563
20190502 10025 10085 10025 10025 1543 15000000 2000000 20050000000 0 -1229
20190503 10010 10010 9910 9950 18474 183000000 2000000 19900000000 0 -12121
20190507 9930 9975 9880 9960 1712 17000000 2000000 19920000000 0 765
20190508 10000 10000 9895 9955 1744 17000000 2000000 19910000000 0 -565
20190509 9935 9935 9775 9780 5840 57000000 2000000 19560000000 0 -3929
20190510 9780 9830 9735 9820 10638 104000000 2000000 19640000000 0 5845
20190513 9760 9775 9650 9650 14201 138000000 2000000 19300000000 0 6748
20190514 9650 9675 9620 9620 13040 126000000 2000000 19240000000 0 -11844
20190515 9610 9645 9585 9620 136725 1314000000 2000000 19240000000 0 21948
20190516 9620 9630 9560 9590 8378 80000000 2000000 19180000000 0 -7338
20190517 9590 9605 9515 9520 7057 67000000 2000000 19040000000 0 -6531
20190520 9555 9575 9525 9535 131600 1258000000 2000000 19070000000 0 -6972
20190521 9600 9600 9520 9520 422777 4039000000 2000000 19040000000 0 -7604
20190522 9580 9580 9500 9545 21045 200000000 2500000 23862000000 0 -1235
20190523 9500 9615 9500 9610 222307 2133000000 2800000 26908000000 0 -376
20190524 9610 9625 9575 9620 108323 1040000000 2800000 26936000000 0 1777
20190527 9630 9705 9630 9685 130159 1261000000 2800000 27118000000 0 335
20190528 9685 9685 9605 9640 13442 129000000 3300000 31812000000 0 2698
20190529 9615 9615 9500 9525 35184 335000000 3300000 31432000000 0 -7333
20190530 9600 9615 9555 9600 84448 810000000 3300000 31680000000 0 154
20190531 9570 9590 9535 9555 45726 438000000 3300000 31531000000 0 2702
20190603 9585 9775 9585 9695 464089 4496000000 3300000 31993000000 0 5678
20190604 9875 9875 9690 9705 68345 665000000 2800000 27174000000 0 -354
20190605 9755 9760 9710 9760 1588 15000000 2800000 27328000000 0 1112
20190607 9775 9780 9720 9725 1459 14000000 2300000 22367000000 0 -608
20190610 9720 9730 9655 9670 150751 1461000000 2300000 22241000000 0 473
20190611 9690 9755 9665 9725 411 4000000 2100000 20422000000 0 159
20190612 9750 9750 9695 9700 250339 2431000000 2100000 20370000000 0 -278
20190613 9685 9700 9615 9700 31977 308000000 2600000 25220000000 0 -1572
20190614 9510 9695 9510 9655 329 3000000 2600000 25103000000 0 -72
20190617 9605 9640 9605 9640 258 2000000 2600000 25064000000 0 49
20190618 9635 9655 9630 9630 149 1000000 2600000 25038000000 0 80
20190619 9760 9785 9740 9780 8446 83000000 2600000 25428000000 0 8170
20190620 9815 10020 9815 10020 16663 165000000 2600000 26052000000 0 16010
20190621 10030 10045 9975 10015 3412 34000000 2600000 26039000000 0 2055
20190624 10065 10100 10050 10100 8154 82000000 2600000 26260000000 0 7946
20190625 10125 10160 10115 10130 5693 58000000 2600000 26338000000 0 4225
20190626 10090 10100 10050 10095 1624 16000000 2600000 26247000000 0 1180
20190627 10115 10115 10060 10065 66946 674000000 2600000 26169000000 0 37
20190628 10080 10125 10075 10125 777 8000000 3000000 30375000000 0 756
20190701 10190 10210 10070 10075 523 5000000 3400000 34255000000 0 -89
20190702 9995 9995 9915 9920 1567 16000000 3400000 33728000000 0 1300
20190703 9950 9960 9840 9840 8458 84000000 3400000 33456000000 0 -8365
20190704 9890 9900 9885 9895 1481 15000000 3400000 33643000000 0 -102
20190705 9865 9865 9850 9850 146 1000000 3400000 33490000000 0 129
20190708 9760 9765 9680 9680 1780 17000000 3400000 32912000000 0 32
20190709 9680 9725 9670 9680 380205 3682000000 3400000 32912000000 0 -2857
20190710 9680 9680 9655 9655 1146 11000000 3400000 32827000000 0 473
20190711 9910 9910 9745 9815 2611 26000000 3400000 33371000000 0 -1897
20190712 9740 9755 9705 9710 4704 46000000 2800000 27188000000 0 -4696
20190715 9710 9710 9665 9700 1378 13000000 2800000 27160000000 0 -11
20190716 9680 9740 9660 9740 101249 1011000000 2800000 27272000000 0 -1249
20190717 9665 9710 9660 9665 6593 64000000 2800000 27062000000 0 -593
20190718 9645 9735 9615 9705 4393 42000000 2900000 28144000000 0 1617
20190719 9765 9805 9750 9750 1772 17000000 2500000 24375000000 0 270
20190722 9700 9720 9700 9700 146 1000000 2200000 21340000000 0 -127
20190723 9700 9700 9700 9700 461 4000000 2200000 21340000000 0 -451
20190724 9670 9715 9670 9710 366 4000000 2200000 21362000000 0 -332
20190725 9690 9690 9655 9655 6424 62000000 2200000 21241000000 0 4793
20190726 9620 9635 9585 9595 2369 23000000 2200000 21109000000 0 1115
20190729 9695 9695 9585 9605 998 10000000 2200000 21131000000 0 -682
20190730 9620 9645 9600 9630 80927 778000000 2200000 21186000000 0 -370
20190731 9610 9645 9605 9630 834 8000000 2200000 21186000000 0 444
20190801 9530 9565 9490 9540 121640 1161000000 2200000 20988000000 0 -500
20190802 9425 9465 9380 9380 74892 706000000 2100000 19698000000 0 -3811
20190805 9300 9300 9060 9110 327828 2996000000 2100000 19131000000 0 -4999
20190806 9040 9165 9040 9110 5237 48000000 2100000 19131000000 0 -4979
20190807 9135 9145 9085 9115 177680 1619000000 2200000 20053000000 0 635
20190808 9120 9205 9100 9165 2494 23000000 2600000 23829000000 0 -1195
20190809 9195 9200 9160 9170 7835 72000000 2600000 23842000000 0 -1645
20190812 9125 9125 9080 9090 8625 78000000 2600000 23634000000 0 -3011
20190813 9060 9060 8990 8990 4058 37000000 2600000 23374000000 0 -3109
20190814 9195 9195 9115 9125 11298 104000000 2600000 23725000000 0 1164
20190816 9095 9170 9085 9145 774 7000000 2400000 21948000000 0 -594
20190819 9170 9170 9135 9145 10061 92000000 2400000 21948000000 0 5542
20190820 9115 9185 9115 9185 12122 111000000 2400000 22044000000 0 59
20190821 9170 9315 9165 9290 31974 295000000 2400000 22296000000 0 -1571
20190822 9240 9260 9200 9200 316 3000000 2400000 22080000000 0 -113
20190823 9155 9155 9090 9145 102 1000000 2500000 22862000000 0 -102
20190826 9010 9070 9010 9050 112500 1018000000 2500000 22625000000 0 -189
20190827 9110 9110 9090 9105 10650 97000000 2500000 22762000000 0 458
20190828 9100 9120 9090 9100 210024 1911000000 2500000 22750000000 0 -47
20190829 9100 9100 9060 9060 677 6000000 2500000 22650000000 0 328
20190830 9160 9190 9145 9190 31474 288000000 2500000 22975000000 0 1270
20190902 9110 9145 9090 9145 151 1000000 2400000 21948000000 0 -147
20190903 9095 9095 9065 9065 923 8000000 2400000 21756000000 0 -902
20190904 9130 9195 9130 9145 11221 103000000 2300000 21033000000 0 597
20190905 9230 9345 9225 9305 54719 509000000 2300000 21401000000 0 2898
20190906 9330 9355 9330 9340 2090 20000000 2300000 21482000000 0 421
20190909 9405 9460 9385 9420 21511 202000000 2300000 21666000000 0 571
20190910 9425 9465 9415 9415 90207 851000000 2300000 21654000000 0 -1049
20190911 9435 9450 9390 9430 2270 21000000 2400000 22632000000 0 2145
20190916 9665 9665 9510 9545 1353 13000000 2400000 22908000000 0 316
20190917 9875 9875 9435 9440 31511 298000000 2500000 23600000000 0 3871
20190918 9475 9475 9415 9415 5441 51000000 2500000 23537000000 0 -5319
20190919 9395 9395 9350 9350 310 3000000 2500000 23375000000 0 -42
20190920 9365 9470 9365 9470 221 2000000 2500000 23675000000 0 -109
20190923 9400 9415 9360 9380 255 2000000 2500000 23450000000 0 -205
20190924 9380 9380 9350 9355 343 3000000 2500000 23387000000 0 117
20190925 9345 9345 9280 9290 11068 103000000 2500000 23225000000 0 502
20190926 9310 9310 9275 9300 760 7000000 2500000 23250000000 0 464
20190927 9260 9265 9240 9265 706 7000000 2500000 23162000000 0 683
20190930 9235 9330 9235 9330 93 1000000 2500000 23325000000 0 -31
20191001 9290 9325 9290 9290 10185 95000000 2500000 23225000000 0 -171
20191002 9230 9240 9185 9185 21805 201000000 2500000 22962000000 0 401
20191004 9250 9355 9250 9330 11288 105000000 2500000 23325000000 0 -272
20191007 9185 9330 9185 9305 915 9000000 2500000 23262000000 0 852
20191008 9305 9360 9305 9360 27 0 2500000 23400000000 0 10
20191010 9255 9365 9255 9345 1461 14000000 2500000 23362000000 0 -409
20191011 9405 9450 9395 9420 883 8000000 2500000 23550000000 0 792
20191014 9525 9550 9475 9490 8379 80000000 2500000 23725000000 0 7881
20191015 9485 9535 9485 9510 3851 37000000 2500000 23775000000 0 3625
20191016 9510 9510 9435 9435 17264 164000000 2500000 23587000000 0 1128
20191017 9445 9475 9445 9455 440 4000000 2300000 21746000000 0 411
20191018 9570 9570 9540 9550 2184 21000000 2300000 21965000000 0 1266
20191021 9570 9700 9570 9700 16415 159000000 2300000 22310000000 0 6355
20191022 9795 9795 9670 9715 144764 1406000000 2300000 22344000000 0 729
20191023 9685 9700 9640 9700 17475 169000000 2300000 22310000000 0 133
20191024 9705 9770 9685 9690 11571 113000000 2300000 22287000000 0 677
20191025 9655 9695 9655 9695 216 2000000 2200000 21329000000 0 -190
20191028 9695 9760 9685 9735 17016 166000000 2200000 21417000000 0 550
20191029 9795 9820 9740 9820 1942 19000000 2200000 21604000000 0 1926
20191030 9950 9950 9740 9765 1841 18000000 2200000 21483000000 0 1425
20191031 9845 9895 9835 9835 7114 70000000 2200000 21637000000 0 6598
20191101 10100 10100 9725 9795 526 5000000 2200000 21549000000 0 -301
20191104 9845 9920 9845 9905 3128 31000000 2200000 21791000000 0 1861
20191105 9895 9935 9880 9935 11204 111000000 2200000 21857000000 0 1111
20191106 9935 9960 9930 9960 1722 17000000 2200000 21912000000 0 1677
20191107 9885 9905 9865 9895 273 3000000 2200000 21769000000 0 -57
20191108 9960 9990 9935 9935 7491 75000000 2200000 21857000000 0 7337
20191111 9895 9895 9785 9785 1084 11000000 2200000 21527000000 0 492
20191112 9810 9835 9810 9830 458 4000000 2200000 21626000000 0 318
20191113 9810 9810 9750 9765 2442 24000000 2200000 21483000000 0 -2352
20191114 9705 9730 9685 9720 265064 2571000000 2200000 21384000000 0 -547
20191115 9735 9800 9730 9750 20959 205000000 2000000 19500000000 0 -231
20191118 9785 9825 9785 9815 1616 16000000 2000000 19630000000 0 -1410
20191119 9730 9750 9715 9730 191265 1861000000 2000000 19460000000 0 1348
20191120 9725 9730 9705 9705 540 5000000 2000000 19410000000 0 220
20191121 9675 9675 9570 9585 422 4000000 2000000 19170000000 0 -345
20191122 9605 9605 9580 9580 65 1000000 2000000 19160000000 0 -59
20191125 9610 9630 9595 9620 264 3000000 2000000 19240000000 0 149
20191126 9655 9700 9605 9605 10817 105000000 1800000 17289000000 0 757
20191127 9630 9640 9595 9600 11383 110000000 1800000 17280000000 0 74
20191128 9555 9570 9550 9550 164 2000000 1800000 17190000000 0 44
20191129 9520 9520 9515 9515 141 1000000 1800000 17127000000 0 138
20191202 9565 9565 9485 9490 41 0 1800000 17082000000 0 -39
20191203 9455 9480 9430 9440 496 5000000 1800000 16992000000 0 -476
20191204 9380 9380 9295 9315 100580 937000000 1800000 16767000000 0 -578
20191205 9390 9405 9340 9340 144 1000000 1800000 16812000000 0 -104
20191206 9425 9425 9350 9385 101064 949000000 1800000 16893000000 0 -1055
20191209 9395 9395 9375 9380 35377 332000000 1800000 16884000000 0 -15257
20191210 9360 9375 9320 9340 21201 198000000 1800000 16812000000 0 960
20191211 9345 9345 9310 9310 40887 381000000 2000000 18620000000 0 -515
20191212 9360 9440 9360 9435 276 3000000 2000000 18870000000 0 -95
20191213 9630 9700 9615 9650 27377 265000000 2000000 19300000000 0 6981
20191216 9605 9675 9600 9665 20057 194000000 2000000 19330000000 0 54
20191217 9705 9790 9695 9760 23142 226000000 2000000 19520000000 0 1878
20191218 9805 9805 9740 9740 23056 225000000 2000000 19480000000 0 2057
20191219 9750 9810 9750 9795 1284 13000000 2000000 19590000000 0 162
20191220 9805 9840 9785 9840 13361 131000000 2000000 19680000000 0 3288
20191223 9840 9855 9800 9800 471 5000000 2000000 19600000000 0 292
20191224 9790 9810 9770 9810 455 4000000 2000000 19620000000 0 449
20191226 9825 9855 9825 9840 6331 62000000 2000000 19680000000 0 1256
20191227 9845 9860 9845 9845 1264 12000000 2000000 19690000000 0 567
20191230 9835 9915 9835 9905 128084 1265000000 2000000 19810000000 0 2959
20200102 9900 9905 9860 9890 520 5000000 2000000 19780000000 0 100
20200103 9885 9895 9720 9735 1183 12000000 2000000 19470000000 0 -896
20200106 9725 9735 9640 9640 2170 21000000 2000000 19280000000 0 2114
20200107 9735 9765 9730 9740 59 1000000 2000000 19480000000 0 38
20200108 9545 9665 9530 9640 105963 1021000000 2000000 19280000000 0 4429
20200109 9795 9865 9790 9865 41279 405000000 2000000 19730000000 0 1119
20200110 9825 9825 9785 9815 975 10000000 2000000 19630000000 0 -738
20200113 9870 9940 9870 9910 3704 37000000 1700000 16847000000 0 3290
20200114 9970 9990 9910 9910 1653 16000000 1700000 16847000000 0 427
20200115 9835 9870 9780 9870 139 1000000 1700000 16779000000 0 18
20200116 9875 9875 9815 9815 10030 99000000 1700000 16685000000 0 -26
20200117 9845 9905 9825 9850 29184 288000000 1700000 16745000000 0 20988
20200120 9810 9870 9810 9860 947 9000000 1700000 16762000000 0 559
20200121 9840 9840 9710 9715 10857 106000000 1700000 16515000000 0 -477
20200122 9680 9780 9670 9755 20820 203000000 1700000 16583000000 0 -3253
20200123 9720 9730 9685 9685 11822 115000000 1700000 16464000000 0 -1769
20200128 9560 9570 9535 9545 3871 37000000 1700000 16226000000 0 2205
20200129 9570 9580 9540 9545 16729 160000000 1700000 16226000000 0 -996
20200130 9510 9510 9405 9410 2486 23000000 1700000 15997000000 0 246
20200131 9390 9405 9305 9305 4224 40000000 1700000 15818000000 0 -3924
20200203 9245 9270 9195 9255 24278 224000000 1700000 15733000000 0 -19330
20200204 9325 9380 9270 9370 7730 72000000 1700000 15929000000 0 -7281
20200205 9410 9410 9290 9310 9274 87000000 1700000 15827000000 0 -104
20200206 9420 9495 9415 9475 3365 32000000 1700000 16107000000 0 2520
20200207 9395 9395 9340 9355 1635 15000000 1700000 15903000000 0 -1038
20200210 9270 9345 9260 9335 2157 20000000 1700000 15869000000 0 -1557
20200211 9360 9420 9360 9420 92 1000000 1700000 16014000000 0 -18
20200212 9440 9515 9415 9470 2677 25000000 1700000 16099000000 0 1602
20200213 9460 9490 9410 9425 5220 49000000 1700000 16022000000 0 -929
20200214 9395 9415 9395 9410 6750 64000000 1700000 15997000000 0 674
20200217 9420 9450 9405 9405 63 1000000 1700000 15988000000 0 1
20200218 9380 9380 9305 9320 5596 52000000 1700000 15844000000 0 2476
20200219 9320 9320 9260 9320 6071 56000000 1700000 15844000000 0 -5704
20200220 9275 9275 9115 9175 284666 2611000000 1700000 15597000000 0 -82427
20200221 9055 9100 9015 9015 65480 594000000 1700000 15325000000 0 -64622
20200224 8925 8925 8860 8860 40913 363000000 1700000 15062000000 0 -39203
20200225 8875 9005 8875 8990 44355 397000000 1900000 17081000000 0 -24047
20200226 8895 8925 8845 8890 15898 141000000 1900000 16891000000 0 -11506
20200227 8930 8980 8875 8895 106007 944000000 1900000 16900000000 0 422
20200228 8905 8940 8880 8895 27673 246000000 1900000 16900000000 0 22280
20200302 9050 9250 9030 9250 47748 437000000 1900000 17575000000 0 38689
20200303 9275 9300 9200 9210 16300 151000000 2000000 18420000000 0 6106
20200304 9310 9370 9305 9325 35462 331000000 2000000 18650000000 0 33151
20200305 9310 9430 9310 9405 12881 121000000 2000000 18810000000 0 12637
20200306 9285 9285 9220 9240 4069 38000000 2000000 18480000000 0 2233
20200309 9180 9205 9015 9055 107202 970000000 2000000 18110000000 0 1716
20200310 9120 9250 9120 9220 10926 100000000 2000000 18440000000 0 3374
20200311 9305 9320 9160 9190 2270 21000000 2000000 18380000000 0 -467
20200312 9225 9225 9010 9010 8059 74000000 2000000 18020000000 0 -321
20200313 8840 8880 8725 8830 6654 58000000 2000000 17660000000 0 1144
20200316 8920 8920 8750 8750 5495 49000000 2000000 17500000000 0 -3431
20200317 8540 8590 8435 8475 15269 130000000 2000000 16950000000 0 3036
20200318 8505 8620 8420 8420 38797 331000000 2000000 16840000000 0 -667
20200319 8325 8360 7725 7865 6860 54000000 2000000 15730000000 0 -2594
20200320 8220 8430 8125 8350 217273 1787000000 2000000 16700000000 0 -5617
20200323 7840 8080 7840 8080 6135 49000000 2000000 16160000000 0 -175
20200324 8185 8300 8130 8300 6110 50000000 2000000 16600000000 0 -3097
20200325 8455 8600 8455 8570 6934 59000000 2200000 18854000000 0 -1770
20200326 8565 8615 8485 8485 7169 61000000 2200000 18667000000 0 3367
20200327 8730 8845 8700 8780 6004 53000000 2200000 19316000000 0 4921
20200330 8680 8720 8565 8600 5942 51000000 2200000 18920000000 0 5302
20200331 8600 8695 8600 8685 3262 28000000 2200000 19107000000 0 2771
20200401 8660 8660 8500 8500 1005 9000000 2200000 18700000000 0 -126
20200402 8430 8485 8335 8485 2513 21000000 2200000 18667000000 0 -2012
20200403 8505 8565 8460 8485 3078 26000000 2200000 18667000000 0 956
20200406 8430 8500 8405 8490 91945 781000000 2200000 18678000000 0 -195
20200407 8580 8635 8565 8570 13779 118000000 2200000 18854000000 0 -6743
20200408 8650 8665 8615 8665 2525 22000000 2200000 19063000000 0 2016
20200409 8705 8735 8605 8630 11426 99000000 2200000 18986000000 0 10240
20200410 8730 8805 8695 8805 7688 67000000 2200000 19371000000 0 6203
20200413 8720 8720 8625 8655 4891 42000000 2200000 19041000000 0 -3029
20200414 8670 8715 8655 8685 2427 21000000 2200000 19107000000 0 527
20200416 8520 8545 8495 8510 3777 32000000 2200000 18722000000 0 -771
20200417 8550 8660 8550 8630 3206 28000000 2000000 17260000000 0 -288
20200420 8605 8640 8605 8620 726 6000000 2000000 17240000000 0 693
20200421 8600 8600 8355 8465 1408 12000000 2000000 16930000000 0 -722
20200422 8440 8450 8380 8445 2739 23000000 2000000 16890000000 0 1652
20200423 8430 8485 8380 8485 1926 16000000 2000000 16970000000 0 1383
20200424 8410 8410 8360 8360 2252 19000000 2000000 16720000000 0 2076
20200427 8390 8520 8390 8520 1872 16000000 2000000 17040000000 0 1817
20200428 8540 8545 8500 8510 530 5000000 2000000 17020000000 0 518
20200429 8550 8625 8550 8615 1768 15000000 2000000 17230000000 0 -289
