날짜 시간 시가 고가 저가 종가 거래량
20190701 901 110500 111000 110500 111000 870
20190701 902 111000 111500 111000 111000 284
20190701 903 111000 111500 111000 111000 143
20190701 904 111000 111000 110500 111000 45
20190701 905 110500 111000 110500 110500 40
20190701 906 110500 111000 110500 111000 10
20190701 907 110500 111000 110500 110500 174
20190701 908 110500 111000 110500 111000 7
20190701 909 111000 111000 111000 111000 57
20190701 910 111000 111000 110500 111000 487
20190701 911 110500 111000 110500 110500 215
20190701 912 110500 110500 110500 110500 2
20190701 913 110500 111000 110500 110500 36
20190701 914 110500 110500 110500 110500 15
20190701 915 110500 111000 110500 110500 24
20190701 916 111000 111000 110500 111000 149
20190701 917 110500 111000 110500 111000 266
20190701 918 111000 111000 111000 111000 18
20190701 919 111500 111500 111000 111000 199
20190701 920 111500 111500 111000 111500 21
20190701 921 111500 111500 111000 111000 55
20190701 922 111500 112000 111000 112000 3401
20190701 923 112000 112500 112000 112000 125
20190701 924 112000 112500 112000 112500 258
20190701 925 112000 113000 112000 113000 1807
20190701 926 112500 113000 112000 112000 309
20190701 927 112000 113000 112000 113000 3755
20190701 928 112500 113500 112500 113000 1691
20190701 929 113500 113500 113000 113500 2541
20190701 930 113000 114000 113000 113500 1071
20190701 931 113500 113500 113000 113500 1191
20190701 932 113500 114000 113500 114000 1019
20190701 933 113500 114000 113500 114000 1016
20190701 934 113500 113500 113000 113000 1106
20190701 935 113000 113500 113000 113000 344
20190701 936 113500 113500 113000 113500 258
20190701 937 113500 113500 113000 113500 229
20190701 938 113000 113500 113000 113000 1374
20190701 939 113000 113000 112500 112500 313
20190701 940 112500 113000 112500 113000 197
20190701 941 113000 113000 112500 112500 11
20190701 942 112500 113000 112500 112500 83
20190701 943 112500 113000 112500 112500 105
20190701 944 112500 113000 112500 112500 79
20190701 945 113000 113000 112500 112500 593
20190701 946 112500 112500 112000 112000 51
20190701 947 112000 112500 112000 112500 316
20190701 948 112500 112500 112000 112000 40
20190701 949 112500 112500 112000 112000 326
20190701 950 112500 112500 111500 112000 1112
20190701 951 112000 112000 111500 111500 7
20190701 952 112000 112000 111500 112000 382
20190701 953 111500 112000 111500 111500 49
20190701 954 112000 112000 111500 111500 98
20190701 955 111500 111500 111500 111500 5
20190701 956 111500 112000 111500 112000 60
20190701 957 111500 112000 111500 112000 257
20190701 958 112000 112000 111500 112000 102
20190701 959 112000 112000 111500 112000 152
20190701 1000 112000 112000 111500 112000 66
20190701 1001 111500 112000 111500 111500 178
20190701 1002 112000 112500 112000 112500 283
20190701 1003 112500 112500 112000 112500 31
20190701 1004 112000 112500 112000 112500 94
20190701 1005 112000 112500 112000 112500 398
20190701 1006 112500 113000 112500 112500 51
20190701 1007 113000 113000 112500 112500 123
20190701 1008 112500 113000 112500 113000 59
20190701 1009 112500 113000 112500 112500 9
20190701 1010 113000 113000 112500 113000 54
20190701 1011 112500 113000 112500 113000 87
20190701 1012 112500 113000 112500 113000 24
20190701 1013 113000 113000 112500 113000 15
20190701 1014 113000 113000 112500 112500 62
20190701 1015 113000 113000 112500 113000 129
20190701 1016 113000 113000 112500 113000 17
20190701 1017 112500 113000 112000 112500 795
20190701 1018 112500 112500 112000 112500 85
20190701 1019 112500 112500 112000 112000 15
20190701 1020 112500 112500 112000 112500 68
20190701 1021 112000 112500 112000 112000 49
20190701 1022 112000 112500 112000 112000 135
20190701 1023 112500 112500 112000 112000 27
20190701 1024 112000 112500 112000 112500 70
20190701 1025 112000 112500 112000 112000 68
20190701 1026 112500 112500 112000 112000 81
20190701 1027 112500 112500 112000 112000 61
20190701 1028 112000 112500 112000 112000 39
20190701 1029 112000 112500 112000 112000 13
20190701 1030 112500 112500 112000 112500 130
20190701 1031 112000 112500 112000 112000 21
20190701 1032 112500 112500 112000 112500 42
20190701 1033 112500 112500 112000 112500 82
20190701 1034 112000 112500 112000 112000 86
20190701 1035 112500 112500 112000 112000 28
20190701 1036 112000 112500 112000 112500 29
20190701 1037 112500 112500 112000 112500 117
20190701 1038 112500 112500 112000 112500 31
20190701 1039 112500 112500 112000 112500 758
20190701 1040 112000 112500 112000 112500 53
20190701 1041 112000 112500 112000 112500 539
20190701 1042 112000 112500 112000 112500 17
20190701 1043 112000 112500 112000 112000 62
20190701 1044 112000 112500 112000 112000 112
20190701 1045 112000 112500 112000 112000 18
20190701 1046 112000 112500 112000 112000 42
20190701 1047 112500 112500 112000 112500 204
20190701 1048 112500 112500 112000 112000 94
20190701 1049 112500 112500 112000 112500 28
20190701 1050 112000 112500 111500 112000 993
20190701 1051 112000 112000 111500 111500 44
20190701 1052 112000 112500 111500 112500 230
20190701 1053 112000 112500 112000 112500 98
20190701 1054 112000 112500 112000 112500 113
20190701 1055 112500 112500 112000 112500 65
20190701 1056 112500 112500 112000 112500 31
20190701 1057 112500 112500 112000 112000 81
20190701 1058 112000 112500 112000 112500 65
20190701 1059 112500 112500 112000 112000 135
20190701 1100 112500 112500 112000 112500 112
20190701 1101 112000 112500 112000 112000 395
20190701 1102 112000 112000 111500 112000 22
20190701 1103 111500 112000 111500 112000 127
20190701 1104 111500 112500 111500 112000 160
20190701 1105 112000 112500 112000 112000 162
20190701 1106 112000 112500 112000 112000 35
20190701 1107 112500 112500 112000 112000 137
20190701 1108 112500 112500 112000 112000 51
20190701 1109 112000 112000 111500 112000 619
20190701 1110 111500 112000 111500 112000 166
20190701 1111 112000 112500 111500 112500 196
20190701 1112 112000 112500 112000 112500 85
20190701 1113 112500 112500 111500 112000 72
20190701 1114 112000 112500 111500 112500 79
20190701 1115 112000 112500 112000 112500 26
20190701 1116 112500 112500 112000 112000 66
20190701 1117 112000 112000 111500 111500 53
20190701 1118 111500 112000 111500 111500 68
20190701 1119 111500 112000 111500 111500 52
20190701 1120 111500 112000 111500 112000 70
20190701 1121 111500 112000 111500 112000 99
20190701 1122 112000 112500 111500 111500 68
20190701 1123 111500 112000 111500 111500 19
20190701 1124 111500 112000 111500 112000 54
20190701 1125 112000 112500 111500 111500 139
20190701 1126 112000 112000 111500 111500 43
20190701 1127 112000 112000 111500 112000 67
20190701 1128 112000 112000 111500 111500 46
20190701 1129 112000 112000 111500 111500 84
20190701 1130 112000 112000 111500 112000 60
20190701 1131 112000 112000 111500 112000 44
20190701 1132 111500 112000 111500 112000 68
20190701 1133 112000 112000 111500 112000 62
20190701 1134 112000 112000 111500 112000 95
20190701 1135 112000 112500 111500 112000 127
20190701 1136 112500 112500 112000 112500 79
20190701 1137 112500 112500 112000 112500 76
20190701 1138 112500 112500 112000 112500 63
20190701 1139 112500 112500 112000 112000 47
20190701 1140 112000 112500 111500 112000 121
20190701 1141 111500 112000 111500 111500 26
20190701 1142 112000 112500 112000 112500 87
20190701 1143 112500 112500 111500 111500 58
20190701 1144 112000 112000 111500 112000 91
20190701 1145 111500 112000 111500 112000 17
20190701 1146 112000 112000 111500 112000 77
20190701 1147 112000 112000 111500 111500 122
20190701 1148 112000 112000 111500 112000 25
20190701 1149 112000 112000 111500 112000 57
20190701 1150 112000 112000 111500 112000 80
20190701 1151 112000 112000 111500 112000 95
20190701 1152 112000 112000 111500 112000 62
20190701 1153 112000 112500 111500 112000 241
20190701 1154 111500 112000 111500 112000 75
20190701 1155 112000 112500 112000 112000 99
20190701 1156 112000 112000 111500 112000 32
20190701 1157 111500 112000 111500 112000 67
20190701 1158 112000 112000 111500 111500 83
20190701 1159 112000 112000 111500 112000 44
20190701 1200 111500 112000 111500 112000 565
20190701 1201 112000 112000 111500 111500 44
20190701 1202 112000 112000 111500 111500 66
20190701 1203 111500 112000 111500 111500 35
20190701 1204 112000 112000 111500 112000 83
20190701 1205 112000 112000 111500 112000 29
20190701 1206 112000 112000 111500 111500 68
20190701 1207 112000 112000 111500 112000 81
20190701 1208 112000 112000 111500 112000 24
20190701 1209 112000 112000 111500 112000 78
20190701 1210 112000 112000 111500 112000 75
20190701 1211 112000 112000 111500 112000 12
20190701 1212 111500 112000 111500 111500 50
20190701 1213 112000 112000 111500 112000 457
20190701 1214 111500 112000 111500 111500 48
20190701 1215 112000 112000 111500 112000 18
20190701 1216 112000 112000 111500 112000 305
20190701 1217 111500 112000 111500 112000 101
20190701 1218 111500 112000 111500 112000 36
20190701 1219 111500 112000 111500 111500 47
20190701 1220 111500 112000 111500 112000 52
20190701 1221 112000 112000 111500 111500 79
20190701 1222 112000 112000 111500 111500 55
20190701 1223 112000 112000 111500 112000 17
20190701 1224 112000 112000 111500 112000 94
20190701 1225 111500 112000 111500 112000 70
20190701 1226 112000 112000 111500 112000 20
20190701 1227 111500 112000 111500 111500 55
20190701 1228 112000 112000 111500 112000 94
20190701 1229 112000 112000 111500 111500 78
20190701 1230 112000 112000 111500 112000 58
20190701 1231 111500 112000 111000 111000 1241
20190701 1232 111500 111500 111000 111500 85
20190701 1233 111000 111500 111000 111500 22
20190701 1234 111000 111500 111000 111000 90
20190701 1235 111500 111500 111000 111500 134
20190701 1236 111500 111500 111000 111500 135
20190701 1237 111000 111500 111000 111000 108
20190701 1238 111000 111500 111000 111000 47
20190701 1239 111000 111500 111000 111000 94
20190701 1240 111500 112000 111000 112000 195
20190701 1241 112000 112000 111500 111500 36
20190701 1242 111500 112000 111500 112000 29
20190701 1243 112000 112000 111500 111500 112
20190701 1244 112000 112000 111500 111500 63
20190701 1245 111500 112000 111500 112000 42
20190701 1246 111500 112000 111500 112000 111
20190701 1247 111500 112000 111500 112000 57
20190701 1248 112000 112000 111500 112000 47
20190701 1249 112000 112000 111500 112000 139
20190701 1250 111500 111500 111000 111500 171
20190701 1251 111500 111500 111000 111500 105
20190701 1252 111500 112000 111000 111500 49
20190701 1253 111500 112000 111500 111500 34
20190701 1254 111500 112000 111500 112000 50
20190701 1255 111500 112000 111500 112000 53
20190701 1256 111500 112000 111500 111500 28
20190701 1257 111500 112000 111500 111500 73
20190701 1258 112000 112000 111500 111500 82
20190701 1259 111500 112000 111500 111500 39
20190701 1300 112000 112000 111500 112000 59
20190701 1301 112000 112000 111000 111000 133
20190701 1302 111000 111500 111000 111500 320
20190701 1303 111500 111500 111000 111000 19
20190701 1304 111500 111500 111000 111000 115
20190701 1305 111500 111500 111000 111000 68
20190701 1306 111500 111500 111000 111000 36
20190701 1307 111000 111500 111000 111000 79
20190701 1308 111000 111500 111000 111500 46
20190701 1309 111500 111500 111000 111500 78
20190701 1310 111500 111500 111000 111500 253
20190701 1311 111500 111500 111000 111500 229
20190701 1312 111000 111500 111000 111000 71
20190701 1313 111500 111500 111000 111500 113
20190701 1314 111500 111500 111000 111500 96
20190701 1315 111500 111500 111000 111500 12
20190701 1316 111000 111500 111000 111500 97
20190701 1317 111500 111500 111000 111000 61
20190701 1318 111500 111500 111000 111500 17
20190701 1319 111500 111500 111000 111000 56
20190701 1320 111000 111500 111000 111500 117
20190701 1321 111500 111500 111000 111500 17
20190701 1322 111500 111500 111000 111500 369
20190701 1323 111500 111500 111000 111500 88
20190701 1324 111500 111500 111000 111000 85
20190701 1325 111500 111500 111000 111500 53
20190701 1326 111500 111500 111000 111500 31
20190701 1327 111500 111500 111000 111000 117
20190701 1328 111000 111500 111000 111500 41
20190701 1329 111000 111500 111000 111000 43
20190701 1330 111000 111500 111000 111500 62
20190701 1331 111500 111500 111000 111500 94
20190701 1332 111000 111500 111000 111500 17
20190701 1333 111000 111500 111000 111500 52
20190701 1334 111000 111500 111000 111500 97
20190701 1335 111000 111500 111000 111500 384
20190701 1336 111000 111500 111000 111000 57
20190701 1337 111500 111500 111000 111000 36
20190701 1338 111500 111500 111000 111500 83
20190701 1339 111000 111500 111000 111000 66
20190701 1340 111500 111500 111000 111500 74
20190701 1341 111500 111500 111000 111500 193
20190701 1342 111500 111500 111000 111000 128
20190701 1343 111500 111500 111000 111000 38
20190701 1344 111500 111500 111000 111000 63
20190701 1345 111500 111500 111000 111000 41
20190701 1346 111000 111500 111000 111500 104
20190701 1347 111500 111500 111000 111500 47
20190701 1348 111500 111500 111000 111000 49
20190701 1349 111500 111500 111000 111500 69
20190701 1350 111500 112000 111500 112000 53
20190701 1351 111500 112000 111500 111500 53
20190701 1352 112000 112000 111500 112000 36
20190701 1353 111500 112000 111500 111500 167
20190701 1354 111500 112000 111500 111500 65
20190701 1355 111500 112000 111500 111500 40
20190701 1356 112000 112000 111500 111500 33
20190701 1357 112000 112000 111500 112000 129
20190701 1358 111500 111500 111500 111500 16
20190701 1359 111500 112000 111500 111500 68
20190701 1400 111500 112000 111500 112000 123
20190701 1401 111500 112000 111500 112000 50
20190701 1402 111500 112000 111500 112000 31
20190701 1403 112000 112000 111500 111500 27
20190701 1404 112000 112000 111500 111500 107
20190701 1405 112000 112000 111500 111500 32
20190701 1406 111500 112000 111500 111500 57
20190701 1407 112000 112000 111500 112000 44
20190701 1408 112000 112000 111500 111500 80
20190701 1409 111500 112000 111000 111000 131
20190701 1410 111000 111500 111000 111500 70
20190701 1411 111000 111500 111000 111000 19
20190701 1412 111500 111500 111000 111000 108
20190701 1413 111500 111500 111000 111000 56
20190701 1414 111500 111500 111000 111000 72
20190701 1415 111000 111500 111000 111500 124
20190701 1416 111500 111500 111000 111500 43
20190701 1417 111500 111500 111000 111500 72
20190701 1418 111000 111500 111000 111500 84
20190701 1419 111500 111500 111000 111000 101
20190701 1420 111000 111500 111000 111500 47
20190701 1421 111000 111500 111000 111000 73
20190701 1422 111500 111500 111000 111000 43
20190701 1423 111000 111500 111000 111000 54
20190701 1424 111500 111500 111000 111000 79
20190701 1425 111500 111500 111000 111500 43
20190701 1426 111500 111500 111000 111500 79
20190701 1427 111500 111500 111000 111000 81
20190701 1428 111500 111500 110000 110000 2996
20190701 1429 110500 110500 110000 110500 19
20190701 1430 110500 110500 110000 110500 623
20190701 1431 110500 110500 110000 110500 103
20190701 1432 110000 110500 110000 110000 57
20190701 1433 110000 110500 110000 110500 88
20190701 1434 110500 110500 110000 110500 286
20190701 1435 110500 110500 110000 110500 262
20190701 1436 110500 110500 110000 110500 106
20190701 1437 110500 110500 110000 110500 164
20190701 1438 110000 110500 110000 110500 54
20190701 1439 110500 110500 110000 110000 223
20190701 1440 110500 110500 110000 110500 351
20190701 1441 110000 110500 110000 110000 98
20190701 1442 110000 110500 110000 110500 121
20190701 1443 110000 110500 110000 110500 177
20190701 1444 110500 110500 110000 110000 588
20190701 1445 110000 110500 110000 110000 286
20190701 1446 110500 110500 110000 110500 52
20190701 1447 110000 110500 110000 110000 136
20190701 1448 110500 110500 110000 110000 109
20190701 1449 110500 110500 110000 110000 117
20190701 1450 110000 110500 110000 110500 149
20190701 1451 110500 110500 110000 110000 99
20190701 1452 110000 110500 110000 110000 175
20190701 1453 110500 110500 110000 110000 100
20190701 1454 110000 110500 110000 110500 148
20190701 1455 110500 110500 110000 110500 91
20190701 1456 110500 110500 110000 110000 156
20190701 1457 110000 110500 110000 110500 123
20190701 1458 110500 110500 110000 110000 198
20190701 1459 110000 110500 110000 110500 163
20190701 1500 110000 110500 110000 110000 161
20190701 1501 110500 110500 110000 110500 162
20190701 1502 110500 110500 110000 110000 37
20190701 1503 110000 110500 110000 110000 90
20190701 1504 110500 110500 110000 110000 87
20190701 1505 110500 110500 110000 110000 26
20190701 1506 110500 110500 110000 110500 207
20190701 1507 110500 110500 110000 110500 54
20190701 1508 110000 110500 110000 110500 75
20190701 1509 110500 110500 110000 110500 75
20190701 1510 110500 110500 110000 110500 27
20190701 1511 110500 110500 110000 110500 103
20190701 1512 110500 110500 110000 110500 85
20190701 1513 110500 110500 110000 110500 38
20190701 1514 110000 110500 110000 110500 118
20190701 1515 110500 110500 110000 110500 53
20190701 1516 110000 110500 110000 110500 94
20190701 1517 110500 110500 110000 110500 212
20190701 1518 110500 110500 110000 110500 96
20190701 1519 110500 110500 110000 110500 106
20190701 1520 110500 110500 110000 110500 34
20190701 1530 110000 110000 110000 110000 2850
20190702 901 110000 110000 110000 110000 266
20190702 902 110500 110500 110000 110000 20
20190702 903 110000 110000 110000 110000 8
20190702 904 110000 110500 110000 110500 46
20190702 905 110000 110500 109500 109500 318
20190702 906 109500 110000 109500 110000 46
20190702 907 109500 109500 109500 109500 13
20190702 908 110000 110000 110000 110000 16
20190702 910 109500 109500 109500 109500 194
20190702 911 109500 109500 109500 109500 66
20190702 912 109500 110000 109500 110000 185
20190702 913 109500 109500 109500 109500 100
20190702 914 109500 110000 109500 109500 301
20190702 915 109500 110000 109000 109500 1144
20190702 916 109500 109500 109500 109500 40
20190702 917 109500 110000 109500 110000 44
20190702 918 109500 110000 109500 109500 175
20190702 921 109500 110000 109500 110000 1573
20190702 922 110000 110000 110000 110000 669
20190702 923 110000 110500 110000 110500 932
20190702 924 110500 110500 110500 110500 27
20190702 925 110000 110000 110000 110000 26
20190702 926 110000 110000 110000 110000 47
20190702 927 110000 110000 110000 110000 415
20190702 928 110000 110000 110000 110000 11
20190702 929 110000 110000 110000 110000 53
20190702 930 110000 110500 110000 110500 135
20190702 932 110000 110500 110000 110500 14
20190702 933 110000 110000 110000 110000 5
20190702 934 110500 110500 110000 110000 190
20190702 935 110000 110000 110000 110000 200
20190702 936 110000 110000 110000 110000 95
20190702 937 110000 110000 110000 110000 17
20190702 938 110000 110000 110000 110000 322
20190702 939 110000 110000 109500 109500 146
20190702 940 110000 110000 110000 110000 82
20190702 941 110000 110000 110000 110000 1
20190702 942 110000 110000 110000 110000 83
20190702 943 110000 110000 110000 110000 43
20190702 945 110000 110000 110000 110000 62
20190702 946 110000 110000 110000 110000 1
20190702 947 110000 110000 110000 110000 51
20190702 948 109500 110000 109500 110000 45
20190702 949 110000 110000 110000 110000 1
20190702 950 110000 110000 110000 110000 43
20190702 951 110000 110000 110000 110000 46
20190702 952 110000 110000 109500 109500 1893
20190702 953 109000 109500 109000 109500 115
20190702 954 109500 109500 109000 109000 2283
20190702 955 109000 109000 109000 109000 298
20190702 956 109000 109500 109000 109500 273
20190702 957 109500 109500 109500 109500 5
20190702 958 109500 109500 109500 109500 85
20190702 959 109500 109500 109500 109500 697
20190702 1000 109500 109500 109500 109500 168
20190702 1001 110000 110000 110000 110000 44
20190702 1002 110000 110000 110000 110000 44
20190702 1003 109500 109500 109500 109500 334
20190702 1004 110000 110000 110000 110000 44
20190702 1005 110000 110000 110000 110000 44
20190702 1007 109500 110000 109500 109500 518
20190702 1008 109500 109500 109500 109500 151
20190702 1009 109500 109500 109500 109500 50
20190702 1010 109500 109500 109500 109500 1
20190702 1011 109500 109500 109500 109500 20
20190702 1013 109000 109000 108500 108500 1080
20190702 1014 109000 109000 109000 109000 16
20190702 1015 108500 109000 108500 109000 2268
20190702 1016 109000 109000 109000 109000 14
20190702 1017 109000 109000 109000 109000 3
20190702 1018 109000 109000 109000 109000 10
20190702 1019 109000 109000 109000 109000 1
20190702 1020 109000 109000 109000 109000 96
20190702 1021 109000 109000 109000 109000 116
20190702 1022 109000 109000 109000 109000 2
20190702 1023 109000 109000 109000 109000 6
20190702 1024 109000 109000 109000 109000 111
20190702 1025 109000 109000 109000 109000 139
20190702 1026 109000 109000 109000 109000 18
20190702 1028 108500 109000 108500 109000 4
20190702 1029 109000 109000 109000 109000 17
20190702 1030 108500 108500 108500 108500 1
20190702 1031 109000 109000 109000 109000 1
20190702 1032 108500 108500 108500 108500 1
20190702 1033 108500 108500 108500 108500 269
20190702 1034 109000 109000 108500 108500 126
20190702 1035 109000 109000 109000 109000 17
20190702 1036 109000 109000 108500 109000 36
20190702 1037 109000 109000 109000 109000 1
20190702 1038 109000 109000 109000 109000 131
20190702 1039 109000 109000 108500 108500 3
20190702 1040 109000 109000 109000 109000 1
20190702 1041 109000 109000 109000 109000 1
20190702 1042 109000 109000 108500 108500 2
20190702 1043 109000 109000 109000 109000 70
20190702 1044 109000 109000 109000 109000 1
20190702 1045 109000 109000 108500 109000 5
20190702 1046 109000 109000 109000 109000 2
20190702 1047 109000 109000 109000 109000 2
20190702 1048 108500 109000 108500 109000 2
20190702 1049 109000 109000 109000 109000 403
20190702 1050 109000 109000 109000 109000 76
20190702 1051 109000 109000 108500 109000 54
20190702 1053 109000 109000 109000 109000 1
20190702 1054 108500 108500 108500 108500 1
20190702 1055 108500 109000 108500 109000 6
20190702 1056 109000 109000 109000 109000 45
20190702 1057 108500 109000 108500 109000 4
20190702 1058 109000 109000 109000 109000 16
20190702 1059 109000 109000 109000 109000 20
20190702 1100 109000 109000 108500 109000 42
20190702 1101 109000 109000 109000 109000 1
20190702 1102 109000 109000 108500 108500 2
20190702 1103 108500 108500 108500 108500 38
20190702 1104 108500 108500 108000 108500 2023
20190702 1105 108000 108500 108000 108500 744
20190702 1106 108500 108500 108000 108000 122
20190702 1107 108500 108500 108500 108500 2
20190702 1108 108000 108500 108000 108000 6
20190702 1109 108500 108500 108000 108000 7
20190702 1110 108500 108500 108500 108500 10
20190702 1111 108000 108500 108000 108000 14
20190702 1113 108500 108500 108500 108500 18
20190702 1114 108500 108500 108000 108500 8
20190702 1115 108000 108000 108000 108000 13
20190702 1116 108500 108500 108500 108500 13
20190702 1117 108500 108500 108000 108500 52
20190702 1118 108000 108500 108000 108500 30
20190702 1119 108500 108500 108000 108000 43
20190702 1120 108500 108500 108000 108500 36
20190702 1121 108000 108500 108000 108500 9
20190702 1122 108500 108500 108000 108000 18
20190702 1123 108000 108000 108000 108000 13
20190702 1124 108500 108500 108000 108000 6
20190702 1125 108000 108500 108000 108500 449
20190702 1126 108500 108500 108000 108000 33
20190702 1127 108000 108500 108000 108500 122
20190702 1128 108500 108500 108000 108500 166
20190702 1129 108000 108500 108000 108500 31
20190702 1130 108000 108500 108000 108000 151
20190702 1131 108500 108500 108000 108500 17
20190702 1132 108000 108500 108000 108000 40
20190702 1133 108000 108500 108000 108500 24
20190702 1134 108000 108000 108000 108000 14
20190702 1135 108000 108500 108000 108000 73
20190702 1136 108500 108500 108000 108500 9
20190702 1137 108500 108500 108000 108000 168
20190702 1138 108000 108500 108000 108500 16
20190702 1139 108000 108500 108000 108000 28
20190702 1140 108500 108500 108000 108000 21
20190702 1141 108000 108500 108000 108500 15
20190702 1142 108000 108500 108000 108000 35
20190702 1143 108000 108500 108000 108000 29
20190702 1144 108000 108500 108000 108000 30
20190702 1145 108000 108500 108000 108500 223
20190702 1146 108000 108500 108000 108000 32
20190702 1147 108500 108500 108000 108000 18
20190702 1148 108000 108500 108000 108500 64
20190702 1149 108000 108500 108000 108000 27
20190702 1150 108500 108500 108000 108000 21
20190702 1151 108000 108500 108000 108500 716
20190702 1152 108000 108500 108000 108000 45
20190702 1153 108000 108000 108000 108000 20
20190702 1154 108500 108500 108000 108500 34
20190702 1155 108000 108500 108000 108000 130
20190702 1156 108500 108500 108000 108000 12
20190702 1157 108000 108500 108000 108500 35
20190702 1158 108000 108000 108000 108000 17
20190702 1159 108000 108500 108000 108000 17
20190702 1200 108500 108500 108000 108000 25
20190702 1201 108000 108000 108000 108000 7
20190702 1202 108000 108500 108000 108000 388
20190702 1203 108000 108500 108000 108000 16
20190702 1204 108000 108500 108000 108500 24
20190702 1205 108000 108000 108000 108000 24
20190702 1206 108500 108500 108000 108000 10
20190702 1207 108000 108000 108000 108000 25
20190702 1208 108500 108500 108000 108500 7
20190702 1209 108000 108500 108000 108000 16
20190702 1210 108000 108000 108000 108000 26
20190702 1211 108000 108500 108000 108500 15
20190702 1212 108500 108500 108000 108000 35
20190702 1213 108000 108000 108000 108000 16
20190702 1214 108000 108500 108000 108500 12
20190702 1215 108000 108500 108000 108500 7
20190702 1216 108000 108500 108000 108500 28
20190702 1217 108000 108000 108000 108000 15
20190702 1218 108000 108500 108000 108000 192
20190702 1219 108500 108500 108000 108000 54
20190702 1220 108500 108500 108000 108000 421
20190702 1221 108000 108000 108000 108000 312
20190702 1222 108000 108000 108000 108000 6
20190702 1223 108000 108000 108000 108000 15
20190702 1224 108000 108000 108000 108000 62
20190702 1225 108000 108000 108000 108000 17
20190702 1226 108000 108500 108000 108000 35
20190702 1227 108000 108000 108000 108000 10
20190702 1228 108000 108500 108000 108500 15
20190702 1229 108500 108500 108000 108000 21
20190702 1230 108000 108000 108000 108000 36
20190702 1231 108000 108000 108000 108000 22
20190702 1232 108500 108500 108000 108000 86
20190702 1233 108000 108000 108000 108000 154
20190702 1234 108500 108500 108000 108000 33
20190702 1235 108000 108000 108000 108000 32
20190702 1236 108000 108500 108000 108500 24
20190702 1237 108000 108500 108000 108000 27
20190702 1238 108500 108500 108000 108000 11
20190702 1239 108000 108500 108000 108000 8
20190702 1240 108500 108500 108000 108000 25
20190702 1241 108500 108500 108000 108000 31
20190702 1242 108000 108500 108000 108000 18
20190702 1243 108000 108500 108000 108000 56
20190702 1244 108000 108500 108000 108500 3
20190702 1245 108000 108500 108000 108000 29
20190702 1246 108000 108000 108000 108000 408
20190702 1247 108000 108000 107500 107500 2496
20190702 1248 107500 108000 107500 107500 1179
20190702 1249 107500 107500 107500 107500 532
20190702 1250 107500 107500 107000 107000 2385
20190702 1251 107500 107500 107000 107000 426
20190702 1252 107500 107500 107000 107500 83
20190702 1253 107500 107500 107000 107000 47
20190702 1254 107500 107500 107000 107500 62
20190702 1255 107500 107500 107000 107000 1257
20190702 1256 107500 107500 107000 107500 138
20190702 1257 107000 107500 107000 107000 20
20190702 1258 107000 107500 107000 107500 8
20190702 1259 107000 107500 107000 107500 35
20190702 1300 107500 107500 107000 107000 19
20190702 1301 107500 107500 107000 107000 16
20190702 1302 107000 107000 107000 107000 16
20190702 1303 107000 107500 107000 107500 268
20190702 1304 107000 107000 107000 107000 25
20190702 1305 107000 107000 107000 107000 10
20190702 1306 107000 107000 107000 107000 16
20190702 1307 107500 107500 107000 107000 20
20190702 1308 107000 107000 107000 107000 19
20190702 1309 107500 107500 107000 107000 7
20190702 1310 107000 107500 107000 107000 45
20190702 1311 107000 107500 107000 107000 18
20190702 1312 107000 107500 107000 107000 29
20190702 1313 107500 107500 107000 107000 59
20190702 1314 107000 107000 107000 107000 4
20190702 1315 107000 107500 107000 107500 30
20190702 1316 107500 107500 107000 107000 325
20190702 1317 107000 107000 107000 107000 32
20190702 1318 107500 107500 107000 107000 61
20190702 1319 107500 107500 107000 107000 15
20190702 1320 107500 107500 107000 107000 328
20190702 1321 107000 107500 107000 107500 356
20190702 1322 107500 107500 107000 107000 28
20190702 1323 107000 107500 107000 107000 20
20190702 1324 107500 107500 107000 107000 87
20190702 1325 107500 107500 107000 107000 47
20190702 1326 107500 107500 107000 107500 87
20190702 1327 107000 107500 107000 107000 35
20190702 1328 107000 107500 107000 107500 18
20190702 1329 107000 107500 107000 107500 37
20190702 1330 107000 107500 107000 107500 18
20190702 1331 107500 107500 107000 107000 50
20190702 1332 107500 107500 107000 107500 35
20190702 1333 107500 107500 107000 107500 67
20190702 1334 107500 107500 107000 107500 91
20190702 1335 107500 107500 107000 107500 54
20190702 1336 107000 107500 107000 107000 24
20190702 1337 107000 107500 107000 107500 65
20190702 1338 107000 107500 107000 107500 30
20190702 1339 107500 107500 107000 107000 53
20190702 1340 107500 107500 107000 107500 698
20190702 1341 107500 107500 107000 107000 77
20190702 1342 107000 107500 107000 107000 42
20190702 1343 107000 107500 107000 107000 42
20190702 1344 107500 107500 107000 107500 33
20190702 1345 107000 107500 107000 107500 1522
20190702 1346 107500 107500 107000 107000 612
20190702 1347 107500 107500 107000 107000 65
20190702 1348 107500 107500 107000 107000 85
20190702 1349 107500 107500 107000 107500 78
20190702 1350 107000 108000 107000 108000 885
20190702 1351 107500 108000 107500 108000 51
20190702 1352 107500 108000 107500 108000 153
20190702 1353 108000 108000 107500 108000 1450
20190702 1354 108000 108500 108000 108500 46
20190702 1355 108500 108500 108000 108000 81
20190702 1356 108000 108500 108000 108000 84
20190702 1357 108000 108500 108000 108000 34
20190702 1358 108000 108500 108000 108000 84
20190702 1359 108500 108500 108000 108500 84
20190702 1400 108500 108500 108000 108500 52
20190702 1401 108000 108500 108000 108500 69
20190702 1402 108500 108500 108000 108500 131
20190702 1403 108000 108500 108000 108000 133
20190702 1404 108000 108500 108000 108000 50
20190702 1405 108500 108500 108000 108000 83
20190702 1406 108000 108000 107500 107500 827
20190702 1407 108000 108000 107500 107500 57
20190702 1408 107500 108000 107500 108000 46
20190702 1409 107500 108000 107500 108000 119
20190702 1410 108000 108000 107500 107500 140
20190702 1411 108000 108000 107500 107500 41
20190702 1412 108000 108000 107500 107500 85
20190702 1413 107500 108000 107500 107500 77
20190702 1414 107500 108000 107500 107500 33
20190702 1415 107500 108000 107500 108000 83
20190702 1416 107500 108000 107500 108000 87
20190702 1417 108000 108000 107500 107500 35
20190702 1418 107500 108000 107500 107500 71
20190702 1419 107500 108000 107500 108000 74
20190702 1420 108000 108000 107500 107500 122
20190702 1421 107500 108000 107500 108000 55
20190702 1422 108000 108000 107500 107500 76
20190702 1423 108000 108000 107500 108000 81
20190702 1424 108000 108000 107500 108000 67
20190702 1425 107500 108000 107500 107500 69
20190702 1426 108000 108500 107500 108500 5017
20190702 1427 108000 108500 107500 108000 185
20190702 1428 108000 108000 107500 107500 69
20190702 1429 107500 108000 107500 108000 66
20190702 1430 108000 108000 107500 107500 123
20190702 1431 108000 108000 107500 108000 81
20190702 1432 108000 108000 107500 107500 72
20190702 1433 108000 108000 107500 108000 95
20190702 1434 108000 108000 107500 107500 38
20190702 1435 107500 108000 107500 108000 88
20190702 1436 107500 108000 107500 107500 181
20190702 1437 108000 108000 107500 107500 76
20190702 1438 107500 108500 107500 108500 339
20190702 1439 108500 108500 108000 108500 159
20190702 1440 108500 108500 108000 108000 80
20190702 1441 108000 108500 108000 108000 51
20190702 1442 108000 108500 108000 108500 124
20190702 1443 108000 108500 108000 108000 65
20190702 1444 108000 108500 108000 108500 88
20190702 1445 108000 108500 108000 108500 25
20190702 1446 108000 108500 108000 108500 130
20190702 1447 108500 108500 108000 108500 95
20190702 1448 108000 108500 108000 108000 22
20190702 1449 108500 108500 108000 108000 129
20190702 1450 108000 108500 108000 108000 71
20190702 1451 108000 108500 108000 108000 58
20190702 1452 108000 108500 108000 108000 73
20190702 1453 108000 108500 108000 108500 97
20190702 1454 108000 108500 108000 108500 98
20190702 1455 108500 108500 108000 108500 60
20190702 1456 108500 108500 108000 108000 72
20190702 1457 108500 108500 108000 108500 113
20190702 1458 108500 108500 108000 108000 69
20190702 1459 108000 108500 108000 108500 131
20190702 1500 108000 108500 108000 108500 114
20190702 1501 108500 108500 108000 108000 114
20190702 1502 108500 108500 108000 108500 51
20190702 1503 108500 108500 108000 108500 90
20190702 1504 108500 108500 108000 108000 82
20190702 1505 108500 108500 108000 108500 69
20190702 1506 108000 108500 108000 108500 68
20190702 1507 108500 108500 108000 108500 660
20190702 1508 108500 108500 107500 107500 700
20190702 1509 107500 108000 107500 108000 86
20190702 1510 108000 108000 107500 108000 57
20190702 1511 107500 108000 107500 108000 86
20190702 1512 108000 108000 107500 107500 76
20190702 1513 108000 108000 107500 108000 45
20190702 1514 107500 108000 107500 108000 78
20190702 1515 108000 108000 107500 107500 79
20190702 1516 108000 108000 107500 107500 1004
20190702 1517 108000 108000 107000 107500 1433
20190702 1518 107500 107500 107500 107500 179
20190702 1519 107500 107500 107000 107500 361
20190702 1520 107000 108000 107000 108000 4029
20190702 1530 108000 108000 108000 108000 2630
20190703 901 108500 108500 108000 108000 472
20190703 902 108500 108500 107500 108000 700
20190703 903 108000 108000 107500 108000 159
20190703 904 107500 108000 107500 107500 41
20190703 905 107500 107500 107500 107500 48
20190703 906 107500 107500 107500 107500 5
20190703 907 107500 107500 107500 107500 10
20190703 908 107500 107500 107500 107500 22
20190703 909 107500 107500 107000 107000 1695
20190703 910 107000 107500 107000 107500 223
20190703 911 107000 107500 107000 107000 888
20190703 912 107000 107500 107000 107500 343
20190703 913 108000 108000 107500 107500 32
20190703 914 107500 107500 107500 107500 21
20190703 915 108000 108000 107500 107500 795
20190703 916 108000 108000 108000 108000 31
20190703 918 108000 108000 107500 107500 95
20190703 919 107500 108000 107500 108000 16
20190703 920 107500 108500 107500 108000 779
20190703 921 108000 108500 108000 108500 553
20190703 922 108000 108000 108000 108000 110
20190703 923 108000 108000 107500 107500 988
20190703 924 107500 107500 107500 107500 432
20190703 925 108000 108000 107500 108000 251
20190703 926 107500 108000 107500 107500 45
20190703 927 107500 107500 106500 106500 2620
20190703 928 106500 107000 106500 107000 684
20190703 929 107000 107000 107000 107000 119
20190703 930 107000 107000 107000 107000 1236
20190703 931 107500 107500 107000 107000 105
20190703 932 107000 107500 107000 107500 153
20190703 933 107500 107500 107000 107000 147
20190703 934 107500 107500 107000 107000 36
20190703 935 107000 107500 107000 107500 131
20190703 936 107000 107500 107000 107500 204
20190703 937 107500 107500 107500 107500 640
20190703 938 108000 108000 107500 107500 179
20190703 939 108000 108000 108000 108000 96
20190703 940 108000 108000 107500 107500 36
20190703 941 107500 108000 107500 108000 23
20190703 942 108000 108000 107500 108000 108
20190703 943 108000 108000 108000 108000 14
20190703 944 108000 108000 107500 107500 75
20190703 945 108000 108000 108000 108000 34
20190703 946 108000 108000 108000 108000 62
20190703 947 108000 108000 107500 107500 86
20190703 948 107500 107500 107500 107500 658
20190703 949 107500 107500 107000 107500 102
20190703 950 107500 107500 107000 107500 10
20190703 951 107500 107500 107000 107000 46
20190703 952 107500 107500 107500 107500 37
20190703 953 107500 108000 107500 108000 205
20190703 954 108000 108000 107500 107500 38
20190703 955 107500 108000 107500 108000 5
20190703 956 108000 108000 107500 108000 152
20190703 957 107500 108000 107500 107500 41
20190703 958 108000 108000 107500 107500 18
20190703 959 107500 108000 107500 108000 173
20190703 1000 108000 108000 107500 107500 190
20190703 1001 107000 107500 107000 107500 138
20190703 1002 107500 107500 107000 107500 33
20190703 1003 107500 107500 107000 107500 133
20190703 1004 107000 107500 107000 107000 37
20190703 1005 107000 107500 107000 107500 18
20190703 1006 107500 107500 107500 107500 31
20190703 1007 107500 108000 107000 107000 246
20190703 1008 107000 107500 107000 107500 42
20190703 1009 107000 107500 107000 107000 44
20190703 1010 107500 107500 107000 107500 80
20190703 1011 107500 107500 107000 107500 74
20190703 1012 107500 107500 107000 107000 21
20190703 1013 107500 107500 107000 107500 109
20190703 1014 107000 107500 107000 107000 20
20190703 1015 107500 107500 107000 107000 56
20190703 1016 107500 107500 107000 107500 57
20190703 1017 107000 107500 107000 107000 88
20190703 1018 107000 107500 107000 107000 55
20190703 1019 107500 107500 107000 107000 19
20190703 1020 107500 107500 107000 107500 120
20190703 1021 107500 107500 107000 107500 54
20190703 1022 107500 107500 107000 107000 22
20190703 1023 107500 107500 107000 107500 60
20190703 1024 107500 107500 107000 107000 80
20190703 1025 107500 107500 107000 107500 728
20190703 1026 107000 107500 107000 107500 53
20190703 1027 107500 107500 107000 107500 81
20190703 1028 107000 107500 107000 107500 57
20190703 1029 107000 107500 107000 107000 18
20190703 1030 107500 107500 107000 107500 53
20190703 1031 107500 107500 107000 107500 77
20190703 1032 107500 107500 107000 107500 111
20190703 1033 107500 107500 107000 107000 60
20190703 1034 107500 107500 107000 107500 88
20190703 1035 107500 107500 107000 107500 327
20190703 1036 107500 107500 107000 107000 19
20190703 1037 107000 107500 107000 107000 3180
20190703 1038 107500 107500 106500 107000 327
20190703 1039 107000 107000 106500 107000 22
20190703 1040 106500 107000 106500 107000 49
20190703 1041 107000 107000 106000 106000 4829
20190703 1042 106000 106500 106000 106000 771
20190703 1043 106500 106500 106000 106000 35
20190703 1044 106500 106500 106000 106500 79
20190703 1045 106000 106500 106000 106500 228
20190703 1046 106500 106500 106000 106500 126
20190703 1047 106000 106500 106000 106500 60
20190703 1048 106500 106500 106000 106500 144
20190703 1049 106500 107000 106000 107000 1379
20190703 1050 106500 107000 106500 107000 125
20190703 1051 106500 107000 106500 107000 300
20190703 1052 107000 107000 106500 107000 115
20190703 1053 107000 107000 106500 106500 294
20190703 1054 106500 107000 106500 107000 293
20190703 1055 107000 107000 106500 107000 261
20190703 1056 107000 107000 106500 107000 118
20190703 1057 107000 107000 106500 107000 128
20190703 1058 107000 107000 106500 107000 91
20190703 1059 107000 107000 106500 107000 161
20190703 1100 107000 107000 106500 107000 74
20190703 1101 107000 107000 106500 106500 131
20190703 1102 107000 107000 106500 107000 141
20190703 1103 107000 107000 106500 107000 24
20190703 1104 107000 107000 106500 107000 93
20190703 1105 107000 107000 106500 107000 95
20190703 1106 106500 107000 106500 107000 126
20190703 1107 107000 107000 106500 107000 53
20190703 1108 107000 107000 106500 106500 330
20190703 1109 107000 107000 106500 107000 149
20190703 1110 106500 107000 106500 107000 22
20190703 1111 106500 107000 106500 107000 78
20190703 1112 107000 107000 106500 106500 165
20190703 1113 107000 107000 106500 107000 78
20190703 1114 107000 107000 106500 107000 149
20190703 1115 107000 107000 106500 106500 45
20190703 1116 107000 107000 106500 106500 120
20190703 1117 106500 107000 106500 107000 136
20190703 1118 107000 107000 106500 107000 72
20190703 1119 106500 107000 106500 107000 143
20190703 1120 107000 107000 106500 106500 44
20190703 1121 106500 107000 106500 107000 75
20190703 1122 107000 107000 106500 107000 304
20190703 1123 107000 107000 106500 107000 181
20190703 1124 107000 107000 106500 106500 87
20190703 1125 106500 107000 106500 107000 86
20190703 1126 107000 107000 106500 107000 134
20190703 1127 107000 107000 106500 106500 558
20190703 1128 107000 107000 106000 106500 576
20190703 1129 106000 107000 106000 107000 205
20190703 1130 106500 107000 106500 106500 83
20190703 1131 106500 107000 106500 107000 98
20190703 1132 107000 107000 106500 107000 96
20190703 1133 107000 107000 106500 106500 135
20190703 1134 107000 107000 106500 106500 211
20190703 1135 106500 107000 106500 107000 104
20190703 1136 107000 107000 106500 106500 106
20190703 1137 107000 107000 106500 107000 118
20190703 1138 107000 107000 106500 106500 105
20190703 1139 107000 107000 106500 106500 269
20190703 1140 107000 107000 106500 106500 221
20190703 1141 107000 107000 106000 106500 503
20190703 1142 106500 106500 106000 106000 97
20190703 1143 106500 106500 106000 106500 173
20190703 1144 106500 106500 106000 106500 181
20190703 1145 106000 106500 106000 106500 539
20190703 1146 106500 106500 106000 106000 1085
20190703 1147 106500 106500 106000 106500 334
20190703 1148 106500 106500 106000 106500 32
20190703 1149 106000 106500 106000 106000 71
20190703 1150 106500 106500 106000 106500 169
20190703 1151 106500 106500 106000 106500 59
20190703 1152 106500 106500 106000 106500 182
20190703 1153 106500 106500 106000 106500 49
20190703 1154 106500 106500 106000 106500 144
20190703 1155 106500 106500 106000 106500 159
20190703 1156 106500 106500 106000 106500 360
20190703 1157 106500 106500 106000 106500 142
20190703 1158 106500 106500 106000 106000 77
20190703 1159 106500 106500 106000 106500 140
20190703 1200 106500 106500 106000 106500 145
20190703 1201 106500 106500 106000 106500 195
20190703 1202 106000 106500 106000 106500 58
20190703 1203 106500 106500 106000 106500 81
20190703 1204 106500 106500 106000 106500 61
20190703 1205 106500 106500 106000 106500 46
20190703 1206 106500 106500 106000 106000 85
20190703 1207 106500 106500 106000 106500 69
20190703 1208 106500 106500 106000 106500 102
20190703 1209 106000 106500 106000 106000 28
20190703 1210 106500 106500 106000 106500 51
20190703 1211 106500 106500 106000 106500 72
20190703 1212 106500 106500 106000 106500 62
20190703 1213 106000 106500 106000 106500 82
20190703 1214 106500 106500 106000 106500 98
20190703 1215 106500 106500 106000 106000 110
20190703 1216 106500 106500 106000 106500 92
20190703 1217 106500 106500 106000 106500 167
20190703 1218 106500 106500 106000 106500 51
20190703 1219 106500 106500 106000 106500 55
20190703 1220 106500 106500 106000 106500 36
20190703 1221 106000 106500 106000 106000 47
20190703 1222 106000 106500 106000 106500 92
20190703 1223 106500 106500 106000 106500 52
20190703 1224 106500 106500 106000 106500 79
20190703 1225 106500 106500 106000 106500 48
20190703 1226 106500 106500 106000 106500 38
20190703 1227 106000 106500 106000 106500 45
20190703 1228 106500 106500 106000 106000 88
20190703 1229 106500 106500 106000 106500 48
20190703 1230 106500 106500 106000 106500 47
20190703 1231 106500 106500 106000 106500 43
20190703 1232 106500 106500 106000 106500 63
20190703 1233 106000 106500 106000 106500 95
20190703 1234 106500 106500 106000 106500 52
20190703 1235 106500 106500 106000 106000 53
20190703 1236 106500 106500 106000 106000 55
20190703 1237 106500 106500 106000 106000 50
20190703 1238 106000 106500 106000 106500 150
20190703 1239 106500 106500 106000 106000 96
20190703 1240 106500 106500 106000 106500 44
20190703 1241 106500 106500 106000 106500 46
20190703 1242 106500 106500 106000 106000 39
20190703 1243 106500 106500 106000 106000 59
20190703 1244 106500 106500 106000 106500 202
20190703 1245 106500 106500 106000 106500 66
20190703 1246 106000 106500 106000 106500 47
20190703 1247 106500 106500 106000 106000 103
20190703 1248 106500 106500 106000 106500 39
20190703 1249 106500 106500 106000 106500 132
20190703 1250 106500 106500 106000 106500 50
20190703 1251 106000 106500 106000 106000 62
20190703 1252 106500 106500 106000 106500 288
20190703 1253 106500 106500 106000 106500 59
20190703 1254 106500 106500 106000 106500 50
20190703 1255 106500 106500 106000 106500 56
20190703 1256 106000 106500 106000 106000 711
20190703 1257 106000 106500 106000 106500 308
20190703 1258 106500 106500 106000 106500 77
20190703 1259 106500 106500 106000 106500 38
20190703 1300 106500 106500 106000 106000 99
20190703 1301 106500 106500 106000 106500 53
20190703 1302 106500 106500 106000 106500 66
20190703 1303 106500 106500 106000 106500 35
20190703 1304 106500 106500 106000 106500 236
20190703 1305 106500 106500 106000 106500 129
20190703 1306 106500 106500 106000 106500 55
20190703 1307 106500 106500 106000 106000 61
20190703 1308 106500 106500 106000 106500 47
20190703 1309 106500 106500 106000 106500 71
20190703 1310 106000 106500 106000 106500 50
20190703 1311 106500 106500 106000 106000 17
20190703 1312 106500 106500 106000 106500 244
20190703 1313 106500 106500 106000 106500 89
20190703 1314 106500 106500 106000 106000 133
20190703 1315 106000 106500 105500 106000 3045
20190703 1316 106000 106000 105500 106000 73
20190703 1317 106000 106000 105500 105500 63
20190703 1318 105500 106000 105500 106000 80
20190703 1319 106000 106000 105500 106000 67
20190703 1320 106000 106000 105500 106000 240
20190703 1321 106000 106000 105500 105500 141
20190703 1322 106000 106000 105500 106000 158
20190703 1323 105500 106000 105500 106000 226
20190703 1324 106000 106000 105500 105500 49
20190703 1325 106000 106000 105500 106000 47
20190703 1326 106000 106000 105500 105500 96
20190703 1327 106000 106000 105500 106000 29
20190703 1328 106000 106000 105500 106000 101
20190703 1329 105500 106000 105500 106000 83
20190703 1330 106000 106000 105500 106000 59
20190703 1331 106000 106000 105500 105500 52
20190703 1332 106000 106000 105500 106000 82
20190703 1333 106000 106000 105500 105500 61
20190703 1334 105500 106000 105500 106000 71
20190703 1335 106000 106000 105500 106000 248
20190703 1336 106000 106000 105500 106000 131
20190703 1337 106000 106000 105500 106000 90
20190703 1338 106000 106000 105500 106000 80
20190703 1339 106000 106000 105500 105500 68
20190703 1340 106000 106000 105500 106000 124
20190703 1341 106000 106000 105500 106000 59
20190703 1342 106000 106000 105500 106000 73
20190703 1343 106000 106000 105500 105500 121
20190703 1344 106000 106000 105500 106000 150
20190703 1345 106000 106000 105500 105500 112
20190703 1346 105500 106000 105500 106000 109
20190703 1347 106000 106000 105500 106000 101
20190703 1348 106000 106000 105500 105500 475
20190703 1349 106000 106000 105500 106000 74
20190703 1350 106000 106000 105500 106000 120
20190703 1351 106000 106000 105500 106000 190
20190703 1352 106000 106000 105500 106000 750
20190703 1353 105500 106500 105500 106000 2587
20190703 1354 106000 106500 106000 106500 151
20190703 1355 106500 106500 106000 106500 300
20190703 1356 106500 106500 106000 106500 75
20190703 1357 106000 106500 106000 106500 128
20190703 1358 106000 106500 106000 106500 93
20190703 1359 106500 106500 106000 106500 62
20190703 1400 106500 106500 106000 106500 80
20190703 1401 106000 106500 106000 106500 140
20190703 1402 106500 106500 106000 106500 89
20190703 1403 106000 106500 106000 106500 72
20190703 1404 106500 106500 106000 106500 903
20190703 1405 106500 106500 106000 106500 62
20190703 1406 106500 106500 106000 106500 80
20190703 1407 106500 106500 106000 106000 92
20190703 1408 106500 106500 106000 106500 84
20190703 1409 106000 106500 106000 106500 78
20190703 1410 106500 106500 106000 106500 72
20190703 1411 106000 106500 106000 106500 89
20190703 1412 106500 106500 106000 106500 73
20190703 1413 106500 106500 106000 106500 74
20190703 1414 106500 106500 106000 106500 105
20190703 1415 106500 106500 106000 106500 81
20190703 1416 106500 106500 106000 106000 406
20190703 1417 106000 106500 106000 106500 83
20190703 1418 106500 106500 106000 106500 93
20190703 1419 106000 106500 106000 106500 122
20190703 1420 106500 106500 106000 106500 68
20190703 1421 106500 106500 106000 106000 414
20190703 1422 106500 106500 106000 106500 126
20190703 1423 106500 106500 106000 106500 55
20190703 1424 106500 106500 106000 106500 79
20190703 1425 106500 106500 106000 106000 213
20190703 1426 106000 106500 105500 106500 52
20190703 1427 106500 106500 106000 106500 66
20190703 1428 106500 106500 106000 106500 90
20190703 1429 106500 106500 106000 106500 77
20190703 1430 106500 106500 106000 106500 158
20190703 1431 106000 106500 106000 106500 79
20190703 1432 106500 106500 106000 106500 117
20190703 1433 106500 106500 106000 106500 77
20190703 1434 106500 106500 106000 106500 85
20190703 1435 106500 107500 106000 107000 6083
20190703 1436 107000 107500 106500 107500 4079
20190703 1437 107000 107500 106500 106500 4378
20190703 1438 107000 107000 106500 107000 61
20190703 1439 107000 107000 106500 107000 101
20190703 1440 107000 107000 106500 107000 69
20190703 1441 106500 107000 106500 107000 75
20190703 1442 107000 107000 106500 107000 83
20190703 1443 107000 107000 106500 107000 1020
20190703 1444 107000 107000 106500 107000 49
20190703 1445 106500 107000 106500 106500 178
20190703 1446 107000 107000 106500 106500 422
20190703 1447 107000 107000 106500 107000 91
20190703 1448 107000 107000 106500 106500 152
20190703 1449 107000 107000 106500 107000 97
20190703 1450 106500 107000 106500 106500 58
20190703 1451 107000 107000 106500 107000 79
20190703 1452 107000 107000 106500 106500 47
20190703 1453 106500 107000 106500 107000 106
20190703 1454 107000 107000 106500 106500 121
20190703 1455 106500 107000 106500 106500 129
20190703 1456 107000 107000 106500 107000 84
20190703 1457 107000 107000 106500 106500 76
20190703 1458 107000 107000 106500 107000 1253
20190703 1459 107000 107000 106500 106500 110
20190703 1500 107000 107000 106500 106500 66
20190703 1501 106500 107000 106500 107000 312
20190703 1502 107000 107000 106500 107000 51
20190703 1503 107000 107000 106500 107000 66
20190703 1504 107000 107000 106500 107000 64
20190703 1505 107000 107000 106500 107000 57
20190703 1506 107000 107000 106500 106500 796
20190703 1507 106500 107000 106500 107000 85
20190703 1508 107000 107000 106500 107000 94
20190703 1509 107000 107000 106500 107000 81
20190703 1510 106500 107000 106500 106500 71
20190703 1511 107000 107000 106500 106500 774
20190703 1512 106500 106500 106000 106500 57
20190703 1513 106500 106500 106000 106000 211
20190703 1514 106000 106500 106000 106500 1361
20190703 1515 106500 106500 106000 106500 1082
20190703 1516 106000 106500 106000 106500 58
20190703 1517 106500 106500 105500 106500 1249
20190703 1518 106500 106500 106000 106500 125
20190703 1519 106000 106500 105500 105500 763
20190703 1520 105500 106000 105500 106000 547
20190703 1530 106000 106000 106000 106000 7423
