날짜 시간 시가 고가 저가 종가 거래량
20200504 901 46500 46500 46350 46350 14905
20200504 902 46350 46500 46350 46450 3071
20200504 903 46450 46450 46200 46200 7667
20200504 904 46200 46250 46100 46200 5635
20200504 905 46200 46200 45800 45950 9661
20200504 906 46000 46300 46000 46250 5461
20200504 907 46250 46250 46150 46150 2186
20200504 908 46200 46200 46050 46100 2850
20200504 909 46050 46100 46000 46050 5200
20200504 910 46050 46050 46000 46000 2380
20200504 911 46000 46050 46000 46050 2306
20200504 912 46050 46100 46000 46100 561
20200504 913 46100 46100 46000 46000 3770
20200504 914 46050 46100 46000 46050 1082
20200504 915 46050 46050 46000 46050 2079
20200504 916 46050 46050 46000 46050 1795
20200504 917 46050 46050 46000 46050 1645
20200504 918 46050 46100 46050 46100 1040
20200504 919 46100 46100 46050 46050 3243
20200504 920 46050 46100 46050 46100 626
20200504 921 46100 46200 46100 46200 1885
20200504 922 46200 46250 46150 46200 1050
20200504 923 46200 46200 46150 46150 786
20200504 924 46200 46200 46150 46200 1413
20200504 925 46150 46200 46150 46150 333
20200504 926 46150 46200 46150 46200 391
20200504 927 46200 46200 46150 46200 619
20200504 928 46150 46250 46150 46250 2149
20200504 929 46200 46250 46200 46200 1546
20200504 930 46150 46200 46150 46200 2923
20200504 931 46200 46200 46150 46200 507
20200504 932 46200 46200 46150 46200 962
20200504 933 46200 46250 46200 46250 702
20200504 934 46250 46300 46250 46300 1581
20200504 935 46300 46300 46150 46250 2702
20200504 936 46250 46250 46200 46250 350
20200504 937 46250 46250 46200 46250 348
20200504 938 46250 46250 46200 46250 726
20200504 939 46250 46250 46150 46150 2835
20200504 940 46200 46200 46150 46200 117
20200504 941 46200 46200 46150 46200 686
20200504 942 46200 46250 46200 46250 161
20200504 943 46250 46250 46200 46250 485
20200504 944 46250 46300 46250 46300 1571
20200504 945 46250 46300 46250 46300 335
20200504 946 46300 46300 46250 46250 1338
20200504 947 46250 46250 46200 46250 100
20200504 948 46200 46250 46200 46200 1385
20200504 949 46200 46250 46150 46250 1817
20200504 950 46250 46250 46200 46200 480
20200504 951 46250 46250 46200 46250 918
20200504 952 46200 46250 46200 46250 151
20200504 953 46250 46250 46200 46200 413
20200504 954 46200 46250 46200 46250 232
20200504 955 46250 46250 46200 46250 352
20200504 956 46200 46250 46200 46250 446
20200504 957 46200 46200 46150 46200 1974
20200504 958 46200 46250 46200 46250 935
20200504 959 46250 46250 46200 46250 57
20200504 1000 46200 46250 46200 46250 2937
20200504 1001 46250 46300 46250 46300 585
20200504 1002 46300 46300 46250 46300 986
20200504 1003 46300 46300 46250 46300 206
20200504 1004 46300 46300 46250 46300 247
20200504 1005 46300 46300 46250 46300 1108
20200504 1006 46300 46350 46250 46350 1536
20200504 1007 46300 46400 46300 46350 931
20200504 1008 46350 46400 46350 46350 337
20200504 1009 46400 46400 46350 46400 76
20200504 1010 46400 46400 46350 46350 541
20200504 1011 46300 46350 46300 46350 310
20200504 1012 46300 46350 46300 46350 1446
20200504 1013 46350 46400 46350 46400 135
20200504 1014 46350 46400 46350 46350 296
20200504 1015 46350 46400 46350 46350 647
20200504 1016 46350 46400 46350 46350 377
20200504 1017 46350 46350 46300 46300 406
20200504 1018 46350 46400 46300 46350 860
20200504 1019 46350 46350 46300 46300 494
20200504 1020 46350 46350 46300 46350 217
20200504 1021 46350 46400 46350 46350 323
20200504 1022 46400 46400 46350 46400 42
20200504 1023 46350 46400 46350 46350 564
20200504 1024 46350 46400 46350 46350 192
20200504 1025 46350 46400 46350 46400 362
20200504 1026 46350 46400 46350 46350 539
20200504 1027 46400 46400 46350 46350 121
20200504 1028 46400 46400 46350 46350 280
20200504 1029 46350 46400 46350 46350 714
20200504 1030 46350 46400 46350 46400 70
20200504 1031 46350 46400 46350 46350 1173
20200504 1032 46350 46350 46350 46350 661
20200504 1033 46350 46350 46300 46350 327
20200504 1034 46350 46350 46300 46300 595
20200504 1035 46350 46350 46300 46350 304
20200504 1036 46350 46350 46300 46300 311
20200504 1037 46300 46350 46300 46350 1668
20200504 1038 46300 46350 46300 46300 869
20200504 1039 46350 46350 46300 46300 931
20200504 1040 46350 46350 46300 46350 288
20200504 1041 46350 46350 46300 46300 1799
20200504 1042 46300 46300 46250 46250 2815
20200504 1043 46250 46300 46250 46250 1627
20200504 1044 46250 46250 46200 46250 2522
20200504 1045 46250 46300 46250 46250 830
20200504 1046 46250 46250 46200 46200 281
20200504 1047 46250 46250 46200 46250 782
20200504 1048 46250 46300 46250 46300 299
20200504 1049 46250 46300 46250 46300 192
20200504 1050 46300 46300 46250 46250 261
20200504 1051 46250 46300 46250 46250 80
20200504 1052 46300 46300 46250 46250 851
20200504 1053 46250 46300 46250 46250 1457
20200504 1054 46250 46300 46250 46250 352
20200504 1055 46250 46350 46250 46300 1068
20200504 1056 46300 46350 46300 46350 407
20200504 1057 46300 46900 46300 46900 15527
20200504 1058 46950 46950 46600 46650 4091
20200504 1059 46650 46800 46650 46750 1240
20200504 1100 46750 46900 46700 46850 2040
20200504 1101 46850 46950 46750 46800 5965
20200504 1102 46800 46850 46750 46800 3535
20200504 1103 46800 47100 46800 47100 9506
20200504 1104 47100 47450 47050 47350 15316
20200504 1105 47300 47350 46950 47200 7021
20200504 1106 47250 47300 47100 47100 5821
20200504 1107 47100 47100 46900 46900 5233
20200504 1108 46900 46950 46900 46950 1105
20200504 1109 46950 46950 46900 46900 1672
20200504 1110 46900 46900 46800 46800 2187
20200504 1111 46850 46900 46800 46850 1896
20200504 1112 46900 46900 46850 46900 592
20200504 1113 46850 46900 46850 46850 1030
20200504 1114 46850 46900 46850 46850 975
20200504 1115 46850 46900 46850 46850 573
20200504 1116 46900 46900 46850 46900 359
20200504 1117 46900 46950 46850 46900 1151
20200504 1118 46900 46950 46900 46900 110
20200504 1119 46900 46950 46900 46900 250
20200504 1120 46950 46950 46900 46950 617
20200504 1121 46950 46950 46900 46950 1170
20200504 1122 46900 46950 46900 46950 1204
20200504 1123 47000 47050 47000 47000 1881
20200504 1124 47000 47000 46950 47000 945
20200504 1125 47000 47050 47000 47050 684
20200504 1126 47000 47050 47000 47050 917
20200504 1127 47050 47150 47050 47100 1150
20200504 1128 47100 47100 47000 47000 4079
20200504 1129 46950 47000 46950 47000 794
20200504 1130 46950 47000 46900 46950 1109
20200504 1131 46900 46950 46850 46850 1780
20200504 1132 46900 46950 46900 46900 279
20200504 1133 46900 46950 46900 46900 707
20200504 1134 46900 46950 46850 46850 844
20200504 1135 46850 46900 46850 46850 1475
20200504 1136 46850 46850 46800 46800 414
20200504 1137 46800 46800 46750 46750 1596
20200504 1138 46750 46800 46700 46700 609
20200504 1139 46750 46750 46700 46750 1160
20200504 1140 46700 46850 46700 46850 726
20200504 1141 46800 46850 46800 46800 922
20200504 1142 46800 46800 46700 46700 258
20200504 1143 46700 46800 46700 46700 313
20200504 1144 46750 46750 46700 46700 331
20200504 1145 46700 46800 46700 46800 517
20200504 1146 46750 46750 46650 46700 1130
20200504 1147 46700 46700 46650 46650 1155
20200504 1148 46650 46700 46650 46650 302
20200504 1149 46650 46700 46650 46650 301
20200504 1150 46700 46700 46650 46700 369
20200504 1151 46700 46700 46650 46650 206
20200504 1152 46700 46700 46600 46650 1800
20200504 1153 46650 46650 46600 46650 127
20200504 1154 46650 46700 46600 46650 560
20200504 1155 46600 46650 46600 46600 271
20200504 1156 46600 46650 46600 46650 375
20200504 1157 46650 46650 46600 46650 412
20200504 1158 46650 46700 46650 46650 217
20200504 1159 46650 46650 46600 46600 1005
20200504 1200 46600 46650 46600 46650 490
20200504 1201 46600 46700 46600 46700 445
20200504 1202 46650 46700 46650 46650 261
20200504 1203 46650 46700 46650 46650 1204
20200504 1204 46650 46700 46650 46650 198
20200504 1205 46700 46700 46650 46700 305
20200504 1206 46650 46700 46650 46650 319
20200504 1207 46650 46700 46650 46700 2041
20200504 1208 46700 46800 46700 46800 1977
20200504 1209 46800 46850 46800 46850 367
20200504 1210 46850 46850 46800 46800 970
20200504 1211 46850 46850 46800 46850 379
20200504 1212 46850 46850 46650 46650 1050
20200504 1213 46700 46700 46650 46700 260
20200504 1214 46650 46700 46650 46700 177
20200504 1215 46650 46700 46650 46700 277
20200504 1216 46700 46700 46650 46650 142
20200504 1217 46700 46700 46650 46650 457
20200504 1218 46650 46700 46650 46650 225
20200504 1219 46650 46700 46650 46650 582
20200504 1220 46650 46700 46650 46650 525
20200504 1221 46650 46700 46650 46700 897
20200504 1222 46650 46700 46650 46700 455
20200504 1223 46700 46750 46700 46750 94
20200504 1224 46750 46750 46700 46700 278
20200504 1225 46750 46750 46650 46700 1914
20200504 1226 46650 46700 46650 46650 627
20200504 1227 46650 46750 46650 46750 721
20200504 1228 46700 46750 46700 46700 254
20200504 1229 46750 46750 46700 46700 86
20200504 1230 46700 46750 46700 46700 193
20200504 1231 46700 46750 46650 46700 672
20200504 1232 46700 46700 46650 46650 670
20200504 1233 46650 46700 46650 46650 282
20200504 1234 46700 46700 46650 46650 877
20200504 1235 46650 46700 46650 46650 443
20200504 1236 46650 46700 46650 46700 776
20200504 1237 46700 46750 46700 46750 161
20200504 1238 46750 46750 46700 46700 384
20200504 1239 46700 46700 46700 46700 106
20200504 1240 46750 46750 46700 46700 797
20200504 1241 46700 46750 46700 46750 597
20200504 1242 46750 46750 46700 46700 122
20200504 1243 46700 46750 46700 46700 106
20200504 1244 46700 46750 46700 46700 342
20200504 1245 46700 46750 46700 46700 408
20200504 1246 46700 46750 46700 46700 246
20200504 1247 46700 46700 46700 46700 129
20200504 1248 46700 46750 46700 46700 600
20200504 1249 46750 46750 46700 46700 338
20200504 1250 46700 46750 46700 46700 335
20200504 1251 46700 46750 46650 46650 456
20200504 1252 46650 46700 46650 46700 389
20200504 1253 46700 46750 46700 46700 499
20200504 1254 46700 46700 46700 46700 446
20200504 1255 46700 46750 46700 46700 285
20200504 1256 46700 46700 46700 46700 150
20200504 1257 46700 46750 46700 46700 264
20200504 1258 46700 46750 46700 46700 271
20200504 1259 46700 46750 46650 46650 947
20200504 1300 46650 46700 46650 46650 200
20200504 1301 46700 46700 46650 46650 345
20200504 1302 46650 46700 46650 46650 401
20200504 1303 46650 46700 46650 46700 250
20200504 1304 46650 46700 46650 46650 109
20200504 1305 46650 46700 46650 46650 489
20200504 1306 46650 46700 46650 46700 321
20200504 1307 46650 46700 46650 46700 565
20200504 1308 46650 46750 46650 46700 966
20200504 1309 46750 46750 46700 46700 443
20200504 1310 46750 46750 46700 46750 800
20200504 1311 46750 46800 46750 46750 264
20200504 1312 46750 46800 46750 46750 131
20200504 1313 46750 46800 46750 46800 395
20200504 1314 46750 46800 46750 46800 81
20200504 1315 46750 46800 46750 46750 485
20200504 1316 46750 46800 46700 46700 883
20200504 1317 46700 46750 46700 46700 1365
20200504 1318 46650 46700 46650 46700 397
20200504 1319 46650 46700 46650 46650 119
20200504 1320 46650 46700 46650 46650 574
20200504 1321 46650 46650 46600 46650 531
20200504 1322 46650 46650 46600 46650 557
20200504 1323 46650 46700 46600 46650 567
20200504 1324 46650 46700 46650 46650 99
20200504 1325 46650 46750 46650 46700 948
20200504 1326 46700 46750 46650 46650 1305
20200504 1327 46650 46650 46550 46550 3393
20200504 1328 46550 46700 46550 46650 268
20200504 1329 46650 46650 46550 46550 672
20200504 1330 46550 46600 46550 46550 713
20200504 1331 46550 46550 46550 46550 461
20200504 1332 46550 46600 46550 46550 200
20200504 1333 46550 46550 46500 46500 1338
20200504 1334 46500 46550 46500 46500 588
20200504 1335 46500 46550 46500 46550 91
20200504 1336 46550 46550 46500 46500 192
20200504 1337 46500 46550 46500 46500 593
20200504 1338 46550 46550 46500 46500 647
20200504 1339 46500 46500 46350 46350 5420
20200504 1340 46350 46400 46350 46350 961
20200504 1341 46350 46400 46300 46300 1424
20200504 1342 46350 46350 46300 46300 355
20200504 1343 46300 46350 46300 46300 204
20200504 1344 46300 46350 46300 46300 780
20200504 1345 46300 46350 46300 46350 798
20200504 1346 46300 46350 46300 46350 361
20200504 1347 46400 46400 46350 46400 1183
20200504 1348 46400 46450 46400 46400 257
20200504 1349 46400 46550 46400 46500 365
20200504 1350 46500 46550 46500 46500 139
20200504 1351 46500 46550 46500 46500 280
20200504 1352 46550 46550 46500 46500 227
20200504 1353 46500 46550 46450 46500 630
20200504 1354 46450 46500 46450 46450 37
20200504 1355 46450 46500 46400 46400 1169
20200504 1356 46450 46450 46400 46400 528
20200504 1357 46400 46450 46400 46400 441
20200504 1358 46450 46500 46450 46450 605
20200504 1359 46450 46450 46450 46450 233
20200504 1400 46450 46500 46450 46500 431
20200504 1401 46500 46500 46450 46450 383
20200504 1402 46450 46450 46400 46450 1004
20200504 1403 46450 46500 46450 46450 756
20200504 1404 46450 46450 46350 46350 679
20200504 1405 46350 46400 46350 46350 536
20200504 1406 46350 46400 46350 46400 736
20200504 1407 46400 46400 46350 46400 117
20200504 1408 46350 46400 46300 46300 2166
20200504 1409 46300 46350 46300 46300 641
20200504 1410 46300 46350 46300 46300 167
20200504 1411 46300 46350 46300 46300 251
20200504 1412 46300 46350 46300 46300 439
20200504 1413 46300 46350 46300 46300 656
20200504 1414 46300 46350 46300 46300 420
20200504 1415 46350 46350 46300 46300 175
20200504 1416 46300 46350 46300 46300 412
20200504 1417 46300 46350 46300 46300 321
20200504 1418 46300 46400 46300 46350 3138
20200504 1419 46400 46400 46350 46350 358
20200504 1420 46350 46400 46350 46350 394
20200504 1421 46400 46400 46350 46350 481
20200504 1422 46400 46400 46350 46350 306
20200504 1423 46350 46350 46300 46350 548
20200504 1424 46350 46350 46300 46350 213
20200504 1425 46400 46400 46350 46350 413
20200504 1426 46350 46400 46350 46350 562
20200504 1427 46350 46350 46300 46350 725
20200504 1428 46300 46350 46300 46300 188
20200504 1429 46300 46400 46300 46350 465
20200504 1430 46350 46550 46350 46500 2674
20200504 1431 46500 46600 46500 46550 810
20200504 1432 46600 46600 46500 46500 1163
20200504 1433 46500 46500 46500 46500 381
20200504 1434 46500 46500 46350 46350 862
20200504 1435 46350 46350 46300 46300 429
20200504 1436 46300 46350 46300 46300 1057
20200504 1437 46350 46350 46300 46300 440
20200504 1438 46350 46350 46300 46350 214
20200504 1439 46350 46350 46300 46300 1296
20200504 1440 46300 46350 46300 46300 240
20200504 1441 46350 46350 46300 46300 3030
20200504 1442 46300 46400 46300 46400 630
20200504 1443 46400 46400 46350 46400 237
20200504 1444 46350 46400 46350 46350 1266
20200504 1445 46300 46350 46300 46300 146
20200504 1446 46300 46350 46250 46250 1259
20200504 1447 46300 46350 46250 46300 1636
20200504 1448 46300 46350 46250 46250 1762
20200504 1449 46300 46300 46250 46250 257
20200504 1450 46250 46300 46250 46300 1431
20200504 1451 46300 46300 46250 46300 1636
20200504 1452 46300 46300 46250 46250 387
20200504 1453 46250 46300 46200 46200 1938
20200504 1454 46200 46250 46200 46200 724
20200504 1455 46200 46250 46200 46200 2630
20200504 1456 46200 46250 46200 46200 820
20200504 1457 46200 46250 46200 46200 317
20200504 1458 46200 46250 46200 46200 457
20200504 1459 46250 46250 46200 46200 637
20200504 1500 46250 46250 46200 46250 573
20200504 1501 46250 46250 46200 46200 437
20200504 1502 46250 46350 46250 46300 2702
20200504 1503 46300 46350 46300 46300 355
20200504 1504 46350 46350 46300 46300 325
20200504 1505 46300 46350 46300 46300 1107
20200504 1506 46300 46350 46250 46250 2486
20200504 1507 46250 46250 46150 46200 3518
20200504 1508 46200 46250 46150 46200 1171
20200504 1509 46250 46300 46200 46300 1747
20200504 1510 46300 46450 46300 46400 1021
20200504 1511 46400 46600 46400 46550 2658
20200504 1512 46600 46600 46500 46550 1584
20200504 1513 46500 46550 46500 46500 582
20200504 1514 46550 46550 46500 46500 473
20200504 1515 46550 46550 46500 46500 726
20200504 1516 46550 46550 46500 46550 835
20200504 1517 46550 46550 46500 46500 1059
20200504 1518 46550 46550 46500 46550 2853
20200504 1519 46550 46550 46500 46500 1152
20200504 1520 46550 46550 46450 46500 1120
20200504 1530 46350 46350 46350 46350 18487
