날짜 시간 시가 고가 저가 종가 거래량
20190304 901 15080 15080 15080 15080 4
20190304 911 15070 15070 15070 15070 155
20190304 1007 15035 15035 15035 15035 1
20190304 1021 15035 15035 15035 15035 1
20190304 1031 15065 15065 15065 15065 256
20190304 1041 15060 15060 15055 15055 234
20190304 1057 15055 15055 15055 15055 1
20190304 1100 15055 15055 15055 15055 217
20190304 1112 15065 15065 15065 15065 6
20190304 1121 15060 15065 15060 15065 226
20190304 1131 15060 15060 15060 15060 218
20190304 1141 15065 15065 15065 15065 5
20190304 1142 15060 15060 15060 15060 205
20190304 1151 15060 15060 15060 15060 195
20190304 1201 15065 15065 15065 15065 2
20190304 1205 15065 15065 15065 15065 1
20190304 1207 15065 15065 15065 15065 1
20190304 1211 15065 15065 15065 15065 6
20190304 1221 15070 15070 15070 15070 236
20190304 1231 15070 15070 15070 15070 235
20190304 1241 15070 15070 15070 15070 226
20190304 1244 15060 15060 15060 15060 96
20190304 1246 15045 15045 15045 15045 9
20190304 1247 15035 15035 14960 14960 17
20190304 1248 14960 14960 14945 14945 8
20190304 1249 14950 14950 14945 14945 9
20190304 1250 14945 14945 14945 14945 8
20190304 1251 14945 14975 14945 14975 17
20190304 1252 14975 14975 14975 14975 9
20190304 1253 14975 14975 14975 14975 8
20190304 1254 14975 14975 14975 14975 42
20190304 1255 14975 14975 14975 14975 49
20190304 1256 14975 14975 14975 14975 74
20190304 1257 14975 14975 14940 14940 42
20190304 1258 14940 14940 14940 14940 50
20190304 1259 14940 14940 14940 14940 74
20190304 1300 14940 14940 14940 14940 42
20190304 1301 14940 14940 14940 14940 41
20190304 1302 14970 14970 14940 14940 33
20190304 1303 14940 15045 14940 15045 69
20190304 1304 14945 15055 14945 15055 36
20190304 1305 14945 15055 14945 15055 39
20190304 1306 14945 15055 14945 15055 41
20190304 1307 14945 15055 14940 15055 78
20190304 1308 15055 15055 14945 15050 45
20190304 1309 15050 15050 14945 15050 42
20190304 1310 15050 15050 15050 15050 11
20190304 1311 15050 15050 15050 15050 13
20190304 1312 15050 15050 14980 15050 23
20190304 1313 15050 15050 14980 15050 18
20190304 1314 14985 15055 14985 14985 25
20190304 1315 15055 15060 14985 15055 23
20190304 1316 15055 15060 14985 15055 23
20190304 1317 14985 15060 14985 15060 25
20190304 1318 15055 15055 14985 15055 17
20190304 1319 15055 15055 14985 15055 16
20190304 1320 14985 15055 14985 15055 13
20190304 1321 15055 15055 14985 15015 31
20190304 1322 15055 15060 15015 15060 12
20190304 1323 15055 15055 15015 15055 11
20190304 1324 15015 15055 15015 15055 8
20190304 1325 15015 15055 15015 15015 17
20190304 1326 15015 15060 15015 15060 9
20190304 1327 15015 15015 15015 15015 7
20190304 1425 15050 15050 15050 15050 374
20190304 1431 15065 15065 15065 15065 951
20190305 901 15015 15015 15015 15015 2
20190305 906 14910 14910 14905 14905 22
20190305 907 14900 14900 14900 14900 20
20190305 908 14900 14900 14900 14900 21
20190305 909 14900 14900 14900 14900 41
20190305 910 14900 14900 14900 14900 20
20190305 911 14905 14905 14905 14905 21
20190305 912 14935 14935 14930 14930 20
20190305 913 14930 15010 14900 14900 42
20190305 914 15010 15010 14900 14900 22
20190305 915 14905 15010 14905 15010 21
20190305 916 14910 15010 14900 14900 43
20190305 917 15010 15010 14900 14900 22
20190305 918 14905 15010 14905 15010 22
20190305 919 14905 15010 14905 14905 44
20190305 920 14905 14905 14905 14905 21
20190305 921 15010 15010 14905 14905 22
20190305 922 15010 15010 15010 15010 1
20190305 923 15010 15010 15010 15010 1
20190305 924 15010 15010 15010 15010 1
20190305 925 15010 15010 15010 15010 1
20190305 926 15010 15010 15010 15010 1
20190305 940 14965 14965 14965 14965 12
20190305 1001 15010 15010 15010 15010 1
20190305 1011 15010 15010 15010 15010 47
20190305 1021 14995 14995 14995 14995 20
20190305 1025 14995 14995 14995 14995 16
20190305 1031 14995 14995 14995 14995 14
20190305 1041 15000 15000 15000 15000 35
20190305 1105 15000 15000 15000 15000 1
20190305 1113 15005 15005 15005 15005 45
20190305 1117 15000 15000 15000 15000 4
20190305 1124 15000 15000 15000 15000 43
20190305 1131 15000 15000 15000 15000 36
20190305 1141 15000 15000 15000 15000 28
20190305 1203 15000 15000 15000 15000 26
20190305 1212 15005 15005 15005 15005 2
20190305 1213 15005 15005 15005 15005 3
20190305 1214 15005 15005 15005 15005 1
20190305 1217 15000 15005 15000 15005 19
20190305 1221 15005 15005 15005 15005 46
20190305 1224 15000 15000 15000 15000 4
20190305 1225 15000 15000 15000 15000 1
20190305 1228 15000 15000 15000 15000 2
20190305 1229 15000 15000 15000 15000 1
20190305 1231 15000 15000 15000 15000 42
20190305 1232 15000 15000 15000 15000 1
20190305 1233 15000 15000 15000 15000 1
20190305 1234 15000 15000 15000 15000 169
20190305 1237 15005 15005 15005 15005 1
20190305 1238 14975 14975 14890 14890 90
20190305 1239 14990 14990 14990 14990 1
20190305 1303 14995 14995 14995 14995 2
20190305 1304 14995 14995 14995 14995 1
20190305 1305 14995 14995 14995 14995 6
20190305 1306 14995 14995 14995 14995 2
20190305 1307 14995 14995 14995 14995 7
20190305 1308 14995 14995 14995 14995 5
20190305 1309 14995 14995 14995 14995 7
20190305 1310 14995 15005 14995 15005 7
20190305 1311 15000 15005 15000 15005 7
20190305 1312 15010 15010 15010 15010 7
20190305 1313 15010 15010 15010 15010 8
20190305 1314 15010 15010 15010 15010 5
20190305 1315 15010 15010 15010 15010 7
20190305 1316 15010 15010 15005 15005 6
20190305 1317 15005 15005 15005 15005 7
20190305 1318 15005 15005 15005 15005 4
20190305 1319 15010 15010 15010 15010 3
20190305 1320 15005 15005 15005 15005 3
20190305 1321 15005 15005 15005 15005 3
20190305 1357 15005 15005 15005 15005 1
20190305 1409 15000 15000 15000 15000 1
20190306 909 14915 14915 14915 14915 1
20190306 911 14915 14915 14915 14915 31
20190306 920 14915 14915 14915 14915 59
20190306 1021 14875 14875 14875 14875 1
20190306 1031 14875 14875 14875 14875 1
20190306 1214 14915 14960 14915 14960 3
20190306 1217 14905 14905 14905 14905 13
20190306 1218 14905 14905 14905 14905 7
20190306 1219 14905 14905 14905 14905 6
20190306 1220 14905 14905 14905 14905 7
20190306 1221 14905 14935 14905 14935 13
20190306 1222 14935 14935 14935 14935 6
20190306 1223 14935 14935 14935 14935 7
20190306 1224 14935 14935 14850 14850 13
20190306 1225 14850 14850 14850 14850 6
20190306 1226 14850 14850 14850 14850 7
20190306 1227 14845 14845 14845 14845 6
20190306 1228 14845 14850 14845 14850 13
20190306 1229 14850 14850 14850 14850 7
20190306 1230 14850 14850 14850 14850 6
20190306 1231 14850 14850 14850 14850 7
20190306 1232 14880 14880 14880 14880 26
20190306 1237 14875 14875 14875 14875 1
20190306 1241 14875 14880 14875 14880 10
20190306 1303 14955 14955 14955 14955 1
20190306 1304 14955 14955 14955 14955 1
20190306 1305 14955 14955 14955 14955 1
20190306 1307 14955 14955 14955 14955 1
20190306 1308 14955 14955 14955 14955 1
20190306 1309 14955 14955 14955 14955 1
20190306 1310 14955 14955 14955 14955 1
20190306 1312 14955 14955 14955 14955 1
20190306 1313 14955 14955 14955 14955 1
20190306 1314 14955 14955 14955 14955 1
20190306 1315 14955 14955 14955 14955 1
20190306 1317 14955 14955 14955 14955 1
20190306 1321 14955 14955 14955 14955 44
20190306 1336 14945 14945 14945 14945 35
20190306 1421 14950 14950 14950 14950 5
20190306 1431 14950 14950 14950 14950 148
20190306 1441 14950 14950 14950 14950 144
20190306 1444 14920 14920 14885 14885 19
20190306 1445 14885 14885 14880 14880 18
20190306 1446 14880 14880 14880 14880 18
20190306 1447 14880 14880 14880 14880 37
20190306 1448 14880 14880 14880 14880 18
20190306 1449 14880 14880 14880 14880 19
20190306 1450 14880 14880 14880 14880 18
20190306 1451 14880 14880 14880 14880 37
20190306 1452 14880 14880 14880 14880 18
20190306 1453 14880 14880 14880 14880 18
20190306 1454 14880 14880 14880 14880 19
20190306 1455 14880 14880 14880 14880 36
20190306 1456 14880 14880 14880 14880 19
20190306 1457 14880 14880 14880 14880 18
20190306 1458 14880 14880 14880 14880 37
20190306 1459 14880 14880 14880 14880 18
20190306 1530 14945 14945 14945 14945 1
20190307 915 14815 14815 14815 14815 1
20190307 916 14815 14815 14815 14815 5
20190307 953 14750 14750 14750 14750 2
20190307 954 14715 14715 14715 14715 1
20190307 955 14715 14715 14710 14710 3
20190307 956 14710 14710 14710 14710 2
20190307 957 14710 14710 14710 14710 1
20190307 958 14710 14710 14710 14710 2
20190307 959 14710 14710 14710 14710 3
20190307 1000 14710 14710 14710 14710 1
20190307 1001 14710 14710 14710 14710 2
20190307 1002 14710 14710 14710 14710 3
20190307 1003 14710 14710 14710 14710 1
20190307 1004 14710 14710 14710 14710 2
20190307 1005 14710 14710 14710 14710 2
20190307 1006 14710 14710 14710 14710 4
20190307 1007 14710 14710 14710 14710 2
20190307 1008 14710 14710 14710 14710 2
20190307 1014 14785 14785 14785 14785 1
20190307 1027 14795 14795 14795 14795 4
20190307 1031 14795 14795 14795 14795 1
20190307 1047 14795 14795 14795 14795 1
20190307 1057 14795 14795 14795 14795 1
20190307 1159 14710 14710 14695 14695 30
20190307 1200 14695 14695 14680 14680 27
20190307 1201 14680 14680 14680 14680 13
20190307 1202 14685 14685 14685 14685 14
20190307 1203 14685 14685 14685 14685 14
20190307 1204 14685 14685 14680 14680 28
20190307 1205 14685 14685 14685 14685 14
20190307 1206 14685 14685 14685 14685 14
20190307 1207 14685 14685 14685 14685 14
20190307 1208 14685 14685 14685 14685 28
20190307 1209 14685 14685 14680 14680 14
20190307 1210 14680 14680 14680 14680 14
20190307 1211 14680 14710 14675 14675 28
20190307 1212 14675 14675 14675 14675 14
20190307 1213 14675 14675 14675 14675 14
20190307 1214 14675 14675 14675 14675 14
20190307 1218 14780 14780 14780 14780 6
20190307 1223 14705 14705 14675 14675 22
20190307 1259 14685 14685 14685 14685 1
20190307 1324 14715 14715 14685 14685 80
20190307 1403 14775 14775 14775 14775 2
20190307 1406 14700 14705 14700 14705 51
20190307 1418 14775 14775 14775 14775 3
20190307 1419 14775 14775 14775 14775 2
20190307 1420 14805 14805 14805 14805 5
20190307 1421 14805 14805 14805 14805 3
20190307 1422 14805 14805 14805 14805 2
20190307 1423 14805 14805 14805 14805 5
20190307 1424 14805 14805 14805 14805 3
20190307 1425 14805 14805 14805 14805 2
20190307 1426 14810 14810 14810 14810 3
20190307 1427 14810 14810 14810 14810 5
20190307 1428 14810 14810 14810 14810 2
20190307 1429 14810 14810 14810 14810 3
20190307 1430 14810 14810 14810 14810 2
20190307 1431 14810 14810 14810 14810 5
20190307 1435 14810 14810 14810 14810 2
20190307 1441 14810 14810 14810 14810 2
20190307 1510 14810 14810 14810 14810 1
20190308 1132 14775 14775 14775 14775 1
20190308 1136 14775 14775 14775 14775 1
20190308 1140 14775 14775 14775 14775 1
20190308 1144 14775 14775 14775 14775 1
20190308 1147 14775 14775 14775 14775 1
20190308 1148 14775 14775 14775 14775 1
20190308 1152 14775 14775 14775 14775 1
20190308 1156 14775 14775 14775 14775 1
20190308 1200 14775 14775 14775 14775 1
20190308 1204 14775 14775 14775 14775 1
20190308 1208 14775 14775 14775 14775 1
20190308 1210 14775 14775 14775 14775 3
20190308 1304 14785 14785 14785 14785 1
20190308 1307 14785 14785 14785 14785 1
20190308 1309 14785 14785 14785 14785 1
20190308 1312 14795 14795 14795 14795 1
20190308 1314 14795 14795 14795 14795 1
20190308 1317 14795 14795 14795 14795 1
20190308 1455 14750 14750 14750 14750 1
20190308 1459 14750 14750 14750 14750 1
20190308 1503 14710 14710 14710 14710 1
20190311 901 14705 14705 14705 14705 122
20190311 905 14640 14640 14640 14640 1
20190311 907 14650 14650 14650 14650 1
20190311 917 14705 14705 14705 14705 2
20190311 951 14665 14665 14665 14665 5
20190311 1007 14665 14665 14665 14665 10
20190311 1009 14660 14660 14660 14660 30
20190311 1011 14655 14655 14655 14655 30
20190311 1303 14695 14695 14695 14695 2
20190311 1304 14695 14695 14695 14695 1
20190311 1305 14695 14700 14695 14700 3
20190311 1306 14700 14700 14700 14700 3
20190311 1307 14700 14700 14700 14700 4
20190311 1308 14700 14705 14700 14705 55
20190311 1309 14705 14705 14705 14705 7
20190311 1310 14705 14705 14705 14705 6
20190311 1311 14705 14705 14705 14705 6
20190311 1312 14705 14705 14705 14705 8
20190311 1313 14705 14705 14705 14705 8
20190311 1314 14705 14705 14705 14705 9
20190311 1315 14705 14705 14705 14705 9
20190311 1316 14705 14705 14705 14705 32
20190311 1317 14705 14705 14705 14705 11
20190311 1318 14705 14705 14705 14705 8
20190311 1319 14705 14705 14705 14705 8
20190311 1320 14705 14705 14705 14705 9
20190311 1321 14705 14705 14705 14705 9
20190311 1322 14705 14705 14705 14705 5
20190311 1323 14705 14705 14635 14705 59
20190311 1324 14705 14705 14705 14705 3
20190311 1325 14705 14705 14705 14705 5
20190311 1326 14705 14705 14705 14705 2
20190311 1327 14705 14705 14705 14705 2
20190311 1328 14705 14705 14705 14705 4
20190311 1329 14705 14705 14705 14705 1
20190311 1330 14705 14705 14705 14705 3
20190311 1331 14705 14705 14705 14705 1
20190311 1332 14705 14705 14705 14705 1
20190311 1333 14705 14705 14705 14705 2
20190311 1448 14645 14645 14645 14645 1
20190312 1000 14830 14830 14830 14830 6
20190312 1042 14820 14820 14820 14820 1
20190312 1045 14820 14820 14820 14820 1
20190312 1047 14825 14825 14825 14825 1
20190312 1050 14820 14820 14820 14820 1
20190312 1052 14820 14820 14820 14820 1
20190312 1055 14825 14825 14825 14825 1
20190312 1122 14825 14825 14825 14825 1
20190312 1303 14815 14815 14815 14815 3
20190312 1304 14815 14815 14815 14815 2
20190312 1305 14815 14815 14815 14815 5
20190312 1306 14815 14815 14815 14815 2
20190312 1307 14815 14815 14815 14815 2
20190312 1308 14815 14815 14815 14815 4
20190312 1309 14815 14815 14815 14815 4
20190312 1310 14815 14815 14815 14815 4
20190312 1311 14815 14815 14815 14815 3
20190312 1312 14815 14815 14815 14815 2
20190312 1313 14815 14815 14815 14815 7
20190312 1314 14815 14815 14815 14815 2
20190312 1315 14815 14815 14815 14815 4
20190312 1316 14815 14815 14815 14815 3
20190312 1317 14815 14815 14815 14815 4
20190312 1358 14710 14715 14710 14715 27
20190312 1359 14715 14715 14710 14710 14
20190312 1400 14710 14710 14710 14710 13
20190312 1401 14710 14710 14710 14710 14
20190312 1402 14710 14710 14710 14710 27
20190312 1403 14710 14710 14710 14710 13
20190312 1404 14710 14710 14710 14710 14
20190312 1405 14710 14710 14710 14710 27
20190312 1406 14710 14710 14710 14710 13
20190312 1407 14710 14710 14710 14710 14
20190312 1408 14710 14710 14700 14700 13
20190312 1409 14700 14700 14700 14700 28
20190312 1410 14700 14700 14695 14695 14
20190312 1411 14695 14695 14695 14695 14
20190312 1418 14695 14695 14695 14695 28
20190312 1424 14690 14690 14690 14690 1
20190312 1425 14690 14690 14690 14690 1
20190312 1426 14690 14690 14690 14690 1
20190312 1427 14690 14690 14690 14690 1
20190312 1428 14690 14690 14690 14690 1
20190312 1429 14690 14690 14690 14690 1
20190312 1430 14690 14690 14690 14690 1
20190312 1432 14690 14690 14690 14690 1
20190312 1433 14690 14690 14690 14690 1
20190312 1434 14690 14690 14690 14690 1
20190312 1435 14690 14690 14690 14690 1
20190312 1436 14690 14690 14690 14690 1
20190312 1437 14690 14690 14690 14690 1
20190312 1438 14690 14690 14690 14690 1
20190312 1452 14805 14805 14805 14805 2
20190312 1530 14790 14790 14790 14790 1
20190313 906 14690 14690 14690 14690 1
20190313 909 14695 14695 14695 14695 1
20190313 910 14690 14690 14690 14690 6
20190313 911 14700 14700 14700 14700 1
20190313 913 14695 14695 14695 14695 1
20190313 916 14695 14695 14695 14695 1
20190313 918 14695 14695 14695 14695 1
20190313 1033 14650 14650 14650 14650 2
20190313 1105 14615 14615 14615 14615 1
20190313 1106 14610 14610 14610 14610 7
20190313 1107 14610 14610 14610 14610 7
20190313 1108 14615 14615 14615 14615 1
20190313 1114 14610 14610 14610 14610 13
20190313 1116 14610 14610 14610 14610 18
20190313 1117 14610 14610 14610 14610 18
20190313 1118 14610 14610 14610 14610 19
20190313 1121 14610 14610 14610 14610 57
20190313 1127 14650 14650 14650 14650 2
20190313 1129 14650 14650 14650 14650 2
20190313 1202 14650 14650 14650 14650 6
20190313 1254 14650 14650 14650 14650 4
20190313 1303 14650 14650 14650 14650 3
20190313 1304 14650 14650 14650 14650 1
20190313 1305 14650 14650 14650 14650 2
20190313 1306 14650 14650 14650 14650 2
20190313 1307 14650 14650 14650 14650 1
20190313 1308 14650 14650 14650 14650 3
20190313 1309 14650 14650 14650 14650 1
20190313 1310 14650 14650 14650 14650 2
20190313 1311 14650 14650 14650 14650 2
20190313 1312 14650 14650 14650 14650 1
20190313 1313 14650 14650 14650 14650 3
20190313 1314 14650 14650 14650 14650 1
20190313 1315 14650 14650 14650 14650 2
20190313 1316 14650 14650 14650 14650 1
20190313 1445 14650 14650 14650 14650 34
20190313 1447 14600 14600 14600 14600 96
20190313 1448 14600 14600 14600 14600 95
20190313 1449 14600 14600 14600 14600 191
20190313 1450 14600 14600 14600 14600 96
20190313 1451 14600 14650 14600 14650 97
20190313 1452 14600 14650 14600 14650 98
20190313 1453 14600 14600 14600 14600 192
20190313 1454 14600 14600 14600 14600 96
20190313 1455 14600 14600 14600 14600 96
20190313 1456 14600 14600 14600 14600 192
20190313 1500 14605 14605 14605 14605 224
20190313 1501 14605 14605 14605 14605 224
20190313 1502 14605 14605 14605 14605 224
20190313 1514 14650 14650 14650 14650 2
20190313 1530 14650 14650 14650 14650 3
20190314 901 14750 14750 14750 14750 40
20190314 1054 14800 14800 14800 14800 1
20190314 1303 14800 14800 14800 14800 1
20190314 1304 14800 14800 14800 14800 2
20190314 1305 14800 14800 14800 14800 1
20190314 1306 14800 14800 14800 14800 2
20190314 1307 14800 14800 14800 14800 1
20190314 1308 14800 14800 14800 14800 1
20190314 1309 14800 14800 14800 14800 2
20190314 1310 14800 14800 14800 14800 1
20190314 1311 14800 14800 14800 14800 2
20190314 1313 14800 14800 14800 14800 1
20190314 1314 14800 14800 14800 14800 2
20190314 1315 14800 14800 14800 14800 1
20190314 1316 14800 14800 14800 14800 2
20190314 1520 14785 14785 14785 14785 98
20190315 904 14725 14725 14725 14725 6
20190315 905 14725 14725 14725 14725 5
20190315 908 14725 14725 14725 14725 13
20190315 910 14730 14730 14730 14730 1
20190315 914 14725 14725 14725 14725 12
20190315 915 14725 14725 14725 14725 1
20190315 921 14720 14850 14720 14850 83
20190315 930 14720 14720 14720 14720 8
20190315 931 14720 14720 14720 14720 8
20190315 932 14720 14720 14720 14720 8
20190315 933 14725 14725 14725 14725 16
20190315 934 14725 14725 14725 14725 8
20190315 935 14725 14725 14725 14725 8
20190315 936 14725 14725 14725 14725 8
20190315 937 14725 14725 14725 14725 16
20190315 938 14725 14725 14725 14725 9
20190315 939 14725 14725 14725 14725 9
20190315 940 14725 14725 14725 14725 18
20190315 941 14725 14725 14725 14725 9
20190315 942 14725 14725 14725 14725 9
20190315 943 14725 14725 14725 14725 9
20190315 944 14720 14725 14720 14725 18
20190315 954 14845 14845 14845 14845 1
20190315 1000 14845 14845 14845 14845 1
20190315 1224 14830 14830 14830 14830 3
20190315 1239 14750 14750 14750 14750 18
20190315 1240 14745 14745 14745 14745 19
20190315 1241 14750 14750 14745 14745 37
20190315 1242 14745 14745 14745 14745 18
20190315 1243 14745 14745 14745 14745 19
20190315 1244 14750 14750 14745 14745 37
20190315 1245 14745 14745 14745 14745 18
20190315 1246 14745 14745 14745 14745 19
20190315 1247 14745 14745 14745 14745 18
20190315 1248 14745 14745 14745 14745 37
20190315 1249 14745 14745 14745 14745 19
20190315 1250 14745 14745 14745 14745 19
20190315 1251 14745 14750 14745 14750 38
20190315 1252 14750 14750 14750 14750 19
20190315 1253 14755 14755 14755 14755 19
20190315 1303 14855 14870 14855 14870 2
20190315 1304 14885 14885 14885 14885 3
20190315 1305 14885 14885 14880 14880 4
20190315 1306 14880 14880 14880 14880 3
20190315 1307 14880 14880 14870 14870 6
20190315 1308 14870 14880 14870 14875 7
20190315 1309 14875 14875 14875 14875 10
20190315 1310 14875 14875 14875 14875 9
20190315 1311 14880 14880 14880 14880 9
20190315 1312 14880 14880 14880 14880 14
20190315 1313 14880 14880 14880 14880 14
20190315 1314 14880 14880 14880 14880 12
20190315 1315 14880 14880 14880 14880 15
20190315 1316 14880 14880 14880 14880 13
20190315 1317 14880 14880 14880 14880 10
20190315 1318 14880 14880 14880 14880 10
20190315 1319 14880 14880 14880 14880 11
20190315 1320 14880 14880 14880 14880 11
20190315 1321 14880 14880 14880 14880 8
20190315 1322 14880 14880 14880 14880 7
20190315 1323 14880 14880 14880 14880 6
20190315 1324 14880 14880 14880 14880 2
20190315 1325 14885 14885 14885 14885 2
20190315 1326 14885 14885 14885 14885 1
20190315 1327 14885 14885 14885 14885 1
20190315 1530 14875 14875 14875 14875 1
20190318 906 14695 14695 14695 14695 4
20190318 907 14690 14690 14690 14690 3
20190318 908 14695 14695 14695 14695 4
20190318 909 14695 14695 14695 14695 3
20190318 910 14695 14695 14695 14695 4
20190318 911 14695 14695 14695 14695 3
20190318 912 14695 14695 14695 14695 4
20190318 913 14695 14695 14695 14695 3
20190318 914 14695 14695 14695 14695 4
20190318 915 14695 14695 14695 14695 3
20190318 916 14695 14695 14695 14695 4
20190318 917 14695 14695 14695 14695 4
20190318 918 14695 14695 14695 14695 4
20190318 919 14695 14695 14695 14695 4
20190318 920 14695 14695 14695 14695 4
20190318 921 14690 14690 14690 14690 4
20190318 922 14690 14690 14690 14690 4
20190318 923 14690 14690 14690 14690 8
20190318 924 14690 14690 14690 14690 4
20190318 935 14695 14695 14695 14695 1
20190318 944 14800 14800 14800 14800 1
20190318 1030 14800 14800 14800 14800 5
20190318 1118 14735 14735 14735 14735 1
20190318 1119 14710 14710 14705 14705 2
20190318 1157 14705 14705 14680 14680 20
20190318 1303 14765 14765 14765 14765 1
20190318 1304 14765 14765 14765 14765 2
20190318 1305 14765 14765 14765 14765 1
20190318 1306 14765 14765 14765 14765 1
20190318 1307 14765 14765 14765 14765 5
20190318 1308 14765 14765 14765 14765 2
20190318 1309 14765 14770 14765 14770 5
20190318 1310 14775 14775 14775 14775 3
20190318 1311 14775 14775 14775 14775 2
20190318 1312 14775 14785 14775 14785 6
20190318 1313 14785 14785 14785 14785 3
20190318 1314 14785 14785 14785 14785 3
20190318 1315 14785 14785 14785 14785 3
20190318 1316 14785 14790 14785 14790 3
20190318 1317 14790 14795 14790 14795 5
20190318 1318 14790 14790 14790 14790 2
20190318 1319 14795 14795 14795 14795 3
20190318 1320 14790 14790 14790 14790 1
20190318 1321 14795 14795 14795 14795 1
20190318 1322 14795 14795 14795 14795 1
20190318 1354 14790 14790 14790 14790 1
20190318 1356 14790 14790 14790 14790 1
20190318 1435 14685 14685 14685 14685 3
20190318 1436 14685 14685 14675 14675 6
20190318 1437 14675 14675 14665 14665 3
20190318 1438 14665 14665 14665 14665 3
20190318 1439 14665 14665 14665 14665 6
20190318 1440 14660 14660 14660 14660 2
20190318 1443 14650 14655 14650 14655 7
20190318 1449 14650 14650 14650 14650 15
20190318 1455 14645 14645 14645 14645 15
20190318 1508 14645 14645 14645 14645 6
20190318 1509 14645 14645 14645 14645 6
20190318 1510 14645 14645 14645 14645 9
20190318 1511 14645 14645 14645 14645 6
20190318 1512 14645 14645 14645 14645 9
20190318 1513 14645 14645 14645 14645 6
20190318 1514 14645 14645 14645 14645 9
20190318 1515 14645 14645 14645 14645 6
20190318 1516 14645 14645 14645 14645 3
20190318 1530 14755 14755 14755 14755 9
20190319 901 14775 14775 14775 14775 8
20190319 903 14780 14780 14780 14780 2
20190319 936 14800 14800 14800 14800 19
20190319 937 14800 14800 14795 14795 18
20190319 938 14795 14795 14785 14785 18
20190319 940 14785 14785 14785 14785 21
20190319 941 14785 14785 14785 14785 22
20190319 942 14785 14785 14785 14785 42
20190319 943 14780 14780 14780 14780 3
20190319 949 14890 14890 14890 14890 1
20190319 952 14775 14775 14770 14775 228
20190319 1031 14870 14870 14870 14870 1
20190319 1103 14770 14770 14770 14770 1
20190319 1104 14770 14770 14770 14770 2
20190319 1105 14770 14770 14770 14770 1
20190319 1106 14770 14770 14770 14770 1
20190319 1107 14770 14770 14770 14770 2
20190319 1108 14770 14770 14770 14770 1
20190319 1109 14770 14770 14770 14770 1
20190319 1110 14770 14770 14770 14770 3
20190319 1111 14770 14770 14770 14770 1
20190319 1112 14770 14770 14770 14770 1
20190319 1113 14770 14770 14765 14765 2
20190319 1114 14765 14765 14765 14765 1
20190319 1115 14765 14765 14765 14765 1
20190319 1116 14765 14765 14765 14765 4
20190319 1134 14770 14770 14770 14770 1
20190319 1135 14770 14770 14770 14770 15
20190319 1221 14780 14795 14780 14795 3
20190319 1303 14795 14795 14795 14795 3
20190319 1304 14795 14795 14795 14795 2
20190319 1305 14795 14860 14795 14860 2
20190319 1306 14860 14860 14860 14860 2
20190319 1307 14860 14860 14860 14860 2
20190319 1308 14860 14860 14860 14860 2
20190319 1309 14860 14860 14860 14860 2
20190319 1310 14860 14860 14860 14860 35
20190319 1311 14860 14860 14860 14860 4
20190319 1312 14860 14860 14860 14860 2
20190319 1313 14860 14860 14860 14860 2
20190319 1314 14860 14860 14860 14860 3
20190319 1315 14860 14860 14860 14860 2
20190319 1316 14860 14860 14860 14860 2
20190319 1317 14860 14860 14860 14860 1
20190319 1351 14780 14780 14780 14780 33
20190319 1429 14780 14780 14780 14780 30
20190319 1530 14865 14865 14865 14865 1
20190320 927 14790 14790 14790 14790 1
20190320 931 14790 14790 14785 14790 25
20190320 1000 14795 14795 14795 14795 1
20190320 1001 14795 14795 14795 14795 1
20190320 1003 14795 14795 14795 14795 1
20190320 1004 14795 14795 14795 14795 1
20190320 1005 14795 14795 14795 14795 1
20190320 1006 14795 14795 14795 14795 1
20190320 1007 14795 14795 14795 14795 1
20190320 1008 14795 14795 14795 14795 1
20190320 1010 14805 14805 14805 14805 1
20190320 1011 14805 14805 14805 14805 1
20190320 1012 14775 14775 14775 14775 1
20190320 1013 14805 14805 14805 14805 1
20190320 1014 14805 14805 14805 14805 1
20190320 1033 14805 14805 14805 14805 1
20190320 1036 14805 14805 14805 14805 1
20190320 1038 14805 14805 14805 14805 1
20190320 1041 14805 14805 14805 14805 1
20190320 1043 14805 14805 14805 14805 1
20190320 1046 14805 14805 14805 14805 1
20190320 1156 14800 14800 14800 14800 6
20190320 1212 14800 14800 14800 14800 53
20190320 1303 14805 14805 14805 14805 1
20190320 1304 14805 14805 14805 14805 3
20190320 1305 14805 14805 14805 14805 5
20190320 1306 14805 14805 14805 14805 10
20190320 1307 14810 14810 14810 14810 13
20190320 1308 14810 14810 14805 14805 15
20190320 1309 14805 14805 14805 14805 17
20190320 1310 14805 14805 14805 14805 20
20190320 1311 14805 14810 14805 14810 14
20190320 1312 14810 14810 14805 14805 20
20190320 1313 14805 14805 14805 14805 16
20190320 1314 14805 14805 14805 14805 23
20190320 1315 14805 14805 14805 14805 17
20190320 1316 14805 14805 14805 14805 17
20190320 1317 14805 14805 14805 14805 24
20190320 1318 14805 14805 14805 14805 14
20190320 1319 14805 14805 14805 14805 18
20190320 1320 14805 14810 14805 14810 11
20190320 1321 14805 14805 14805 14805 6
20190320 1322 14805 14805 14805 14805 5
20190320 1323 14805 14805 14805 14805 1
20190320 1325 14805 14805 14805 14805 2
20190320 1327 14805 14805 14805 14805 2
20190320 1331 14805 14805 14805 14805 33
20190320 1409 14735 14735 14690 14690 250
20190320 1530 14720 14720 14720 14720 20
20190321 907 14660 14660 14660 14660 1
20190321 911 14655 14655 14655 14655 13
20190321 920 14660 14660 14660 14660 2
20190321 1001 14645 14645 14645 14645 11
20190321 1303 14675 14675 14675 14675 5
20190321 1304 14675 14675 14675 14675 4
20190321 1305 14675 14675 14675 14675 10
20190321 1306 14675 14675 14675 14675 7
20190321 1307 14675 14675 14675 14675 8
20190321 1308 14675 14675 14675 14675 13
20190321 1309 14675 14675 14675 14675 12
20190321 1310 14675 14675 14675 14675 15
20190321 1311 14675 14675 14675 14675 12
20190321 1312 14675 14675 14675 14675 17
20190321 1313 14675 14675 14675 14675 14
20190321 1314 14675 14675 14675 14675 10
20190321 1315 14675 14690 14675 14685 16
20190321 1316 14685 14690 14685 14685 15
20190321 1317 14685 14685 14685 14685 9
20190321 1318 14685 14690 14685 14685 9
20190321 1319 14685 14685 14680 14680 5
20190321 1320 14680 14690 14680 14685 9
20190321 1321 14685 14685 14685 14685 5
20190321 1322 14685 14685 14685 14685 3
20190321 1323 14685 14685 14685 14685 3
20190321 1346 14625 14625 14625 14625 10
20190321 1356 14595 14595 14595 14595 10
20190321 1357 14625 14625 14625 14625 1
20190321 1406 14625 14625 14625 14625 10
20190321 1411 14655 14680 14655 14680 21
20190321 1420 14680 14680 14680 14680 14
20190321 1421 14590 14590 14590 14590 15
20190321 1425 14620 14620 14620 14620 10
20190321 1431 14620 14620 14620 14620 15
20190321 1441 14655 14680 14650 14680 16
20190321 1443 14680 14680 14680 14680 48
20190322 1015 14820 14820 14820 14820 6
20190322 1033 14820 14820 14820 14820 1
20190322 1218 14745 14745 14745 14745 18
20190322 1305 14820 14820 14820 14820 1
20190322 1306 14820 14820 14820 14820 4
20190322 1307 14820 14820 14820 14820 2
20190322 1308 14820 14820 14820 14820 2
20190322 1309 14820 14820 14820 14820 2
20190322 1310 14820 14820 14820 14820 2
20190322 1311 14820 14820 14820 14820 2
20190322 1312 14820 14820 14820 14820 2
20190322 1313 14820 14820 14820 14820 4
20190322 1314 14820 14820 14820 14820 2
20190322 1315 14830 14830 14830 14830 2
20190322 1316 14830 14830 14750 14830 12
20190322 1317 14830 14830 14830 14830 3
20190322 1318 14830 14830 14830 14830 2
20190322 1319 14830 14830 14830 14830 1
20190322 1328 14750 14750 14750 14750 12
20190322 1344 14750 14750 14750 14750 1
20190322 1530 14830 14830 14830 14830 2
20190325 912 14560 14560 14560 14560 1
20190325 1014 14605 14605 14605 14605 1
20190325 1017 14600 14600 14600 14600 1
20190325 1019 14600 14600 14600 14600 1
20190325 1022 14600 14600 14600 14600 1
20190325 1024 14600 14600 14600 14600 1
20190325 1027 14600 14600 14600 14600 1
20190325 1028 14480 14480 14475 14475 2
20190325 1029 14475 14475 14475 14475 2
20190325 1030 14475 14475 14475 14475 1
20190325 1033 14475 14475 14475 14475 2
20190325 1039 14475 14475 14475 14475 5
20190325 1042 14475 14475 14475 14475 11
20190325 1045 14475 14475 14465 14465 9
20190325 1046 14465 14465 14465 14465 2
20190325 1053 14590 14590 14590 14590 1
20190325 1055 14590 14590 14590 14590 1
20190325 1058 14590 14590 14590 14590 1
20190325 1100 14590 14590 14590 14590 1
20190325 1103 14575 14575 14575 14575 1
20190325 1105 14575 14575 14575 14575 1
20190325 1110 14465 14465 14460 14460 2
20190325 1114 14570 14570 14570 14570 1
20190325 1117 14460 14460 14460 14460 10
20190325 1125 14455 14455 14455 14455 125
20190325 1126 14455 14455 14455 14455 441
20190325 1127 14455 14455 14455 14455 63
20190325 1224 14455 14455 14455 14455 1
20190325 1236 14455 14455 14455 14455 1
20190325 1304 14570 14570 14570 14570 1
20190325 1305 14575 14575 14575 14575 1
20190325 1306 14570 14570 14570 14570 1
20190325 1307 14570 14570 14570 14570 1
20190325 1308 14570 14570 14570 14570 3
20190325 1309 14575 14575 14575 14575 3
20190325 1310 14575 14575 14575 14575 5
20190325 1311 14585 14595 14585 14590 6
20190325 1312 14590 14595 14590 14590 6
20190325 1313 14590 14595 14590 14590 6
20190325 1314 14595 14595 14595 14595 7
20190325 1315 14595 14595 14595 14595 8
20190325 1316 14595 14595 14595 14595 17
20190325 1317 14595 14595 14595 14595 11
20190325 1318 14595 14595 14595 14595 14
20190325 1319 14595 14595 14595 14595 13
20190325 1320 14595 14595 14595 14595 14
20190325 1321 14595 14595 14595 14595 19
20190325 1322 14595 14595 14595 14595 13
20190325 1323 14595 14600 14595 14595 14
20190325 1324 14595 14595 14595 14595 13
20190325 1325 14595 14595 14595 14595 11
20190325 1326 14600 14600 14595 14600 14
20190325 1327 14595 14600 14595 14595 11
20190325 1328 14595 14600 14595 14595 13
20190325 1329 14595 14600 14595 14595 10
20190325 1330 14595 14595 14595 14595 8
20190325 1331 14595 14595 14595 14595 7
20190325 1332 14595 14600 14595 14600 5
20190325 1333 14600 14605 14600 14605 4
20190325 1334 14605 14605 14600 14600 5
20190325 1335 14600 14600 14600 14600 4
20190325 1336 14600 14600 14600 14600 4
20190325 1337 14600 14600 14600 14600 3
20190325 1338 14600 14600 14600 14600 2
20190325 1339 14595 14600 14595 14600 2
20190325 1340 14600 14600 14600 14600 1
20190325 1341 14600 14600 14600 14600 1
20190325 1351 14600 14600 14600 14600 1
20190325 1530 14580 14580 14580 14580 1
20190326 911 14480 14480 14480 14480 21
20190326 912 14480 14480 14480 14480 10
20190326 913 14480 14480 14480 14480 10
20190326 914 14480 14480 14480 14480 21
20190326 915 14480 14480 14480 14480 10
20190326 916 14475 14475 14475 14475 10
20190326 917 14475 14475 14475 14475 21
20190326 918 14475 14475 14475 14475 10
20190326 919 14475 14475 14475 14475 10
20190326 920 14475 14475 14475 14475 21
20190326 921 14475 14475 14475 14475 10
20190326 922 14475 14475 14475 14475 11
20190326 925 14600 14600 14600 14600 1
20190326 926 14600 14600 14600 14600 1
20190326 928 14600 14600 14600 14600 1
20190326 930 14600 14600 14600 14600 1
20190326 932 14475 14475 14475 14475 3
20190326 933 14475 14600 14475 14600 3
20190326 935 14600 14600 14600 14600 1
20190326 936 14475 14475 14475 14475 1
20190326 938 14600 14600 14600 14600 1
20190326 942 14475 14505 14475 14505 7
20190326 945 14505 14505 14505 14505 1
20190326 1011 14480 14480 14480 14480 5
20190326 1057 14480 14480 14470 14470 15
20190326 1111 14470 14470 14470 14470 5
20190326 1211 14470 14470 14470 14470 5
20190326 1220 14500 14500 14500 14500 3
20190326 1225 14580 14580 14580 14580 1
20190326 1231 14585 14585 14585 14585 4
20190326 1303 14570 14570 14570 14570 1
20190326 1304 14570 14570 14570 14570 1
20190326 1305 14590 14590 14590 14590 3
20190326 1306 14590 14590 14590 14590 2
20190326 1307 14590 14590 14590 14590 1
20190326 1308 14590 14595 14590 14595 20
20190326 1309 14595 14595 14595 14595 33
20190326 1310 14595 14600 14595 14595 21
20190326 1311 14595 14600 14465 14465 35
20190326 1312 14595 14600 14595 14595 56
20190326 1313 14595 14600 14595 14595 33
20190326 1314 14600 14605 14600 14600 29
20190326 1315 14595 14600 14595 14600 32
20190326 1316 14600 14605 14600 14600 57
20190326 1317 14595 14600 14595 14595 28
20190326 1318 14595 14595 14595 14595 31
20190326 1319 14595 14595 14595 14595 37
20190326 1320 14595 14595 14595 14595 46
20190326 1321 14600 14600 14600 14600 12
20190326 1322 14600 14600 14600 14600 12
20190326 1323 14600 14605 14600 14600 24
20190326 1324 14600 14600 14600 14600 11
20190326 1335 14600 14600 14600 14600 14
20190326 1337 14600 14600 14600 14600 1
20190326 1411 14555 14555 14555 14555 1
20190326 1421 14600 14600 14600 14600 10
20190326 1450 14505 14505 14505 14505 5
20190326 1456 14590 14590 14590 14590 1
20190326 1517 14565 14565 14565 14565 9
20190326 1530 14620 14620 14620 14620 1
20190327 908 14620 14620 14620 14620 3
20190327 918 14625 14625 14605 14605 3
20190327 1040 14725 14725 14725 14725 1
20190327 1112 14725 14725 14635 14635 4
20190327 1116 14605 14605 14605 14605 22
20190327 1120 14605 14605 14605 14605 32
20190327 1133 14590 14590 14590 14590 288
20190327 1252 14600 14600 14600 14600 1
20190327 1304 14720 14720 14720 14720 1
20190327 1306 14720 14720 14720 14720 1
20190327 1307 14720 14720 14720 14720 3
20190327 1308 14720 14720 14720 14720 2
20190327 1309 14720 14720 14720 14720 3
20190327 1310 14720 14720 14720 14720 1
20190327 1311 14720 14720 14720 14720 3
20190327 1312 14720 14730 14720 14730 2
20190327 1313 14730 14730 14730 14730 1
20190327 1314 14730 14730 14730 14730 3
20190327 1315 14730 14730 14730 14730 3
20190327 1316 14730 14730 14730 14730 2
20190327 1317 14730 14730 14730 14730 2
20190327 1318 14730 14730 14730 14730 1
20190327 1319 14730 14730 14730 14730 3
20190327 1320 14730 14730 14730 14730 1
20190327 1530 14725 14725 14725 14725 1
20190328 906 14665 14665 14665 14665 9
20190328 907 14670 14670 14670 14670 16
20190328 908 14665 14665 14665 14665 18
20190328 909 14665 14665 14660 14660 34
20190328 910 14665 14665 14660 14660 16
20190328 911 14665 14665 14665 14665 18
20190328 912 14690 14690 14665 14665 25
20190328 913 14665 14665 14665 14665 26
20190328 914 14665 14665 14665 14665 18
20190328 915 14665 14675 14665 14675 25
20190328 916 14675 14675 14675 14675 26
20190328 917 14675 14675 14675 14675 17
20190328 918 14675 14675 14675 14675 17
20190328 919 14675 14675 14660 14660 25
20190328 920 14660 14660 14660 14660 26
20190328 921 14660 14660 14660 14660 17
20190328 930 14655 14655 14655 14655 63
20190328 1133 14735 14735 14735 14735 1
20190328 1226 14660 14660 14660 14660 1
20190328 1237 14730 14730 14730 14730 1
20190328 1242 14660 14660 14660 14660 18
20190328 1245 14730 14730 14730 14730 1
20190328 1303 14730 14730 14730 14730 1
20190328 1304 14730 14730 14730 14730 1
20190328 1305 14730 14730 14660 14660 2
20190328 1306 14730 14730 14730 14730 2
20190328 1307 14730 14730 14730 14730 3
20190328 1308 14730 14730 14730 14730 2
20190328 1309 14655 14730 14655 14730 3
20190328 1310 14730 14730 14730 14730 2
20190328 1311 14730 14730 14730 14730 2
20190328 1312 14730 14735 14730 14735 3
20190328 1313 14655 14770 14655 14770 29
20190328 1314 14770 14770 14645 14770 28
20190328 1315 14770 14770 14765 14765 2
20190328 1316 14765 14765 14765 14765 1
20190328 1317 14765 14765 14650 14765 4
20190328 1318 14765 14765 14765 14765 1
20190328 1319 14765 14765 14765 14765 1
20190328 1320 14650 14650 14650 14650 1
20190328 1500 14650 14650 14650 14650 5
20190329 938 14735 14735 14735 14735 1
20190329 941 14730 14730 14730 14730 5
20190329 948 14855 14855 14855 14855 20
20190329 1011 14740 14740 14740 14740 5
20190329 1012 14770 14770 14770 14770 1
20190329 1021 14750 14750 14750 14750 5
20190329 1057 14755 14755 14755 14755 1
20190329 1058 14850 14850 14850 14850 1
20190329 1111 14755 14755 14755 14755 1
20190329 1121 14750 14750 14750 14750 5
20190329 1211 14750 14750 14750 14750 5
20190329 1221 14750 14750 14750 14750 5
20190329 1233 14845 14845 14845 14845 3
20190329 1245 14760 14760 14760 14760 5
20190329 1254 14830 14830 14825 14825 2
20190329 1304 14830 14830 14830 14830 2
20190329 1305 14830 14830 14830 14830 1
20190329 1306 14830 14830 14830 14830 2
20190329 1307 14830 14830 14830 14830 1
20190329 1308 14830 14830 14830 14830 1
20190329 1309 14830 14830 14830 14830 2
20190329 1310 14830 14830 14830 14830 1
20190329 1311 14750 14835 14750 14835 7
20190329 1312 14835 14835 14835 14835 1
20190329 1313 14835 14835 14835 14835 1
20190329 1314 14835 14835 14835 14835 1
20190329 1315 14835 14835 14835 14835 1
20190329 1316 14835 14835 14835 14835 2
20190329 1317 14835 14835 14835 14835 1
20190329 1321 14750 14750 14750 14750 5
20190329 1331 14835 14835 14835 14835 1
20190329 1411 14765 14765 14755 14755 5
20190329 1413 14830 14830 14830 14830 1
20190329 1421 14755 14755 14755 14755 5
20190329 1447 14830 14830 14830 14830 1
20190329 1458 14795 14795 14765 14765 8
20190329 1530 14730 14730 14730 14730 186
