날짜 시간 시가 고가 저가 종가 거래량
20180102 1008 14185 14185 14185 14185 38
20180102 1009 14190 14190 14190 14190 38
20180102 1010 14185 14185 14185 14185 76
20180102 1011 14180 14180 14180 14180 38
20180102 1012 14180 14180 14180 14180 76
20180102 1013 14180 14180 14180 14180 76
20180102 1014 14180 14180 14180 14180 37
20180102 1015 14185 14185 14180 14180 74
20180102 1016 14180 14180 14180 14180 37
20180102 1017 14175 14175 14175 14175 74
20180102 1018 14175 14175 14175 14175 37
20180102 1019 14175 14180 14175 14180 74
20180102 1020 14185 14185 14185 14185 35
20180102 1021 14185 14185 14185 14185 35
20180102 1022 14185 14185 14185 14185 35
20180102 1025 14185 14185 14185 14185 10
20180102 1030 14185 14185 14185 14185 28
20180102 1105 14185 14185 14180 14180 2
20180102 1106 14180 14180 14180 14180 1
20180102 1107 14180 14180 14180 14180 2
20180102 1108 14180 14180 14180 14180 3
20180102 1109 14180 14180 14180 14180 2
20180102 1110 14180 14180 14180 14180 11
20180102 1111 14165 14165 14165 14165 1
20180102 1112 14165 14165 14165 14165 3
20180102 1113 14165 14165 14165 14165 2
20180102 1114 14165 14165 14165 14165 2
20180102 1115 14165 14165 14165 14165 4
20180102 1116 14165 14165 14165 14165 2
20180102 1117 14170 14170 14170 14170 13
20180102 1118 14170 14175 14170 14175 9
20180102 1119 14175 14175 14175 14175 7
20180102 1120 14170 14180 14170 14180 7
20180102 1121 14180 14180 14180 14180 2
20180102 1122 14180 14180 14180 14180 4
20180102 1123 14180 14180 14180 14180 2
20180102 1124 14180 14180 14180 14180 2
20180102 1125 14180 14180 14180 14180 2
20180102 1136 14180 14180 14180 14180 7
20180102 1205 14175 14175 14175 14175 1
20180102 1207 14170 14170 14170 14170 1
20180102 1209 14170 14170 14170 14170 1
20180102 1211 14165 14165 14165 14165 1
20180102 1213 14165 14165 14165 14165 1
20180102 1215 14165 14165 14165 14165 1
20180102 1222 14155 14155 14155 14155 2
20180102 1228 14155 14155 14155 14155 6
20180102 1232 14150 14150 14150 14150 8
20180102 1252 14180 14180 14180 14180 1
20180102 1257 14250 14250 14250 14250 1
20180102 1259 14250 14250 14250 14250 1
20180102 1302 14250 14250 14250 14250 1
20180102 1304 14250 14250 14250 14250 5
20180102 1307 14255 14255 14255 14255 1
20180102 1309 14255 14255 14255 14255 1
20180102 1310 14255 14255 14255 14255 29
20180102 1312 14255 14255 14255 14255 1
20180102 1318 14250 14250 14250 14250 2
20180102 1319 14250 14250 14250 14250 4
20180102 1320 14250 14250 14250 14250 3
20180102 1321 14250 14255 14250 14255 4
20180102 1322 14250 14250 14250 14250 3
20180102 1323 14250 14250 14250 14250 36
20180102 1324 14250 14250 14250 14250 46
20180102 1325 14250 14250 14250 14250 49
20180102 1326 14250 14250 14250 14250 52
20180102 1327 14250 14250 14250 14250 38
20180102 1328 14250 14250 14250 14250 48
20180102 1329 14250 14250 14250 14250 46
20180102 1330 14250 14250 14250 14250 40
20180102 1331 14250 14250 14250 14250 43
20180102 1332 14250 14250 14250 14250 16
20180102 1333 14250 14250 14250 14250 9
20180102 1334 14250 14250 14250 14250 1
20180102 1342 14250 14250 14250 14250 8
20180102 1413 14240 14240 14240 14240 10
20180102 1423 14230 14230 14230 14230 10
20180102 1530 14235 14235 14235 14235 3
20180103 916 14275 14275 14275 14275 10
20180103 917 14275 14275 14275 14275 20
20180103 919 14275 14275 14275 14275 35
20180103 923 14275 14275 14275 14275 4
20180103 928 14355 14355 14355 14355 1
20180103 930 14255 14255 14255 14255 14
20180103 931 14260 14260 14260 14260 1
20180103 943 14265 14265 14265 14265 30
20180103 1006 14260 14260 14260 14260 7
20180103 1039 14280 14280 14280 14280 2
20180103 1045 14280 14280 14280 14280 20
20180103 1108 14280 14280 14280 14280 10
20180103 1241 14290 14295 14290 14295 7
20180103 1305 14325 14365 14325 14365 9
20180103 1306 14365 14365 14365 14365 9
20180103 1307 14365 14365 14355 14365 15
20180103 1308 14365 14365 14365 14365 7
20180103 1309 14365 14365 14365 14365 13
20180103 1310 14365 14365 14365 14365 7
20180103 1311 14365 14365 14365 14365 7
20180103 1312 14365 14365 14365 14365 13
20180103 1313 14365 14365 14365 14365 7
20180103 1314 14365 14365 14365 14365 13
20180103 1315 14365 14365 14365 14365 7
20180103 1316 14365 14365 14365 14365 13
20180103 1317 14365 14365 14365 14365 2
20180103 1413 14365 14365 14365 14365 2
20180103 1414 14365 14365 14365 14365 1
20180103 1415 14365 14365 14365 14365 1
20180103 1416 14365 14365 14365 14365 1
20180103 1417 14365 14365 14365 14365 2
20180103 1418 14365 14365 14365 14365 1
20180103 1419 14365 14365 14365 14365 1
20180103 1420 14365 14365 14365 14365 2
20180103 1421 14365 14365 14365 14365 1
20180103 1422 14365 14365 14365 14365 1
20180103 1423 14365 14365 14365 14365 2
20180103 1424 14365 14365 14365 14365 1
20180103 1425 14365 14365 14365 14365 1
20180103 1447 14255 14255 14255 14255 1
20180103 1530 14365 14365 14365 14365 1
20180104 1127 14435 14435 14435 14435 4
20180104 1128 14435 14435 14435 14435 2
20180104 1129 14435 14435 14435 14435 2
20180104 1130 14465 14465 14465 14465 4
20180104 1131 14465 14465 14465 14465 2
20180104 1132 14465 14465 14465 14465 4
20180104 1133 14465 14465 14465 14465 2
20180104 1134 14465 14465 14465 14465 2
20180104 1135 14465 14465 14465 14465 4
20180104 1136 14470 14470 14470 14470 2
20180104 1139 14470 14470 14470 14470 6
20180104 1303 14460 14460 14460 14460 2
20180104 1305 14460 14460 14460 14460 1
20180104 1306 14460 14460 14460 14460 2
20180104 1308 14455 14455 14455 14455 2
20180104 1309 14455 14455 14455 14455 1
20180104 1311 14455 14455 14455 14455 2
20180104 1312 14455 14455 14455 14455 1
20180104 1313 14455 14455 14455 14455 2
20180104 1315 14455 14455 14455 14455 2
20180104 1316 14460 14460 14460 14460 1
20180104 1400 14415 14415 14330 14330 44
20180104 1401 14335 14335 14330 14330 43
20180104 1402 14330 14330 14330 14330 44
20180104 1403 14335 14335 14335 14335 88
20180104 1404 14335 14335 14335 14335 44
20180104 1405 14335 14335 14335 14335 44
20180104 1406 14335 14335 14335 14335 88
20180104 1407 14335 14335 14330 14330 44
20180104 1408 14330 14330 14330 14330 44
20180104 1409 14335 14335 14330 14330 88
20180104 1410 14330 14330 14330 14330 44
20180104 1411 14330 14330 14330 14330 44
20180104 1412 14330 14330 14325 14325 88
20180104 1413 14325 14330 14325 14330 59
20180104 1414 14325 14325 14325 14325 44
20180104 1415 14325 14325 14325 14325 44
20180104 1456 14315 14315 14315 14315 7
20180104 1530 14310 14310 14310 14310 7
20180105 904 14335 14335 14335 14335 10
20180105 905 14410 14410 14410 14410 10
20180105 906 14410 14410 14405 14405 16
20180105 907 14405 14405 14405 14405 8
20180105 908 14405 14405 14405 14405 8
20180105 909 14405 14405 14405 14405 8
20180105 910 14400 14400 14400 14400 16
20180105 911 14400 14400 14400 14400 8
20180105 912 14395 14395 14395 14395 8
20180105 913 14395 14400 14395 14400 16
20180105 914 14400 14400 14400 14400 8
20180105 915 14395 14395 14395 14395 8
20180105 916 14395 14395 14395 14395 8
20180105 917 14400 14400 14395 14395 16
20180105 918 14395 14395 14395 14395 8
20180105 919 14395 14395 14395 14395 8
20180105 931 14390 14390 14390 14390 5
20180105 932 14390 14390 14390 14390 15
20180105 1143 14400 14515 14395 14515 201
20180105 1308 14500 14500 14500 14500 5
20180105 1309 14500 14505 14500 14505 28
20180105 1310 14505 14510 14505 14510 32
20180105 1311 14510 14510 14510 14510 18
20180105 1312 14510 14510 14505 14505 29
20180105 1313 14505 14510 14505 14510 20
20180105 1314 14510 14510 14510 14510 27
20180105 1315 14510 14510 14510 14510 25
20180105 1316 14510 14510 14510 14510 23
20180105 1317 14510 14510 14510 14510 19
20180105 1318 14515 14515 14510 14510 2
20180105 1319 14515 14515 14515 14515 1
20180105 1320 14510 14510 14510 14510 2
20180105 1321 14515 14515 14510 14510 2
20180105 1322 14510 14515 14510 14515 2
20180105 1346 14500 14500 14500 14500 1
20180105 1350 14400 14400 14385 14385 35
20180105 1351 14385 14385 14385 14385 103
20180105 1352 14385 14385 14385 14385 137
20180105 1353 14385 14385 14385 14385 103
20180105 1354 14385 14385 14385 14385 137
20180105 1355 14390 14390 14385 14385 103
20180105 1356 14390 14390 14390 14390 138
20180105 1357 14390 14390 14390 14390 103
20180105 1358 14390 14395 14390 14395 137
20180105 1359 14395 14395 14395 14395 103
20180105 1400 14390 14395 14390 14395 103
20180105 1401 14395 14400 14395 14400 137
20180105 1402 14405 14405 14400 14400 103
20180105 1403 14400 14400 14400 14400 138
20180105 1404 14400 14400 14400 14400 105
20180105 1405 14400 14400 14400 14400 35
20180105 1427 14405 14405 14405 14405 15
20180105 1428 14405 14405 14405 14405 8
20180105 1429 14405 14405 14405 14405 7
20180105 1430 14405 14405 14405 14405 8
20180105 1431 14405 14405 14405 14405 15
20180105 1432 14405 14405 14405 14405 7
20180105 1433 14405 14405 14405 14405 8
20180105 1434 14405 14405 14405 14405 16
20180105 1435 14405 14405 14405 14405 8
20180105 1436 14405 14405 14405 14405 8
20180105 1437 14405 14405 14405 14405 8
20180105 1438 14405 14490 14405 14405 17
20180105 1439 14405 14405 14405 14405 8
20180105 1440 14410 14410 14410 14410 8
20180105 1441 14405 14405 14405 14405 8
20180105 1442 14405 14405 14405 14405 8
20180105 1530 14415 14415 14415 14415 20
20180108 929 14510 14510 14510 14510 4
20180108 930 14510 14510 14505 14505 3
20180108 931 14505 14505 14505 14505 2
20180108 932 14505 14505 14505 14505 3
20180108 933 14505 14505 14505 14505 3
20180108 934 14505 14505 14505 14505 3
20180108 935 14555 14555 14505 14510 4
20180108 936 14510 14510 14510 14510 3
20180108 937 14510 14510 14510 14510 2
20180108 938 14510 14510 14510 14510 3
20180108 939 14510 14510 14510 14510 3
20180108 940 14510 14510 14510 14510 3
20180108 941 14510 14510 14510 14510 3
20180108 942 14510 14510 14510 14510 2
20180108 943 14510 14510 14510 14510 1
20180108 1036 14555 14555 14555 14555 4
20180108 1037 14560 14575 14560 14575 37
20180108 1038 14580 14580 14580 14580 2
20180108 1039 14605 14605 14605 14605 3
20180108 1104 14595 14670 14550 14670 199
20180108 1210 14625 14625 14625 14625 7
20180108 1211 14575 14575 14575 14575 4
20180108 1240 14580 14580 14575 14575 10
20180108 1244 14575 14575 14575 14575 4
20180108 1311 14635 14640 14635 14640 6
20180108 1312 14640 14650 14640 14650 27
20180108 1313 14650 14650 14650 14650 18
20180108 1314 14650 14650 14650 14650 16
20180108 1315 14650 14650 14650 14650 18
20180108 1316 14650 14650 14650 14650 12
20180108 1338 14650 14650 14650 14650 30
20180108 1513 14635 14650 14635 14650 200
20180108 1514 14650 14650 14650 14650 6
20180108 1520 14680 14680 14680 14680 1
20180108 1530 14680 14680 14680 14680 1101
20180109 909 14750 14750 14750 14750 416
20180109 939 14755 14755 14755 14755 5
20180109 940 14750 14750 14750 14750 100
20180109 1005 14750 14750 14750 14750 5
20180109 1021 14745 14760 14700 14760 197
20180109 1117 14670 14670 14665 14665 105
20180109 1118 14665 14665 14620 14620 314
20180109 1119 14625 14625 14620 14620 418
20180109 1120 14620 14620 14620 14620 315
20180109 1121 14620 14620 14615 14615 524
20180109 1122 14615 14620 14615 14620 558
20180109 1123 14620 14620 14620 14620 734
20180109 1124 14620 14625 14620 14620 873
20180109 1125 14620 14625 14620 14620 558
20180109 1126 14620 14620 14620 14620 908
20180109 1127 14620 14620 14620 14620 770
20180109 1128 14620 14620 14615 14615 839
20180109 1129 14620 14620 14615 14615 559
20180109 1130 14615 14625 14615 14620 840
20180109 1131 14620 14620 14620 14620 734
20180109 1132 14620 14620 14620 14620 455
20180109 1133 14620 14620 14620 14620 620
20180109 1134 14620 14620 14620 14620 420
20180109 1135 14620 14620 14620 14620 313
20180109 1136 14620 14620 14620 14620 245
20180109 1137 14620 14620 14620 14620 245
20180109 1206 14720 14720 14720 14720 1
20180109 1211 14620 14620 14620 14620 3
20180109 1251 14620 14620 14620 14620 2
20180109 1252 14620 14620 14620 14620 3
20180109 1253 14620 14620 14620 14620 1
20180109 1254 14620 14620 14620 14620 2
20180109 1255 14620 14620 14620 14620 4
20180109 1256 14620 14620 14620 14620 2
20180109 1257 14620 14620 14620 14620 2
20180109 1258 14620 14620 14620 14620 2
20180109 1259 14620 14620 14620 14620 4
20180109 1300 14620 14620 14620 14620 2
20180109 1301 14620 14620 14620 14620 2
20180109 1302 14620 14620 14620 14620 4
20180109 1303 14620 14700 14620 14700 3
20180109 1304 14620 14700 14620 14700 3
20180109 1305 14625 14700 14625 14700 3
20180109 1306 14625 14700 14625 14700 3
20180109 1307 14680 14680 14680 14680 1
20180109 1308 14675 14675 14675 14675 1
20180109 1309 14680 14725 14680 14725 41
20180109 1310 14710 14710 14710 14710 1
20180109 1311 14710 14710 14710 14710 1
20180109 1312 14710 14710 14710 14710 1
20180109 1313 14715 14715 14715 14715 1
20180109 1314 14710 14710 14710 14710 1
20180109 1316 14710 14710 14710 14710 1
20180109 1331 14710 14715 14710 14715 53
20180109 1420 14625 14625 14620 14620 6
20180109 1423 14620 14620 14620 14620 9
20180109 1424 14620 14620 14620 14620 16
20180109 1425 14620 14620 14620 14620 8
20180109 1426 14625 14625 14620 14620 9
20180109 1427 14620 14620 14620 14620 8
20180109 1428 14620 14620 14620 14620 16
20180109 1429 14620 14620 14620 14620 9
20180109 1430 14615 14615 14615 14615 8
20180109 1431 14615 14615 14615 14615 16
20180109 1432 14615 14615 14615 14615 9
20180109 1433 14615 14615 14615 14615 8
20180109 1434 14615 14615 14615 14615 16
20180109 1435 14615 14615 14615 14615 9
20180109 1436 14615 14615 14615 14615 8
20180109 1437 14615 14615 14615 14615 8
20180109 1438 14615 14615 14615 14615 8
20180109 1530 14685 14685 14685 14685 3
20180110 905 14695 14695 14695 14695 22
20180110 906 14700 14700 14700 14700 21
20180110 907 14700 14700 14700 14700 41
20180110 908 14780 14780 14780 14780 20
20180110 909 14780 14780 14780 14780 20
20180110 910 14785 14785 14780 14780 40
20180110 911 14775 14775 14775 14775 20
20180110 912 14775 14775 14775 14775 20
20180110 913 14775 14775 14770 14770 40
20180110 914 14775 14775 14775 14775 20
20180110 915 14780 14780 14780 14780 20
20180110 916 14785 14785 14770 14770 40
20180110 917 14800 14800 14770 14770 21
20180110 918 14770 14770 14770 14770 20
20180110 919 14770 14770 14770 14770 20
20180110 920 14770 14770 14765 14765 20
20180110 941 14800 14800 14800 14800 1
20180110 945 14800 14800 14800 14800 3
20180110 946 14860 14860 14860 14860 1
20180110 947 14860 14860 14860 14860 1
20180110 948 14845 14845 14845 14845 1
20180110 949 14845 14845 14845 14845 1
20180110 950 14845 14845 14845 14845 1
20180110 951 14845 14845 14845 14845 1
20180110 952 14845 14845 14845 14845 1
20180110 953 14845 14845 14845 14845 1
20180110 954 14845 14845 14845 14845 1
20180110 955 14845 14845 14845 14845 1
20180110 956 14830 14830 14830 14830 1
20180110 957 14825 14825 14825 14825 1
20180110 958 14825 14825 14825 14825 1
20180110 1016 14825 14825 14825 14825 1
20180110 1019 14825 14825 14825 14825 1
20180110 1037 14795 14795 14785 14785 14
20180110 1043 14785 14885 14765 14885 196
20180110 1108 14775 14775 14765 14765 513
20180110 1109 14765 14765 14765 14765 1023
20180110 1110 14765 14765 14765 14765 511
20180110 1111 14765 14765 14765 14765 512
20180110 1112 14760 14765 14760 14760 852
20180110 1113 14760 14760 14760 14760 682
20180110 1114 14765 14765 14765 14765 513
20180110 1115 14765 14765 14765 14765 511
20180110 1116 14765 14765 14765 14765 1024
20180110 1117 14765 14765 14765 14765 512
20180110 1118 14765 14765 14765 14765 511
20180110 1119 14765 14765 14760 14760 1023
20180110 1122 14760 14760 14760 14760 1024
20180110 1123 14755 14755 14755 14755 819
20180110 1124 14755 14755 14755 14755 205
20180110 1125 14755 14755 14755 14755 15
20180110 1308 14825 14880 14825 14880 29
20180110 1309 14880 14880 14880 14880 21
20180110 1310 14880 14880 14880 14880 13
20180110 1311 14880 14880 14880 14880 21
20180110 1312 14880 14880 14880 14880 19
20180110 1313 14875 14880 14875 14880 15
20180110 1314 14880 14880 14880 14880 19
20180110 1315 14880 14880 14880 14880 19
20180110 1316 14880 14880 14880 14880 13
20180110 1317 14880 14880 14880 14880 16
20180110 1318 14880 14880 14880 14880 6
20180110 1323 14880 14880 14880 14880 21
20180110 1324 14880 14880 14880 14880 36
20180110 1325 14880 14880 14880 14880 28
20180110 1326 14875 14875 14875 14875 6
20180110 1423 14870 14870 14870 14870 7
20180110 1444 14870 14870 14870 14870 1
20180110 1446 14870 14870 14870 14870 1
20180110 1449 14870 14870 14870 14870 1
20180110 1451 14870 14870 14870 14870 1
20180110 1454 14870 14870 14870 14870 1
20180110 1456 14870 14870 14870 14870 1
20180110 1508 14820 14820 14820 14820 1
20180110 1530 14870 14870 14870 14870 6
20180111 904 14675 14675 14675 14675 40
20180111 905 14755 14755 14755 14755 40
20180111 906 14760 14760 14750 14750 80
20180111 907 14755 14755 14750 14750 40
20180111 908 14755 14755 14755 14755 40
20180111 909 14755 14755 14750 14750 80
20180111 910 14750 14750 14750 14750 40
20180111 911 14750 14750 14750 14750 40
20180111 912 14755 14755 14750 14750 80
20180111 913 14750 14750 14750 14750 40
20180111 914 14750 14750 14750 14750 39
20180111 915 14750 14750 14750 14750 78
20180111 916 14750 14750 14750 14750 39
20180111 917 14750 14750 14750 14750 39
20180111 918 14755 14755 14755 14755 38
20180111 919 14765 14765 14765 14765 38
20180111 929 14835 14835 14835 14835 5
20180111 1146 14835 14835 14835 14835 1
20180111 1148 14835 14835 14835 14835 1
20180111 1151 14835 14835 14835 14835 1
20180111 1153 14835 14835 14785 14785 7
20180111 1154 14785 14785 14780 14780 5
20180111 1155 14780 14780 14780 14780 5
20180111 1156 14835 14835 14780 14780 12
20180111 1157 14780 14780 14780 14780 5
20180111 1158 14780 14835 14780 14835 7
20180111 1159 14775 14775 14765 14765 5
20180111 1210 14750 14750 14750 14750 3
20180111 1247 14765 14765 14765 14765 4
20180111 1248 14765 14765 14765 14765 3
20180111 1249 14765 14765 14760 14760 7
20180111 1250 14760 14760 14760 14760 4
20180111 1251 14760 14760 14760 14760 3
20180111 1252 14760 14760 14760 14760 7
20180111 1253 14760 14760 14760 14760 4
20180111 1254 14755 14755 14755 14755 3
20180111 1255 14750 14750 14750 14750 8
20180111 1256 14750 14750 14750 14750 4
20180111 1257 14750 14750 14750 14750 4
20180111 1258 14755 14755 14755 14755 8
20180111 1259 14755 14755 14755 14755 4
20180111 1300 14755 14755 14755 14755 4
20180111 1301 14755 14755 14755 14755 4
20180111 1302 14755 14755 14755 14755 4
20180111 1305 14830 14835 14830 14835 10
20180111 1306 14835 14840 14835 14840 11
20180111 1307 14840 14850 14840 14850 13
20180111 1308 14855 14880 14855 14880 13
20180111 1309 14880 14880 14880 14880 5
20180111 1310 14880 14880 14880 14880 13
20180111 1311 14880 14880 14880 14880 5
20180111 1312 14880 14880 14880 14880 13
20180111 1313 14880 14880 14880 14880 11
20180111 1314 14880 14880 14880 14880 1
20180111 1325 14775 14775 14770 14770 59
20180111 1326 14770 14770 14770 14770 7
20180111 1355 14890 14890 14890 14890 10
20180111 1451 14795 14795 14790 14790 346
20180111 1452 14790 14790 14790 14790 345
20180111 1453 14795 14795 14795 14795 346
20180111 1454 14795 14800 14795 14800 691
20180111 1455 14795 14795 14795 14795 346
20180111 1456 14795 14795 14795 14795 346
20180111 1457 14790 14790 14790 14790 692
20180111 1458 14795 14795 14795 14795 346
20180111 1459 14790 14790 14790 14790 346
20180111 1500 14790 14790 14790 14790 692
20180111 1501 14795 14795 14795 14795 346
20180111 1502 14795 14795 14795 14795 346
20180111 1503 14795 14795 14795 14795 692
20180111 1504 14795 14795 14795 14795 346
20180111 1505 14800 14800 14795 14795 346
20180111 1506 14790 14790 14790 14790 346
20180111 1530 14790 14790 14790 14790 20
20180112 901 14890 14890 14890 14890 2
20180112 917 14910 14940 14910 14940 600
20180112 924 14910 14945 14910 14945 1216
20180112 942 14890 14995 14890 14995 195
20180112 943 14995 14995 14995 14995 611
20180112 1003 15000 15000 15000 15000 1
20180112 1006 15000 15000 15000 15000 1
20180112 1008 15000 15000 15000 15000 1
20180112 1013 15000 15000 15000 15000 12
20180112 1015 15000 15000 15000 15000 1
20180112 1048 15000 15000 15000 15000 1
20180112 1120 14900 14970 14900 14970 2
20180112 1206 14985 14985 14985 14985 1
20180112 1211 14980 14980 14980 14980 93
20180112 1212 14980 14980 14980 14980 33
20180112 1240 14985 14985 14985 14985 84
20180112 1306 14980 14980 14980 14980 16
20180112 1307 14980 14980 14980 14980 17
20180112 1308 14980 14980 14980 14980 24
20180112 1309 14985 14985 14985 14985 24
20180112 1310 14985 14985 14985 14985 17
20180112 1311 14985 14985 14985 14985 24
20180112 1312 14985 14985 14980 14980 23
20180112 1313 14980 14980 14980 14980 15
20180112 1314 14980 14980 14980 14980 21
20180112 1315 14980 14980 14980 14980 4
20180112 1413 14970 14970 14970 14970 1
20180112 1439 14975 14975 14975 14975 5
20180112 1444 14980 14980 14980 14980 45
20180112 1500 14915 14915 14905 14905 43
20180112 1516 14890 14890 14865 14865 987
20180112 1530 14980 14980 14980 14980 1
20180115 907 15005 15005 15005 15005 718
20180115 908 15030 15030 15030 15030 2487
20180115 909 15060 15060 15060 15060 4
20180115 910 15060 15060 15060 15060 7
20180115 911 15060 15060 15060 15060 3
20180115 912 15060 15060 15060 15060 7
20180115 913 15060 15060 15060 15060 4
20180115 914 15060 15060 15060 15060 3
20180115 915 15060 15060 15060 15060 7
20180115 916 15060 15060 15060 15060 4
20180115 917 15060 15060 15055 15055 7
20180115 918 15055 15055 15055 15055 4
20180115 919 15050 15050 15050 15050 4
20180115 920 15045 15045 15045 15045 8
20180115 921 15045 15045 15045 15045 4
20180115 950 15045 15045 15045 15045 1
20180115 1000 15000 15000 14960 14960 240
20180115 1101 14960 14960 14960 14960 1
20180115 1213 14970 14970 14970 14970 3
20180115 1248 15045 15045 15045 15045 29
20180115 1249 15045 15045 15045 15045 18
20180115 1250 15045 15045 15045 15045 19
20180115 1251 15045 15045 15045 15045 37
20180115 1252 15045 15045 15045 15045 18
20180115 1253 15045 15045 15045 15045 19
20180115 1254 15045 15075 15045 15075 37
20180115 1255 15075 15075 15075 15075 18
20180115 1256 15075 15075 15075 15075 19
20180115 1257 15075 15080 15075 15080 37
20180115 1258 15080 15080 15080 15080 18
20180115 1259 15080 15080 15080 15080 19
20180115 1300 15080 15080 15080 15080 37
20180115 1301 15080 15080 15080 15080 16
20180115 1309 15085 15085 15085 15085 19
20180115 1310 15085 15085 15080 15080 14
20180115 1311 15080 15080 15080 15080 18
20180115 1312 15080 15080 15080 15080 20
20180115 1313 15080 15080 15080 15080 20
20180115 1314 15080 15080 15080 15080 18
20180115 1315 15080 15080 15080 15080 19
20180115 1316 15080 15080 15080 15080 17
20180115 1317 15080 15080 15075 15075 19
20180115 1318 15075 15080 15075 15080 14
20180115 1319 15080 15080 15080 15080 14
20180115 1320 15080 15080 15080 15080 7
20180115 1321 15080 15080 15080 15080 27
20180115 1322 15080 15080 15080 15080 22
20180115 1323 15080 15080 15075 15075 19
20180115 1324 15075 15075 15075 15075 24
20180115 1325 15075 15080 15075 15080 19
20180115 1326 15080 15080 15080 15080 22
20180115 1327 15080 15080 15080 15080 23
20180115 1328 15080 15080 15080 15080 19
20180115 1329 15075 15075 15075 15075 12
20180115 1330 15075 15080 15075 15080 3
20180115 1331 15080 15080 15080 15080 1
20180115 1332 15075 15075 15075 15075 3
20180115 1333 15080 15080 15080 15080 1
20180115 1334 15075 15075 15075 15075 1
20180115 1350 15075 15075 15075 15075 5
20180115 1357 15070 15070 15025 15025 24
20180115 1358 15075 15075 15075 15075 23
20180115 1414 15075 15075 15075 15075 1
20180115 1530 15085 15085 15085 15085 64
20180116 923 15110 15110 15110 15110 1
20180116 924 15110 15110 15110 15110 4
20180116 925 15110 15110 15110 15110 2
20180116 926 15110 15110 15110 15110 7
20180116 927 15110 15110 15110 15110 4
20180116 928 15115 15115 15110 15110 5
20180116 929 15110 15115 15110 15115 5
20180116 930 15110 15110 15110 15110 4
20180116 931 15115 15115 15115 15115 6
20180116 932 15115 15115 15110 15110 6
20180116 933 15110 15115 15110 15115 4
20180116 934 15115 15115 15110 15110 6
20180116 935 15110 15115 15110 15115 6
20180116 936 15115 15115 15115 15115 3
20180116 937 15115 15115 15115 15115 2
20180116 938 15115 15115 15115 15115 1
20180116 944 15070 15105 15070 15105 11
20180116 1027 15105 15105 15105 15105 97
20180116 1028 15130 15130 15130 15130 96
20180116 1108 15105 15105 15105 15105 1
20180116 1117 15110 15110 15110 15110 7
20180116 1118 15110 15110 15110 15110 37
20180116 1119 15110 15115 15110 15115 73
20180116 1120 15110 15110 15110 15110 36
20180116 1121 15110 15110 15110 15110 37
20180116 1122 15105 15110 15105 15110 75
20180116 1123 15110 15110 15110 15110 36
20180116 1124 15105 15105 15105 15105 37
20180116 1125 15110 15110 15110 15110 36
20180116 1126 15110 15110 15110 15110 74
20180116 1127 15110 15110 15110 15110 37
20180116 1128 15110 15110 15110 15110 37
20180116 1129 15115 15115 15115 15115 74
20180116 1130 15115 15115 15115 15115 37
20180116 1131 15115 15115 15115 15115 37
20180116 1150 15110 15110 15110 15110 1
20180116 1238 15110 15110 15110 15110 100
20180116 1305 15110 15110 15110 15110 1
20180116 1306 15110 15110 15110 15110 1
20180116 1307 15105 15105 15105 15105 1
20180116 1308 15105 15105 15105 15105 1
20180116 1309 15105 15105 15105 15105 1
20180116 1310 15105 15105 15105 15105 1
20180116 1311 15105 15105 15105 15105 1
20180116 1312 15105 15105 15105 15105 1
20180116 1313 15105 15105 15105 15105 1
20180116 1314 15105 15105 15105 15105 1
20180116 1315 15105 15105 15105 15105 1
20180116 1316 15105 15105 15105 15105 1
20180116 1317 15105 15105 15105 15105 1
20180116 1342 15090 15090 15090 15090 110
20180116 1343 15090 15090 15090 15090 219
20180116 1344 15090 15090 15090 15090 109
20180116 1345 15090 15090 15090 15090 110
20180116 1346 15095 15095 15095 15095 109
20180116 1347 15090 15090 15090 15090 232
20180116 1348 15090 15090 15090 15090 110
20180116 1349 15090 15090 15090 15090 109
20180116 1350 15095 15095 15095 15095 219
20180116 1351 15090 15090 15090 15090 110
20180116 1352 15090 15090 15090 15090 109
20180116 1353 15090 15090 15090 15090 219
20180116 1354 15090 15090 15090 15090 110
20180116 1355 15090 15090 15090 15090 110
20180116 1530 15090 15090 15090 15090 1
20180117 904 14780 14780 14780 14780 232
20180117 905 14785 14785 14785 14785 232
20180117 906 14780 14790 14780 14790 233
20180117 907 14785 14785 14780 14780 469
20180117 908 14790 14790 14790 14790 231
20180117 909 14785 14785 14785 14785 231
20180117 910 14790 14795 14785 14785 462
20180117 911 14785 14785 14785 14785 231
20180117 912 14785 14785 14785 14785 230
20180117 913 14785 14790 14785 14790 460
20180117 914 14790 14790 14790 14790 230
20180117 915 14795 14795 14795 14795 230
20180117 916 14795 14805 14795 14800 460
20180117 917 14800 14800 14800 14800 230
20180117 918 14805 14805 14795 14795 229
20180117 919 14795 14795 14785 14785 229
20180117 920 14870 14870 14870 14870 55
20180117 925 14965 14965 14965 14965 1
20180117 926 14865 14865 14865 14865 66
20180117 932 14865 14865 14865 14865 1
20180117 933 14885 14885 14885 14885 1
20180117 937 14870 14870 14870 14870 100
20180117 943 14885 14885 14885 14885 3
20180117 1015 14895 14895 14895 14895 2
20180117 1016 14895 14895 14895 14895 2
20180117 1017 14895 14895 14895 14895 1
20180117 1018 14895 14895 14895 14895 95
20180117 1019 14975 14975 14975 14975 2
20180117 1020 14975 14975 14975 14975 1
20180117 1021 14975 14975 14975 14975 1
20180117 1022 14975 14975 14975 14975 1
20180117 1023 14975 14975 14975 14975 3
20180117 1024 14975 14975 14975 14975 1
20180117 1025 14975 14975 14975 14975 1
20180117 1026 14975 14975 14975 14975 2
20180117 1027 14975 14975 14975 14975 1
20180117 1028 14975 14975 14975 14975 1
20180117 1039 14870 14870 14865 14865 133
20180117 1056 14870 14870 14855 14855 66
20180117 1236 14945 14945 14945 14945 11
20180117 1241 14870 14870 14870 14870 3
20180117 1305 14945 14945 14945 14945 5
20180117 1306 14945 14945 14945 14945 2
20180117 1307 14975 14975 14975 14975 7
20180117 1308 14975 14975 14975 14975 5
20180117 1309 14975 14975 14975 14975 2
20180117 1310 14975 14980 14975 14980 7
20180117 1311 14980 14980 14980 14980 15
20180117 1312 14980 14980 14980 14980 4
20180117 1313 14980 14980 14980 14980 5
20180117 1314 14980 14980 14980 14980 2
20180117 1517 14925 14925 14925 14925 105
20180118 904 14960 14990 14960 14990 21
20180118 905 14960 14990 14925 14990 21
20180118 906 14930 14995 14925 14995 42
20180118 907 14935 14995 14925 14995 21
20180118 908 14925 14995 14925 14995 21
20180118 909 14930 14995 14925 14995 42
20180118 910 14930 14995 14925 14995 19
20180118 911 14930 14995 14925 14995 19
20180118 912 14930 14995 14925 14995 49
20180118 913 14930 15105 14925 15105 19
20180118 914 14930 15105 14925 15105 18
20180118 915 14930 15105 14925 15105 34
20180118 916 14945 15105 14945 15105 18
20180118 917 15105 15105 14950 14950 15
20180118 918 14945 14945 14945 14945 9
20180118 919 14930 14930 14930 14930 9
20180118 920 14930 14930 14930 14930 10
20180118 929 15100 15100 15100 15100 11
20180118 930 15100 15105 15100 15105 10
20180118 931 15105 15105 15105 15105 10
20180118 932 15105 15105 15105 15105 21
20180118 933 15105 15105 15105 15105 10
20180118 934 15105 15105 15105 15105 11
20180118 935 15105 15105 15105 15105 10
20180118 937 15100 15100 15100 15100 12
20180118 938 15100 15100 15100 15100 25
20180118 939 15100 15100 15100 15100 12
20180118 940 15100 15100 15100 15100 12
20180118 941 15100 15120 15100 15120 23
20180118 942 15150 15150 15150 15150 10
20180118 951 15155 15155 15155 15155 28
20180118 1112 15130 15130 15130 15130 1
20180118 1216 14995 14995 14980 14980 7
20180118 1217 14980 14980 14980 14980 4
20180118 1218 14985 14985 14975 14975 7
20180118 1219 14975 14975 14975 14975 3
20180118 1220 14975 14975 14975 14975 4
20180118 1221 14975 14975 14975 14975 7
20180118 1222 14975 14975 14975 14975 3
20180118 1223 14975 14975 14975 14975 4
20180118 1224 14975 14975 14975 14975 8
20180118 1225 14975 14975 14970 14970 4
20180118 1226 14970 14970 14970 14970 4
20180118 1227 14970 14970 14955 14955 8
20180118 1228 14955 14955 14955 14955 4
20180118 1229 14955 14955 14955 14955 4
20180118 1230 14955 14955 14955 14955 4
20180118 1232 15130 15135 15130 15135 38
20180118 1233 15130 15135 15130 15135 74
20180118 1234 15135 15135 15135 15135 37
20180118 1235 15135 15135 15135 15135 37
20180118 1236 15140 15140 15140 15140 74
20180118 1237 15140 15140 15140 15140 38
20180118 1238 15140 15140 15140 15140 37
20180118 1239 15140 15140 15140 15140 37
20180118 1240 15140 15140 15140 15140 74
20180118 1241 15130 15130 15130 15130 37
20180118 1242 15130 15130 15130 15130 37
20180118 1243 15135 15135 15135 15135 75
20180118 1244 15135 15135 15135 15135 37
20180118 1245 15135 15135 15135 15135 28
20180118 1306 15145 15145 15145 15145 4
20180118 1307 15145 15145 15145 15145 2
20180118 1308 15145 15145 15145 15145 2
20180118 1309 15145 15145 15145 15145 6
20180118 1310 15145 15145 15145 15145 2
20180118 1311 15145 15145 15145 15145 4
20180118 1312 15145 15145 15145 15145 4
20180118 1313 15145 15145 15145 15145 3
20180118 1314 15145 15145 15145 15145 1
20180118 1315 15145 15145 15145 15145 2
20180118 1316 15150 15150 15150 15150 3
20180118 1317 15150 15150 15150 15150 1
20180118 1318 15150 15150 15150 15150 4
20180118 1322 15155 15160 15155 15160 37
20180118 1323 15160 15160 15160 15160 73
20180118 1324 15160 15160 15160 15160 36
20180118 1325 15155 15155 15155 15155 37
20180118 1326 15155 15155 15150 15155 84
20180118 1327 15155 15155 15155 15155 37
20180118 1328 15150 15150 15150 15150 37
20180118 1329 15150 15150 15150 15150 37
20180118 1330 15150 15155 15150 15155 74
20180118 1331 15155 15155 15155 15155 37
20180118 1332 15155 15155 15155 15155 37
20180118 1333 15155 15155 15155 15155 74
20180118 1334 15160 15160 15160 15160 37
20180118 1335 15160 15160 15160 15160 27
20180118 1342 15155 15155 15155 15155 16
20180118 1354 15140 15140 15140 15140 38
20180118 1355 15145 15145 15145 15145 74
20180118 1356 15145 15145 15145 15145 37
20180118 1357 15150 15150 15150 15150 37
20180118 1358 15150 15150 15150 15150 74
20180118 1359 15150 15150 15150 15150 38
20180118 1400 15150 15150 15150 15150 37
20180118 1401 15150 15150 15150 15150 37
20180118 1402 15150 15150 15145 15145 74
20180118 1403 15145 15145 15145 15145 37
20180118 1404 15145 15145 15145 15145 37
20180118 1405 15145 15145 15145 15145 75
20180118 1406 15140 15140 15140 15140 196
20180118 1407 15140 15140 15140 15140 27
20180118 1442 15135 15135 15135 15135 1
20180118 1446 15140 15140 15140 15140 1
20180118 1447 15135 15135 15135 15135 132
20180118 1451 15135 15135 15135 15135 1
20180118 1453 15135 15135 15135 15135 1
20180118 1530 15135 15135 15135 15135 1
20180119 903 15080 15080 15080 15080 100
20180119 905 14950 15070 14950 15070 148
20180119 906 15065 15065 15065 15065 294
20180119 907 15060 15060 15060 15060 147
20180119 908 15060 15060 15060 15060 294
20180119 909 15060 15060 15060 15060 147
20180119 910 15060 15060 15060 15060 147
20180119 911 15055 15060 15055 15060 292
20180119 912 15060 15060 15060 15060 147
20180119 913 15060 15060 15060 15060 292
20180119 914 15060 15060 15060 15060 145
20180119 915 15055 15055 15055 15055 145
20180119 916 15050 15050 15050 15050 289
20180119 917 15050 15050 15050 15050 144
20180119 918 15050 15050 15050 15050 9
20180119 924 15045 15045 15045 15045 1
20180119 926 15035 15040 15035 15040 2
20180119 929 15040 15040 15040 15040 1
20180119 931 15040 15040 15040 15040 1
20180119 934 15040 15040 15040 15040 1
20180119 936 15045 15045 15045 15045 1
20180119 1017 15045 15045 15045 15045 1
20180119 1018 15040 15040 15040 15040 5
20180119 1023 15045 15045 15045 15045 11
20180119 1027 15020 15020 15020 15020 7
20180119 1028 15020 15020 15020 15020 6
20180119 1029 15020 15020 15015 15015 12
20180119 1030 15010 15010 15010 15010 7
20180119 1031 15010 15010 15010 15010 6
20180119 1032 15005 15005 15005 15005 12
20180119 1033 15005 15005 15005 15005 7
20180119 1034 15005 15005 15005 15005 6
20180119 1035 15005 15005 15005 15005 12
20180119 1036 15005 15005 15005 15005 7
20180119 1037 15005 15005 15005 15005 6
20180119 1038 15005 15005 14995 14995 12
20180119 1039 14995 14995 14995 14995 7
20180119 1040 14995 14995 14985 14985 6
20180119 1041 14985 14985 14985 14985 6
20180119 1042 14985 14985 14985 14985 7
20180119 1106 15030 15030 15030 15030 1
20180119 1109 15030 15030 15030 15030 1
20180119 1111 15030 15030 15030 15030 1
20180119 1113 15025 15025 15025 15025 1
20180119 1116 15025 15025 15025 15025 1
20180119 1118 15025 15025 15025 15025 1
20180119 1215 14965 14965 14955 14955 3
20180119 1224 15005 15005 15005 15005 19
20180119 1225 15005 15005 15005 15005 18
20180119 1226 15005 15005 15005 15005 36
20180119 1227 15005 15005 15005 15005 19
20180119 1228 15005 15005 15005 15005 18
20180119 1229 15005 15005 15005 15005 36
20180119 1230 15005 15005 15005 15005 19
20180119 1231 15005 15005 15005 15005 25
20180119 1232 15005 15005 15005 15005 36
20180119 1233 15005 15005 15005 15005 19
20180119 1234 15005 15005 15005 15005 18
20180119 1235 15005 15005 15000 15000 36
20180119 1236 15000 15000 15000 15000 19
20180119 1237 15000 15000 15000 15000 18
20180119 1238 15000 15000 15000 15000 3
20180119 1304 14995 14995 14995 14995 3
20180119 1305 14995 14995 14995 14995 4
20180119 1306 14995 14995 14995 14995 2
20180119 1307 15000 15000 14995 14995 3
20180119 1308 14995 14995 14995 14995 4
20180119 1309 14995 15000 14995 15000 2
20180119 1310 15000 15000 15000 15000 3
20180119 1311 15000 15000 15000 15000 3
20180119 1312 15000 15000 15000 15000 2
20180119 1313 15000 15000 14995 14995 3
20180119 1314 14995 14995 14995 14995 2
20180119 1315 14995 14995 14995 14995 1
20180119 1329 14995 14995 14995 14995 1
20180119 1331 14990 14990 14965 14965 10
20180119 1332 14965 14965 14965 14965 9
20180119 1333 14965 14965 14960 14960 10
20180119 1334 14955 14955 14955 14955 19
20180119 1335 14955 14955 14950 14950 11
20180119 1336 14950 14950 14945 14945 10
20180119 1337 14945 14945 14945 14945 20
20180119 1338 14945 14945 14940 14940 10
20180119 1339 14940 14940 14940 14940 13
20180119 1340 14940 14940 14940 14940 20
20180119 1341 14940 14940 14940 14940 10
20180119 1342 14940 14940 14940 14940 10
20180119 1343 14940 14940 14935 14935 20
20180119 1344 14935 14935 14935 14935 10
20180119 1345 14935 14935 14925 14925 10
20180119 1346 14925 14925 14925 14925 10
20180119 1352 14990 15000 14990 15000 19
20180119 1353 15000 15000 15000 15000 31
20180119 1354 15000 15000 15000 15000 18
20180119 1355 15000 15000 15000 15000 37
20180119 1356 15000 15000 15000 15000 18
20180119 1357 15000 15000 15000 15000 18
20180119 1358 15000 15000 15000 15000 37
20180119 1359 14995 14995 14995 14995 18
20180119 1400 14995 14995 14995 14995 18
20180119 1401 14995 14995 14990 14990 37
20180119 1402 14995 14995 14995 14995 18
20180119 1403 14995 14995 14995 14995 18
20180119 1404 14995 14995 14995 14995 37
20180119 1405 14995 14995 14995 14995 18
20180119 1406 14995 14995 14995 14995 4
20180119 1417 14995 14995 14995 14995 5
20180119 1432 15000 15000 15000 15000 42
20180119 1433 15000 15000 15000 15000 33
20180119 1434 15000 15000 15000 15000 67
20180119 1435 15000 15000 15000 15000 34
20180119 1436 15000 15000 15000 15000 33
20180119 1437 15000 15000 15000 15000 68
20180119 1438 15000 15000 15000 15000 34
20180119 1439 14995 14995 14995 14995 34
20180119 1440 14995 14995 14995 14995 68
20180119 1441 14995 14995 14995 14995 34
20180119 1442 14990 14990 14990 14990 34
20180119 1443 14990 14990 14990 14990 68
20180119 1444 14990 14990 14990 14990 34
20180119 1445 14990 14990 14990 14990 34
20180119 1446 14985 14985 14985 14985 6
20180119 1530 15005 15005 15005 15005 11
20180122 907 15060 15060 15060 15060 1
20180122 908 15060 15060 15060 15060 1
20180122 909 15060 15060 15060 15060 1
20180122 910 15060 15060 15060 15060 1
20180122 911 15055 15055 15055 15055 1
20180122 912 15050 15050 15050 15050 1
20180122 913 15050 15050 15050 15050 1
20180122 914 15050 15050 15050 15050 1
20180122 915 15050 15050 15050 15050 1
20180122 916 15050 15050 15050 15050 1
20180122 917 15050 15050 15050 15050 1
20180122 918 15055 15055 15055 15055 1
20180122 919 15060 15060 15060 15060 1
20180122 1016 15085 15085 15085 15085 37
20180122 1017 15085 15100 15085 15100 74
20180122 1018 15100 15100 15100 15100 36
20180122 1019 15095 15095 15095 15095 37
20180122 1020 15100 15100 15100 15100 73
20180122 1021 15100 15100 15100 15100 36
20180122 1023 15100 15100 15100 15100 40
20180122 1024 15100 15100 15100 15100 81
20180122 1025 15100 15100 15100 15100 41
20180122 1032 15095 15095 15095 15095 203
20180122 1040 15020 15020 14980 14980 68
20180122 1041 14980 14980 14980 14980 34
20180122 1042 14980 14980 14980 14980 33
20180122 1043 14970 14970 14970 14970 67
20180122 1044 14970 14970 14970 14970 34
20180122 1045 14970 14970 14970 14970 67
20180122 1046 14970 14970 14970 14970 33
20180122 1047 14970 14970 14970 14970 34
20180122 1048 14975 14975 14975 14975 67
20180122 1049 14970 14970 14970 14970 34
20180122 1050 14970 15070 14970 15070 44
20180122 1051 14970 14970 14970 14970 68
20180122 1052 14975 14975 14975 14975 33
20180122 1053 14975 14975 14975 14975 34
20180122 1054 14980 14980 14975 14975 34
20180122 1058 15080 15080 15080 15080 1
20180122 1100 15030 15030 15030 15030 37
20180122 1101 15065 15070 15065 15070 36
20180122 1102 15070 15080 15070 15080 73
20180122 1103 15080 15090 15080 15090 37
20180122 1104 15090 15090 15090 15090 6
20180122 1105 15090 15090 15090 15090 1
20180122 1109 15090 15090 15090 15090 68
20180122 1110 15090 15090 15090 15090 68
20180122 1111 15090 15090 15090 15090 81
20180122 1112 15085 15085 15085 15085 82
20180122 1113 15085 15085 15085 15085 81
20180122 1114 15085 15085 15085 15085 82
20180122 1115 15085 15085 15085 15085 5
20180122 1302 15005 15090 15005 15090 11
20180122 1307 15095 15095 15095 15095 18
20180122 1308 15095 15100 15095 15100 21
20180122 1309 15100 15100 15100 15100 24
20180122 1310 15100 15100 15100 15100 26
20180122 1311 15100 15100 15100 15100 17
20180122 1312 15100 15100 15095 15095 25
20180122 1313 15100 15100 15100 15100 19
20180122 1314 15100 15100 15100 15100 23
20180122 1315 15100 15100 15100 15100 21
20180122 1316 15100 15105 15100 15105 5
20180122 1319 15100 15100 15100 15100 16
20180122 1320 15100 15100 15095 15095 35
20180122 1321 15095 15095 15090 15090 28
20180122 1322 15090 15090 15085 15085 37
20180122 1323 15085 15090 15085 15090 34
20180122 1324 15090 15090 15090 15090 36
20180122 1325 15090 15095 15090 15095 39
20180122 1326 15095 15095 15095 15095 58
20180122 1327 15095 15100 15095 15100 48
20180122 1328 15095 15095 15095 15095 29
20180122 1329 15095 15095 15095 15095 48
20180122 1330 15095 15095 15095 15095 31
20180122 1331 15095 15095 15095 15095 51
20180122 1332 15095 15095 15095 15095 30
20180122 1333 15095 15095 15095 15095 42
20180122 1334 15095 15095 15095 15095 17
20180122 1335 15095 15095 15095 15095 22
20180122 1336 15095 15095 15095 15095 11
20180122 1337 15095 15095 15095 15095 23
20180122 1338 15095 15095 15095 15095 10
20180122 1339 15095 15095 15095 15095 22
20180122 1340 15095 15095 15095 15095 8
20180122 1530 15100 15100 15100 15100 1
20180123 917 15080 15080 15080 15080 1
20180123 919 15010 15010 15010 15010 1
20180123 921 15005 15005 15005 15005 1
20180123 922 14975 14975 14975 14975 1
20180123 924 14975 14975 14975 14975 1
20180123 926 14975 14975 14975 14975 1
20180123 928 14975 14975 14975 14975 1
20180123 930 14975 14975 14975 14975 1
20180123 932 14975 14975 14975 14975 1
20180123 936 14975 14975 14975 14975 4
20180123 937 14975 14975 14975 14975 3
20180123 938 14975 14975 14975 14975 3
20180123 939 14975 14975 14975 14975 7
20180123 940 14975 14975 14975 14975 3
20180123 941 14975 14975 14975 14975 4
20180123 942 14975 14975 14975 14975 6
20180123 943 14975 14975 14975 14975 4
20180123 944 14975 14975 14975 14975 3
20180123 945 14975 14975 14975 14975 7
20180123 946 14975 14975 14975 14975 3
20180123 947 14975 14975 14975 14975 3
20180123 948 14975 14985 14975 14980 7
20180123 949 14980 14980 14975 14975 4
20180123 950 14975 14975 14970 14970 4
20180123 951 14970 14970 14970 14970 3
20180123 1000 15060 15070 15060 15070 40
20180123 1001 15065 15070 15065 15070 38
20180123 1002 15070 15070 15070 15070 39
20180123 1003 15070 15070 15070 15070 38
20180123 1004 15070 15070 15070 15070 77
20180123 1005 15070 15070 15070 15070 38
20180123 1006 15065 15065 15065 15065 38
20180123 1007 15070 15070 15070 15070 77
20180123 1008 15070 15070 15070 15070 38
20180123 1009 15070 15070 15070 15070 39
20180123 1010 15070 15070 15070 15070 38
20180123 1011 15070 15070 15070 15070 85
20180123 1012 15070 15070 15070 15070 45
20180123 1013 15070 15070 15070 15070 53
20180123 1014 15070 15070 15070 15070 12
20180123 1015 15070 15070 15070 15070 7
20180123 1016 15070 15070 15070 15070 15
20180123 1017 15070 15070 15070 15070 7
20180123 1018 15070 15070 15070 15070 8
20180123 1019 15065 15065 15060 15065 14
20180123 1020 15070 15070 15065 15065 19
20180123 1021 15065 15065 15065 15065 7
20180123 1022 15065 15065 15065 15065 15
20180123 1023 15065 15065 15065 15065 7
20180123 1024 15065 15065 15065 15065 7
20180123 1153 15080 15080 15080 15080 1
20180123 1156 15105 15105 15105 15105 10
20180123 1218 15080 15080 15080 15080 3
20180123 1229 15110 15110 15110 15110 11
20180123 1305 15110 15110 15110 15110 3
20180123 1306 15110 15110 15110 15110 1
20180123 1307 15110 15110 15110 15110 4
20180123 1308 15110 15110 15110 15110 3
20180123 1309 15110 15110 15110 15110 2
20180123 1310 15110 15110 15110 15110 3
20180123 1311 15110 15110 15110 15110 3
20180123 1312 15110 15110 15110 15110 2
20180123 1313 15110 15110 15110 15110 3
20180123 1314 15110 15110 15110 15110 1
20180123 1456 15110 15110 15110 15110 5
20180123 1457 15110 15110 15110 15110 3
20180123 1458 15105 15105 15105 15105 5
20180123 1459 15105 15105 15105 15105 2
20180123 1500 15110 15110 15110 15110 3
20180123 1501 15110 15110 15110 15110 5
20180123 1502 15110 15110 15110 15110 3
20180123 1503 15105 15105 15105 15105 3
20180123 1504 15105 15105 15105 15105 6
20180123 1505 15105 15105 15005 15005 49
20180123 1506 15005 15105 14980 14980 95
20180123 1507 15095 15095 14980 14980 97
20180123 1508 14980 15095 14980 14980 94
20180123 1509 15095 15095 14980 14980 46
20180123 1510 14980 15095 14980 14985 92
20180123 1511 14985 15095 14985 14985 92
20180123 1512 14985 15095 14985 14985 92
20180123 1513 14990 14990 14985 14985 91
20180123 1514 14990 14990 14985 14990 92
20180123 1515 15095 15095 14990 14990 49
20180123 1516 14990 14990 14990 14990 46
20180123 1519 14985 14985 14985 14985 44
20180123 1530 14985 14985 14985 14985 36
20180124 905 15145 15145 15145 15145 38
20180124 906 15150 15150 15150 15150 19
20180124 907 15150 15150 15150 15150 19
20180124 908 15150 15150 15140 15140 38
20180124 909 15140 15140 15140 15140 19
20180124 910 15140 15140 15140 15140 36
20180124 911 15140 15150 15140 15150 418
20180124 912 15150 15150 15150 15150 18
20180124 913 15145 15145 15145 15145 36
20180124 914 15150 15150 15150 15150 18
20180124 915 15150 15150 15150 15150 18
20180124 916 15150 15150 15150 15150 36
20180124 917 15145 15145 15145 15145 14
20180124 919 15140 15140 15140 15140 5
20180124 939 15125 15125 15125 15125 37
20180124 940 15130 15130 15130 15130 36
20180124 941 15130 15130 15130 15130 37
20180124 942 15130 15130 15130 15130 73
20180124 943 15130 15130 15130 15130 36
20180124 944 15130 15130 15130 15130 37
20180124 945 15130 15135 15130 15135 73
20180124 946 15135 15135 15135 15135 36
20180124 948 15140 15140 15140 15140 83
20180124 949 15140 15140 15140 15140 41
20180124 950 15140 15140 15140 15140 41
20180124 951 15140 15140 15135 15135 82
20180124 952 15135 15135 15135 15135 41
20180124 953 15135 15135 15135 15135 2
20180124 1004 15135 15135 15135 15135 1
20180124 1007 15135 15135 15135 15135 1
20180124 1009 15140 15140 15140 15140 5
20180124 1010 15140 15140 15140 15140 3
20180124 1011 15140 15140 15140 15140 5
20180124 1012 15140 15140 15140 15140 7
20180124 1013 15140 15140 15140 15140 3
20180124 1014 15135 15135 15135 15135 5
20180124 1015 15140 15140 15140 15140 7
20180124 1016 15140 15140 15140 15140 4
20180124 1017 15135 15135 15135 15135 4
20180124 1018 15135 15135 15135 15135 7
20180124 1019 15140 15140 15140 15140 4
20180124 1020 15140 15140 15140 15140 4
20180124 1021 15140 15140 15140 15140 8
20180124 1022 15140 15140 15140 15140 3
20180124 1204 15105 15105 15105 15105 150
20180124 1240 15105 15105 15105 15105 6
20180124 1253 15100 15100 15095 15095 54
20180124 1302 15100 15100 15100 15100 1
20180124 1303 15100 15100 15100 15100 1
20180124 1304 15085 15085 15075 15075 59
20180124 1305 15100 15100 15100 15100 2
20180124 1307 15095 15095 15095 15095 1
20180124 1308 15095 15095 15095 15095 1
20180124 1309 15095 15095 15095 15095 1
20180124 1310 15095 15095 15095 15095 1
20180124 1312 15090 15090 15090 15090 2
20180124 1314 15095 15095 15095 15095 2
20180124 1347 15095 15095 15095 15095 6
20180124 1356 15095 15095 15095 15095 35
20180124 1401 15075 15075 15075 15075 47
20180124 1410 15055 15055 15055 15055 80
20180124 1413 15050 15050 15020 15020 37
20180124 1414 14990 14990 14980 14980 161
20180124 1415 14980 14980 14980 14980 319
20180124 1416 14985 14985 14980 14980 159
20180124 1417 14975 14975 14975 14975 159
20180124 1418 14980 14980 14975 14975 318
20180124 1419 14975 14975 14975 14975 159
20180124 1420 14975 14975 14975 14975 159
20180124 1421 14975 14975 14975 14975 318
20180124 1422 14975 14975 14975 14975 159
20180124 1423 14980 14980 14975 14975 159
20180124 1424 14975 14975 14975 14975 318
20180124 1425 14975 14975 14975 14975 159
20180124 1426 14975 14975 14975 14975 159
20180124 1427 14975 14975 14975 14975 159
20180124 1428 14975 14975 14975 14975 159
20180124 1434 15070 15070 15070 15070 1
20180124 1435 15070 15080 15070 15080 56
20180124 1436 15090 15100 15090 15100 110
20180124 1437 15100 15105 15100 15105 55
20180124 1438 15105 15105 15105 15105 128
20180124 1439 15105 15105 15105 15105 147
20180124 1440 15105 15105 15105 15105 92
20180124 1441 15105 15105 15105 15105 92
20180124 1442 15105 15105 15100 15105 128
20180124 1443 15105 15105 15000 15105 167
20180124 1444 15095 15105 15095 15105 92
20180124 1445 15105 15105 15105 15105 128
20180124 1446 15105 15105 15105 15105 148
20180124 1447 15105 15105 15105 15105 92
20180124 1448 15105 15105 15105 15105 84
20180124 1449 15105 15105 15105 15105 74
20180124 1450 15105 15105 15105 15105 37
20180124 1451 15105 15105 15105 15105 32
20180124 1530 15105 15105 15105 15105 1
20180125 905 15010 15010 15010 15010 7
20180125 906 15010 15010 15010 15010 4
20180125 907 15010 15015 15010 15015 3
20180125 908 15020 15020 15020 15020 7
20180125 909 15020 15020 15020 15020 4
20180125 910 15020 15020 15020 15020 7
20180125 911 15020 15020 15020 15020 3
20180125 912 15015 15015 15015 15015 4
20180125 913 15015 15015 15015 15015 7
20180125 914 15020 15020 15020 15020 3
20180125 915 15020 15020 15020 15020 4
20180125 916 15015 15015 15015 15015 8
20180125 917 15015 15015 15015 15015 4
20180125 918 15015 15015 15015 15015 1
20180125 922 14900 14900 14900 14900 19
20180125 923 14900 14900 14900 14900 3
20180125 924 14900 14900 14900 14900 3
20180125 925 14905 14905 14905 14905 6
20180125 926 14910 14910 14910 14910 3
20180125 927 14910 14915 14910 14915 6
20180125 928 14915 14915 14915 14915 24
20180125 929 14915 14915 14915 14915 3
20180125 930 14915 14925 14915 14925 6
20180125 931 14925 14925 14925 14925 3
20180125 932 14925 14925 14925 14925 3
20180125 933 14925 14925 14925 14925 6
20180125 934 14925 14925 14920 14920 3
20180125 935 14920 14920 14920 14920 3
20180125 936 14920 14920 14920 14920 3
20180125 937 15005 15005 15005 15005 1
20180125 939 15005 15005 15005 15005 1
20180125 941 14995 14995 14995 14995 1
20180125 943 14995 14995 14995 14995 10
20180125 944 14995 14995 14995 14995 1
20180125 946 14995 14995 14995 14995 3
20180125 947 14995 14995 14995 14995 1
20180125 948 14995 14995 14995 14995 2
20180125 949 14995 14995 14995 14995 3
20180125 950 14995 14995 14995 14995 1
20180125 951 14995 14995 14995 14995 2
20180125 952 14995 14995 14995 14995 2
20180125 953 14995 14995 14995 14995 2
20180125 954 14995 14995 14995 14995 1
20180125 955 14995 14995 14990 14990 3
20180125 956 14990 14995 14990 14995 12
20180125 957 14990 14990 14990 14990 1
20180125 958 14990 14990 14990 14990 3
20180125 959 14990 14990 14990 14990 2
20180125 1000 14990 14990 14990 14990 1
20180125 1007 14925 14965 14925 14965 8
20180125 1008 14965 14965 14960 14960 6
20180125 1009 14960 14960 14960 14960 4
20180125 1010 14955 14955 14955 14955 7
20180125 1011 14955 14955 14955 14955 3
20180125 1012 14955 14955 14950 14950 4
20180125 1013 14950 14950 14940 14940 7
20180125 1014 14940 14940 14940 14940 3
20180125 1015 14940 14940 14940 14940 4
20180125 1016 14940 14940 14930 14930 8
20180125 1017 14930 14930 14930 14930 4
20180125 1018 14985 14985 14930 14930 5
20180125 1019 14930 14930 14925 14925 8
20180125 1020 14930 14985 14930 14985 23
20180125 1021 14935 14990 14935 14990 22
20180125 1022 14935 15005 14935 15005 40
20180125 1023 15010 15010 15010 15010 18
20180125 1024 15010 15010 15010 15010 19
20180125 1025 15010 15010 15010 15010 36
20180125 1026 15010 15010 15010 15010 18
20180125 1027 15010 15010 15010 15010 18
20180125 1028 15005 15005 15005 15005 37
20180125 1029 15000 15000 15000 15000 18
20180125 1030 15005 15005 15005 15005 18
20180125 1031 15005 15005 15005 15005 49
20180125 1032 15005 15005 15005 15005 18
20180125 1033 15005 15005 15005 15005 18
20180125 1034 15000 15000 15000 15000 2
20180125 1038 15000 15000 15000 15000 1
20180125 1100 14980 14980 14980 14980 2
20180125 1101 14980 14985 14980 14985 22
20180125 1102 14985 14985 14985 14985 1
20180125 1103 14985 14985 14985 14985 1
20180125 1104 14985 14985 14985 14985 2
20180125 1105 14980 14980 14980 14980 1
20180125 1106 14975 14975 14975 14975 1
20180125 1107 14975 14975 14975 14975 1
20180125 1108 14975 14980 14975 14980 3
20180125 1109 14980 14980 14980 14980 1
20180125 1110 14980 14980 14980 14980 1
20180125 1111 14975 14975 14975 14975 2
20180125 1112 14975 14975 14975 14975 1
20180125 1113 14975 14975 14975 14975 1
20180125 1141 14970 14970 14970 14970 2
20180125 1143 14965 14965 14965 14965 10
20180125 1151 14960 14960 14960 14960 10
20180125 1200 14960 14960 14960 14960 4
20180125 1201 14960 14960 14960 14960 7
20180125 1202 14960 14960 14960 14960 3
20180125 1203 14960 14960 14960 14960 4
20180125 1204 14960 14960 14960 14960 7
20180125 1205 14960 14960 14960 14960 3
20180125 1206 14960 14960 14960 14960 7
20180125 1207 14960 14960 14960 14960 4
20180125 1208 14960 14960 14960 14960 3
20180125 1209 14960 14960 14960 14960 7
20180125 1210 14960 14960 14960 14960 4
20180125 1211 14960 14960 14960 14960 8
20180125 1212 14960 14960 14960 14960 4
20180125 1213 14960 14960 14960 14960 1
20180125 1218 14950 14950 14950 14950 3
20180125 1223 14950 14950 14950 14950 7
20180125 1228 14940 14940 14940 14940 10
20180125 1229 14935 14935 14935 14935 5
20180125 1230 14935 14935 14925 14925 11
20180125 1231 14925 14925 14920 14920 6
20180125 1232 14920 14920 14920 14920 5
20180125 1233 14920 14920 14920 14920 1
20180125 1244 14915 14915 14905 14905 81
20180125 1304 14935 14935 14935 14935 3
20180125 1307 14940 14940 14940 14940 6
20180125 1308 14940 14940 14940 14940 6
20180125 1309 14940 14945 14940 14940 11
20180125 1310 14940 14940 14940 14940 8
20180125 1311 14940 14940 14940 14940 7
20180125 1312 14940 14940 14935 14935 15
20180125 1313 14935 14935 14935 14935 8
20180125 1314 14935 14935 14935 14935 9
20180125 1315 14940 14940 14940 14940 8
20180125 1316 14940 14940 14940 14940 32
20180125 1317 14940 14940 14940 14940 25
20180125 1318 14940 14940 14940 14940 19
20180125 1319 14940 14940 14940 14940 21
20180125 1320 14940 14940 14940 14940 25
20180125 1321 14940 14940 14930 14930 22
20180125 1322 14930 14935 14930 14935 31
20180125 1323 14935 14935 14930 14930 23
20180125 1324 14935 14935 14935 14935 14
20180125 1325 14935 14935 14935 14935 4
20180125 1326 14935 14935 14935 14935 7
20180125 1327 14935 14935 14935 14935 8
20180125 1328 14935 14935 14935 14935 16
20180125 1329 14935 14935 14935 14935 12
20180125 1330 14935 14935 14935 14935 15
20180125 1331 14935 14935 14935 14935 13
20180125 1332 14935 14935 14935 14935 9
20180125 1333 14935 14935 14935 14935 12
20180125 1334 14935 14935 14935 14935 13
20180125 1335 14935 14940 14935 14940 9
20180125 1336 14940 14940 14940 14940 13
20180125 1337 14940 14940 14940 14940 5
20180125 1357 14930 14930 14930 14930 10
20180126 904 15070 15070 15070 15070 93
20180126 905 15075 15075 15075 15075 93
20180126 906 15075 15075 15075 15075 186
20180126 907 15075 15075 15075 15075 93
20180126 908 15075 15075 15075 15075 92
20180126 909 15075 15075 15075 15075 184
20180126 910 15075 15075 15075 15075 92
20180126 911 15075 15075 15075 15075 92
20180126 912 15075 15075 15075 15075 184
20180126 913 15075 15075 15075 15075 92
20180126 914 15075 15075 15075 15075 92
20180126 915 15075 15075 15075 15075 184
20180126 916 15075 15075 15075 15075 92
20180126 917 15075 15075 15075 15075 76
20180126 933 15065 15065 15065 15065 100
20180126 1028 15060 15060 15060 15060 74
20180126 1029 15055 15055 15055 15055 73
20180126 1030 15055 15055 15055 15055 147
20180126 1031 15055 15055 15055 15055 74
20180126 1032 15060 15060 15060 15060 73
20180126 1033 15060 15060 15060 15060 147
20180126 1034 15060 15060 15060 15060 74
20180126 1035 15060 15060 15060 15060 74
20180126 1036 15060 15060 15060 15060 148
20180126 1037 15055 15055 15055 15055 74
20180126 1038 15060 15060 15060 15060 74
20180126 1039 15060 15060 15055 15055 148
20180126 1040 15055 15055 15055 15055 74
20180126 1041 15045 15045 15045 15045 62
20180126 1042 15045 15045 15045 15045 1
20180126 1043 15040 15040 15040 15040 40
20180126 1044 15035 15035 15035 15035 40
20180126 1045 15030 15035 15030 15035 191
20180126 1046 15035 15035 15035 15035 110
20180126 1047 15035 15035 15035 15035 221
20180126 1048 15035 15035 15035 15035 111
20180126 1049 15035 15035 15035 15035 110
20180126 1050 15035 15035 15035 15035 221
20180126 1051 15035 15035 15035 15035 111
20180126 1052 15035 15035 15035 15035 110
20180126 1053 15035 15035 15035 15035 221
20180126 1054 15030 15030 15030 15030 111
20180126 1055 15025 15030 15025 15030 191
20180126 1056 15025 15030 15025 15030 222
20180126 1057 15030 15030 15030 15030 111
20180126 1058 15030 15030 15030 15030 244
20180126 1059 15030 15030 15030 15030 75
20180126 1100 15025 15025 15025 15025 73
20180126 1101 15030 15035 15030 15035 147
20180126 1102 15035 15035 15035 15035 74
20180126 1103 15035 15035 15035 15035 147
20180126 1104 15035 15035 15035 15035 74
20180126 1105 15035 15035 15035 15035 74
20180126 1106 15035 15035 15035 15035 148
20180126 1107 15035 15035 15035 15035 74
20180126 1108 15035 15035 15035 15035 74
20180126 1109 15030 15030 15030 15030 148
20180126 1110 15030 15030 15030 15030 64
20180126 1111 15035 15035 15035 15035 1
20180126 1125 15015 15015 15015 15015 1
20180126 1141 15000 15000 15000 15000 1
20180126 1151 15000 15000 15000 15000 3
20180126 1152 15000 15000 14995 14995 4
20180126 1153 14995 14995 14990 14990 8
20180126 1154 14990 14990 14990 14990 4
20180126 1155 14990 14990 14990 14990 4
20180126 1156 14990 14990 14985 14985 8
20180126 1157 14985 14985 14985 14985 2
20180126 1206 14975 14975 14975 14975 43
20180126 1207 15040 15040 15040 15040 1
20180126 1208 15035 15035 15035 15035 1
20180126 1209 15035 15035 15035 15035 1
20180126 1210 15030 15030 15030 15030 1
20180126 1211 15030 15030 15030 15030 1
20180126 1212 15030 15030 15030 15030 1
20180126 1213 15025 15025 15025 15025 1
20180126 1214 15025 15025 15025 15025 1
20180126 1215 15030 15030 15030 15030 1
20180126 1216 15030 15030 15030 15030 1
20180126 1217 15035 15035 15035 15035 1
20180126 1218 15035 15035 15035 15035 1
20180126 1219 15040 15040 15040 15040 50
20180126 1220 15035 15035 15035 15035 48
20180126 1221 15035 15035 15035 15035 48
20180126 1222 15035 15035 15035 15035 96
20180126 1223 15035 15035 15035 15035 48
20180126 1224 15035 15035 15035 15035 48
20180126 1225 15035 15035 15035 15035 97
20180126 1226 15035 15035 15035 15035 59
20180126 1227 15035 15035 15035 15035 48
20180126 1228 15035 15040 15035 15040 96
20180126 1229 15030 15040 15030 15040 48
20180126 1230 15040 15040 15040 15040 49
20180126 1231 15035 15035 15035 15035 96
20180126 1232 15035 15035 15035 15035 41
20180126 1256 15045 15045 15045 15045 74
20180126 1257 15045 15045 15045 15045 73
20180126 1258 15040 15040 15040 15040 147
20180126 1259 15040 15040 15040 15040 74
20180126 1300 15040 15040 15040 15040 73
20180126 1301 15040 15040 15040 15040 147
20180126 1302 15040 15040 15040 15040 74
20180126 1303 15040 15040 15040 15040 74
20180126 1304 15045 15045 15040 15040 148
20180126 1305 15040 15040 15040 15040 74
20180126 1306 15040 15040 15040 15040 74
20180126 1307 15040 15040 15040 15040 148
20180126 1308 15040 15040 15040 15040 76
20180126 1309 15040 15045 15040 15040 117
20180126 1310 15040 15045 15040 15040 51
20180126 1311 15040 15045 15040 15040 58
20180126 1312 15040 15045 15040 15045 60
20180126 1313 15045 15050 15045 15045 62
20180126 1314 15045 15045 15045 15045 54
20180126 1315 15045 15045 15045 15045 62
20180126 1316 15045 15050 15045 15045 60
20180126 1317 15045 15045 15045 15045 34
20180126 1318 15045 15045 15045 15045 22
20180126 1319 15045 15045 15045 15045 9
20180126 1400 15055 15055 15055 15055 6
20180126 1508 15035 15035 15035 15035 157
20180126 1530 15040 15040 15040 15040 1
20180129 901 15210 15210 15210 15210 1
20180129 903 15085 15085 15085 15085 600
20180129 904 15205 15205 15205 15205 74
20180129 905 15200 15200 15200 15200 37
20180129 906 15195 15195 15195 15195 37
20180129 907 15195 15195 15195 15195 75
20180129 908 15195 15195 15195 15195 37
20180129 909 15195 15195 15195 15195 37
20180129 910 15195 15195 15195 15195 37
20180129 911 15195 15195 15195 15195 74
20180129 912 15200 15200 15200 15200 37
20180129 913 15200 15200 15200 15200 36
20180129 914 15205 15205 15205 15205 36
20180129 915 15200 15200 15200 15200 72
20180129 916 15200 15200 15200 15200 36
20180129 917 15200 15200 15200 15200 28
20180129 1000 15185 15185 15185 15185 9
20180129 1011 15185 15185 15185 15185 37
20180129 1012 15190 15190 15190 15190 18
20180129 1013 15190 15190 15190 15190 19
20180129 1014 15190 15190 15190 15190 18
20180129 1015 15195 15195 15195 15195 37
20180129 1016 15195 15195 15195 15195 18
20180129 1017 15195 15195 15195 15195 18
20180129 1018 15195 15195 15195 15195 37
20180129 1019 15200 15200 15200 15200 18
20180129 1020 15200 15200 15200 15200 19
20180129 1021 15200 15200 15200 15200 18
20180129 1022 15200 15200 15200 15200 11
20180129 1023 15200 15200 15200 15200 25
20180129 1026 15210 15215 15210 15215 35
20180129 1030 15160 15160 15150 15150 27
20180129 1034 15145 15160 15145 15160 14
20180129 1117 15160 15235 15160 15235 330
20180129 1221 15215 15215 15215 15215 128
20180129 1222 15215 15215 15215 15215 3
20180129 1223 15215 15215 15215 15215 7
20180129 1224 15220 15220 15220 15220 4
20180129 1225 15220 15220 15220 15220 3
20180129 1226 15220 15220 15220 15220 7
20180129 1227 15220 15220 15220 15220 4
20180129 1228 15220 15220 15220 15220 3
20180129 1229 15220 15220 15220 15220 7
20180129 1230 15220 15220 15220 15220 4
20180129 1231 15220 15220 15220 15220 3
20180129 1232 15220 15220 15220 15220 8
20180129 1233 15215 15215 15215 15215 4
20180129 1234 15215 15215 15215 15215 4
20180129 1256 15210 15210 15210 15210 3
20180129 1257 15210 15210 15210 15210 2
20180129 1258 15210 15210 15210 15210 3
20180129 1259 15145 15205 15140 15205 18
20180129 1300 15205 15205 15205 15205 2
20180129 1301 15205 15205 15205 15205 3
20180129 1302 15205 15205 15205 15205 2
20180129 1303 15210 15210 15210 15210 2
20180129 1304 15210 15210 15200 15200 4
20180129 1305 15200 15215 15200 15215 2
20180129 1306 15215 15215 15215 15215 2
20180129 1307 15215 15215 15215 15215 4
20180129 1308 15210 15210 15210 15210 2
20180129 1313 15215 15215 15215 15215 39
20180129 1314 15215 15215 15215 15215 41
20180129 1315 15215 15215 15215 15215 29
20180129 1316 15215 15215 15215 15215 35
20180129 1317 15215 15215 15215 15215 28
20180129 1318 15215 15215 15215 15215 39
20180129 1319 15215 15215 15215 15215 25
20180129 1320 15215 15215 15215 15215 3
20180129 1333 15140 15140 15135 15135 40
20180129 1346 15140 15140 15130 15130 48
20180129 1347 15130 15130 15125 15125 47
20180129 1348 15125 15125 15115 15115 152
20180129 1349 15115 15115 15115 15115 47
20180129 1350 15115 15115 15115 15115 47
20180129 1351 15115 15115 15110 15110 94
20180129 1352 15110 15110 15100 15100 47
20180129 1353 15100 15100 15100 15100 47
20180129 1354 15100 15100 15100 15100 95
20180129 1355 15100 15100 15100 15100 47
20180129 1356 15100 15100 15100 15100 47
20180129 1357 15100 15100 15100 15100 94
20180129 1358 15100 15100 15100 15100 47
20180129 1359 15100 15100 15100 15100 47
20180129 1400 15095 15095 15095 15095 47
20180129 1401 15095 15095 15095 15095 47
20180129 1404 15095 15095 15095 15095 77
20180129 1419 15155 15155 15155 15155 1
20180129 1429 15110 15110 15105 15105 25
20180129 1441 15110 15110 15110 15110 14
20180129 1452 15145 15145 15145 15145 33
20180129 1453 15105 15105 15100 15100 20
20180129 1459 15105 15105 15105 15105 15
20180129 1502 15110 15110 15100 15100 13
20180129 1518 15100 15100 15100 15100 10
20180129 1530 15105 15105 15105 15105 20
20180130 904 15180 15180 15180 15180 144
20180130 905 15070 15195 15070 15195 319
20180130 906 15075 15195 15075 15080 362
20180130 907 15080 15195 15080 15080 390
20180130 908 15185 15195 15080 15185 370
20180130 909 15195 15195 15085 15085 82
20180130 910 15185 15200 15080 15200 623
20180130 911 15085 15195 15085 15195 332
20180130 912 15085 15195 15080 15080 373
20180130 913 15185 15195 15080 15195 622
20180130 914 15080 15190 15080 15190 332
20180130 915 15080 15195 15075 15080 371
20180130 916 15185 15195 15080 15195 621
20180130 917 15085 15200 15085 15185 331
20180130 918 15085 15200 15085 15200 80
20180130 919 15085 15085 15085 15085 40
20180130 937 15185 15185 15185 15185 1
20180130 1018 15090 15090 15085 15085 50
20180130 1020 15120 15120 15120 15120 2
20180130 1021 15120 15120 15120 15120 3
20180130 1022 15120 15120 15120 15120 1
20180130 1023 15120 15120 15120 15120 8
20180130 1024 15175 15175 15120 15170 9
20180130 1025 15170 15170 15170 15170 1
20180130 1026 15165 15165 15165 15165 2
20180130 1027 15160 15160 15160 15160 2
20180130 1028 15160 15160 15155 15155 4
20180130 1029 15155 15155 15155 15155 2
20180130 1030 15155 15155 15155 15155 2
20180130 1031 15155 15155 15155 15155 4
20180130 1032 15155 15155 15155 15155 2
20180130 1033 15155 15155 15155 15155 2
20180130 1034 15155 15155 15155 15155 1
20180130 1035 15155 15155 15155 15155 9
20180130 1043 15095 15095 15080 15080 33
20180130 1113 15090 15090 15090 15090 15
20180130 1155 15100 15100 15100 15100 3
20180130 1222 15100 15100 15100 15100 4
20180130 1233 15100 15100 15100 15100 15
20180130 1240 15115 15115 15115 15115 9
20180130 1300 15105 15105 15100 15100 13
20180130 1302 15100 15100 15100 15100 7
20180130 1306 15185 15185 15185 15185 4
20180130 1307 15185 15185 15185 15185 6
20180130 1308 15185 15200 15185 15200 14
20180130 1309 15200 15200 15200 15200 9
20180130 1310 15205 15205 15200 15200 45
20180130 1311 15200 15200 15200 15200 7
20180130 1312 15200 15200 15200 15200 9
20180130 1313 15205 15205 15200 15200 10
20180130 1314 15200 15200 15200 15200 7
20180130 1315 15200 15200 15200 15200 4
20180130 1316 15200 15200 15200 15200 2
20180130 1317 15205 15205 15205 15205 3
20180130 1319 15205 15210 15205 15210 2
20180130 1320 15210 15210 15210 15210 1
20180130 1321 15210 15210 15210 15210 1
20180130 1322 15210 15210 15210 15210 1
20180130 1323 15210 15210 15210 15210 1
20180130 1324 15210 15215 15210 15215 2
20180130 1325 15220 15220 15220 15220 1
20180130 1326 15220 15220 15220 15220 1
20180130 1327 15220 15220 15220 15220 1
20180130 1328 15220 15220 15220 15220 2
20180130 1329 15220 15220 15220 15220 1
20180130 1330 15220 15220 15220 15220 1
20180130 1331 15215 15215 15215 15215 1
20180130 1341 15120 15120 15095 15095 80
20180130 1423 15130 15130 15115 15115 26
20180130 1500 15170 15175 15170 15175 19
20180130 1501 15170 15175 15170 15175 23
20180130 1502 15210 15220 15210 15220 37
20180130 1505 15220 15220 15220 15220 41
20180130 1509 15225 15230 15225 15225 291
20180130 1510 15225 15225 15225 15225 437
20180130 1511 15225 15225 15225 15225 438
20180130 1512 15225 15230 15225 15230 438
20180130 1513 15230 15230 15230 15230 438
20180130 1514 15230 15230 15230 15230 438
20180130 1515 15230 15230 15230 15230 338
20180130 1530 15235 15235 15235 15235 1
20180131 901 15120 15120 15115 15115 4
20180131 914 15095 15095 15095 15095 2
20180131 915 15085 15085 15085 15085 1
20180131 916 15085 15085 15085 15085 3
20180131 917 15095 15095 15095 15095 3
20180131 918 15090 15090 15090 15090 1
20180131 919 15090 15090 15090 15090 2
20180131 920 15090 15090 15090 15090 3
20180131 921 15090 15090 15090 15090 2
20180131 922 15090 15090 15090 15090 2
20180131 923 15090 15090 15090 15090 4
20180131 924 15085 15085 15085 15085 2
20180131 925 15085 15085 15085 15085 3
20180131 926 15090 15090 15090 15090 4
20180131 927 15090 15090 15090 15090 2
20180131 928 15090 15090 15090 15090 1
20180131 940 15090 15090 15090 15090 1
20180131 947 15095 15095 15095 15095 1
20180131 958 15050 15050 15050 15050 7
20180131 959 15050 15050 14945 14945 10
20180131 1000 14950 14950 14950 14950 5
20180131 1001 14950 14950 14950 14950 5
20180131 1002 14945 14945 14945 14945 7
20180131 1003 14945 14945 14945 14945 10
20180131 1004 14945 14945 14935 14935 5
20180131 1005 14935 14935 14935 14935 5
20180131 1006 14935 14935 14935 14935 11
20180131 1007 14940 14940 14940 14940 5
20180131 1008 14940 14940 14940 14940 5
20180131 1009 14940 14940 14935 14935 12
20180131 1010 14930 14930 14930 14930 5
20180131 1011 14930 14930 14930 14930 5
20180131 1012 14930 14930 14930 14930 5
20180131 1013 14930 14930 14930 14930 5
20180131 1015 15085 15085 15085 15085 2
20180131 1016 15070 15070 15070 15070 1
20180131 1017 15065 15065 15055 15055 3
20180131 1018 15050 15050 15050 15050 2
20180131 1019 15050 15050 15050 15050 1
20180131 1020 15050 15050 15050 15050 4
20180131 1021 15045 15045 15045 15045 2
20180131 1022 15045 15045 15045 15045 2
20180131 1023 15040 15040 15040 15040 4
20180131 1024 15040 15040 15040 15040 2
20180131 1025 15035 15035 15035 15035 2
20180131 1026 15030 15030 15030 15030 4
20180131 1027 15030 15030 15030 15030 2
20180131 1028 15030 15030 15030 15030 2
20180131 1029 15030 15030 15030 15030 1
20180131 1034 15015 15025 15015 15025 10
20180131 1138 15010 15110 15010 15110 181
20180131 1139 15110 15110 15110 15110 180
20180131 1140 15110 15110 15110 15110 181
20180131 1141 15110 15110 15110 15110 361
20180131 1142 15115 15115 15115 15115 180
20180131 1143 15115 15115 15115 15115 181
20180131 1144 15115 15120 15115 15120 362
20180131 1145 15120 15120 15120 15120 181
20180131 1146 15120 15120 15120 15120 218
20180131 1147 15120 15120 15120 15120 398
20180131 1148 15115 15115 15115 15115 217
20180131 1149 15115 15115 15115 15115 253
20180131 1150 15115 15115 15115 15115 398
20180131 1151 15115 15115 15115 15115 217
20180131 1152 15115 15115 15115 15115 99
20180131 1153 15115 15115 15115 15115 36
20180131 1154 15110 15110 15110 15110 36
20180131 1155 15110 15110 15110 15110 72
20180131 1156 15110 15110 15110 15110 36
20180131 1157 15105 15105 15105 15105 37
20180131 1158 15105 15105 15105 15105 72
20180131 1159 15105 15105 15105 15105 38
20180131 1200 15105 15105 15105 15105 5
20180131 1202 15110 15110 15110 15110 1
20180131 1204 15095 15095 15095 15095 1
20180131 1205 15085 15085 15085 15085 7
20180131 1207 15100 15100 15100 15100 1
20180131 1209 15095 15095 15095 15095 1
20180131 1222 14975 14975 14975 14975 3
20180131 1242 15065 15065 15065 15065 11
20180131 1243 15065 15065 15065 15065 10
20180131 1251 15060 15060 15060 15060 100
20180131 1254 15055 15055 15055 15055 10
20180131 1257 14985 14985 14985 14985 1
20180131 1306 15055 15065 15055 15065 6
20180131 1307 15065 15065 15065 15065 3
20180131 1308 15065 15070 15060 15060 9
20180131 1309 15060 15060 15060 15060 6
20180131 1310 15060 15060 15060 15060 3
20180131 1311 15060 15065 15060 15065 9
20180131 1312 15065 15065 15065 15065 6
20180131 1313 15065 15065 15060 15060 6
20180131 1314 15065 15065 15065 15065 6
20180131 1315 15065 15065 15065 15065 3
20180131 1340 15065 15065 15065 15065 2
20180131 1341 15065 15065 15060 15060 12
20180131 1349 15060 15060 15060 15060 1
20180131 1351 15060 15060 15060 15060 1
20180131 1354 15065 15065 14985 14985 40
20180131 1355 14980 14980 14945 14945 76
20180131 1356 14945 15060 14940 14940 45
20180131 1357 14940 14940 14935 14935 39
20180131 1358 14935 14935 14910 14910 77
20180131 1359 15060 15060 14910 14910 40
20180131 1400 14910 14910 14910 14910 39
20180131 1401 14910 15050 14910 15050 39
20180131 1402 14910 14910 14890 14890 77
20180131 1403 14890 14890 14865 14865 39
20180131 1404 14880 15050 14875 15050 57
20180131 1405 14875 15040 14870 14875 94
20180131 1406 15035 15035 14875 14875 57
20180131 1407 15035 15035 14875 15000 74
20180131 1408 14885 14985 14880 14985 57
20180131 1409 14885 14980 14880 14980 56
20180131 1410 14970 14975 14955 14965 56
20180131 1411 14955 14960 14955 14960 18
20180131 1412 14960 14960 14960 14960 19
20180131 1413 14960 15000 14960 15000 36
20180131 1414 15000 15000 15000 15000 18
20180131 1415 14975 14990 14975 14990 18
20180131 1416 14985 14990 14950 14985 37
20180131 1417 14985 14985 14985 14985 18
20180131 1418 15050 15050 15050 15050 5
20180131 1419 15050 15060 15050 15060 100
20180131 1457 14915 14915 14915 14915 7
20180131 1458 14915 14915 14915 14915 6
20180131 1459 14915 14915 14915 14915 6
20180131 1500 14915 14915 14915 14915 13
20180131 1501 14915 14915 14915 14915 6
20180131 1502 14915 14915 14915 14915 6
20180131 1503 14915 15025 14915 14915 20
20180131 1504 15025 15025 14920 14920 10
20180131 1505 15020 15020 14930 15020 13
20180131 1506 14935 15010 14930 14930 41
20180131 1507 14935 14935 14925 14925 27
20180131 1508 14970 14970 14915 14965 34
20180131 1509 14915 14950 14915 14915 38
20180131 1510 14950 14950 14910 14910 47
20180131 1511 14910 14930 14910 14930 36
20180131 1512 14910 14930 14910 14915 33
20180131 1513 14930 14930 14910 14920 30
20180131 1514 14910 14920 14910 14910 24
20180131 1515 14905 14905 14900 14900 66
20180131 1516 14920 14920 14920 14920 34
20180131 1530 14905 14905 14905 14905 80
