날짜 시간 시가 고가 저가 종가 거래량
20200401 901 56900 56900 55800 55800 758
20200401 902 55800 56300 55800 56300 131
20200401 903 56400 56400 56300 56400 75
20200401 904 56800 56800 56800 56800 2
20200401 905 56800 56800 56500 56500 21
20200401 906 56500 56500 55900 56100 859
20200401 907 56100 56300 55900 56200 218
20200401 908 56100 56300 56000 56300 593
20200401 909 56300 56300 56200 56200 87
20200401 910 56300 56400 56300 56400 80
20200401 911 56400 56500 56400 56500 40
20200401 912 56500 56600 56400 56400 35
20200401 913 56500 56700 56400 56700 199
20200401 914 56800 56900 56800 56800 25
20200401 915 56800 56800 56700 56700 306
20200401 916 56900 56900 56800 56800 33
20200401 917 56900 57100 56900 57100 177
20200401 918 57100 57300 57100 57300 61
20200401 919 57400 57400 57300 57300 33
20200401 920 57400 57600 57300 57600 428
20200401 921 57700 57800 57700 57700 356
20200401 922 57800 58100 57800 57900 418
20200401 923 58000 58000 57300 57600 230
20200401 924 57400 57600 57200 57300 21
20200401 925 57600 57600 57400 57500 127
20200401 926 57500 57700 57500 57500 35
20200401 927 57600 57600 57400 57400 428
20200401 928 57400 57500 57400 57400 476
20200401 929 57400 57400 57300 57400 116
20200401 930 57300 57400 57300 57400 308
20200401 931 57400 57400 57300 57400 189
20200401 932 57400 57400 57100 57100 746
20200401 933 57100 57200 57000 57200 1493
20200401 934 57200 57200 56900 57200 551
20200401 935 57300 57500 57200 57300 153
20200401 936 57300 57500 57300 57400 512
20200401 937 57300 57600 57300 57600 255
20200401 938 57400 57500 57400 57500 50
20200401 939 57500 57600 57500 57600 234
20200401 940 57600 57700 57500 57500 368
20200401 941 57700 57700 57500 57600 53
20200401 942 57700 58000 57600 58000 935
20200401 943 58000 58200 57800 58100 259
20200401 944 58200 58200 58100 58100 95
20200401 945 58200 58200 58100 58100 57
20200401 946 58200 58300 58100 58300 268
20200401 947 58300 58300 58100 58100 84
20200401 948 58200 58400 58200 58200 114
20200401 949 58400 58400 58200 58200 75
20200401 950 58300 58300 58100 58200 63
20200401 951 58300 58300 58200 58200 115
20200401 952 58300 58600 58200 58600 890
20200401 953 58400 58400 58200 58200 100
20200401 954 58300 59500 58300 58500 539
20200401 955 58900 58900 58600 58700 149
20200401 956 58700 58800 58700 58700 307
20200401 957 58800 58800 58700 58700 55
20200401 958 58800 58800 58700 58800 120
20200401 959 58800 58800 58700 58700 111
20200401 1000 58700 58800 58500 58500 59
20200401 1001 58600 58700 58500 58700 81
20200401 1002 58700 58800 58600 58600 248
20200401 1003 58600 58800 58500 58700 354
20200401 1004 58700 58700 58500 58600 23
20200401 1005 58500 58500 57600 57900 1970
20200401 1006 58000 58100 57900 58100 113
20200401 1007 58100 58200 58100 58200 113
20200401 1008 58200 58300 58200 58300 55
20200401 1009 58300 58300 58200 58300 95
20200401 1010 58300 58300 58100 58200 113
20200401 1011 58300 58300 58100 58200 92
20200401 1012 58200 58200 57700 57800 561
20200401 1013 57800 58000 57800 58000 133
20200401 1014 57900 58000 57900 58000 58
20200401 1015 58000 58000 57900 57900 74
20200401 1016 58000 58000 57800 58000 71
20200401 1017 58000 58000 57800 58000 55
20200401 1018 58000 58100 57700 57800 240
20200401 1019 57900 57900 57800 57900 37
20200401 1020 57900 58000 57900 58000 61
20200401 1021 58000 58000 58000 58000 78
20200401 1022 58000 58100 58000 58100 86
20200401 1023 58100 58200 58000 58200 199
20200401 1024 58100 58200 58100 58200 21
20200401 1025 58200 58300 58200 58300 62
20200401 1026 58300 58400 58300 58300 71
20200401 1027 58400 58500 58400 58500 30
20200401 1028 58500 58500 58300 58400 112
20200401 1029 58400 58400 58300 58400 100
20200401 1030 58400 58500 58400 58400 58
20200401 1031 58400 58500 58300 58400 68
20200401 1032 58400 58500 58300 58400 62
20200401 1033 58500 58500 58300 58300 147
20200401 1034 58300 58300 58200 58200 33
20200401 1035 58100 58200 58000 58200 70
20200401 1036 58200 58200 58100 58200 63
20200401 1037 58300 58400 58200 58400 68
20200401 1038 58300 58400 58200 58200 123
20200401 1039 58400 58400 58300 58400 56
20200401 1040 58400 58400 58200 58400 109
20200401 1041 58400 58400 58300 58400 110
20200401 1042 58400 58400 58400 58400 110
20200401 1043 58400 58400 58300 58300 47
20200401 1044 58400 58400 58100 58300 170
20200401 1045 58300 58300 58100 58200 151
20200401 1046 58200 58300 58100 58200 77
20200401 1047 58200 58300 58100 58200 79
20200401 1048 58200 58300 57900 57900 849
20200401 1049 58300 58300 57900 58300 858
20200401 1050 58300 58300 58200 58300 358
20200401 1051 58400 58400 58300 58300 82
20200401 1052 58300 58500 58300 58400 425
20200401 1053 58400 58500 58400 58500 55
20200401 1054 58500 58500 58200 58200 219
20200401 1055 58300 58300 58200 58300 78
20200401 1056 58300 58500 58300 58500 154
20200401 1057 58400 58400 58200 58200 46
20200401 1058 58300 58500 58200 58500 98
20200401 1059 58500 58500 58400 58400 149
20200401 1100 58500 58600 58500 58600 64
20200401 1101 58600 58700 58600 58700 105
20200401 1102 58800 58800 58600 58600 25
20200401 1103 58600 58800 58500 58700 156
20200401 1104 58700 58700 58500 58700 50
20200401 1105 58700 58800 58600 58800 89
20200401 1106 58700 58700 58600 58700 230
20200401 1107 58700 58800 58600 58600 108
20200401 1108 58600 58800 58600 58700 60
20200401 1109 58800 58900 58700 58800 177
20200401 1110 58900 58900 58700 58800 119
20200401 1111 58800 58900 58700 58900 87
20200401 1112 58900 59000 58700 59000 623
20200401 1113 58900 59000 58700 58900 525
20200401 1114 58900 59000 58800 59000 258
20200401 1115 59000 59000 58700 58900 636
20200401 1116 58900 59100 58900 59100 216
20200401 1117 59100 59100 58900 58900 57
20200401 1118 58900 59000 58600 58800 60
20200401 1119 58800 58800 58600 58700 154
20200401 1120 58700 58900 58600 58900 201
20200401 1121 58900 59000 58600 58700 334
20200401 1122 58700 58900 58700 58900 118
20200401 1123 58800 58900 58800 58800 109
20200401 1124 58800 58900 58700 58900 54
20200401 1125 58900 59000 58700 59000 555
20200401 1126 59000 59000 58800 59000 133
20200401 1127 59100 59100 58900 59100 503
20200401 1128 58900 59200 58900 59100 109
20200401 1129 59000 59100 59000 59100 286
20200401 1130 59100 59200 59000 59200 103
20200401 1131 59100 59200 58900 58900 358
20200401 1132 58800 59000 58700 58800 59
20200401 1133 58900 59200 58800 59200 74
20200401 1134 59200 59200 58800 58900 116
20200401 1135 59000 59000 58800 59000 53
20200401 1136 59000 59000 58900 59000 35
20200401 1137 59100 59100 58800 58900 59
20200401 1138 58900 59100 58900 59000 138
20200401 1139 59000 59000 58900 59000 63
20200401 1140 58900 59000 58800 58900 119
20200401 1141 59000 59000 58700 59000 94
20200401 1142 59000 59000 58800 58900 50
20200401 1143 58900 59000 58900 59000 68
20200401 1144 58900 59000 58900 59000 33
20200401 1145 58900 59100 58900 59100 131
20200401 1146 59100 59100 59000 59000 56
20200401 1147 59100 59100 59000 59000 59
20200401 1148 59000 59100 59000 59000 130
20200401 1149 59000 59100 59000 59100 110
20200401 1150 59100 59100 59000 59000 115
20200401 1151 59000 59200 58900 59200 64
20200401 1152 59200 59200 59000 59000 91
20200401 1153 59000 59200 59000 59100 124
20200401 1154 59100 59300 59100 59300 391
20200401 1155 59200 59200 58900 59100 434
20200401 1156 59100 59200 59000 59100 144
20200401 1157 59100 59200 59000 59200 55
20200401 1158 59000 59200 59000 59200 39
20200401 1159 59100 59300 59100 59300 128
20200401 1200 59300 59300 59200 59200 103
20200401 1201 59200 59400 59100 59200 54
20200401 1202 59200 59200 59100 59100 36
20200401 1203 59200 59400 59200 59400 100
20200401 1204 59400 59400 59200 59200 127
20200401 1205 59100 59200 59100 59200 16
20200401 1206 59200 59300 59000 59200 172
20200401 1207 59200 59200 59000 59100 135
20200401 1208 59100 59200 59000 59100 76
20200401 1209 59100 59100 58800 58900 198
20200401 1210 58900 59000 58900 58900 105
20200401 1211 59000 59000 58900 59000 75
20200401 1212 59000 59100 59000 59100 28
20200401 1213 59000 59100 59000 59000 91
20200401 1214 59100 59200 59000 59000 75
20200401 1215 59000 59000 58900 59000 85
20200401 1216 59100 59200 59000 59200 71
20200401 1217 59200 59200 58900 58900 94
20200401 1218 58900 59000 58900 58900 38
20200401 1219 59000 59100 59000 59000 101
20200401 1220 59000 59100 58900 59100 92
20200401 1221 59100 59200 59100 59200 75
20200401 1222 59200 59200 58900 59000 27
20200401 1223 58900 59000 58900 59000 102
20200401 1224 59100 59200 59000 59100 85
20200401 1225 59100 59100 58900 59000 17
20200401 1226 59000 59100 58900 59100 54
20200401 1227 59100 59100 59000 59100 162
20200401 1228 59000 59100 58800 59000 106
20200401 1229 59000 59000 58900 59000 40
20200401 1230 58900 59000 58800 59000 91
20200401 1231 59000 59000 58800 59000 136
20200401 1232 59000 59000 58800 58900 16
20200401 1233 58800 59000 58800 59000 55
20200401 1234 59000 59100 58800 59100 356
20200401 1235 59100 59100 59000 59100 17
20200401 1236 59100 59100 58900 59000 72
20200401 1237 59000 59100 59000 59000 74
20200401 1238 59000 59100 58900 58900 142
20200401 1239 59100 59100 58800 58800 152
20200401 1240 58900 58900 58800 58900 66
20200401 1241 58900 59000 58900 58900 81
20200401 1242 58800 59000 58800 58900 146
20200401 1243 59000 59000 58800 59000 47
20200401 1244 59000 59000 58800 58900 154
20200401 1245 58900 58900 58800 58800 79
20200401 1246 58900 58900 58800 58900 81
20200401 1247 58800 58900 58800 58900 108
20200401 1248 58900 58900 58800 58900 116
20200401 1249 58900 58900 58800 58900 89
20200401 1250 58900 58900 58700 58800 125
20200401 1251 58800 58900 58800 58900 66
20200401 1252 58900 58900 58700 58700 127
20200401 1253 58700 58900 58700 58900 52
20200401 1254 58900 58900 58800 58900 119
20200401 1255 58900 58900 58700 58900 66
20200401 1256 58900 58900 58700 58900 57
20200401 1257 58900 58900 58700 58700 156
20200401 1258 58700 58800 58700 58800 98
20200401 1259 58800 58900 58800 58900 43
20200401 1300 58900 59000 58700 58800 263
20200401 1301 58700 58900 58700 58700 239
20200401 1302 58700 58800 58700 58800 123
20200401 1303 58700 58700 58600 58600 84
20200401 1304 58700 58700 58600 58700 154
20200401 1305 58700 58800 58600 58700 82
20200401 1306 58600 58700 58600 58600 113
20200401 1307 58600 58600 58500 58600 336
20200401 1308 58600 58600 58500 58600 202
20200401 1309 58500 58600 58500 58600 170
20200401 1310 58600 58700 58600 58700 6
20200401 1311 58700 58700 58600 58700 169
20200401 1312 58600 58700 58500 58600 193
20200401 1313 58600 58600 58500 58500 161
20200401 1314 58600 58600 58500 58600 150
20200401 1315 58500 58700 58500 58500 231
20200401 1316 58700 58700 58500 58500 177
20200401 1317 58500 58600 58500 58500 136
20200401 1318 58600 58600 58500 58600 141
20200401 1319 58500 58600 58500 58600 82
20200401 1320 58600 58600 58500 58600 128
20200401 1321 58500 58600 58500 58500 169
20200401 1322 58500 58600 58500 58600 125
20200401 1323 58600 58600 58500 58500 159
20200401 1324 58600 58600 58500 58600 125
20200401 1325 58600 58600 58500 58500 92
20200401 1326 58600 58600 58500 58500 46
20200401 1327 58500 58600 58500 58500 309
20200401 1328 58500 58600 58500 58600 158
20200401 1329 58500 58600 58500 58500 68
20200401 1330 58600 58600 58500 58600 107
20200401 1331 58600 58600 58500 58500 582
20200401 1332 58600 58600 58500 58500 134
20200401 1333 58500 58600 58500 58500 260
20200401 1334 58500 58600 58500 58600 629
20200401 1335 58600 58700 58600 58600 2043
20200401 1336 58700 58700 58600 58600 113
20200401 1337 58700 58700 58600 58700 106
20200401 1338 58700 58700 58600 58600 168
20200401 1339 58700 58700 58600 58600 122
20200401 1340 58700 58700 58600 58700 121
20200401 1341 58600 58700 58500 58500 1658
20200401 1342 58500 58600 58000 58000 1269
20200401 1343 58000 58100 58000 58000 150
20200401 1344 58100 58100 58000 58100 233
20200401 1345 58000 58100 58000 58100 239
20200401 1346 58100 58100 58000 58100 235
20200401 1347 58000 58100 58000 58000 50
20200401 1348 58100 58100 58000 58100 185
20200401 1349 58100 58100 57900 58000 140
20200401 1350 58000 58000 57900 57900 113
20200401 1351 58000 58000 57900 57900 227
20200401 1352 58000 58000 57900 57900 215
20200401 1353 58000 58000 57900 57900 309
20200401 1354 58000 58000 57900 57900 313
20200401 1355 58000 58000 57900 58000 235
20200401 1356 58000 58000 57900 57900 124
20200401 1357 58000 58000 57800 57800 858
20200401 1358 57800 58100 57800 58100 1594
20200401 1359 58100 58200 58000 58000 480
20200401 1400 58000 58100 58000 58000 167
20200401 1401 58100 58100 58000 58100 133
20200401 1402 58100 58200 58000 58200 226
20200401 1403 58200 58200 58000 58200 216
20200401 1404 58100 58300 58100 58300 119
20200401 1405 58300 58300 58100 58200 166
20200401 1406 58200 58400 58200 58300 122
20200401 1407 58300 58400 58200 58300 54
20200401 1408 58400 58400 58200 58300 63
20200401 1409 58300 58400 58200 58400 215
20200401 1410 58400 58400 58300 58400 52
20200401 1411 58300 58300 58100 58100 109
20200401 1412 58200 58200 58200 58200 119
20200401 1413 58200 58400 58100 58100 152
20200401 1414 58200 58200 58000 58100 121
20200401 1415 58000 58200 58000 58100 159
20200401 1416 58100 58300 58100 58200 204
20200401 1417 58200 58200 58000 58200 176
20200401 1418 58200 58200 58100 58100 71
20200401 1419 58100 58200 58000 58000 262
20200401 1420 58000 58200 58000 58200 161
20200401 1421 58200 58200 58100 58100 69
20200401 1422 58000 58200 57900 58200 344
20200401 1423 58000 58000 57900 58000 118
20200401 1424 58000 58100 57900 58000 212
20200401 1425 58100 58100 58000 58100 122
20200401 1426 58100 58100 58000 58100 126
20200401 1427 58100 58100 58000 58100 165
20200401 1428 58100 58100 57900 58000 207
20200401 1429 57900 57900 57800 57800 651
20200401 1430 57800 57900 57700 57800 751
20200401 1431 57800 57900 57700 57900 153
20200401 1432 57900 57900 57600 57700 228
20200401 1433 57700 57800 57600 57800 283
20200401 1434 57800 57800 57700 57800 154
20200401 1435 57700 57800 57500 57500 359
20200401 1436 57600 57700 57500 57600 109
20200401 1437 57700 57700 57600 57600 135
20200401 1438 57700 57700 57500 57600 147
20200401 1439 57500 57600 57400 57400 283
20200401 1440 57400 57500 57200 57300 236
20200401 1441 57300 57300 57100 57200 203
20200401 1442 57100 57300 57100 57300 163
20200401 1443 57300 57600 57300 57500 858
20200401 1444 57500 57700 57500 57700 245
20200401 1445 57700 57700 57600 57700 95
20200401 1446 57600 57700 57500 57500 241
20200401 1447 57500 57600 57500 57600 526
20200401 1448 57600 57600 57500 57500 436
20200401 1449 57500 57600 57100 57600 1930
20200401 1450 57500 57600 57500 57500 142
20200401 1451 57500 57600 57400 57600 1288
20200401 1452 57500 57600 57500 57500 102
20200401 1453 57600 57600 57500 57500 182
20200401 1454 57500 57600 57400 57500 964
20200401 1455 57500 57600 57500 57500 639
20200401 1456 57600 57600 57500 57500 529
20200401 1457 57500 57600 57500 57500 345
20200401 1458 57600 57700 57200 57600 1015
20200401 1459 57500 57600 57500 57500 312
20200401 1500 57500 57700 57500 57700 677
20200401 1501 57700 57700 57500 57500 769
20200401 1502 57500 57600 57500 57500 761
20200401 1503 57500 57600 57500 57500 982
20200401 1504 57500 57600 57500 57600 598
20200401 1505 57500 57600 57500 57600 556
20200401 1506 57500 57600 57400 57500 2016
20200401 1507 57500 57600 57500 57600 983
20200401 1508 57600 57600 57400 57600 847
20200401 1509 57500 57600 57400 57500 2429
20200401 1510 57300 57600 57300 57600 1601
20200401 1511 57500 57600 57400 57500 1560
20200401 1512 57500 57600 57400 57500 1349
20200401 1513 57500 57600 57300 57500 1239
20200401 1514 57500 57600 57300 57300 1344
20200401 1515 57400 57400 57000 57200 1046
20200401 1516 57300 57300 57000 57000 1234
20200401 1517 57100 57200 56900 56900 1040
20200401 1518 57000 57000 56200 56400 1114
20200401 1519 56400 56400 56300 56300 333
20200401 1520 56300 56300 56200 56200 512
20200401 1530 55700 55700 55700 55700 24567
20200402 901 55500 55700 55300 55300 949
20200402 902 55500 55800 55500 55700 371
20200402 903 55700 55800 55700 55800 52
20200402 904 55800 56000 55800 56000 30
20200402 905 56700 56700 55700 55700 321
20200402 906 55700 55900 55700 55800 29
20200402 907 55900 55900 55300 55300 128
20200402 908 55300 55300 55000 55000 157
20200402 909 55000 55300 55000 55300 28
20200402 910 55300 55300 55300 55300 1
20200402 911 55100 55100 54900 55000 247
20200402 912 55000 55000 55000 55000 129
20200402 913 55000 55100 55000 55000 127
20200402 914 55000 55200 55000 55000 266
20200402 915 55200 55200 55200 55200 1
20200402 916 55200 55300 55000 55000 102
20200402 917 55000 55000 54100 54400 652
20200402 918 54500 54500 54400 54400 1065
20200402 919 54100 55000 54100 55000 899
20200402 920 55000 55000 55000 55000 12
20200402 921 55000 55000 55000 55000 5
20200402 922 55000 55000 55000 55000 10
20200402 923 55100 55100 55100 55100 30
20200402 924 55200 55200 55000 55000 89
20200402 925 55100 55100 55100 55100 47
20200402 926 55200 55200 55100 55200 87
20200402 927 55300 55300 55300 55300 45
20200402 928 55200 55500 55100 55500 63
20200402 929 55300 55500 55200 55400 91
20200402 930 55300 55600 55300 55600 287
20200402 931 55600 55700 55600 55700 462
20200402 932 55700 55700 55700 55700 4
20200402 933 55500 55500 55500 55500 6
20200402 934 55600 55600 55600 55600 25
20200402 935 55600 55600 55600 55600 34
20200402 937 55500 55600 55500 55600 50
20200402 938 55500 55600 55300 55600 118
20200402 939 55400 55400 55300 55300 46
20200402 940 55400 55400 55300 55300 27
20200402 941 55300 55300 55200 55200 84
20200402 942 55100 55100 55000 55100 20
20200402 943 55100 55200 55000 55200 105
20200402 944 55100 55200 55100 55200 60
20200402 945 55100 55200 55000 55000 102
20200402 946 54900 54900 54800 54800 25
20200402 947 54700 54800 54700 54700 97
20200402 948 54700 54800 54600 54800 81
20200402 949 54900 55000 54900 55000 57
20200402 950 55000 55000 55000 55000 10
20200402 951 54900 55000 54900 54900 57
20200402 952 54900 54900 54700 54800 72
20200402 953 54700 54800 54700 54700 91
20200402 954 54700 54800 54700 54700 68
20200402 955 54800 54800 54700 54700 224
20200402 956 54800 55000 54700 54900 300
20200402 957 54900 55000 54900 55000 53
20200402 958 55000 55000 54900 54900 67
20200402 959 55000 55000 54900 54900 50
20200402 1000 54900 55000 54900 54900 31
20200402 1001 54800 55000 54800 55000 40
20200402 1002 54900 54900 54900 54900 57
20200402 1003 54900 54900 54900 54900 7
20200402 1004 54900 54900 54900 54900 3
20200402 1005 54900 54900 54900 54900 3
20200402 1007 54900 55000 54900 54900 29
20200402 1008 55000 55000 55000 55000 3
20200402 1010 55000 55000 54800 55000 183
20200402 1011 54800 54800 54800 54800 40
20200402 1012 54800 54800 54800 54800 3
20200402 1013 54800 55000 54800 55000 117
20200402 1014 55000 55000 55000 55000 103
20200402 1015 54800 54800 54800 54800 3
20200402 1016 55000 55000 54900 55000 72
20200402 1017 55000 55100 55000 55100 14
20200402 1018 55100 55100 55100 55100 34
20200402 1019 55100 55100 55100 55100 12
20200402 1020 55000 55100 55000 55100 4
20200402 1021 55100 55100 55000 55100 131
20200402 1023 55100 55100 55100 55100 1
20200402 1024 55000 55000 55000 55000 12
20200402 1025 55000 55100 55000 55000 34
20200402 1026 55000 55000 55000 55000 3
20200402 1027 55100 55100 55100 55100 1
20200402 1028 55100 55100 55100 55100 25
20200402 1030 55100 55100 55100 55100 1
20200402 1031 55000 55000 54700 54700 623
20200402 1032 54800 54800 54700 54800 139
20200402 1033 54800 54800 54700 54800 80
20200402 1034 54800 54900 54800 54900 74
20200402 1035 54900 55000 54900 54900 235
20200402 1036 55100 55300 55100 55300 345
20200402 1039 55300 55300 55300 55300 25
20200402 1040 55300 55300 55300 55300 18
20200402 1041 55200 55400 55200 55400 150
20200402 1042 55300 55400 55300 55400 97
20200402 1043 55400 55400 55400 55400 2
20200402 1044 55300 55300 55300 55300 306
20200402 1045 55300 55400 55300 55300 39
20200402 1046 55300 55400 55300 55400 170
20200402 1047 55400 55600 55400 55600 182
20200402 1048 55600 55600 55500 55500 6
20200402 1049 55500 55600 55500 55600 8
20200402 1050 55500 55500 55500 55500 21
20200402 1051 55600 55600 55500 55500 37
20200402 1052 55500 55500 55500 55500 3
20200402 1053 55600 55600 55600 55600 26
20200402 1055 55500 55600 55500 55500 10
20200402 1056 55600 55600 55600 55600 1
20200402 1057 55600 55600 55600 55600 25
20200402 1059 55500 55500 55500 55500 2
20200402 1100 55500 55500 55000 55000 173
20200402 1102 55100 55100 55000 55100 135
20200402 1103 55100 55200 55100 55100 261
20200402 1104 55300 55300 55300 55300 30
20200402 1105 55100 55100 55100 55100 23
20200402 1106 55300 55300 55300 55300 55
20200402 1107 55300 55600 55300 55600 1149
20200402 1108 55700 55700 55700 55700 10
20200402 1109 55600 55700 55600 55700 59
20200402 1110 55700 55700 55700 55700 2
20200402 1111 55600 55600 55600 55600 25
20200402 1112 55700 55700 55700 55700 31
20200402 1113 55600 55600 55600 55600 31
20200402 1114 55700 55700 55700 55700 181
20200402 1115 55700 55800 55700 55800 101
20200402 1116 55800 55800 55700 55700 151
20200402 1117 55700 55700 55700 55700 85
20200402 1118 55700 55700 55600 55600 31
20200402 1119 55700 55800 55700 55700 12
20200402 1120 55800 56000 55700 56000 463
20200402 1121 56000 56200 55900 56200 92
20200402 1122 56300 56300 56200 56200 94
20200402 1123 56200 56200 56200 56200 6
20200402 1124 56200 56200 56100 56100 26
20200402 1125 56100 56100 55900 55900 151
20200402 1126 55800 55800 55800 55800 44
20200402 1127 55900 55900 55900 55900 5
20200402 1128 55900 55900 55800 55800 65
20200402 1129 55800 55800 55800 55800 4
20200402 1130 55800 55800 55700 55800 70
20200402 1131 55800 55800 55700 55700 29
20200402 1132 55700 55800 55600 55600 138
20200402 1133 55700 55700 55700 55700 26
20200402 1134 55700 55700 55700 55700 10
20200402 1135 55600 55800 55600 55800 88
20200402 1136 55800 55800 55700 55800 11
20200402 1137 55800 55900 55800 55900 32
20200402 1138 55900 55900 55700 55800 34
20200402 1139 55800 55800 55800 55800 48
20200402 1140 55800 55900 55800 55900 49
20200402 1141 55900 55900 55800 55800 49
20200402 1142 55800 55800 55700 55800 36
20200402 1143 55700 55700 55700 55700 12
20200402 1144 55700 55800 55700 55800 33
20200402 1145 55800 55800 55700 55800 39
20200402 1146 55700 55700 55700 55700 32
20200402 1147 55800 55800 55700 55800 25
20200402 1148 55700 55700 55700 55700 109
20200402 1150 55700 55700 55600 55700 35
20200402 1151 55600 55700 55600 55700 30
20200402 1152 55600 55600 55500 55600 42
20200402 1153 55600 55600 55600 55600 57
20200402 1154 55600 55600 55600 55600 9
20200402 1155 55600 55600 55600 55600 73
20200402 1157 55600 55600 55500 55500 94
20200402 1158 55500 55500 55500 55500 6
20200402 1159 55500 55500 55400 55400 63
20200402 1200 55400 55500 55400 55500 5
20200402 1201 55500 55500 55400 55400 34
20200402 1202 55500 55500 55500 55500 34
20200402 1203 55600 55600 55600 55600 52
20200402 1204 55600 55700 55600 55700 23
20200402 1205 55700 55700 55600 55700 43
20200402 1206 55700 55700 55600 55700 41
20200402 1207 55600 55700 55600 55700 150
20200402 1208 55700 55700 55700 55700 4
20200402 1209 55700 55700 55600 55600 38
20200402 1210 55600 55700 55600 55600 108
20200402 1211 55700 55700 55600 55600 32
20200402 1213 55600 55600 55500 55500 372
20200402 1214 55500 55500 55500 55500 6
20200402 1215 55400 55400 55400 55400 24
20200402 1216 55400 55400 55400 55400 24
20200402 1217 55400 55400 55300 55400 144
20200402 1218 55400 55500 55400 55500 6
20200402 1219 55500 55600 55500 55500 162
20200402 1220 55500 55700 55500 55700 39
20200402 1221 55600 55700 55600 55700 48
20200402 1223 55600 55700 55600 55700 70
20200402 1224 55700 55700 55700 55700 26
20200402 1225 55600 55700 55600 55700 63
20200402 1226 55700 55700 55700 55700 59
20200402 1227 55600 55700 55600 55700 27
20200402 1228 55700 55700 55700 55700 56
20200402 1229 55600 55700 55600 55700 43
20200402 1230 55700 55700 55600 55600 26
20200402 1231 55600 55700 55600 55700 54
20200402 1232 55700 55700 55700 55700 21
20200402 1233 55700 55700 55700 55700 6
20200402 1234 55700 55700 55600 55600 18
20200402 1235 55600 55700 55600 55700 49
20200402 1236 55700 55800 55700 55800 147
20200402 1237 55700 55900 55700 55900 9
20200402 1238 55900 55900 55800 55800 18
20200402 1239 55800 55800 55800 55800 86
20200402 1240 55700 55900 55700 55900 44
20200402 1241 55800 55800 55800 55800 4
20200402 1242 55900 55900 55800 55800 33
20200402 1243 55800 56000 55800 55900 97
20200402 1244 55900 55900 55900 55900 39
20200402 1245 55900 55900 55900 55900 4
20200402 1246 55900 55900 55800 55900 59
20200402 1248 55900 55900 55800 55800 75
20200402 1249 55800 55800 55800 55800 5
20200402 1250 55800 55800 55700 55800 116
20200402 1251 55800 55800 55800 55800 13
20200402 1252 55800 55800 55700 55800 32
20200402 1253 55700 55800 55700 55800 191
20200402 1254 55700 55700 55600 55700 157
20200402 1255 55700 55700 55700 55700 5
20200402 1256 55600 55700 55600 55700 209
20200402 1257 55700 55700 55700 55700 31
20200402 1258 55600 55700 55600 55700 65
20200402 1259 55700 55700 55700 55700 6
20200402 1300 55700 55700 55600 55700 134
20200402 1301 55700 55700 55700 55700 10
20200402 1302 55700 55700 55600 55700 65
20200402 1303 55700 55700 55700 55700 1
20200402 1304 55600 55700 55600 55700 71
20200402 1305 55700 55700 55700 55700 40
20200402 1306 55700 55800 55700 55800 43
20200402 1307 55800 55800 55700 55700 6
20200402 1308 55700 55700 55700 55700 38
20200402 1309 55800 55800 55700 55800 93
20200402 1310 55700 55700 55700 55700 108
20200402 1311 55600 55600 55600 55600 26
20200402 1312 55700 55700 55700 55700 35
20200402 1313 55600 55600 55600 55600 26
20200402 1314 55700 55700 55500 55700 55
20200402 1315 55700 55700 55500 55500 53
20200402 1316 55600 55600 55500 55600 5
20200402 1317 55600 55600 55500 55500 114
20200402 1318 55500 55600 55500 55600 21
20200402 1319 55600 55700 55600 55600 90
20200402 1320 55600 55600 55600 55600 1
20200402 1321 55600 55600 55400 55600 72
20200402 1322 55500 55600 55500 55600 32
20200402 1323 55600 55600 55500 55500 33
20200402 1324 55600 55600 55500 55600 216
20200402 1325 55500 55600 55400 55600 142
20200402 1326 55600 55700 55600 55600 12
20200402 1327 55700 55700 55600 55600 70
20200402 1328 55600 55600 55600 55600 3
20200402 1329 55700 55700 55600 55600 16
20200402 1330 55600 55600 55500 55500 26
20200402 1331 55600 55600 55400 55500 165
20200402 1332 55400 55500 55400 55500 114
20200402 1333 55500 55600 55500 55600 35
20200402 1334 55600 55600 55600 55600 29
20200402 1335 55500 55600 55500 55600 34
20200402 1336 55600 55700 55600 55700 243
20200402 1337 55600 55700 55600 55700 40
20200402 1338 55700 55700 55700 55700 31
20200402 1339 55600 55700 55600 55600 345
20200402 1340 55600 55600 55500 55600 28
20200402 1341 55600 55600 55600 55600 35
20200402 1342 55600 55600 55400 55400 83
20200402 1343 55300 55400 55300 55400 32
20200402 1344 55300 55400 55300 55400 8
20200402 1345 55300 55400 55300 55400 63
20200402 1346 55400 55400 55100 55100 283
20200402 1347 55200 55600 55200 55600 276
20200402 1348 55600 55600 55400 55400 159
20200402 1349 55400 55500 55400 55500 52
20200402 1350 55400 55700 55400 55500 242
20200402 1351 55400 55500 55200 55500 273
20200402 1352 55500 55500 55400 55400 162
20200402 1353 55500 55500 55500 55500 17
20200402 1354 55400 55400 55400 55400 26
20200402 1355 55500 55500 55500 55500 183
20200402 1356 55600 55600 55500 55500 42
20200402 1357 55600 55600 55600 55600 12
20200402 1358 55500 55600 55500 55600 48
20200402 1359 55600 55700 55500 55500 140
20200402 1400 55600 55700 55600 55600 151
20200402 1401 55600 55600 55500 55600 119
20200402 1402 55600 55700 55600 55700 148
20200402 1403 55700 55700 55600 55600 91
20200402 1404 55700 55700 55600 55600 145
20200402 1405 55500 55600 55400 55600 125
20200402 1406 55600 55600 55400 55400 103
20200402 1407 55600 55600 55500 55600 176
20200402 1408 55500 55700 55500 55700 165
20200402 1409 55600 55700 55600 55700 109
20200402 1410 55600 55800 55600 55800 237
20200402 1411 55900 56000 55800 56000 140
20200402 1412 55900 55900 55700 55900 232
20200402 1413 55800 55900 55800 55800 240
20200402 1414 55700 55700 55600 55700 86
20200402 1415 55700 55800 55600 55700 251
20200402 1416 55800 55800 55700 55700 76
20200402 1417 55800 55800 55700 55700 220
20200402 1418 55700 55800 55700 55800 198
20200402 1419 55700 55800 55700 55800 95
20200402 1420 55700 55800 55600 55800 362
20200402 1421 55800 55800 55700 55800 106
20200402 1422 55900 55900 55800 55900 118
20200402 1423 55900 55900 55700 55700 255
20200402 1424 55600 55800 55600 55800 82
20200402 1425 55900 56200 55800 55800 249
20200402 1426 55900 56100 55800 55800 261
20200402 1427 56000 56000 55800 55900 120
20200402 1428 55800 56000 55500 56000 282
20200402 1429 56100 56100 55800 56000 102
20200402 1430 56000 56300 56000 56300 157
20200402 1431 56200 56300 56100 56200 206
20200402 1432 56300 56300 56200 56200 126
20200402 1433 56300 56300 56200 56200 240
20200402 1434 56200 56300 56000 56200 168
20200402 1435 56200 56300 56200 56300 187
20200402 1436 56200 56300 56000 56300 211
20200402 1437 56300 56300 56200 56300 156
20200402 1438 56400 56400 56000 56300 255
20200402 1439 56300 56400 56100 56200 263
20200402 1440 56100 56300 56100 56300 122
20200402 1441 56200 56500 56200 56400 193
20200402 1442 56400 56500 56400 56500 86
20200402 1443 56500 56700 56500 56700 283
20200402 1444 56400 56800 56400 56800 248
20200402 1445 56700 56900 56600 56600 102
20200402 1446 56600 56700 56600 56600 317
20200402 1447 56700 56700 56600 56700 146
20200402 1448 56700 56700 56600 56700 201
20200402 1449 56600 56700 56600 56600 253
20200402 1450 56700 56700 56600 56700 118
20200402 1451 56700 56900 56600 56900 205
20200402 1452 56800 56900 56800 56900 219
20200402 1453 56900 57400 56900 57400 179
20200402 1454 57400 57600 57400 57500 186
20200402 1455 57500 57600 57500 57600 100
20200402 1456 57600 57700 57500 57500 357
20200402 1457 57500 57600 57100 57200 247
20200402 1458 57200 57200 56900 57100 182
20200402 1459 57100 57400 57100 57300 260
20200402 1500 56900 57300 56900 57100 141
20200402 1501 57100 57200 56900 56900 244
20200402 1502 57000 57000 56900 57000 188
20200402 1503 57000 57100 56900 56900 253
20200402 1504 57000 57100 56800 57000 261
20200402 1505 56600 57200 56600 57100 118
20200402 1506 57100 57200 56600 57000 253
20200402 1507 57000 57100 56600 56700 171
20200402 1508 57000 57100 56900 57000 132
20200402 1509 57100 57200 56900 57000 267
20200402 1510 56800 57200 56800 56800 177
20200402 1511 57200 57200 56900 56900 85
20200402 1512 57200 57200 56900 57100 383
20200402 1513 57100 57100 56800 56800 263
20200402 1514 57000 57000 56800 57000 268
20200402 1515 56900 57100 56900 57100 477
20200402 1516 57000 57100 56900 57000 28
20200402 1517 57000 57100 56900 57000 321
20200402 1518 56900 57100 56900 57100 109
20200402 1519 57100 57100 56800 56900 188
20200402 1520 56900 56900 56800 56900 34
20200402 1530 56300 56300 56300 56300 7214
