날짜 시간 시가 고가 저가 종가 거래량
20190801 901 11085 11085 11085 11085 1
20190801 906 11000 11000 11000 11000 11
20190801 915 11000 11000 11000 11000 1
20190801 916 11000 11000 11000 11000 2
20190801 929 10990 10990 10990 10990 40
20190801 1003 10990 10990 10990 10990 1
20190801 1015 10990 11000 10990 11000 73
20190801 1016 11000 11000 11000 11000 265
20190801 1017 11000 11000 11000 11000 213
20190801 1041 11050 11050 11050 11050 5
20190801 1042 11055 11055 11050 11050 149
20190801 1138 11045 11045 11045 11045 5
20190801 1149 11045 11060 11045 11060 40
20190801 1157 11055 11055 11055 11055 1
20190801 1227 11000 11000 11000 11000 4
20190801 1231 11000 11000 11000 11000 1
20190801 1512 11050 11050 11050 11050 3
20190801 1518 11040 11040 11040 11040 2040
20190801 1530 11035 11035 11035 11035 191
20190802 901 10940 10940 10940 10940 1
20190802 904 10820 10820 10820 10820 30
20190802 910 10815 10815 10815 10815 10
20190802 911 10810 10810 10810 10810 10
20190802 913 10810 10810 10810 10810 1
20190802 914 10810 10810 10810 10810 30
20190802 917 10775 10775 10775 10775 39
20190802 919 10800 10800 10800 10800 29
20190802 922 10800 10800 10800 10800 33
20190802 924 10775 10775 10775 10775 5
20190802 925 10775 10775 10775 10775 6
20190802 926 10820 10820 10820 10820 1
20190802 936 10825 10825 10825 10825 2
20190802 938 10825 10825 10820 10820 2
20190802 939 10815 10815 10815 10815 1
20190802 942 10810 10810 10810 10810 1
20190802 943 10815 10815 10815 10815 1
20190802 944 10815 10820 10815 10820 61
20190802 949 10815 10815 10815 10815 1
20190802 956 10810 10810 10810 10810 1
20190802 1003 10810 10810 10810 10810 1
20190802 1015 10810 10810 10810 10810 2
20190802 1029 10820 10820 10820 10820 20
20190802 1035 10810 10810 10785 10785 2
20190802 1043 10785 10785 10785 10785 14
20190802 1044 10785 10785 10785 10785 42
20190802 1047 10785 10785 10785 10785 30
20190802 1048 10785 10785 10785 10785 1
20190802 1050 10785 10785 10785 10785 30
20190802 1058 10785 10785 10785 10785 50
20190802 1105 10785 10785 10785 10785 21
20190802 1106 10785 10785 10785 10785 1
20190802 1110 10785 10785 10785 10785 2
20190802 1111 10780 10780 10775 10775 9
20190802 1112 10765 10765 10765 10765 69
20190802 1147 10785 10785 10785 10785 3
20190802 1215 10770 10770 10770 10770 2
20190802 1237 10775 10775 10775 10775 1
20190802 1308 10785 10785 10785 10785 12
20190802 1314 10775 10775 10775 10775 2
20190802 1353 10785 10785 10785 10785 6
20190802 1358 10785 10785 10785 10785 5
20190802 1400 10785 10785 10785 10785 6
20190802 1453 10785 10785 10785 10785 5
20190802 1530 10790 10790 10790 10790 19
20190805 901 10795 10795 10710 10710 6
20190805 913 10710 10710 10710 10710 1
20190805 932 10655 10655 10650 10650 17
20190805 933 10640 10640 10640 10640 29
20190805 1005 10710 10710 10660 10660 1087
20190805 1017 10715 10715 10715 10715 11
20190805 1018 10710 10710 10710 10710 10
20190805 1036 10640 10640 10630 10630 16
20190805 1044 10625 10625 10625 10625 4
20190805 1045 10620 10620 10620 10620 2
20190805 1052 10615 10615 10615 10615 1
20190805 1059 10610 10610 10610 10610 1
20190805 1100 10605 10605 10605 10605 3
20190805 1101 10635 10635 10565 10565 101
20190805 1105 10625 10625 10625 10625 1
20190805 1111 10630 10630 10625 10625 2
20190805 1115 10615 10615 10615 10615 1
20190805 1118 10600 10600 10600 10600 1
20190805 1127 10595 10595 10595 10595 1
20190805 1128 10600 10600 10600 10600 1
20190805 1130 10590 10590 10590 10590 2
20190805 1136 10585 10585 10585 10585 1
20190805 1138 10580 10580 10575 10575 3
20190805 1148 10575 10575 10530 10535 1261
20190805 1204 10535 10535 10525 10525 135
20190805 1235 10550 10550 10550 10550 1
20190805 1245 10550 10550 10550 10550 10
20190805 1247 10550 10550 10550 10550 12
20190805 1251 10550 10550 10550 10550 8
20190805 1258 10575 10575 10575 10575 50
20190805 1319 10560 10560 10560 10560 50
20190805 1322 10560 10560 10560 10560 16
20190805 1328 10560 10560 10560 10560 2
20190805 1329 10560 10560 10560 10560 1
20190805 1339 10560 10560 10560 10560 31
20190805 1346 10570 10570 10570 10570 52
20190805 1354 10565 10565 10565 10565 10
20190805 1355 10560 10560 10560 10560 84
20190805 1357 10550 10550 10550 10550 10
20190805 1410 10550 10550 10550 10550 15
20190805 1423 10550 10550 10550 10550 5
20190805 1438 10550 10550 10550 10550 5
20190805 1441 10560 10560 10560 10560 20
20190805 1446 10560 10560 10560 10560 14
20190805 1506 10560 10560 10560 10560 8
20190805 1520 10560 10560 10560 10560 10
20190805 1530 10550 10550 10550 10550 93
20190806 901 10245 10245 10245 10245 7
20190806 902 10230 10230 9920 9920 480
20190806 905 10040 10040 10040 10040 50
20190806 910 10040 10040 10040 10040 10
20190806 911 10040 10040 10040 10040 209
20190806 913 10005 10005 10005 10005 20
20190806 917 10015 10015 10010 10010 124
20190806 919 10010 10010 10010 10010 48
20190806 921 10020 10020 10020 10020 50
20190806 928 10090 10090 10090 10090 99
20190806 932 10105 10105 10105 10105 3
20190806 938 10105 10105 10105 10105 4
20190806 943 10095 10095 10095 10095 5
20190806 1007 10145 10145 10140 10140 6
20190806 1008 10135 10135 10135 10135 10
20190806 1014 10125 10125 10125 10125 5
20190806 1017 10135 10135 10135 10135 54
20190806 1035 10145 10145 10145 10145 6
20190806 1048 10160 10160 10160 10160 2
20190806 1049 10150 10150 10150 10150 1
20190806 1050 10150 10150 10150 10150 10
20190806 1101 10155 10155 10155 10155 1
20190806 1108 10150 10150 10150 10150 3
20190806 1110 10145 10145 10145 10145 533
20190806 1119 10160 10160 10160 10160 16
20190806 1123 10150 10150 10150 10150 4
20190806 1128 10145 10145 10145 10145 49
20190806 1132 10135 10135 10135 10135 10
20190806 1134 10135 10135 10135 10135 100
20190806 1143 10115 10115 10115 10115 10
20190806 1211 10175 10175 10175 10175 98
20190806 1212 10170 10170 10170 10170 196
20190806 1213 10170 10170 10170 10170 98
20190806 1214 10175 10175 10175 10175 20
20190806 1231 10205 10205 10205 10205 1
20190806 1309 10230 10230 10230 10230 2
20190806 1311 10230 10230 10230 10230 2
20190806 1348 10245 10245 10245 10245 1
20190806 1415 10245 10245 10245 10245 20
20190806 1422 10245 10245 10245 10245 1
20190806 1428 10245 10245 10245 10245 2
20190806 1433 10245 10245 10245 10245 1
20190806 1442 10245 10245 10245 10245 26
20190806 1443 10245 10245 10245 10245 2
20190806 1510 10245 10245 10245 10245 5
20190806 1516 10245 10245 10245 10245 10
20190806 1518 10245 10245 10245 10245 200
20190806 1530 10245 10245 10245 10245 41
20190807 901 10245 10245 10245 10245 100
20190807 909 10270 10270 10270 10270 10
20190807 920 10275 10275 10275 10275 5
20190807 923 10270 10270 10270 10270 5
20190807 924 10270 10270 10270 10270 9
20190807 948 10270 10270 10265 10265 185
20190807 1018 10270 10270 10270 10270 100
20190807 1025 10265 10265 10265 10265 80
20190807 1027 10270 10270 10270 10270 8
20190807 1030 10270 10270 10265 10265 30
20190807 1047 10275 10275 10275 10275 29
20190807 1130 10280 10280 10280 10280 7
20190807 1142 10275 10275 10270 10270 31
20190807 1148 10280 10280 10280 10280 15
20190807 1157 10275 10275 10275 10275 20
20190807 1214 10265 10265 10265 10265 1
20190807 1225 10270 10270 10270 10270 6
20190807 1226 10270 10270 10270 10270 5
20190807 1228 10270 10270 10270 10270 5
20190807 1229 10270 10275 10270 10275 3
20190807 1238 10265 10265 10265 10265 3
20190807 1239 10265 10265 10265 10265 4
20190807 1301 10265 10265 10265 10265 3
20190807 1315 10265 10265 10265 10265 3
20190807 1328 10265 10265 10265 10265 26
20190807 1329 10260 10260 10260 10260 10
20190807 1417 10270 10270 10270 10270 9
20190807 1418 10270 10270 10270 10270 10
20190807 1421 10270 10270 10270 10270 10
20190807 1424 10270 10270 10270 10270 50
20190807 1429 10270 10270 10270 10270 50
20190807 1433 10270 10270 10270 10270 1
20190807 1434 10270 10270 10270 10270 10
20190807 1440 10260 10260 10255 10255 55
20190807 1530 10270 10270 10270 10270 221
20190808 901 10415 10415 10415 10415 1
20190808 905 10385 10385 10385 10385 9
20190808 918 10395 10395 10395 10395 1
20190808 928 10395 10395 10395 10395 2
20190808 938 10385 10385 10385 10385 1
20190808 946 10390 10390 10390 10390 10
20190808 957 10360 10360 10360 10360 100
20190808 1015 10360 10360 10360 10360 1
20190808 1023 10360 10360 10360 10360 98
20190808 1119 10415 10450 10415 10450 10
20190808 1136 10430 10430 10430 10430 30
20190808 1236 10460 10460 10460 10460 475
20190808 1257 10470 10470 10470 10470 1
20190808 1258 10470 10470 10470 10470 5
20190808 1301 10470 10470 10470 10470 2
20190808 1302 10470 10470 10470 10470 3
20190808 1304 10470 10470 10470 10470 2
20190808 1310 10465 10465 10465 10465 1
20190808 1316 10470 10470 10470 10470 100
20190808 1331 10470 10470 10470 10470 1
20190808 1332 10470 10470 10470 10470 1
20190808 1351 10465 10465 10465 10465 2
20190808 1354 10465 10465 10465 10465 1
20190808 1355 10460 10460 10460 10460 11
20190808 1400 10470 10470 10470 10470 5
20190808 1401 10460 10460 10460 10460 4
20190808 1403 10465 10465 10465 10465 1
20190808 1405 10465 10465 10465 10465 4
20190808 1515 10465 10475 10465 10475 12
20190809 901 10520 10520 10520 10520 12
20190809 934 10600 10600 10600 10600 4
20190809 941 10585 10585 10585 10585 1
20190809 1031 10575 10575 10570 10570 50
20190809 1032 10580 10580 10580 10580 11
20190809 1034 10580 10580 10580 10580 35
20190809 1043 10580 10580 10580 10580 103
20190809 1044 10580 10580 10580 10580 10
20190809 1115 10575 10575 10575 10575 15
20190809 1116 10570 10570 10570 10570 224
20190809 1119 10565 10565 10565 10565 25
20190809 1150 10570 10570 10570 10570 9
20190809 1206 10565 10565 10565 10565 20
20190809 1207 10560 10560 10560 10560 26
20190809 1212 10555 10555 10555 10555 35
20190809 1216 10555 10555 10555 10555 1
20190809 1217 10550 10550 10550 10550 28
20190809 1317 10550 10550 10500 10500 176
20190809 1334 10500 10500 10495 10495 941
20190809 1406 10575 10575 10575 10575 135
20190809 1421 10575 10575 10575 10575 30
20190809 1530 10550 10550 10550 10550 11
20190812 901 10555 10555 10440 10440 15
20190812 913 10440 10440 10440 10440 1
20190812 936 10440 10440 10440 10440 39
20190812 944 10440 10440 10440 10440 13
20190812 1043 10455 10455 10455 10455 38
20190812 1044 10455 10455 10455 10455 13
20190812 1045 10460 10460 10460 10460 138
20190812 1057 10485 10485 10485 10485 10
20190812 1104 10485 10485 10485 10485 5
20190812 1108 10485 10485 10485 10485 1
20190812 1109 10485 10485 10485 10485 1
20190812 1145 10495 10495 10495 10495 8
20190812 1147 10490 10490 10490 10490 4
20190812 1213 10500 10500 10500 10500 20
20190812 1230 10500 10500 10500 10500 30
20190812 1234 10485 10485 10485 10485 31
20190812 1255 10480 10480 10480 10480 10
20190812 1256 10485 10485 10485 10485 13
20190812 1310 10485 10485 10485 10485 2
20190812 1350 10485 10485 10485 10485 1
20190812 1406 10485 10485 10485 10485 20
20190812 1407 10480 10480 10480 10480 13
20190812 1426 10485 10485 10485 10485 20
20190812 1436 10485 10485 10485 10485 5
20190812 1505 10485 10485 10485 10485 1
20190812 1514 10485 10485 10485 10485 1
20190812 1516 10485 10485 10485 10485 30
20190812 1520 10485 10485 10485 10485 1
20190812 1530 10460 10460 10460 10460 65
20190813 901 10465 10465 10465 10465 1
20190813 904 10360 10360 10360 10360 2
20190813 916 10360 10360 10360 10360 96
20190813 923 10360 10360 10360 10360 41
20190813 927 10360 10360 10360 10360 1
20190813 1008 10390 10390 10390 10390 2
20190813 1043 10385 10385 10385 10385 1
20190813 1116 10375 10375 10375 10375 1
20190813 1203 10375 10375 10375 10375 10
20190813 1207 10370 10370 10370 10370 10
20190813 1208 10365 10365 10365 10365 10
20190813 1209 10360 10360 10360 10360 10
20190813 1229 10360 10360 10360 10360 1
20190813 1247 10370 10370 10370 10370 1
20190813 1254 10360 10360 10360 10360 10
20190813 1322 10380 10380 10380 10380 15
20190813 1329 10380 10380 10380 10380 10
20190813 1344 10380 10380 10375 10375 11
20190813 1345 10375 10375 10375 10375 1
20190813 1347 10375 10375 10375 10375 1
20190813 1348 10375 10375 10375 10375 1
20190813 1349 10375 10375 10375 10375 1
20190813 1423 10370 10370 10370 10370 18
20190813 1448 10370 10370 10370 10370 11
20190813 1453 10365 10365 10365 10365 25
20190813 1458 10360 10360 10360 10360 18
20190813 1519 10360 10360 10360 10360 1004
20190813 1530 10335 10335 10335 10335 69
20190814 901 10645 10645 10645 10645 7
20190814 908 10560 10560 10560 10560 1
20190814 918 10550 10555 10550 10555 13
20190814 923 10490 10490 10490 10490 30
20190814 941 10495 10495 10490 10490 5
20190814 943 10490 10490 10490 10490 2
20190814 946 10490 10490 10490 10490 30
20190814 949 10490 10490 10490 10490 3
20190814 950 10490 10490 10490 10490 60
20190814 1045 10530 10530 10530 10530 20
20190814 1048 10535 10535 10535 10535 2
20190814 1050 10530 10530 10530 10530 2
20190814 1211 10530 10530 10530 10530 1
20190814 1246 10525 10525 10525 10525 2
20190814 1411 10525 10525 10525 10525 5
20190814 1430 10525 10525 10525 10525 2
20190814 1530 10520 10520 10520 10520 1
20190816 901 10200 10295 10200 10295 8
20190816 902 10225 10230 10225 10230 15
20190816 912 10245 10245 10245 10245 300
20190816 918 10245 10245 10245 10245 10
20190816 922 10240 10240 10240 10240 100
20190816 925 10240 10240 10240 10240 21
20190816 926 10240 10240 10240 10240 1
20190816 928 10240 10240 10240 10240 100
20190816 932 10240 10240 10240 10240 7
20190816 935 10220 10220 10220 10220 11
20190816 936 10240 10240 10240 10240 3
20190816 941 10235 10235 10235 10235 2
20190816 1147 10260 10260 10240 10240 7
20190816 1148 10240 10240 10240 10240 15
20190816 1150 10285 10285 10285 10285 5
20190816 1151 10285 10285 10285 10285 10
20190816 1153 10285 10285 10285 10285 10
20190816 1154 10285 10285 10285 10285 5
20190816 1159 10285 10285 10285 10285 1
20190816 1204 10280 10280 10280 10280 32
20190816 1218 10280 10280 10280 10280 1
20190816 1225 10290 10290 10290 10290 1
20190816 1242 10240 10240 10240 10240 19
20190816 1311 10240 10240 10240 10240 34
20190816 1313 10240 10240 10240 10240 10
20190816 1314 10240 10240 10240 10240 6
20190816 1502 10300 10300 10300 10300 21
20190816 1503 10300 10300 10295 10295 50
20190816 1504 10290 10290 10290 10290 25
20190816 1505 10295 10295 10295 10295 30
20190816 1508 10285 10285 10285 10285 25
20190816 1510 10285 10285 10285 10285 50
20190816 1514 10290 10290 10290 10290 100
20190816 1530 10300 10300 10300 10300 212
20190819 901 10670 10670 10670 10670 1
20190819 906 10505 10505 10505 10505 1
20190819 909 10495 10495 10495 10495 30
20190819 912 10495 10495 10495 10495 50
20190819 913 10495 10495 10495 10495 28
20190819 915 10495 10495 10495 10495 10
20190819 916 10495 10495 10495 10495 10
20190819 918 10490 10490 10490 10490 25
20190819 919 10490 10490 10490 10490 10
20190819 922 10490 10490 10490 10490 20
20190819 924 10490 10490 10490 10490 25
20190819 925 10485 10485 10485 10485 110
20190819 951 10480 10480 10480 10480 66
20190819 1109 10480 10480 10480 10480 9
20190819 1120 10480 10480 10480 10480 2
20190819 1124 10480 10480 10475 10475 9
20190819 1125 10475 10475 10475 10475 20
20190819 1130 10475 10475 10475 10475 10
20190819 1218 10490 10490 10490 10490 10
20190819 1222 10490 10490 10490 10490 1
20190819 1223 10490 10490 10490 10490 1
20190819 1333 10490 10490 10490 10490 4
20190819 1453 10490 10490 10490 10490 10
20190819 1459 10490 10490 10490 10490 1
20190819 1500 10490 10490 10490 10490 1
20190819 1530 10480 10480 10480 10480 11
20190820 914 10690 10690 10690 10690 1
20190820 920 10690 10690 10690 10690 3
20190820 924 10750 10750 10750 10750 27
20190820 944 10740 10740 10740 10740 2
20190820 1000 10690 10690 10690 10690 1
20190820 1001 10690 10690 10690 10690 22
20190820 1022 10690 10690 10690 10690 18
20190820 1040 10685 10685 10680 10680 214
20190820 1043 10735 10735 10735 10735 22
20190820 1057 10740 10740 10740 10740 1
20190820 1128 10740 10740 10740 10740 1
20190820 1141 10715 10740 10715 10740 55
20190820 1230 10715 10715 10715 10715 5
20190820 1238 10730 10730 10730 10730 2
20190820 1239 10740 10740 10740 10740 1
20190820 1243 10725 10725 10725 10725 1
20190820 1247 10725 10725 10725 10725 50
20190820 1250 10740 10740 10740 10740 1
20190820 1252 10740 10765 10740 10765 21
20190820 1253 10795 10795 10795 10795 144
20190820 1312 10790 10790 10790 10790 5
20190820 1346 10730 10730 10730 10730 2
20190820 1408 10785 10785 10785 10785 1
20190820 1530 10770 10770 10770 10770 2
20190821 922 10700 10700 10700 10700 20
20190821 1029 10770 10770 10770 10770 1
20190821 1052 10770 10770 10770 10770 1
20190821 1129 10765 10765 10765 10765 10
20190821 1255 10765 10765 10765 10765 3
20190821 1259 10765 10765 10765 10765 1
20190821 1429 10750 10750 10730 10730 263
20190821 1511 10765 10765 10765 10765 10
20190821 1530 10765 10765 10765 10765 27
20190822 901 10810 10810 10810 10810 1
20190822 905 10790 10790 10790 10790 26
20190822 910 10785 10785 10785 10785 18
20190822 917 10785 10785 10785 10785 1
20190822 919 10785 10785 10785 10785 1
20190822 920 10720 10720 10720 10720 3
20190822 932 10725 10725 10720 10720 60
20190822 1001 10720 10720 10720 10720 10
20190822 1019 10720 10720 10720 10720 5
20190822 1020 10720 10720 10720 10720 50
20190822 1115 10720 10720 10720 10720 97
20190822 1126 10720 10720 10720 10720 10
20190822 1131 10720 10720 10720 10720 1
20190822 1138 10715 10715 10715 10715 9
20190822 1149 10715 10715 10715 10715 10
20190822 1157 10710 10710 10710 10710 1
20190822 1213 10710 10710 10710 10710 10
20190822 1244 10715 10715 10715 10715 8
20190822 1248 10715 10715 10715 10715 1
20190822 1308 10715 10715 10715 10715 13
20190822 1332 10720 10750 10720 10750 96
20190822 1408 10745 10745 10745 10745 5
20190822 1434 10715 10715 10715 10715 4
20190822 1436 10715 10715 10715 10715 26
20190822 1513 10715 10715 10715 10715 10
20190822 1530 10715 10715 10715 10715 24
20190823 910 10635 10635 10635 10635 15
20190823 929 10690 10690 10690 10690 1
20190823 934 10690 10690 10690 10690 1
20190823 942 10645 10645 10645 10645 300
20190823 946 10645 10645 10645 10645 62
20190823 959 10690 10690 10690 10690 1
20190823 1039 10690 10690 10690 10690 10
20190823 1058 10690 10690 10690 10690 67
20190823 1123 10730 10730 10730 10730 1
20190823 1242 10730 10730 10730 10730 1
20190823 1316 10675 10675 10675 10675 10
20190823 1321 10730 10730 10730 10730 3
20190823 1326 10680 10680 10680 10680 1
20190823 1514 10690 10690 10690 10690 100
20190823 1530 10690 10690 10690 10690 1
20190826 901 10430 10430 10180 10180 32
20190826 902 10105 10105 10105 10105 300
20190826 907 10120 10120 10115 10115 187
20190826 910 10190 10190 10190 10190 350
20190826 912 10190 10190 10190 10190 5
20190826 915 10190 10190 10190 10190 100
20190826 921 10190 10190 10165 10165 94
20190826 925 10200 10200 10200 10200 1
20190826 926 10200 10200 10200 10200 1
20190826 933 10200 10200 10200 10200 1
20190826 939 10200 10200 10200 10200 1
20190826 943 10190 10190 10190 10190 2
20190826 952 10165 10165 10165 10165 50
20190826 954 10165 10165 10165 10165 100
20190826 1002 10190 10190 10190 10190 10
20190826 1003 10180 10180 10180 10180 50
20190826 1018 10200 10200 10200 10200 5
20190826 1020 10200 10200 10200 10200 1
20190826 1021 10200 10200 10195 10195 8
20190826 1026 10200 10200 10200 10200 10
20190826 1027 10200 10200 10200 10200 5
20190826 1029 10200 10200 10200 10200 100
20190826 1032 10200 10200 10200 10200 1
20190826 1052 10200 10200 10200 10200 5
20190826 1101 10210 10210 10210 10210 3
20190826 1102 10195 10195 10195 10195 11
20190826 1130 10195 10195 10195 10195 2
20190826 1133 10195 10195 10195 10195 61
20190826 1140 10215 10215 10215 10215 19
20190826 1203 10215 10215 10215 10215 4
20190826 1204 10205 10205 10205 10205 5
20190826 1239 10245 10245 10245 10245 1
20190826 1251 10240 10245 10240 10245 80
20190826 1253 10245 10245 10245 10245 5
20190826 1306 10245 10245 10245 10245 10
20190826 1319 10230 10230 10230 10230 500
20190826 1329 10235 10235 10235 10235 100
20190826 1333 10235 10235 10235 10235 100
20190826 1340 10235 10235 10235 10235 17
20190826 1359 10225 10225 10225 10225 30
20190826 1400 10225 10225 10220 10220 40
20190826 1402 10215 10215 10215 10215 30
20190826 1407 10210 10210 10210 10210 19
20190826 1409 10200 10200 10195 10195 93
20190826 1417 10215 10215 10215 10215 2
20190826 1419 10210 10210 10210 10210 200
20190826 1425 10210 10210 10210 10210 1
20190826 1428 10200 10200 10200 10200 20
20190826 1530 10250 10250 10250 10250 4
20190827 901 10465 10465 10465 10465 2
20190827 902 10420 10420 10420 10420 1
20190827 905 10420 10420 10420 10420 2
20190827 908 10350 10355 10350 10355 210
20190827 911 10405 10405 10405 10405 10
20190827 929 10355 10355 10355 10355 4
20190827 939 10355 10355 10355 10355 10
20190827 946 10355 10355 10355 10355 140
20190827 952 10400 10400 10400 10400 30
20190827 954 10355 10355 10350 10350 100
20190827 957 10400 10400 10400 10400 1
20190827 1001 10400 10405 10400 10405 200
20190827 1005 10370 10370 10370 10370 30
20190827 1028 10405 10405 10405 10405 52
20190827 1029 10375 10375 10375 10375 10
20190827 1049 10380 10380 10375 10375 100
20190827 1101 10405 10405 10405 10405 1
20190827 1106 10405 10405 10405 10405 1
20190827 1112 10405 10405 10405 10405 100
20190827 1149 10415 10415 10415 10415 1
20190827 1223 10410 10410 10410 10410 1
20190827 1228 10410 10410 10410 10410 1
20190827 1233 10410 10410 10410 10410 10
20190827 1238 10410 10410 10410 10410 1
20190827 1250 10410 10410 10410 10410 1
20190827 1255 10410 10415 10410 10415 25
20190827 1312 10435 10435 10435 10435 1
20190827 1353 10435 10435 10435 10435 1
20190827 1357 10405 10405 10405 10405 6
20190827 1416 10405 10405 10405 10405 10
20190827 1418 10405 10405 10395 10395 10
20190827 1458 10395 10395 10395 10395 10
20190827 1501 10400 10400 10400 10400 100
20190827 1504 10395 10395 10395 10395 27
20190827 1512 10390 10390 10390 10390 5
20190827 1530 10390 10390 10390 10390 79
20190828 919 10450 10450 10450 10450 1
20190828 926 10405 10405 10405 10405 1
20190828 1113 10400 10400 10400 10400 1
20190828 1139 10400 10400 10400 10400 10
20190828 1150 10380 10380 10380 10380 10
20190828 1253 10380 10380 10380 10380 500
20190828 1301 10400 10400 10400 10400 1
20190828 1404 10400 10405 10400 10405 100
20190828 1406 10405 10425 10405 10425 59
20190828 1410 10425 10425 10425 10425 13
20190828 1424 10425 10425 10425 10425 3
20190828 1449 10390 10390 10390 10390 60
20190828 1530 10425 10425 10425 10425 1
20190829 905 10400 10400 10400 10400 2
20190829 914 10395 10395 10395 10395 1
20190829 928 10390 10390 10390 10390 1
20190829 932 10385 10385 10385 10385 20
20190829 948 10390 10390 10390 10390 1
20190829 950 10385 10385 10385 10385 2
20190829 1011 10380 10380 10380 10380 52
20190829 1015 10380 10380 10380 10380 24
20190829 1017 10375 10375 10375 10375 3
20190829 1021 10375 10375 10370 10370 5
20190829 1042 10360 10360 10360 10360 5
20190829 1130 10360 10360 10360 10360 5
20190829 1131 10360 10360 10360 10360 91
20190829 1144 10370 10370 10370 10370 1
20190829 1206 10370 10370 10370 10370 1
20190829 1240 10375 10375 10375 10375 1
20190829 1304 10375 10375 10375 10375 1
20190829 1325 10350 10350 10350 10350 1
20190829 1453 10390 10390 10390 10390 4
20190829 1519 10390 10390 10390 10390 10
20190829 1520 10390 10390 10390 10390 22
20190829 1530 10390 10390 10390 10390 10
20190830 901 10630 10630 10630 10630 6
20190830 908 10625 10625 10625 10625 10
20190830 915 10625 10625 10625 10625 1
20190830 916 10575 10575 10575 10575 79
20190830 927 10625 10625 10625 10625 29
20190830 941 10620 10620 10620 10620 1
20190830 1003 10620 10620 10620 10620 50
20190830 1014 10575 10575 10575 10575 504
20190830 1035 10620 10620 10620 10620 1
20190830 1113 10620 10620 10620 10620 5
20190830 1115 10620 10620 10620 10620 3
20190830 1119 10620 10620 10620 10620 5
20190830 1125 10620 10620 10620 10620 10
20190830 1216 10620 10620 10620 10620 9
20190830 1219 10620 10620 10620 10620 1
20190830 1220 10620 10620 10620 10620 163
20190830 1319 10620 10620 10620 10620 1
20190830 1353 10605 10605 10595 10595 460
20190830 1426 10620 10650 10620 10650 100
20190830 1502 10650 10650 10650 10650 60
20190830 1530 10600 10600 10600 10600 10
