날짜 시간 시가 고가 저가 종가 거래량
20190902 930 10585 10585 10585 10585 101
20190902 937 10580 10580 10580 10580 1
20190902 950 10540 10540 10535 10535 100
20190902 1101 10585 10585 10585 10585 1
20190902 1103 10585 10585 10585 10585 5
20190902 1117 10585 10605 10585 10605 200
20190902 1122 10605 10605 10605 10605 2
20190902 1133 10605 10605 10605 10605 2
20190902 1259 10595 10595 10595 10595 1
20190902 1304 10565 10565 10565 10565 30
20190902 1325 10540 10540 10540 10540 34
20190902 1326 10540 10540 10540 10540 34
20190902 1328 10540 10540 10535 10535 155
20190902 1340 10585 10585 10585 10585 1
20190902 1347 10590 10590 10590 10590 25
20190902 1412 10590 10590 10590 10590 1
20190902 1418 10585 10585 10585 10585 1
20190902 1518 10540 10540 10540 10540 1
20190902 1530 10525 10525 10525 10525 31
20190903 902 10580 10580 10580 10580 1
20190903 904 10580 10580 10580 10580 2
20190903 910 10515 10515 10515 10515 34
20190903 947 10515 10515 10515 10515 13
20190903 958 10520 10520 10520 10520 10
20190903 1041 10585 10585 10585 10585 1
20190903 1128 10585 10585 10585 10585 9
20190903 1156 10585 10585 10585 10585 9
20190903 1206 10580 10580 10580 10580 10
20190903 1211 10570 10570 10570 10570 6
20190903 1213 10570 10570 10570 10570 5
20190903 1217 10570 10570 10570 10570 1
20190903 1239 10570 10570 10570 10570 1
20190903 1259 10570 10570 10570 10570 1
20190903 1341 10555 10555 10555 10555 49
20190903 1351 10570 10570 10570 10570 40
20190903 1400 10570 10570 10570 10570 100
20190903 1403 10550 10550 10550 10550 30
20190903 1502 10570 10570 10570 10570 100
20190903 1503 10570 10570 10570 10570 150
20190903 1504 10570 10570 10570 10570 50
20190903 1505 10570 10570 10570 10570 100
20190903 1506 10570 10570 10570 10570 100
20190903 1507 10570 10570 10570 10570 50
20190903 1508 10570 10570 10570 10570 98
20190903 1509 10585 10585 10585 10585 52
20190903 1510 10585 10585 10585 10585 150
20190903 1511 10585 10585 10585 10585 50
20190903 1512 10585 10585 10585 10585 100
20190903 1513 10585 10585 10585 10585 100
20190903 1514 10585 10585 10585 10585 50
20190903 1515 10585 10585 10585 10585 100
20190903 1516 10585 10585 10585 10585 100
20190903 1517 10585 10585 10585 10585 100
20190903 1519 10585 10585 10585 10585 50
20190904 901 10525 10525 10520 10520 29
20190904 914 10465 10465 10465 10465 3
20190904 916 10460 10460 10460 10460 4
20190904 927 10460 10460 10460 10460 1
20190904 949 10520 10520 10520 10520 11
20190904 959 10470 10470 10465 10465 47
20190904 1018 10545 10545 10545 10545 1
20190904 1128 10515 10515 10515 10515 44
20190904 1530 10625 10625 10625 10625 4
20190905 906 10675 10675 10675 10675 30
20190905 908 10675 10675 10675 10675 2
20190905 913 10685 10685 10685 10685 29
20190905 927 10685 10685 10685 10685 2
20190905 1035 10685 10685 10685 10685 160
20190905 1038 10700 10700 10700 10700 28
20190905 1055 10705 10705 10705 10705 210
20190905 1058 10770 10770 10770 10770 1
20190905 1115 10740 10740 10740 10740 578
20190905 1143 10770 10770 10770 10770 1
20190905 1204 10765 10765 10765 10765 1
20190905 1215 10765 10765 10765 10765 2
20190905 1231 10765 10765 10765 10765 12
20190905 1232 10770 10770 10770 10770 3
20190905 1315 10750 10750 10750 10750 10
20190905 1407 10750 10750 10750 10750 6
20190905 1435 10755 10755 10755 10755 20
20190905 1436 10755 10755 10755 10755 5
20190905 1444 10770 10770 10770 10770 30
20190905 1501 10770 10770 10770 10770 20
20190905 1502 10770 10775 10770 10775 36
20190905 1503 10775 10780 10775 10780 44
20190905 1504 10780 10780 10780 10780 20
20190905 1505 10770 10770 10770 10770 40
20190905 1506 10765 10770 10765 10765 60
20190905 1507 10755 10755 10750 10750 24
20190905 1508 10770 10770 10770 10770 20
20190905 1509 10775 10775 10775 10775 40
20190905 1510 10770 10770 10770 10770 40
20190905 1511 10765 10765 10765 10765 40
20190905 1512 10770 10770 10770 10770 20
20190905 1513 10770 10775 10770 10770 60
20190905 1515 10765 10765 10765 10765 60
20190905 1516 10765 10765 10765 10765 20
20190905 1517 10770 10770 10770 10770 20
20190905 1518 10770 10770 10770 10770 40
20190905 1519 10770 10770 10770 10770 100
20190906 901 10995 10995 10995 10995 19
20190906 907 10995 10995 10995 10995 10
20190906 917 10920 10935 10920 10935 91
20190906 929 10945 10945 10945 10945 29
20190906 1001 10950 10950 10950 10950 1
20190906 1024 10950 10950 10950 10950 2
20190906 1029 10945 10945 10945 10945 10
20190906 1043 10945 10945 10945 10945 12
20190906 1124 10945 10945 10945 10945 2
20190906 1125 10945 10945 10945 10945 1
20190906 1157 10945 10945 10945 10945 3
20190906 1217 10945 10945 10945 10945 2
20190906 1234 10940 10940 10940 10940 52
20190906 1244 10940 10940 10940 10940 1
20190906 1245 10940 10940 10940 10940 10
20190906 1300 10935 10935 10935 10935 12
20190906 1338 10930 10930 10930 10930 17
20190906 1400 10930 10930 10930 10930 2
20190906 1410 10930 10930 10930 10930 10
20190906 1413 10935 10935 10935 10935 9
20190906 1422 10930 10930 10930 10930 23
20190906 1433 10930 10930 10925 10925 30
20190909 901 10895 10895 10895 10895 20
20190909 910 10895 10895 10895 10895 2
20190909 911 10895 10895 10895 10895 1
20190909 940 10895 10895 10895 10895 2
20190909 944 10895 10895 10895 10895 10
20190909 1022 10855 10855 10855 10855 10
20190909 1025 10850 10850 10850 10850 10
20190909 1112 10890 10895 10890 10895 10
20190909 1116 10895 10895 10895 10895 1
20190909 1125 10850 10850 10850 10850 4
20190909 1204 10895 10895 10895 10895 1
20190909 1205 10895 10895 10895 10895 100
20190909 1219 10895 10895 10895 10895 1
20190909 1221 10895 10895 10895 10895 2
20190909 1222 10895 10895 10895 10895 1
20190909 1239 10895 10895 10895 10895 1
20190909 1303 10895 10895 10895 10895 1
20190909 1304 10895 10895 10895 10895 10
20190909 1324 10850 10850 10850 10850 30
20190909 1358 10850 10850 10850 10850 2
20190909 1359 10850 10850 10850 10850 3
20190909 1435 10850 10850 10850 10850 25
20190909 1530 10890 10890 10890 10890 1
20190910 913 10900 10900 10900 10900 25
20190910 929 10905 10905 10905 10905 1
20190910 932 10905 10905 10905 10905 44
20190910 1003 10910 10910 10905 10905 2
20190910 1200 10910 10910 10860 10860 33
20190910 1221 10865 10865 10865 10865 250
20190910 1320 10920 10920 10920 10920 1
20190910 1332 10865 10865 10865 10865 1
20190910 1337 10865 10865 10865 10865 17
20190910 1342 10860 10860 10860 10860 1
20190910 1400 10860 10860 10860 10860 5
20190910 1415 10870 10870 10870 10870 9
20190910 1416 10870 10870 10870 10870 1
20190910 1530 10910 10910 10910 10910 54
20190911 913 10910 10910 10910 10910 2
20190911 928 10910 10910 10910 10910 1
20190911 935 10910 10910 10910 10910 1
20190911 936 10870 10870 10870 10870 45
20190911 938 10885 10885 10885 10885 45
20190911 1008 10895 10895 10895 10895 9
20190911 1010 10895 10895 10895 10895 1
20190911 1017 10895 10895 10895 10895 5
20190911 1019 10895 10895 10895 10895 6
20190911 1044 10895 10895 10895 10895 1
20190911 1102 10895 10895 10895 10895 100
20190911 1117 10895 10895 10895 10895 39
20190911 1149 10895 10895 10895 10895 1
20190911 1245 10895 10895 10895 10895 6
20190911 1305 10895 10895 10895 10895 709
20190911 1306 10910 10910 10910 10910 54
20190911 1342 10910 10910 10910 10910 1
20190911 1425 10910 10910 10910 10910 1
20190911 1530 10930 10930 10930 10930 1
20190916 926 10945 10945 10945 10945 457
20190916 927 10930 10930 10930 10930 13
20190916 928 10925 10925 10925 10925 16
20190916 930 10920 10920 10920 10920 100
20190916 932 10920 10920 10920 10920 15
20190916 949 10935 10935 10935 10935 1
20190916 1039 10925 10925 10925 10925 2
20190916 1041 10925 10925 10925 10925 78
20190916 1053 10925 10925 10925 10925 13
20190916 1104 10925 10925 10925 10925 5
20190916 1134 10930 10930 10930 10930 4
20190916 1142 10930 10930 10930 10930 1
20190916 1249 10930 10930 10930 10930 1
20190916 1401 10930 10930 10930 10930 1
20190916 1412 10930 10930 10930 10930 10
20190916 1508 10930 10930 10930 10930 83
20190916 1514 10935 10935 10935 10935 111
20190916 1519 10980 10980 10980 10980 3
20190916 1520 10985 10985 10985 10985 125
20190916 1530 10985 10985 10985 10985 5
20190917 901 11020 11020 11020 11020 10
20190917 904 11010 11010 11010 11010 2
20190917 934 11010 11010 11010 11010 1
20190917 1023 10995 10995 10995 10995 1
20190917 1043 10955 10955 10955 10955 4
20190917 1058 10955 10990 10955 10990 94
20190917 1059 10985 10985 10985 10985 47
20190917 1102 10980 10980 10980 10980 4
20190917 1103 10990 10990 10990 10990 11
20190917 1104 10985 10985 10985 10985 6
20190917 1105 10985 10985 10985 10985 4
20190917 1203 10985 10995 10985 10995 2
20190917 1221 10990 10990 10990 10990 5
20190917 1259 10955 10955 10945 10945 50
20190917 1339 10990 10990 10990 10990 1
20190917 1344 10990 10990 10990 10990 200
20190917 1351 10995 10995 10995 10995 250
20190917 1357 10945 10945 10920 10920 100
20190917 1414 10925 10925 10925 10925 50
20190917 1415 10975 10975 10975 10975 50
20190917 1416 10980 10980 10980 10980 50
20190917 1422 10975 10975 10975 10975 1
20190917 1453 10925 10925 10905 10905 69
20190917 1513 10905 10905 10905 10905 5
20190917 1530 10910 10910 10910 10910 63
20190918 902 10995 10995 10995 10995 163
20190918 959 11045 11045 11045 11045 1
20190918 1002 11045 11045 11045 11045 10
20190918 1036 11045 11045 11045 11045 71
20190918 1147 11050 11050 11050 11050 10
20190918 1158 11050 11050 11050 11050 1
20190918 1221 11050 11050 11050 11050 4
20190918 1238 11045 11045 11045 11045 16
20190918 1240 11050 11050 11050 11050 1
20190918 1244 11045 11045 11045 11045 23
20190918 1254 11050 11050 11050 11050 1
20190918 1335 11045 11045 11045 11045 1
20190918 1343 11045 11045 11045 11045 1
20190918 1345 11045 11045 11045 11045 48
20190918 1357 11045 11045 11045 11045 8
20190918 1359 11045 11045 11045 11045 25
20190918 1403 11045 11045 11045 11045 16
20190918 1407 11050 11050 11050 11050 5
20190918 1408 11050 11050 11050 11050 10
20190918 1409 11050 11050 11045 11045 69
20190918 1410 11045 11045 11045 11045 10
20190918 1411 11045 11045 11045 11045 65
20190918 1412 11045 11045 11045 11045 5
20190918 1413 11045 11045 11045 11045 10
20190918 1414 11045 11045 11045 11045 5
20190918 1415 11045 11045 11045 11045 10
20190918 1416 11045 11045 11045 11045 5
20190918 1417 11045 11045 11045 11045 5
20190918 1418 11045 11045 11045 11045 10
20190918 1419 11045 11045 11045 11045 5
20190918 1420 11045 11045 11045 11045 10
20190918 1421 11045 11045 11045 11045 5
20190918 1422 11045 11045 11045 11045 10
20190918 1423 11045 11045 11045 11045 5
20190918 1424 11045 11045 11045 11045 5
20190918 1425 11045 11045 11045 11045 30
20190918 1426 11045 11045 11045 11045 5
20190918 1427 11045 11045 11045 11045 10
20190918 1428 11045 11045 11045 11045 5
20190918 1429 11045 11045 11045 11045 5
20190918 1430 11045 11045 11045 11045 10
20190918 1431 11045 11045 11045 11045 5
20190918 1432 11045 11045 11045 11045 10
20190918 1433 11045 11045 11045 11045 15
20190918 1434 11045 11045 11045 11045 5
20190918 1435 11045 11045 11045 11045 10
20190918 1436 11045 11045 11045 11045 25
20190918 1437 11045 11045 11045 11045 10
20190918 1439 11050 11050 11050 11050 5
20190918 1440 11050 11050 11050 11050 10
20190918 1441 11050 11050 11050 11050 5
20190918 1442 11050 11050 11050 11050 10
20190918 1443 11050 11050 11050 11050 5
20190918 1444 11050 11050 11050 11050 5
20190918 1445 11050 11050 11050 11050 12
20190918 1446 11050 11050 11050 11050 5
20190918 1447 11050 11050 11050 11050 12
20190918 1448 11050 11050 11050 11050 5
20190918 1449 11050 11050 11050 11050 5
20190918 1450 11050 11050 11050 11050 10
20190918 1451 11050 11050 11050 11050 125
20190918 1452 11050 11050 11050 11050 180
20190918 1453 11050 11050 11050 11050 5
20190918 1454 11050 11050 11050 11050 6
20190918 1455 11050 11050 11050 11050 10
20190918 1456 11045 11045 11045 11045 100
20190918 1457 11050 11050 11050 11050 10
20190918 1458 11050 11050 11050 11050 5
20190918 1459 11050 11050 11050 11050 5
20190918 1500 11055 11055 11055 11055 5
20190918 1501 11050 11050 11050 11050 10
20190918 1502 11050 11050 11050 11050 10
20190918 1503 11050 11050 11050 11050 15
20190918 1504 11050 11050 11050 11050 5
20190918 1505 11050 11050 11050 11050 10
20190918 1506 11050 11050 11050 11050 5
20190918 1507 11050 11050 11050 11050 5
20190918 1508 11050 11050 11050 11050 12
20190918 1509 11050 11050 11050 11050 5
20190918 1510 11050 11050 11050 11050 10
20190918 1511 11050 11050 11050 11050 5
20190918 1512 11050 11050 11050 11050 11
20190918 1513 11050 11050 11050 11050 35
20190918 1514 11050 11050 11050 11050 5
20190918 1515 11050 11050 11050 11050 10
20190918 1516 11050 11050 11050 11050 75
20190918 1517 11050 11050 11050 11050 10
20190918 1518 11050 11050 11050 11050 20
20190918 1519 11050 11050 11050 11050 5
20190918 1520 11050 11050 11050 11050 2438
20190918 1530 11050 11050 11050 11050 237
20190919 918 11030 11030 11030 11030 2
20190919 920 11030 11030 11030 11030 2
20190919 928 10995 10995 10990 10990 36
20190919 932 11035 11045 11035 11045 24
20190919 935 10995 10995 10995 10995 13
20190919 946 11040 11040 11040 11040 1
20190919 952 10995 10995 10970 10970 100
20190919 1011 10980 10980 10980 10980 3
20190919 1026 11035 11035 11035 11035 20
20190919 1027 11035 11035 11035 11035 6
20190919 1030 11040 11040 11040 11040 27
20190919 1216 10990 10990 10990 10990 38
20190919 1242 10985 10985 10985 10985 101
20190919 1248 10985 10985 10985 10985 1
20190919 1250 10985 10985 10985 10985 3
20190919 1252 10985 10985 10985 10985 1
20190919 1256 10985 10985 10985 10985 50
20190919 1257 10985 10985 10985 10985 30
20190919 1436 10985 10985 10985 10985 79
20190920 901 11120 11120 11120 11120 2
20190920 926 10975 10975 10975 10975 600
20190920 939 11000 11000 11000 11000 5
20190920 941 10975 10975 10975 10975 100
20190920 946 11000 11000 11000 11000 5
20190920 950 11000 11000 11000 11000 1
20190920 951 10980 10980 10980 10980 64
20190920 952 10980 10980 10980 10980 3
20190920 1015 10980 10980 10980 10980 2
20190920 1022 10980 10980 10980 10980 124
20190920 1126 10980 10980 10980 10980 10
20190920 1128 10980 10980 10980 10980 2
20190920 1145 10980 10980 10980 10980 67
20190920 1236 10995 10995 10995 10995 1
20190920 1243 10995 10995 10995 10995 1
20190920 1252 10995 10995 10995 10995 124
20190920 1315 11000 11000 11000 11000 1
20190920 1325 10995 10995 10995 10995 15
20190920 1329 11000 11000 11000 11000 100
20190920 1342 11000 11000 11000 11000 50
20190920 1351 10995 10995 10995 10995 101
20190920 1406 10995 10995 10995 10995 2
20190923 906 10875 10875 10875 10875 2
20190923 913 10875 10875 10875 10875 10
20190923 1006 10885 10885 10880 10880 53
20190923 1007 10875 10875 10875 10875 684
20190923 1019 10940 10940 10940 10940 1
20190923 1028 10940 10940 10940 10940 3
20190923 1037 10940 10940 10940 10940 4
20190923 1053 10930 10930 10930 10930 2
20190923 1128 10915 10915 10915 10915 1
20190923 1142 10915 10915 10915 10915 1
20190923 1151 10915 10915 10915 10915 44
20190923 1154 10920 10920 10920 10920 231
20190923 1246 10905 10905 10905 10905 1
20190923 1414 10910 10910 10910 10910 10
20190923 1420 10910 10910 10910 10910 2
20190923 1439 10905 10905 10900 10900 30
20190923 1441 10900 10900 10900 10900 39
20190923 1518 10900 10900 10900 10900 100
20190923 1530 10925 10925 10925 10925 38
20190924 901 10965 10965 10900 10900 22
20190924 915 10855 10855 10855 10855 2
20190924 920 10850 10850 10850 10850 52
20190924 943 10850 10850 10850 10850 5
20190924 956 10850 10850 10850 10850 10
20190924 957 10845 10845 10845 10845 10
20190924 1002 10850 10850 10850 10850 5
20190924 1005 10845 10845 10845 10845 20
20190924 1007 10845 10845 10845 10845 1206
20190924 1009 10845 10845 10845 10845 2
20190924 1011 10845 10845 10845 10845 1
20190924 1018 10845 10845 10845 10845 2
20190924 1020 10840 10840 10840 10840 10
20190924 1024 10845 10845 10845 10845 1
20190924 1046 10830 10830 10830 10830 111
20190924 1238 10835 10835 10835 10835 1
20190924 1307 10830 10830 10830 10830 2
20190924 1311 10830 10830 10830 10830 8
20190924 1314 10825 10825 10825 10825 10
20190924 1318 10800 10800 10800 10800 4
20190924 1448 10825 10825 10825 10825 53
20190924 1503 10830 10830 10830 10830 9
20190924 1507 10835 10835 10835 10835 1
20190924 1530 10825 10825 10825 10825 9
20190925 915 10470 10470 10470 10470 2
20190925 918 10470 10470 10470 10470 1
20190925 928 10470 10470 10470 10470 1
20190925 929 10470 10470 10470 10470 1
20190925 933 10465 10465 10465 10465 2
20190925 939 10460 10460 10460 10460 5
20190925 940 10460 10460 10460 10460 1
20190925 941 10460 10460 10460 10460 1
20190925 942 10455 10455 10455 10455 1
20190925 946 10455 10455 10455 10455 1
20190925 948 10455 10455 10445 10445 16
20190925 949 10445 10445 10445 10445 100
20190925 950 10440 10440 10435 10435 115
20190925 953 10420 10420 10415 10415 100
20190925 958 10445 10445 10445 10445 288
20190925 959 10445 10445 10445 10445 479
20190925 1024 10465 10465 10465 10465 40
20190925 1029 10465 10465 10465 10465 1
20190925 1030 10460 10460 10460 10460 17
20190925 1033 10460 10460 10460 10460 3
20190925 1037 10455 10455 10455 10455 41
20190925 1042 10450 10450 10450 10450 30
20190925 1053 10450 10450 10450 10450 4
20190925 1056 10450 10450 10450 10450 30
20190925 1101 10450 10450 10450 10450 3
20190925 1108 10450 10450 10450 10450 1
20190925 1111 10450 10450 10450 10450 1
20190925 1119 10450 10455 10450 10455 264
20190925 1121 10455 10455 10455 10455 1
20190925 1221 10460 10460 10460 10460 5
20190925 1223 10455 10455 10455 10455 7
20190925 1242 10450 10450 10450 10450 11
20190925 1247 10455 10455 10455 10455 1
20190925 1250 10455 10455 10455 10455 2
20190925 1251 10455 10455 10455 10455 1
20190925 1301 10455 10455 10455 10455 2
20190925 1305 10455 10455 10455 10455 7
20190925 1325 10455 10455 10455 10455 1
20190925 1338 10455 10455 10455 10455 10
20190925 1339 10455 10455 10455 10455 6
20190925 1340 10455 10455 10455 10455 7
20190925 1341 10455 10455 10455 10455 5
20190925 1342 10455 10455 10455 10455 7
20190925 1343 10455 10455 10455 10455 2
20190925 1355 10455 10455 10455 10455 20
20190925 1358 10455 10455 10455 10455 10
20190925 1400 10455 10455 10455 10455 5
20190925 1401 10455 10455 10455 10455 10
20190925 1404 10455 10455 10455 10455 100
20190925 1420 10455 10455 10455 10455 2
20190925 1424 10455 10455 10455 10455 1
20190925 1430 10455 10455 10455 10455 2
20190925 1431 10455 10455 10455 10455 2
20190925 1440 10455 10455 10450 10450 100
20190925 1507 10455 10455 10455 10455 50
20190925 1513 10455 10455 10455 10455 2
20190925 1514 10450 10450 10450 10450 19
20190925 1515 10450 10450 10450 10450 2
20190925 1516 10450 10450 10450 10450 5
20190925 1517 10445 10445 10445 10445 39
20190925 1518 10420 10420 10375 10375 667
20190925 1530 10455 10455 10455 10455 6
20190926 912 10715 10715 10715 10715 10
20190926 914 10710 10710 10710 10710 2
20190926 1000 10710 10710 10710 10710 10
20190926 1003 10710 10710 10710 10710 16
20190926 1006 10710 10710 10710 10710 50
20190926 1052 10700 10700 10700 10700 10
20190926 1053 10700 10700 10700 10700 1
20190926 1101 10705 10705 10705 10705 1
20190926 1138 10705 10710 10705 10710 40
20190926 1217 10710 10710 10710 10710 2
20190926 1226 10710 10710 10710 10710 3
20190926 1227 10710 10710 10710 10710 2
20190926 1238 10710 10710 10710 10710 10
20190926 1300 10705 10705 10705 10705 5
20190926 1307 10705 10705 10705 10705 4
20190926 1314 10700 10700 10700 10700 9
20190926 1356 10650 10650 10625 10625 264
20190926 1407 10635 10635 10635 10635 5
20190926 1413 10635 10635 10635 10635 2
20190926 1437 10635 10635 10635 10635 29
20190926 1456 10635 10635 10635 10635 7
20190926 1514 10635 10635 10630 10630 2
20190926 1530 10620 10620 10620 10620 51
20190927 939 10700 10700 10700 10700 1
20190927 1056 10670 10670 10635 10635 4
20190927 1237 10700 10700 10700 10700 1
20190927 1249 10655 10655 10655 10655 13
20190927 1258 10700 10700 10700 10700 1
20190927 1306 10700 10700 10700 10700 70
20190927 1318 10700 10700 10700 10700 6
20190927 1429 10685 10685 10685 10685 2
20190927 1439 10685 10685 10685 10685 2
20190927 1454 10685 10685 10685 10685 552
20190927 1458 10695 10695 10695 10695 2
20190927 1459 10700 10700 10700 10700 91
20190930 901 10425 10425 10425 10425 1
20190930 902 10500 10500 10500 10500 1
20190930 923 10580 10580 10580 10580 6
20190930 935 10510 10510 10510 10510 10
20190930 1108 10595 10595 10595 10595 1
20190930 1115 10595 10595 10595 10595 1
20190930 1208 10605 10605 10605 10605 50
20190930 1222 10605 10605 10605 10605 1
20190930 1356 10585 10585 10585 10585 8
20190930 1433 10585 10585 10585 10585 2
20190930 1449 10590 10590 10590 10590 25
20190930 1457 10585 10590 10585 10590 17
20190930 1501 10580 10580 10580 10580 20
20190930 1502 10535 10535 10535 10535 47
20190930 1503 10535 10535 10535 10535 33
20190930 1504 10535 10535 10535 10535 17
20190930 1505 10535 10535 10535 10535 33
20190930 1506 10535 10535 10535 10535 34
20190930 1507 10535 10535 10535 10535 16
20190930 1508 10535 10535 10535 10535 34
20190930 1509 10535 10535 10530 10530 20
20190930 1510 10530 10530 10515 10515 46
20190930 1511 10515 10515 10515 10515 17
20190930 1512 10515 10515 10515 10515 33
20190930 1513 10510 10515 10510 10515 34
20190930 1514 10510 10510 10510 10510 16
20190930 1515 10515 10535 10515 10535 21
20190930 1516 10530 10530 10520 10520 46
20190930 1517 10545 10545 10545 10545 2
20190930 1518 10535 10535 10520 10520 31
20190930 1530 10530 10530 10530 10530 57
