날짜 시간 시가 고가 저가 종가 거래량
20190304 901 12520 12520 12520 12520 107
20190304 904 12595 12595 12595 12595 50
20190304 905 12585 12760 12585 12760 567
20190304 906 12650 12650 12650 12650 1
20190304 907 12665 12665 12665 12665 1
20190304 908 12655 12655 12655 12655 1
20190304 909 12625 12625 12625 12625 100
20190304 912 12645 12645 12645 12645 50
20190304 914 12645 12645 12555 12555 291
20190304 915 12545 12545 12545 12545 250
20190304 925 12545 12545 12545 12545 1
20190304 927 12545 12545 12545 12545 10
20190304 928 12550 12565 12550 12565 1171
20190304 930 12570 12575 12570 12575 2
20190304 931 12580 12600 12580 12600 27
20190304 934 12600 12615 12600 12615 28
20190304 936 12600 12600 12600 12600 11
20190304 938 12545 12545 12545 12545 1
20190304 944 12575 12575 12540 12540 11
20190304 945 12570 12570 12570 12570 100
20190304 947 12540 12540 12530 12530 570
20190304 949 12520 12520 12520 12520 10
20190304 1006 12450 12450 12420 12420 107
20190304 1009 12420 12420 12420 12420 3
20190304 1012 12400 12400 12380 12380 23
20190304 1013 12380 12380 12380 12380 30
20190304 1014 12380 12380 12380 12380 5
20190304 1023 12400 12400 12400 12400 10
20190304 1024 12360 12360 12360 12360 3
20190304 1032 12370 12370 12370 12370 3
20190304 1035 12370 12370 12370 12370 2
20190304 1038 12360 12360 12360 12360 25
20190304 1043 12360 12360 12360 12360 1995
20190304 1046 12360 12360 12360 12360 135
20190304 1048 12360 12360 12360 12360 130
20190304 1107 12360 12360 12360 12360 31
20190304 1110 12405 12405 12405 12405 1
20190304 1111 12360 12360 12360 12360 100
20190304 1122 12365 12365 12365 12365 20
20190304 1124 12360 12360 12360 12360 5
20190304 1132 12360 12360 12360 12360 7630
20190304 1133 12320 12320 12320 12320 26
20190304 1142 12310 12310 12310 12310 1
20190304 1143 12300 12300 12300 12300 20
20190304 1144 12280 12280 12280 12280 10
20190304 1232 12300 12300 12300 12300 1
20190304 1245 12280 12280 12275 12275 91
20190304 1246 12280 12280 12280 12280 9
20190304 1252 12275 12275 12275 12275 79
20190304 1253 12325 12325 12325 12325 1
20190304 1258 12330 12340 12330 12340 8
20190304 1259 12345 12350 12345 12350 2
20190304 1303 12345 12345 12345 12345 50
20190304 1307 12355 12365 12355 12365 11
20190304 1314 12370 12415 12370 12415 500
20190304 1317 12405 12405 12405 12405 150
20190304 1325 12335 12335 12335 12335 2
20190304 1333 12375 12375 12375 12375 250
20190304 1337 12375 12375 12375 12375 1
20190304 1350 12345 12345 12345 12345 1
20190304 1418 12335 12335 12335 12335 5
20190304 1421 12335 12335 12335 12335 27
20190304 1428 12280 12280 12275 12275 13
20190304 1438 12275 12275 12275 12275 1
20190304 1442 12275 12275 12275 12275 4
20190304 1444 12260 12260 12260 12260 1
20190304 1502 12260 12260 12260 12260 219
20190304 1505 12245 12245 12245 12245 1
20190304 1506 12240 12240 12240 12240 9
20190304 1507 12240 12240 12240 12240 4
20190304 1508 12260 12260 12260 12260 10
20190304 1519 12260 12260 12260 12260 1
20190304 1530 12240 12240 12240 12240 51
20190305 901 12255 12255 12255 12255 6
20190305 902 12240 12240 12240 12240 70
20190305 903 12240 12240 12240 12240 94
20190305 907 12200 12200 12200 12200 5
20190305 910 12200 12200 12200 12200 10011
20190305 911 12195 12195 12195 12195 1
20190305 915 12185 12185 12185 12185 15
20190305 917 12175 12175 12175 12175 41
20190305 922 12175 12175 12175 12175 10
20190305 930 12170 12170 12170 12170 1000
20190305 933 12170 12170 12170 12170 2
20190305 934 12175 12175 12175 12175 12
20190305 935 12170 12170 12170 12170 3
20190305 937 12150 12150 12140 12140 15
20190305 938 12140 12140 12140 12140 7
20190305 940 12120 12120 12120 12120 10
20190305 942 12135 12140 12135 12140 200
20190305 944 12140 12140 12140 12140 1
20190305 948 12145 12175 12145 12175 200
20190305 952 12165 12165 12165 12165 201
20190305 954 12165 12165 12165 12165 800
20190305 955 12165 12165 12165 12165 1
20190305 1016 12165 12165 12165 12165 2
20190305 1018 12180 12180 12180 12180 1
20190305 1032 12155 12155 12155 12155 10
20190305 1033 12145 12145 12145 12145 200
20190305 1034 12130 12130 12130 12130 500
20190305 1056 12120 12120 12120 12120 20
20190305 1057 12110 12110 12110 12110 6
20190305 1058 12110 12110 12110 12110 81
20190305 1245 12120 12120 12110 12110 202
20190305 1254 12135 12135 12135 12135 4
20190305 1306 12145 12145 12135 12135 7
20190305 1316 12115 12135 12115 12135 8200
20190305 1334 12110 12110 12110 12110 53
20190305 1335 12110 12110 12110 12110 2
20190305 1337 12105 12105 12105 12105 4
20190305 1346 12100 12100 12100 12100 3
20190305 1402 12100 12100 12095 12095 8411
20190305 1405 12070 12070 12070 12070 5
20190305 1407 12055 12055 12050 12050 140
20190305 1410 12045 12045 12045 12045 100
20190305 1426 12020 12020 12020 12020 1
20190305 1431 12020 12020 12020 12020 11
20190305 1433 12020 12020 12020 12020 21
20190305 1438 12020 12020 12020 12020 10
20190305 1439 12020 12020 12020 12020 8
20190305 1449 12060 12060 12060 12060 20
20190305 1503 12020 12020 12020 12020 1
20190305 1520 12020 12020 12020 12020 38
20190305 1530 12080 12080 12080 12080 133
20190306 901 12130 12130 12130 12130 6
20190306 903 12080 12080 12080 12080 5
20190306 913 12075 12075 12075 12075 290
20190306 918 12130 12130 12130 12130 3
20190306 920 12130 12130 12130 12130 24
20190306 921 12130 12130 12130 12130 20
20190306 930 12150 12160 12150 12160 14
20190306 931 12160 12160 12160 12160 10
20190306 951 12155 12155 12155 12155 238
20190306 1009 12155 12155 12155 12155 1
20190306 1014 12150 12150 12150 12150 20
20190306 1029 12155 12165 12155 12165 300
20190306 1035 12165 12165 12165 12165 1
20190306 1036 12165 12165 12165 12165 29
20190306 1044 12130 12130 12130 12130 38
20190306 1045 12130 12130 12130 12130 30
20190306 1050 12155 12155 12155 12155 1
20190306 1058 12155 12155 12155 12155 1
20190306 1101 12160 12165 12160 12165 300
20190306 1109 12130 12130 12130 12130 10
20190306 1113 12130 12130 12130 12130 43
20190306 1252 12130 12130 12130 12130 20
20190306 1317 12120 12120 12120 12120 100
20190306 1332 12085 12085 12085 12085 1
20190306 1333 12085 12085 12085 12085 1
20190306 1337 12090 12090 12090 12090 1
20190306 1339 12095 12175 12095 12175 250
20190306 1407 12100 12100 12100 12100 8
20190306 1408 12175 12175 12175 12175 258
20190306 1444 12180 12180 12180 12180 3
20190306 1447 12180 12180 12180 12180 20
20190306 1448 12180 12180 12180 12180 1
20190306 1500 12185 12190 12185 12190 332
20190306 1508 12175 12175 12175 12175 2
20190306 1514 12175 12175 12175 12175 500
20190306 1516 12175 12175 12175 12175 20
20190306 1530 12175 12175 12175 12175 81
20190307 901 12110 12110 12110 12110 20
20190307 903 12140 12140 12140 12140 45
20190307 906 12115 12115 12110 12110 37
20190307 907 12110 12110 12110 12110 28
20190307 909 12095 12095 12095 12095 2
20190307 922 12095 12095 12095 12095 10
20190307 931 12075 12075 12070 12070 40
20190307 943 12070 12070 12070 12070 1
20190307 952 12050 12050 12050 12050 135
20190307 957 12050 12050 12050 12050 100
20190307 958 12050 12050 12035 12035 16
20190307 959 12035 12035 12035 12035 1
20190307 1001 12025 12025 12025 12025 57
20190307 1002 12020 12020 12010 12010 231
20190307 1005 12005 12005 12000 12000 48
20190307 1007 12000 12000 12000 12000 100
20190307 1011 12000 12000 12000 12000 3
20190307 1012 12010 12010 12010 12010 300
20190307 1016 12035 12035 12035 12035 340
20190307 1017 12035 12035 12035 12035 400
20190307 1018 12035 12035 12035 12035 80
20190307 1019 12035 12035 12035 12035 500
20190307 1021 12035 12035 12035 12035 3
20190307 1022 12035 12035 12035 12035 1400
20190307 1026 12000 12000 12000 12000 105
20190307 1027 12000 12000 12000 12000 12
20190307 1028 11995 11995 11995 11995 18
20190307 1030 11995 11995 11995 11995 40
20190307 1033 11990 11990 11990 11990 1
20190307 1034 11985 11985 11980 11980 1011
20190307 1037 11970 11970 11970 11970 2
20190307 1041 11960 11960 11960 11960 100
20190307 1042 11950 11950 11950 11950 33
20190307 1043 11935 11935 11935 11935 1
20190307 1045 11935 11935 11930 11930 484
20190307 1050 11965 11965 11965 11965 10
20190307 1052 11930 11930 11930 11930 242
20190307 1057 11930 11930 11930 11930 1
20190307 1058 11930 11930 11930 11930 1
20190307 1059 11930 11930 11930 11930 1
20190307 1101 11925 11925 11925 11925 21
20190307 1106 11925 11925 11915 11915 218
20190307 1110 11905 11905 11905 11905 9
20190307 1111 11900 11900 11895 11895 138
20190307 1112 11885 11885 11885 11885 1
20190307 1129 11885 11885 11885 11885 1
20190307 1144 11865 11865 11865 11865 110
20190307 1146 11855 11855 11855 11855 2
20190307 1148 11850 11850 11845 11845 5
20190307 1150 11840 11840 11840 11840 5
20190307 1152 11840 11840 11840 11840 1
20190307 1200 11840 11840 11840 11840 10
20190307 1202 11840 11840 11840 11840 1
20190307 1207 11835 11835 11835 11835 21
20190307 1208 11825 11825 11825 11825 50
20190307 1235 11825 11825 11815 11815 20
20190307 1253 11840 11840 11840 11840 4
20190307 1254 11840 11840 11840 11840 10
20190307 1300 11840 11840 11840 11840 5
20190307 1319 11840 11840 11840 11840 9
20190307 1333 11855 11855 11855 11855 4
20190307 1338 11840 11840 11840 11840 49
20190307 1345 11835 11835 11835 11835 4
20190307 1349 11825 11825 11825 11825 3
20190307 1350 11815 11815 11815 11815 27
20190307 1351 11810 11810 11810 11810 12
20190307 1355 11810 11810 11810 11810 36
20190307 1356 11810 11810 11810 11810 1
20190307 1358 11810 11810 11810 11810 1
20190307 1400 11805 11805 11805 11805 8
20190307 1401 11805 11805 11805 11805 13
20190307 1402 11800 11800 11800 11800 70
20190307 1407 11800 11800 11800 11800 101
20190307 1410 11795 11795 11795 11795 21
20190307 1411 11795 11795 11795 11795 2
20190307 1413 11790 11790 11790 11790 7
20190307 1415 11795 11795 11785 11785 5
20190307 1416 11785 11785 11785 11785 1
20190307 1421 11785 11785 11770 11770 5
20190307 1422 11770 11770 11770 11770 1
20190307 1424 11770 11770 11770 11770 1
20190307 1426 11765 11765 11750 11750 67
20190307 1431 11750 11750 11750 11750 1
20190307 1433 11750 11750 11750 11750 1
20190307 1434 11750 11750 11750 11750 10
20190307 1435 11735 11735 11735 11735 2
20190307 1436 11735 11735 11735 11735 225
20190307 1438 11715 11715 11715 11715 11
20190307 1439 11705 11705 11705 11705 1
20190307 1440 11705 11705 11705 11705 4
20190307 1442 11705 11705 11700 11700 27
20190307 1443 11700 11700 11700 11700 1
20190307 1444 11700 11700 11700 11700 10
20190307 1448 11700 11700 11700 11700 10
20190307 1449 11700 11700 11700 11700 100
20190307 1453 11700 11700 11700 11700 1
20190307 1454 11690 11690 11670 11670 150
20190307 1455 11700 11700 11700 11700 1
20190307 1458 11700 11700 11700 11700 5
20190307 1506 11690 11700 11690 11700 338
20190307 1507 11700 11700 11700 11700 43
20190307 1508 11735 11735 11735 11735 100
20190307 1512 11750 11750 11750 11750 3
20190307 1518 11710 11710 11710 11710 1000
20190307 1519 11750 11750 11750 11750 1
20190307 1520 11710 11710 11710 11710 2000
20190307 1530 11750 11750 11750 11750 17
20190308 901 12040 12040 12040 12040 26
20190308 904 11690 11690 11500 11500 47
20190308 905 11475 11475 11455 11455 4
20190308 906 11455 11455 11455 11455 1
20190308 907 11445 11445 11445 11445 18
20190308 909 11480 11480 11465 11465 105
20190308 911 11450 11450 11420 11420 1000
20190308 912 11430 11430 11430 11430 517
20190308 914 11515 11515 11515 11515 1
20190308 916 11515 11515 11515 11515 1
20190308 917 11510 11510 11510 11510 100
20190308 918 11510 11510 11510 11510 10
20190308 920 11495 11495 11495 11495 1
20190308 922 11520 11520 11520 11520 2
20190308 923 11470 11520 11470 11520 122
20190308 925 11500 11500 11500 11500 1
20190308 926 11480 11480 11480 11480 20
20190308 927 11500 11500 11500 11500 30
20190308 929 11550 11550 11550 11550 20
20190308 930 11600 11600 11600 11600 15
20190308 932 11620 11620 11620 11620 20
20190308 934 11650 11650 11650 11650 3
20190308 936 11620 11620 11620 11620 12
20190308 937 11620 11620 11620 11620 8
20190308 939 11640 11640 11640 11640 20
20190308 940 11655 11660 11655 11660 217
20190308 942 11695 11695 11695 11695 20
20190308 945 11690 11690 11690 11690 20
20190308 948 11690 11690 11690 11690 20
20190308 950 11690 11690 11690 11690 10
20190308 952 11685 11685 11685 11685 20
20190308 955 11685 11685 11685 11685 1
20190308 956 11685 11685 11685 11685 19
20190308 958 11685 11685 11685 11685 8
20190308 1000 11675 11675 11675 11675 10
20190308 1001 11670 11670 11670 11670 20
20190308 1002 11670 11670 11660 11660 381
20190308 1004 11640 11650 11640 11650 120
20190308 1005 11595 11595 11595 11595 20
20190308 1008 11600 11600 11600 11600 20
20190308 1009 11605 11605 11605 11605 100
20190308 1011 11600 11600 11600 11600 20
20190308 1014 11600 11600 11600 11600 20
20190308 1015 11600 11600 11600 11600 42
20190308 1016 11600 11600 11600 11600 168
20190308 1017 11600 11600 11600 11600 20
20190308 1018 11600 11600 11600 11600 500
20190308 1021 11600 11600 11600 11600 9
20190308 1022 11600 11600 11600 11600 5
20190308 1024 11575 11575 11575 11575 20
20190308 1025 11575 11575 11575 11575 6
20190308 1027 11575 11575 11575 11575 20
20190308 1030 11575 11575 11575 11575 20
20190308 1034 11575 11575 11575 11575 20
20190308 1037 11575 11575 11575 11575 15
20190308 1040 11570 11575 11570 11575 21
20190308 1041 11575 11575 11575 11575 291
20190308 1043 11575 11575 11575 11575 1
20190308 1045 11575 11575 11575 11575 1
20190308 1046 11550 11550 11550 11550 3
20190308 1047 11550 11550 11550 11550 1
20190308 1049 11550 11550 11550 11550 10
20190308 1050 11530 11530 11530 11530 20
20190308 1053 11540 11550 11540 11550 26
20190308 1056 11550 11550 11550 11550 24
20190308 1059 11560 11560 11560 11560 20
20190308 1101 11575 11575 11575 11575 1
20190308 1102 11575 11575 11575 11575 137
20190308 1106 11575 11575 11575 11575 1
20190308 1107 11560 11560 11560 11560 9
20190308 1108 11575 11575 11575 11575 19
20190308 1109 11575 11575 11575 11575 20
20190308 1112 11595 11595 11595 11595 20
20190308 1115 11595 11595 11595 11595 20
20190308 1119 11605 11625 11605 11625 22
20190308 1122 11620 11620 11620 11620 20
20190308 1125 11610 11610 11610 11610 20
20190308 1126 11625 11625 11625 11625 15
20190308 1128 11635 11635 11635 11635 20
20190308 1131 11640 11640 11640 11640 20
20190308 1135 11625 11625 11625 11625 20
20190308 1138 11640 11640 11640 11640 20
20190308 1141 11640 11640 11640 11640 20
20190308 1144 11655 11655 11655 11655 20
20190308 1148 11640 11640 11640 11640 20
20190308 1150 11670 11670 11670 11670 1
20190308 1151 11640 11640 11640 11640 20
20190308 1154 11635 11635 11635 11635 1
20190308 1157 11625 11625 11625 11625 1
20190308 1200 11600 11600 11600 11600 20
20190308 1208 11595 11595 11595 11595 2
20190308 1209 11580 11580 11580 11580 398
20190308 1210 11580 11580 11580 11580 200
20190308 1219 11590 11590 11590 11590 38
20190308 1307 11620 11620 11620 11620 2
20190308 1329 11605 11605 11605 11605 5
20190308 1357 11610 11610 11610 11610 5
20190308 1359 11610 11610 11610 11610 20
20190308 1414 11605 11605 11605 11605 59
20190308 1419 11600 11600 11595 11595 102
20190308 1422 11590 11590 11590 11590 1
20190308 1431 11580 11580 11580 11580 30
20190308 1440 11560 11560 11560 11560 22
20190308 1447 11550 11550 11550 11550 3
20190308 1451 11550 11550 11550 11550 1
20190308 1519 11545 11545 11545 11545 1
20190308 1520 11550 11550 11550 11550 2
20190308 1530 11540 11540 11540 11540 15
20190311 901 11980 11980 11980 11980 6
20190311 905 11545 11545 11500 11500 7
20190311 909 11500 11500 11500 11500 10
20190311 911 11445 11445 11445 11445 1
20190311 913 11425 11425 11420 11420 6
20190311 914 11400 11400 11400 11400 46
20190311 915 11380 11380 11380 11380 3
20190311 922 11380 11380 11380 11380 22
20190311 923 11360 11360 11345 11345 16
20190311 925 11400 11400 11400 11400 2100
20190311 934 11320 11320 11320 11320 2
20190311 935 11310 11310 11300 11300 13
20190311 941 11295 11295 11290 11290 3
20190311 942 11280 11280 11270 11270 4
20190311 943 11270 11270 11260 11260 103
20190311 945 11245 11245 11240 11240 304
20190311 947 11230 11230 11230 11230 100
20190311 951 11230 11230 11230 11230 1
20190311 955 11230 11230 11230 11230 6
20190311 957 11260 11260 11260 11260 100
20190311 958 11235 11235 11200 11200 170
20190311 1001 11225 11225 11225 11225 200
20190311 1002 11225 11225 11225 11225 300
20190311 1003 11220 11220 11220 11220 100
20190311 1005 11200 11200 11165 11165 1000
20190311 1011 11175 11175 11175 11175 16
20190311 1024 11230 11230 11230 11230 5
20190311 1026 11215 11215 11215 11215 5
20190311 1029 11200 11200 11200 11200 9394
20190311 1030 11205 11205 11205 11205 5
20190311 1031 11200 11200 11200 11200 9
20190311 1032 11210 11210 11210 11210 2
20190311 1033 11200 11200 11200 11200 1
20190311 1034 11210 11210 11210 11210 50
20190311 1038 11225 11225 11215 11215 15
20190311 1039 11215 11215 11215 11215 17
20190311 1041 11210 11210 11205 11205 11
20190311 1050 11205 11205 11205 11205 9
20190311 1102 11230 11230 11230 11230 11
20190311 1109 11230 11230 11230 11230 1
20190311 1114 11210 11210 11210 11210 50
20190311 1119 11230 11230 11230 11230 5
20190311 1121 11210 11210 11205 11205 165
20190311 1122 11205 11205 11205 11205 71
20190311 1126 11205 11205 11205 11205 3
20190311 1131 11205 11205 11205 11205 3362
20190311 1140 11225 11225 11225 11225 2
20190311 1156 11225 11225 11225 11225 3
20190311 1203 11225 11225 11225 11225 1
20190311 1214 11230 11230 11230 11230 2
20190311 1235 11230 11230 11230 11230 1
20190311 1239 11235 11235 11235 11235 1
20190311 1240 11235 11245 11235 11245 2
20190311 1241 11245 11245 11245 11245 1
20190311 1243 11240 11240 11240 11240 16
20190311 1246 11240 11240 11240 11240 20
20190311 1249 11240 11240 11240 11240 1
20190311 1251 11245 11245 11245 11245 2
20190311 1257 11245 11245 11245 11245 5
20190311 1306 11245 11245 11245 11245 1
20190311 1314 11245 11245 11245 11245 10
20190311 1342 11245 11245 11245 11245 1
20190311 1346 11245 11270 11245 11270 102
20190311 1348 11270 11270 11270 11270 8
20190311 1412 11295 11305 11295 11305 82
20190311 1451 11310 11310 11310 11310 2
20190311 1453 11310 11310 11310 11310 5
20190311 1501 11310 11330 11310 11330 20
20190311 1512 11330 11330 11330 11330 8
20190311 1513 11330 11330 11330 11330 166
20190311 1517 11330 11330 11330 11330 12
20190311 1530 11365 11365 11365 11365 55
20190312 901 11410 11410 11410 11410 18
20190312 907 11555 11555 11555 11555 1
20190312 930 11585 11590 11585 11590 252
20190312 931 11590 11590 11590 11590 8
20190312 932 11590 11590 11590 11590 10
20190312 937 11590 11590 11590 11590 2
20190312 942 11570 11570 11570 11570 5
20190312 951 11590 11590 11590 11590 1
20190312 1001 11590 11600 11590 11600 250
20190312 1007 11580 11580 11580 11580 15
20190312 1008 11580 11580 11555 11555 518
20190312 1016 11575 11575 11575 11575 150
20190312 1024 11575 11575 11575 11575 250
20190312 1029 11575 11575 11575 11575 1
20190312 1030 11565 11565 11565 11565 50
20190312 1044 11560 11560 11560 11560 2
20190312 1045 11560 11560 11560 11560 1
20190312 1049 11540 11540 11540 11540 1
20190312 1050 11540 11540 11540 11540 50
20190312 1054 11515 11515 11515 11515 10
20190312 1118 11530 11530 11530 11530 1
20190312 1135 11540 11565 11540 11565 500
20190312 1136 11565 11565 11565 11565 2
20190312 1149 11525 11525 11525 11525 3
20190312 1153 11545 11545 11545 11545 250
20190312 1154 11545 11545 11545 11545 10
20190312 1206 11565 11565 11565 11565 1
20190312 1216 11585 11585 11575 11575 4
20190312 1217 11570 11570 11565 11565 4
20190312 1221 11560 11560 11560 11560 1
20190312 1227 11560 11560 11560 11560 5
20190312 1305 11555 11555 11550 11550 2
20190312 1309 11545 11545 11540 11540 2
20190312 1311 11540 11540 11540 11540 1
20190312 1313 11535 11535 11530 11530 2
20190312 1343 11540 11540 11540 11540 3
20190312 1353 11540 11540 11540 11540 1
20190312 1401 11530 11530 11525 11525 3
20190312 1423 11525 11525 11520 11520 6
20190312 1429 11515 11515 11510 11510 14
20190312 1434 11510 11510 11510 11510 1
20190312 1443 11510 11510 11510 11510 4
20190312 1501 11510 11530 11510 11530 27
20190312 1503 11530 11530 11530 11530 3
20190312 1517 11540 11540 11540 11540 250
20190312 1530 11540 11540 11540 11540 55
20190313 901 11500 11500 11465 11465 242
20190313 903 11410 11410 11400 11400 22
20190313 905 11405 11405 11405 11405 20
20190313 906 11395 11395 11395 11395 4
20190313 907 11365 11365 11365 11365 90
20190313 908 11350 11350 11350 11350 2
20190313 911 11350 11350 11350 11350 1
20190313 913 11350 11350 11350 11350 1
20190313 916 11410 11410 11410 11410 4
20190313 921 11395 11395 11395 11395 1
20190313 924 11395 11395 11395 11395 5
20190313 925 11390 11390 11380 11380 3
20190313 926 11375 11375 11375 11375 1
20190313 927 11375 11375 11375 11375 3
20190313 928 11370 11370 11370 11370 1
20190313 929 11370 11370 11370 11370 80
20190313 930 11370 11370 11370 11370 10
20190313 931 11365 11365 11360 11360 6
20190313 932 11360 11360 11350 11350 4
20190313 933 11350 11350 11350 11350 2
20190313 934 11350 11350 11350 11350 103
20190313 937 11345 11345 11340 11340 62
20190313 943 11340 11340 11340 11340 50
20190313 954 11355 11355 11355 11355 4
20190313 1000 11345 11345 11345 11345 1
20190313 1001 11340 11340 11335 11335 106
20190313 1003 11330 11330 11325 11325 4
20190313 1006 11320 11320 11310 11310 137
20190313 1012 11305 11305 11285 11285 151
20190313 1016 11255 11255 11255 11255 1
20190313 1017 11250 11250 11250 11250 2
20190313 1022 11285 11285 11285 11285 16
20190313 1027 11285 11285 11275 11275 603
20190313 1032 11260 11290 11260 11290 6
20190313 1034 11290 11290 11290 11290 300
20190313 1042 11240 11240 11240 11240 1
20190313 1049 11240 11240 11240 11240 10
20190313 1051 11235 11235 11235 11235 1
20190313 1053 11235 11235 11235 11235 1
20190313 1054 11235 11235 11235 11235 50
20190313 1056 11235 11235 11235 11235 100
20190313 1104 11235 11235 11235 11235 5
20190313 1105 11235 11235 11235 11235 1
20190313 1106 11235 11235 11235 11235 1
20190313 1108 11235 11235 11235 11235 7
20190313 1110 11235 11235 11235 11235 3
20190313 1120 11235 11235 11235 11235 1
20190313 1121 11230 11230 11225 11225 2
20190313 1122 11220 11220 11220 11220 7
20190313 1125 11220 11220 11215 11215 3036
20190313 1132 11210 11210 11205 11205 4
20190313 1133 11205 11205 11205 11205 100
20190313 1138 11205 11205 11205 11205 20
20190313 1140 11205 11205 11205 11205 6
20190313 1147 11205 11205 11205 11205 4
20190313 1148 11200 11200 11200 11200 9
20190313 1150 11205 11205 11205 11205 1
20190313 1152 11200 11200 11195 11195 80
20190313 1155 11195 11195 11195 11195 4
20190313 1156 11195 11195 11195 11195 5
20190313 1157 11195 11195 11195 11195 25
20190313 1159 11195 11195 11195 11195 1
20190313 1200 11195 11195 11195 11195 20
20190313 1203 11190 11190 11185 11185 10
20190313 1206 11185 11185 11185 11185 10
20190313 1224 11225 11225 11225 11225 2
20190313 1225 11225 11225 11225 11225 70
20190313 1228 11225 11225 11225 11225 2
20190313 1229 11225 11225 11225 11225 2
20190313 1230 11225 11225 11225 11225 1
20190313 1240 11225 11225 11225 11225 2
20190313 1312 11200 11200 11200 11200 100
20190313 1318 11235 11235 11235 11235 2
20190313 1320 11235 11235 11235 11235 9
20190313 1321 11195 11195 11195 11195 109
20190313 1338 11235 11235 11235 11235 266
20190313 1342 11295 11295 11295 11295 2
20190313 1344 11295 11295 11295 11295 1
20190313 1346 11295 11295 11295 11295 586
20190313 1349 11300 11300 11300 11300 2
20190313 1355 11300 11300 11300 11300 8
20190313 1401 11295 11295 11295 11295 1292
20190313 1406 11270 11270 11270 11270 2
20190313 1438 11285 11285 11285 11285 385
20190313 1448 11335 11335 11335 11335 20
20190313 1501 11350 11350 11350 11350 10
20190313 1505 11335 11335 11335 11335 28
20190313 1530 11340 11340 11340 11340 125
20190314 901 11345 11345 11345 11345 6
20190314 909 11500 11550 11500 11550 1694
20190314 916 11545 11545 11545 11545 3
20190314 918 11545 11545 11545 11545 1
20190314 919 11540 11540 11540 11540 2
20190314 920 11470 11470 11470 11470 1694
20190314 922 11485 11485 11485 11485 10
20190314 925 11490 11490 11490 11490 45
20190314 927 11535 11535 11535 11535 5
20190314 928 11535 11535 11535 11535 30
20190314 931 11520 11520 11520 11520 952
20190314 932 11510 11510 11510 11510 5
20190314 942 11510 11510 11510 11510 45
20190314 946 11510 11510 11510 11510 5
20190314 947 11510 11510 11510 11510 2
20190314 951 11510 11510 11510 11510 1
20190314 954 11510 11540 11510 11540 1500
20190314 956 11540 11540 11540 11540 500
20190314 1002 11540 11540 11540 11540 160
20190314 1003 11545 11545 11545 11545 447
20190314 1018 11540 11540 11540 11540 1
20190314 1028 11525 11525 11525 11525 1
20190314 1031 11510 11510 11510 11510 2
20190314 1037 11490 11490 11490 11490 50
20190314 1041 11515 11515 11515 11515 1
20190314 1046 11540 11545 11540 11545 100
20190314 1109 11545 11545 11545 11545 100
20190314 1131 11540 11545 11540 11545 1411
20190314 1132 11555 11555 11555 11555 2
20190314 1144 11555 11555 11555 11555 96
20190314 1149 11575 11575 11575 11575 1
20190314 1150 11575 11575 11575 11575 1
20190314 1213 11590 11590 11590 11590 30
20190314 1216 11600 11600 11600 11600 1
20190314 1217 11610 11610 11610 11610 12
20190314 1220 11620 11620 11620 11620 8
20190314 1236 11620 11620 11620 11620 1
20190314 1250 11630 11630 11630 11630 10
20190314 1300 11625 11625 11625 11625 1
20190314 1333 11620 11630 11620 11630 5056
20190314 1346 11630 11630 11625 11625 3
20190314 1350 11625 11625 11625 11625 10
20190314 1401 11620 11620 11600 11600 5
20190314 1406 11565 11565 11565 11565 1
20190314 1422 11590 11590 11570 11570 6
20190314 1440 11565 11565 11565 11565 1
20190314 1458 11600 11630 11600 11630 2327
20190314 1506 11680 11680 11680 11680 63
20190314 1508 11680 11685 11680 11685 21
20190314 1511 11700 11700 11700 11700 5
20190314 1514 11700 11700 11700 11700 10
20190314 1515 11680 11680 11680 11680 1
20190314 1517 11680 11680 11675 11675 301
20190314 1519 11660 11660 11660 11660 607
20190314 1530 11700 11700 11700 11700 70
20190315 901 11655 11655 11655 11655 173
20190315 902 11640 11640 11640 11640 8
20190315 909 11720 11720 11720 11720 1
20190315 910 11755 11755 11755 11755 3
20190315 913 11800 11800 11800 11800 1
20190315 919 11800 11805 11800 11805 4
20190315 921 11800 11800 11800 11800 6
20190315 924 11770 11770 11770 11770 900
20190315 930 11750 11750 11750 11750 30
20190315 932 11700 11700 11700 11700 2
20190315 935 11700 11700 11700 11700 38
20190315 940 11685 11685 11685 11685 8
20190315 941 11685 11685 11685 11685 2
20190315 942 11670 11670 11670 11670 50
20190315 945 11670 11670 11670 11670 143
20190315 952 11750 11750 11750 11750 50
20190315 957 11790 11790 11790 11790 500
20190315 958 11705 11705 11705 11705 1
20190315 959 11795 11795 11795 11795 500
20190315 1018 11715 11750 11715 11750 250
20190315 1028 11710 11710 11710 11710 10
20190315 1029 11750 11750 11750 11750 100
20190315 1031 11750 11750 11750 11750 255
20190315 1042 11720 11720 11720 11720 30
20190315 1047 11750 11750 11750 11750 930
20190315 1049 11805 11805 11805 11805 1
20190315 1058 11855 11855 11855 11855 2
20190315 1059 11855 11855 11855 11855 1
20190315 1101 11855 11855 11855 11855 100
20190315 1102 11880 11880 11880 11880 30
20190315 1103 11890 11900 11890 11900 100
20190315 1105 11900 11900 11900 11900 100
20190315 1106 11905 11910 11905 11910 35
20190315 1113 11925 11975 11925 11975 500
20190315 1118 11915 11915 11915 11915 100
20190315 1121 11940 11940 11940 11940 10
20190315 1124 11975 11975 11975 11975 20
20190315 1126 11980 11980 11980 11980 12
20190315 1127 11990 11990 11990 11990 50
20190315 1128 11990 11990 11990 11990 6
20190315 1143 11985 11985 11985 11985 2
20190315 1148 11975 11975 11975 11975 10
20190315 1149 11985 11985 11975 11975 23
20190315 1151 11985 11985 11985 11985 89
20190315 1201 11990 11990 11990 11990 10
20190315 1207 11990 11990 11990 11990 2
20190315 1210 11990 11990 11990 11990 5
20190315 1218 11960 11960 11960 11960 2
20190315 1219 11950 11950 11950 11950 10
20190315 1224 11915 11915 11915 11915 1
20190315 1230 11915 11915 11915 11915 10
20190315 1231 11915 11915 11915 11915 10
20190315 1235 11920 11920 11920 11920 30
20190315 1239 11875 11875 11875 11875 10
20190315 1244 11880 11880 11880 11880 10
20190315 1254 11900 11900 11900 11900 1
20190315 1259 11900 11900 11900 11900 1
20190315 1304 11890 11890 11890 11890 5
20190315 1305 11895 11895 11890 11890 14
20190315 1307 11895 11905 11895 11905 16
20190315 1308 11905 11905 11905 11905 10
20190315 1310 11925 11925 11925 11925 10
20190315 1316 11905 11905 11905 11905 1
20190315 1319 11895 11895 11895 11895 891
20190315 1337 11895 11895 11885 11885 17
20190315 1338 11900 11900 11900 11900 18
20190315 1339 11910 11910 11910 11910 18
20190315 1340 11910 11910 11910 11910 10
20190315 1344 11910 11910 11910 11910 18
20190315 1345 11910 11910 11910 11910 10
20190315 1346 11920 11920 11920 11920 1
20190315 1347 11920 11920 11920 11920 100
20190315 1349 11910 11910 11910 11910 1
20190315 1352 11910 11910 11910 11910 12
20190315 1353 11920 11920 11920 11920 1
20190315 1354 11930 11935 11930 11935 2
20190315 1355 11945 11955 11945 11955 55
20190315 1357 11955 11955 11955 11955 20
20190315 1358 11955 11955 11955 11955 5
20190315 1359 11960 11960 11960 11960 2
20190315 1415 11910 11910 11910 11910 40
20190315 1416 11910 11910 11910 11910 18
20190315 1432 11925 11925 11925 11925 5
20190315 1436 11925 11925 11925 11925 30
20190315 1446 11960 11990 11960 11990 500
20190315 1449 11985 11985 11985 11985 10
20190315 1450 11985 11985 11985 11985 1
20190315 1455 11985 11985 11985 11985 1
20190315 1456 11985 11985 11985 11985 8
20190315 1500 11965 11965 11965 11965 10
20190315 1519 11920 11920 11920 11920 1
20190315 1530 11900 11900 11900 11900 120
20190318 901 12020 12020 12020 12020 86
20190318 912 12005 12005 12005 12005 30
20190318 918 12005 12005 12005 12005 47
20190318 919 12005 12020 12005 12020 2
20190318 936 12020 12020 12020 12020 10
20190318 946 12005 12005 12005 12005 62
20190318 952 12020 12020 12020 12020 2
20190318 1021 11940 11940 11935 11935 35
20190318 1107 11865 11865 11865 11865 10
20190318 1109 11855 11855 11855 11855 10
20190318 1330 11865 11865 11865 11865 2
20190318 1334 11855 11855 11850 11850 28
20190318 1346 11840 11840 11840 11840 22
20190318 1348 11875 11875 11875 11875 1
20190318 1409 11840 11840 11840 11840 18
20190318 1411 11810 11810 11810 11810 11
20190318 1443 11900 11900 11900 11900 2
20190318 1530 11915 11915 11915 11915 24
20190319 901 11950 11950 11950 11950 10
20190319 907 11915 11915 11915 11915 10
20190319 910 11915 11915 11915 11915 152
20190319 911 11870 11870 11870 11870 3
20190319 914 11855 11855 11855 11855 8
20190319 931 11930 11930 11930 11930 7
20190319 945 11950 11950 11950 11950 100
20190319 953 11900 11900 11900 11900 2
20190319 1000 11900 11900 11900 11900 1
20190319 1001 11900 11900 11895 11895 11
20190319 1013 11900 11900 11900 11900 1
20190319 1030 11935 11935 11935 11935 3
20190319 1033 11935 11935 11935 11935 6
20190319 1035 11935 11935 11935 11935 1
20190319 1037 11945 11945 11945 11945 10
20190319 1040 11945 11950 11945 11950 3
20190319 1041 11955 12000 11955 12000 105
20190319 1148 11885 11885 11885 11885 7
20190319 1207 11895 11895 11895 11895 500
20190319 1339 11900 11900 11900 11900 10
20190319 1404 11900 11900 11900 11900 40
20190319 1415 11905 11905 11905 11905 10
20190319 1441 11930 11930 11930 11930 10
20190319 1515 11930 11930 11930 11930 11
20190319 1530 11940 11940 11940 11940 2
20190320 907 11880 11880 11855 11855 9
20190320 911 11820 11820 11815 11815 62
20190320 912 11810 11810 11810 11810 1
20190320 913 11775 11775 11775 11775 21
20190320 918 11725 11725 11725 11725 10
20190320 926 11715 11715 11715 11715 10
20190320 930 11715 11715 11715 11715 20
20190320 931 11750 11750 11750 11750 20
20190320 936 11750 11750 11750 11750 1
20190320 939 11715 11715 11685 11685 251
20190320 944 11685 11685 11680 11680 6
20190320 1002 11640 11640 11595 11595 4900
20190320 1015 11585 11585 11540 11540 1801
20190320 1016 11540 11540 11480 11480 2200
20190320 1017 11520 11520 11520 11520 1683
20190320 1020 11580 11580 11580 11580 7
20190320 1021 11570 11570 11570 11570 10
20190320 1024 11520 11520 11475 11475 1500
20190320 1031 11475 11475 11460 11460 156
20190320 1032 11460 11460 11460 11460 2
20190320 1052 11500 11500 11470 11470 9
20190320 1100 11480 11480 11480 11480 10
20190320 1113 11530 11530 11530 11530 100
20190320 1116 11540 11540 11540 11540 26
20190320 1117 11540 11540 11540 11540 10
20190320 1126 11540 11550 11540 11550 65
20190320 1129 11530 11530 11485 11485 3000
20190320 1130 11585 11585 11585 11585 10
20190320 1134 11585 11585 11585 11585 30
20190320 1243 11585 11585 11580 11580 25
20190320 1251 11580 11580 11580 11580 20
20190320 1255 11580 11580 11580 11580 74
20190320 1312 11575 11575 11500 11500 177
20190320 1326 11565 11565 11565 11565 10
20190320 1332 11555 11555 11555 11555 80
20190320 1349 11555 11555 11555 11555 1
20190320 1359 11500 11500 11500 11500 5
20190320 1410 11555 11555 11555 11555 1
20190320 1413 11555 11555 11555 11555 340
20190320 1418 11575 11575 11575 11575 10
20190320 1453 11700 11700 11700 11700 1
20190320 1456 11740 11745 11740 11745 30
20190320 1530 11830 11830 11830 11830 13
20190321 906 11935 11935 11935 11935 1
20190321 909 11950 12000 11950 12000 73
20190321 910 12000 12000 12000 12000 26
20190321 911 12000 12000 12000 12000 60
20190321 912 12000 12000 12000 12000 41
20190321 914 11960 12050 11960 12050 818
20190321 921 12020 12020 12020 12020 500
20190321 922 12005 12005 12005 12005 166
20190321 927 12005 12005 12005 12005 1
20190321 929 12020 12030 12020 12030 3
20190321 931 12050 12125 12035 12035 4068
20190321 932 12125 12130 12125 12130 824
20190321 935 12130 12130 12130 12130 1
20190321 941 12055 12055 12055 12055 2
20190321 945 12120 12120 12120 12120 54
20190321 946 12120 12120 12120 12120 1
20190321 948 12075 12120 12075 12120 13
20190321 949 12120 12120 12120 12120 42
20190321 1000 12115 12115 12115 12115 1
20190321 1001 12080 12115 12075 12115 452
20190321 1006 12120 12120 12120 12120 554
20190321 1009 12120 12120 12120 12120 527
20190321 1019 12050 12050 12050 12050 166
20190321 1023 12050 12050 12050 12050 1
20190321 1029 12050 12050 12050 12050 7
20190321 1034 12050 12050 12050 12050 201
20190321 1038 12100 12100 12100 12100 200
20190321 1107 12100 12100 12100 12100 117
20190321 1121 12105 12105 12105 12105 13
20190321 1130 12105 12105 12105 12105 20
20190321 1154 12105 12105 12105 12105 1
20190321 1158 12105 12105 12105 12105 100
20190321 1202 12105 12105 12105 12105 22
20190321 1223 12050 12050 12035 12035 485
20190321 1234 11975 11975 11975 11975 20
20190321 1238 11975 11975 11975 11975 20
20190321 1301 11930 11930 11930 11930 1
20190321 1315 11890 11890 11885 11885 25
20190321 1316 11860 11860 11860 11860 6
20190321 1400 11860 11860 11860 11860 1
20190321 1426 11910 11915 11910 11915 2
20190321 1441 11920 11925 11920 11925 23
20190321 1446 11930 11935 11930 11935 3
20190321 1447 11935 11935 11935 11935 10
20190321 1455 11940 11945 11940 11945 4
20190321 1459 11935 11935 11935 11935 5
20190321 1501 11950 11980 11950 11980 62
20190321 1503 11980 12000 11980 12000 400
20190321 1504 11980 11980 11980 11980 1
20190321 1506 11980 12000 11980 12000 10000
20190321 1507 11985 11985 11985 11985 1
20190321 1509 11925 11925 11925 11925 103
20190321 1530 11995 11995 11995 11995 21
20190322 901 11950 11950 11915 11915 71
20190322 903 11860 11860 11860 11860 1
20190322 905 11815 11815 11810 11810 104
20190322 916 11900 11900 11900 11900 1
20190322 919 11900 11900 11900 11900 1
20190322 922 11865 11865 11865 11865 1
20190322 923 11850 11850 11850 11850 1
20190322 924 11840 11840 11840 11840 40
20190322 925 11830 11830 11830 11830 1
20190322 926 11810 11810 11795 11795 34
20190322 928 11795 11795 11795 11795 51
20190322 930 11795 11795 11795 11795 1
20190322 931 11790 11790 11790 11790 1
20190322 934 11790 11790 11730 11730 824
20190322 1000 11850 11850 11850 11850 100
20190322 1004 11840 11840 11840 11840 10
20190322 1005 11840 11840 11840 11840 2
20190322 1020 11830 11830 11815 11815 170
20190322 1032 11840 11840 11840 11840 16
20190322 1047 11815 11815 11815 11815 26
20190322 1049 11815 11815 11815 11815 2
20190322 1102 11815 11815 11815 11815 1
20190322 1105 11810 11810 11810 11810 10
20190322 1106 11805 11805 11805 11805 9
20190322 1108 11805 11805 11805 11805 23
20190322 1110 11805 11805 11805 11805 1
20190322 1115 11775 11775 11775 11775 2
20190322 1137 11775 11775 11775 11775 3
20190322 1234 11795 11795 11795 11795 1
20190322 1240 11795 11795 11795 11795 1
20190322 1243 11795 11795 11795 11795 1
20190322 1246 11795 11795 11795 11795 1
20190322 1247 11795 11795 11795 11795 1
20190322 1249 11795 11795 11795 11795 1
20190322 1250 11795 11795 11795 11795 1
20190322 1253 11795 11795 11795 11795 1
20190322 1309 11795 11795 11795 11795 1
20190322 1310 11795 11795 11795 11795 1
20190322 1311 11795 11795 11795 11795 1
20190322 1313 11795 11795 11795 11795 1
20190322 1315 11795 11795 11795 11795 1
20190322 1318 11775 11775 11765 11765 500
20190322 1321 11795 11795 11795 11795 1
20190322 1325 11795 11795 11795 11795 1
20190322 1334 11795 11795 11795 11795 1
20190322 1335 11795 11795 11795 11795 1
20190322 1340 11795 11795 11795 11795 50
20190322 1344 11795 11795 11795 11795 1
20190322 1345 11795 11795 11795 11795 1
20190322 1350 11790 11790 11790 11790 1
20190322 1351 11790 11790 11790 11790 1
20190322 1352 11790 11790 11780 11780 2
20190322 1354 11795 11795 11795 11795 1
20190322 1358 11795 11795 11795 11795 1
20190322 1359 11795 11795 11795 11795 1
20190322 1401 11795 11795 11795 11795 1
20190322 1404 11790 11790 11790 11790 1
20190322 1405 11790 11790 11790 11790 1
20190322 1406 11750 11750 11740 11740 159
20190322 1407 11795 11795 11795 11795 1
20190322 1408 11795 11795 11795 11795 3
20190322 1409 11795 11795 11795 11795 1
20190322 1410 11795 11795 11795 11795 1
20190322 1413 11795 11795 11795 11795 1
20190322 1416 11795 11795 11795 11795 1
20190322 1419 11795 11795 11795 11795 1
20190322 1420 11795 11795 11795 11795 1
20190322 1422 11795 11795 11795 11795 1
20190322 1425 11795 11795 11735 11735 201
20190322 1426 11795 11795 11795 11795 1
20190322 1427 11795 11795 11795 11795 1
20190322 1429 11780 11780 11780 11780 1
20190322 1431 11765 11765 11765 11765 1
20190322 1432 11760 11760 11760 11760 1
20190322 1437 11780 11780 11780 11780 1
20190322 1438 11780 11780 11780 11780 3
20190322 1440 11780 11780 11780 11780 1
20190322 1441 11750 11820 11750 11820 281
20190322 1444 11820 11820 11820 11820 1
20190322 1447 11795 11795 11795 11795 1
20190322 1449 11795 11795 11795 11795 1
20190322 1450 11795 11795 11795 11795 1
20190322 1453 11795 11795 11795 11795 1
20190322 1455 11785 11785 11785 11785 1
20190322 1505 11805 11805 11805 11805 1
20190322 1507 11795 11795 11795 11795 1
20190322 1508 11795 11795 11795 11795 1
20190322 1509 11795 11795 11795 11795 1
20190322 1510 11805 11805 11805 11805 1
20190322 1512 11805 11805 11805 11805 1
20190322 1514 11795 11795 11795 11795 1
20190322 1517 11805 11805 11805 11805 1
20190322 1519 11815 11815 11815 11815 1
20190322 1520 11830 11830 11830 11830 1
20190322 1530 11840 11840 11840 11840 66
20190325 901 11485 11485 11485 11485 1
20190325 902 11480 11480 11480 11480 100
20190325 906 11485 11485 11460 11460 27
20190325 907 11455 11455 11455 11455 2
20190325 908 11455 11455 11450 11450 4
20190325 911 11450 11450 11450 11450 20
20190325 912 11450 11450 11450 11450 171
20190325 916 11480 11480 11480 11480 2
20190325 917 11485 11485 11485 11485 5
20190325 918 11485 11485 11485 11485 1
20190325 921 11485 11485 11485 11485 1
20190325 925 11475 11475 11475 11475 1
20190325 927 11470 11470 11465 11465 132
20190325 928 11455 11455 11455 11455 2
20190325 929 11455 11455 11455 11455 2
20190325 930 11475 11475 11475 11475 28
20190325 934 11455 11455 11450 11450 569
20190325 937 11440 11440 11440 11440 16
20190325 940 11430 11430 11430 11430 10
20190325 943 11430 11430 11430 11430 1
20190325 945 11425 11425 11425 11425 17
20190325 950 11420 11420 11420 11420 1
20190325 951 11420 11420 11395 11395 69
20190325 952 11395 11395 11395 11395 1
20190325 954 11395 11395 11395 11395 1
20190325 957 11395 11395 11395 11395 2
20190325 958 11395 11395 11395 11395 2
20190325 1000 11395 11395 11385 11385 28
20190325 1002 11380 11380 11355 11355 270
20190325 1006 11355 11355 11355 11355 9
20190325 1007 11355 11355 11355 11355 20
20190325 1010 11355 11355 11355 11355 2
20190325 1027 11360 11360 11360 11360 50
20190325 1037 11360 11360 11360 11360 281
20190325 1044 11360 11360 11360 11360 200
20190325 1056 11360 11360 11360 11360 1
20190325 1117 11395 11395 11395 11395 1
20190325 1120 11380 11380 11380 11380 1
20190325 1122 11395 11395 11395 11395 10
20190325 1127 11395 11395 11395 11395 100
20190325 1150 11415 11415 11415 11415 2
20190325 1151 11410 11410 11410 11410 5
20190325 1157 11405 11405 11405 11405 10
20190325 1159 11405 11405 11405 11405 10
20190325 1203 11405 11405 11405 11405 10
20190325 1213 11390 11390 11390 11390 57
20190325 1215 11375 11375 11375 11375 20
20190325 1217 11375 11375 11370 11370 45
20190325 1222 11370 11370 11370 11370 1
20190325 1227 11370 11370 11370 11370 2
20190325 1239 11365 11365 11365 11365 44
20190325 1242 11365 11365 11365 11365 20
20190325 1251 11360 11360 11355 11355 43
20190325 1256 11355 11355 11355 11355 1
20190325 1258 11355 11355 11355 11355 12
20190325 1259 11355 11355 11355 11355 1
20190325 1305 11350 11350 11345 11345 112
20190325 1308 11345 11345 11345 11345 661
20190325 1310 11345 11345 11345 11345 1
20190325 1312 11335 11335 11335 11335 2
20190325 1315 11330 11330 11325 11325 5
20190325 1326 11320 11320 11305 11305 21
20190325 1329 11305 11305 11305 11305 1
20190325 1330 11305 11305 11305 11305 52
20190325 1332 11305 11305 11305 11305 21
20190325 1334 11300 11300 11295 11295 37
20190325 1335 11295 11295 11295 11295 2
20190325 1338 11295 11295 11295 11295 1
20190325 1341 11290 11290 11285 11285 34
20190325 1342 11285 11285 11285 11285 3
20190325 1343 11280 11280 11275 11275 3014
20190325 1344 11275 11275 11275 11275 2
20190325 1350 11275 11275 11275 11275 50
20190325 1351 11275 11275 11275 11275 1
20190325 1357 11275 11275 11275 11275 100
20190325 1400 11270 11270 11265 11265 25
20190325 1402 11265 11265 11265 11265 2
20190325 1405 11260 11260 11255 11255 455
20190325 1406 11255 11255 11255 11255 1
20190325 1414 11250 11250 11245 11245 316
20190325 1416 11245 11245 11245 11245 2
20190325 1418 11235 11235 11235 11235 10
20190325 1421 11235 11235 11235 11235 10
20190325 1441 11255 11255 11255 11255 627
20190325 1442 11255 11255 11255 11255 2
20190325 1444 11255 11255 11255 11255 1
20190325 1446 11255 11255 11255 11255 10
20190325 1449 11255 11255 11255 11255 1
20190325 1450 11255 11255 11255 11255 1
20190325 1457 11255 11255 11255 11255 3
20190325 1501 11255 11255 11255 11255 9
20190325 1509 11270 11270 11270 11270 1
20190325 1510 11310 11310 11310 11310 19
20190325 1511 11310 11310 11310 11310 1
20190325 1514 11300 11300 11300 11300 30
20190325 1517 11295 11295 11295 11295 20
20190325 1519 11295 11295 11295 11295 10
20190325 1520 11295 11295 11295 11295 2
20190325 1530 11295 11295 11295 11295 32
20190326 901 11335 11335 11335 11335 100
20190326 903 11335 11335 11310 11310 5
20190326 904 11300 11300 11295 11295 297
20190326 905 11295 11295 11295 11295 10
20190326 906 11275 11275 11275 11275 4
20190326 907 11275 11275 11255 11255 9
20190326 908 11255 11255 11255 11255 1
20190326 909 11250 11250 11245 11245 10
20190326 910 11245 11245 11225 11225 33
20190326 911 11225 11225 11225 11225 10
20190326 913 11225 11225 11210 11210 21
20190326 914 11200 11200 11180 11180 17
20190326 915 11180 11180 11180 11180 10
20190326 932 11190 11190 11190 11190 1
20190326 943 11220 11220 11220 11220 8
20190326 944 11220 11220 11220 11220 1
20190326 947 11240 11240 11240 11240 1
20190326 952 11240 11240 11240 11240 1
20190326 955 11210 11210 11210 11210 1
20190326 1000 11210 11210 11210 11210 1
20190326 1023 11235 11235 11235 11235 3
20190326 1027 11215 11215 11215 11215 10
20190326 1031 11215 11215 11215 11215 1
20190326 1034 11215 11215 11215 11215 50
20190326 1036 11215 11215 11215 11215 3
20190326 1040 11210 11210 11210 11210 9
20190326 1044 11200 11200 11195 11195 12
20190326 1045 11195 11195 11195 11195 2
20190326 1046 11190 11190 11180 11180 258
20190326 1048 11175 11175 11170 11170 59
20190326 1050 11165 11165 11155 11155 21
20190326 1052 11155 11155 11145 11145 36
20190326 1053 11145 11145 11145 11145 1
20190326 1108 11145 11145 11145 11145 2
20190326 1109 11140 11140 11140 11140 1
20190326 1112 11150 11150 11150 11150 1
20190326 1117 11150 11150 11150 11150 5
20190326 1121 11150 11150 11150 11150 7
20190326 1127 11145 11145 11145 11145 6
20190326 1149 11140 11140 11140 11140 10
20190326 1150 11140 11140 11140 11140 1
20190326 1152 11140 11140 11140 11140 1
20190326 1157 11155 11155 11155 11155 1
20190326 1158 11145 11145 11145 11145 3
20190326 1159 11145 11145 11145 11145 2
20190326 1200 11145 11145 11145 11145 2
20190326 1204 11145 11145 11145 11145 5
20190326 1205 11140 11140 11135 11135 2
20190326 1210 11135 11135 11135 11135 1
20190326 1213 11135 11135 11135 11135 10
20190326 1214 11135 11135 11135 11135 16
20190326 1215 11125 11125 11125 11125 22
20190326 1224 11120 11120 11110 11110 7
20190326 1225 11105 11105 11105 11105 100
20190326 1226 11105 11105 11105 11105 100
20190326 1227 11105 11105 11105 11105 6
20190326 1246 11105 11105 11105 11105 1
20190326 1247 11105 11105 11105 11105 11
20190326 1258 11105 11105 11100 11100 68
20190326 1259 11100 11100 11100 11100 50
20190326 1302 11105 11105 11100 11100 94
20190326 1305 11100 11100 11100 11100 1
20190326 1311 11100 11100 11100 11100 4
20190326 1314 11095 11095 11090 11090 15
20190326 1317 11100 11100 11100 11100 2
20190326 1323 11100 11100 11100 11100 2
20190326 1324 11100 11100 11100 11100 6
20190326 1325 11100 11100 11100 11100 9
20190326 1326 11100 11100 11100 11100 1
20190326 1327 11110 11110 11110 11110 4
20190326 1329 11110 11110 11110 11110 20
20190326 1330 11110 11110 11110 11110 50
20190326 1331 11110 11110 11110 11110 40
20190326 1344 11110 11110 11110 11110 9
20190326 1404 11175 11175 11175 11175 500
20190326 1407 11195 11195 11195 11195 1
20190326 1410 11195 11195 11195 11195 21
20190326 1440 11195 11195 11195 11195 4
20190326 1456 11130 11130 11125 11125 10
20190326 1508 11180 11180 11180 11180 12
20190326 1516 11180 11180 11180 11180 5
20190326 1520 11180 11180 11180 11180 4
20190326 1530 11150 11150 11150 11150 62
20190327 901 11125 11125 11125 11125 139
20190327 902 11140 11140 11140 11140 30
20190327 905 11195 11195 11195 11195 1
20190327 906 11145 11145 11120 11120 6
20190327 911 11120 11120 11120 11120 3
20190327 912 11120 11120 11120 11120 1
20190327 915 11100 11100 11095 11095 54
20190327 917 11115 11115 11110 11110 12
20190327 921 11095 11095 11090 11090 4
20190327 923 11115 11115 11115 11115 1
20190327 934 11125 11125 11125 11125 2
20190327 935 11115 11115 11115 11115 5
20190327 939 11115 11115 11080 11080 174
20190327 940 11080 11080 11070 11070 15
20190327 941 11070 11070 11065 11065 3
20190327 948 11070 11070 11065 11065 13
20190327 949 11065 11065 11065 11065 2
20190327 950 11060 11060 11060 11060 4
20190327 952 11060 11060 11055 11055 104
20190327 1008 11070 11070 11070 11070 1
20190327 1017 11130 11130 11130 11130 1
20190327 1021 11125 11125 11125 11125 50
20190327 1022 11125 11125 11125 11125 1
20190327 1055 11125 11125 11125 11125 10
20190327 1057 11125 11125 11125 11125 1
20190327 1111 11070 11070 11070 11070 1
20190327 1114 11070 11070 11070 11070 16
20190327 1124 11070 11070 11070 11070 273
20190327 1127 11130 11130 11130 11130 100
20190327 1142 11130 11130 11130 11130 1
20190327 1149 11130 11130 11130 11130 10
20190327 1210 11130 11130 11130 11130 88
20190327 1220 11130 11130 11130 11130 1
20190327 1222 11130 11130 11130 11130 1
20190327 1224 11130 11130 11130 11130 1
20190327 1239 11120 11120 11120 11120 3
20190327 1303 11120 11120 11120 11120 34
20190327 1340 11105 11105 11105 11105 1
20190327 1345 11100 11100 11100 11100 9
20190327 1423 11100 11100 11100 11100 3
20190327 1508 11100 11100 11075 11075 400
20190327 1511 11070 11070 11060 11060 1400
20190327 1530 11120 11120 11120 11120 16
20190328 913 10995 10995 10995 10995 98
20190328 914 10995 10995 10975 10975 72
20190328 915 10975 10975 10955 10955 5
20190328 916 10950 10950 10935 10935 6
20190328 917 10935 10935 10935 10935 16
20190328 918 10935 10935 10935 10935 10
20190328 919 10920 10920 10920 10920 37
20190328 920 10920 10920 10920 10920 44
20190328 921 10920 10920 10920 10920 19
20190328 922 10920 10920 10920 10920 30
20190328 923 10920 10920 10920 10920 1
20190328 931 10920 10920 10910 10910 109
20190328 935 10910 10910 10905 10905 13
20190328 937 10905 10905 10905 10905 11
20190328 938 10900 10900 10900 10900 100
20190328 940 10900 10900 10900 10900 1010
20190328 941 10885 10885 10860 10860 21
20190328 942 10850 10850 10840 10840 316
20190328 948 10870 10870 10870 10870 43
20190328 949 10870 10870 10860 10860 67
20190328 952 10850 10850 10835 10835 4
20190328 957 10865 10865 10865 10865 1
20190328 959 10890 10890 10890 10890 2
20190328 1000 10890 10890 10890 10890 2
20190328 1002 10890 10890 10890 10890 1
20190328 1003 10890 10890 10890 10890 1
20190328 1016 10910 10910 10910 10910 100
20190328 1019 10910 10910 10910 10910 2
20190328 1027 10900 10900 10900 10900 4
20190328 1057 10900 10900 10900 10900 4
20190328 1145 10945 10945 10945 10945 1
20190328 1216 11030 11030 11030 11030 5
20190328 1217 11030 11030 11030 11030 1
20190328 1219 11030 11030 11030 11030 1
20190328 1225 11030 11030 11030 11030 1
20190328 1227 11020 11020 11020 11020 1
20190328 1237 11045 11045 11045 11045 1
20190328 1239 11045 11045 11045 11045 1
20190328 1253 11045 11045 11045 11045 1
20190328 1254 11045 11045 10970 10970 601
20190328 1406 10980 10980 10980 10980 1
20190328 1426 10980 10980 10980 10980 10
20190328 1511 11010 11010 11010 11010 5
20190328 1516 11010 11010 11010 11010 1
20190328 1530 11015 11015 11015 11015 2
20190329 903 11015 11015 11015 11015 2
20190329 907 10955 10955 10955 10955 9
20190329 908 10955 10955 10955 10955 3
20190329 912 10955 10955 10955 10955 2
20190329 913 10940 10940 10940 10940 1
20190329 915 10940 10940 10940 10940 1
20190329 917 10940 10940 10930 10930 3
20190329 919 10930 10930 10930 10930 3
20190329 921 10930 10930 10930 10930 10
20190329 928 10910 10910 10910 10910 5
20190329 929 10905 10905 10900 10900 5
20190329 931 10900 10900 10900 10900 1
20190329 933 10890 10890 10890 10890 1
20190329 937 10890 10890 10890 10890 2
20190329 939 10875 10875 10875 10875 50
20190329 940 10875 10875 10875 10875 5
20190329 942 10875 10875 10875 10875 6
20190329 943 10860 10860 10850 10850 25
20190329 944 10850 10850 10850 10850 47
20190329 946 10875 10875 10875 10875 5
20190329 949 10850 10850 10850 10850 6
20190329 950 10840 10840 10830 10830 73
20190329 951 10845 10845 10845 10845 3
20190329 957 10830 10830 10830 10830 10
20190329 958 10825 10825 10805 10805 61
20190329 1006 10825 10825 10805 10805 53
20190329 1009 10800 10800 10795 10795 22
20190329 1013 10790 10790 10790 10790 3
20190329 1016 10775 10775 10775 10775 18
20190329 1017 10775 10775 10775 10775 2
20190329 1020 10775 10775 10775 10775 2
20190329 1023 10770 10770 10770 10770 1
20190329 1030 10775 10775 10775 10775 10
20190329 1034 10770 10770 10765 10765 21
20190329 1036 10765 10765 10765 10765 5
20190329 1037 10765 10765 10765 10765 17
20190329 1041 10765 10765 10765 10765 1
20190329 1049 10775 10775 10775 10775 50
20190329 1050 10775 10775 10775 10775 1
20190329 1051 10775 10775 10775 10775 20
20190329 1053 10775 10775 10775 10775 2
20190329 1100 10775 10775 10775 10775 28
20190329 1108 10775 10775 10775 10775 9
20190329 1112 10775 10775 10775 10775 1
20190329 1126 10775 10780 10775 10780 489
20190329 1136 10855 10855 10855 10855 500
20190329 1139 10855 10855 10855 10855 16
20190329 1140 10855 10855 10855 10855 10
20190329 1142 10855 10855 10845 10845 4
20190329 1143 10840 10840 10840 10840 1
20190329 1148 10840 10840 10840 10840 200
20190329 1149 10840 10840 10840 10840 37
20190329 1152 10850 10850 10850 10850 1
20190329 1155 10850 10850 10850 10850 1
20190329 1223 10860 10860 10860 10860 2
20190329 1236 10860 10860 10860 10860 3
20190329 1309 10860 10860 10860 10860 8
20190329 1428 10930 10995 10930 10995 19
20190329 1429 11005 11005 11005 11005 500
20190329 1437 11015 11015 11015 11015 5
20190329 1439 11015 11015 11015 11015 50
20190329 1440 11015 11045 11015 11045 500
20190329 1441 11045 11045 11045 11045 280
20190329 1443 11040 11040 11040 11040 500
20190329 1450 11030 11030 11030 11030 30
20190329 1452 11020 11020 11020 11020 23
20190329 1457 11010 11010 11010 11010 5
20190329 1516 11010 11010 11010 11010 1
20190329 1530 11055 11055 11055 11055 47
