날짜 시간 시가 고가 저가 종가 거래량
20190701 901 8400 8400 8400 8400 12
20190701 904 8405 8440 8405 8440 14
20190701 905 8470 8475 8470 8475 14
20190701 909 8475 8475 8475 8475 20
20190701 910 8470 8470 8470 8470 2
20190701 914 8470 8470 8470 8470 25
20190701 916 8470 8470 8470 8470 21
20190701 929 8425 8425 8425 8425 1
20190701 932 8425 8425 8425 8425 1
20190701 934 8425 8425 8415 8415 11
20190701 947 8430 8430 8430 8430 15
20190701 950 8435 8435 8435 8435 23
20190701 1004 8435 8435 8435 8435 6
20190701 1009 8435 8435 8435 8435 20
20190701 1015 8435 8435 8435 8435 50
20190701 1019 8435 8435 8435 8435 4
20190701 1020 8435 8435 8435 8435 1
20190701 1030 8435 8435 8435 8435 11
20190701 1044 8435 8435 8435 8435 10
20190701 1100 8435 8435 8435 8435 2
20190701 1101 8435 8435 8435 8435 2
20190701 1105 8435 8435 8435 8435 10
20190701 1111 8435 8435 8435 8435 10
20190701 1113 8435 8435 8435 8435 1
20190701 1136 8435 8435 8425 8425 42
20190701 1137 8425 8425 8425 8425 30
20190701 1148 8440 8440 8440 8440 23
20190701 1153 8445 8445 8445 8445 3
20190701 1158 8445 8445 8445 8445 10
20190701 1202 8440 8440 8440 8440 8
20190701 1203 8440 8450 8440 8450 104
20190701 1208 8450 8450 8450 8450 1
20190701 1232 8450 8450 8450 8450 5
20190701 1234 8450 8450 8450 8450 1
20190701 1300 8445 8445 8445 8445 10
20190701 1304 8450 8450 8450 8450 2
20190701 1305 8450 8450 8450 8450 1
20190701 1309 8445 8445 8445 8445 10
20190701 1310 8450 8450 8450 8450 1
20190701 1311 8450 8450 8450 8450 1
20190701 1314 8450 8450 8450 8450 3
20190701 1319 8450 8450 8450 8450 1
20190701 1322 8450 8450 8450 8450 31
20190701 1341 8450 8450 8450 8450 5
20190701 1345 8450 8450 8450 8450 3
20190701 1348 8460 8460 8460 8460 67
20190701 1350 8460 8460 8460 8460 101
20190701 1354 8460 8460 8460 8460 5
20190701 1357 8460 8460 8460 8460 5
20190701 1359 8465 8465 8465 8465 1
20190701 1400 8465 8465 8465 8465 1
20190701 1402 8465 8465 8465 8465 3
20190701 1407 8470 8475 8470 8475 52
20190701 1418 8475 8475 8475 8475 33
20190701 1420 8480 8480 8480 8480 42
20190701 1421 8480 8480 8480 8480 5
20190701 1423 8480 8480 8480 8480 148
20190701 1431 8480 8480 8480 8480 1
20190701 1434 8485 8490 8485 8490 28
20190701 1447 8490 8490 8490 8490 16
20190701 1449 8500 8500 8500 8500 289
20190701 1451 8500 8500 8500 8500 2
20190701 1457 8515 8515 8515 8515 14
20190701 1500 8510 8510 8510 8510 3
20190701 1508 8510 8510 8510 8510 3
20190701 1509 8505 8505 8500 8500 8
20190701 1510 8500 8500 8500 8500 1
20190701 1519 8520 8520 8520 8520 1
20190701 1520 8520 8525 8520 8525 25
20190701 1530 8540 8540 8540 8540 6
20190702 901 8540 8540 8540 8540 4
20190702 908 8525 8525 8525 8525 2
20190702 914 8525 8525 8525 8525 3
20190702 922 8525 8525 8525 8525 1
20190702 944 8525 8525 8525 8525 6
20190702 947 8530 8530 8530 8530 10
20190702 952 8530 8530 8530 8530 11
20190702 1010 8525 8525 8525 8525 15
20190702 1047 8525 8525 8525 8525 1
20190702 1121 8525 8525 8525 8525 10
20190702 1209 8520 8520 8520 8520 11
20190702 1221 8515 8515 8515 8515 10
20190702 1226 8515 8515 8515 8515 4
20190702 1228 8515 8515 8515 8515 80
20190702 1312 8515 8515 8515 8515 10
20190702 1314 8515 8515 8515 8515 252
20190702 1316 8515 8515 8515 8515 120
20190702 1319 8515 8515 8515 8515 18
20190702 1336 8510 8510 8510 8510 100
20190702 1342 8510 8510 8510 8510 130
20190702 1345 8510 8510 8510 8510 100
20190702 1352 8510 8510 8510 8510 100
20190702 1403 8515 8515 8515 8515 10
20190702 1507 8505 8505 8505 8505 21
20190702 1530 8520 8520 8520 8520 380
20190703 901 8520 8520 8520 8520 2
20190703 931 8520 8520 8510 8510 15
20190703 932 8510 8510 8510 8510 100
20190703 948 8515 8515 8515 8515 40
20190703 959 8545 8580 8545 8580 203
20190703 1006 8550 8550 8550 8550 100
20190703 1032 8570 8575 8570 8575 1000
20190703 1057 8570 8580 8570 8580 1000
20190703 1113 8515 8515 8515 8515 70
20190703 1134 8520 8520 8520 8520 1
20190703 1148 8520 8520 8520 8520 58
20190703 1201 8520 8520 8520 8520 1
20190703 1202 8520 8520 8520 8520 1
20190703 1206 8520 8520 8520 8520 2
20190703 1219 8515 8515 8515 8515 4
20190703 1221 8515 8515 8515 8515 20
20190703 1227 8515 8515 8515 8515 24
20190703 1239 8520 8520 8520 8520 3
20190703 1245 8520 8520 8520 8520 2
20190703 1247 8515 8515 8515 8515 104
20190703 1253 8515 8515 8515 8515 40
20190703 1351 8525 8525 8525 8525 1
20190703 1352 8525 8525 8525 8525 237
20190703 1359 8530 8530 8525 8525 30
20190703 1422 8530 8530 8525 8525 20
20190703 1428 8525 8525 8525 8525 170
20190703 1448 8535 8535 8525 8525 30
20190703 1512 8540 8540 8540 8540 4
20190703 1530 8545 8545 8545 8545 29
20190704 903 8725 8725 8725 8725 74
20190704 904 8730 8730 8730 8730 2
20190704 906 8725 8725 8725 8725 2
20190704 907 8725 8725 8725 8725 8
20190704 908 8725 8725 8725 8725 30
20190704 911 8730 8730 8725 8725 2
20190704 914 8730 8730 8730 8730 11
20190704 915 8730 8730 8730 8730 2
20190704 919 8730 8730 8600 8600 40
20190704 923 8700 8700 8700 8700 7
20190704 924 8705 8705 8705 8705 2
20190704 928 8700 8700 8700 8700 1
20190704 932 8700 8700 8700 8700 100
20190704 936 8700 8700 8700 8700 300
20190704 937 8700 8700 8700 8700 300
20190704 938 8700 8700 8700 8700 10
20190704 945 8700 8700 8700 8700 1
20190704 947 8705 8705 8705 8705 1
20190704 950 8705 8705 8705 8705 1
20190704 951 8710 8715 8710 8715 11
20190704 959 8700 8700 8700 8700 98
20190704 1000 8700 8700 8700 8700 1
20190704 1005 8700 8700 8700 8700 1
20190704 1006 8700 8700 8700 8700 1
20190704 1007 8700 8700 8700 8700 1
20190704 1010 8700 8700 8700 8700 18
20190704 1013 8700 8700 8700 8700 5
20190704 1020 8700 8700 8700 8700 2
20190704 1025 8700 8700 8700 8700 2
20190704 1027 8700 8700 8700 8700 4
20190704 1030 8700 8700 8700 8700 36
20190704 1032 8700 8700 8700 8700 31
20190704 1034 8700 8700 8700 8700 69
20190704 1039 8695 8695 8695 8695 3
20190704 1043 8695 8695 8695 8695 3
20190704 1044 8700 8700 8695 8695 29
20190704 1045 8695 8700 8695 8700 280
20190704 1048 8700 8700 8695 8695 12
20190704 1102 8700 8700 8700 8700 2
20190704 1104 8700 8700 8700 8700 5
20190704 1106 8690 8690 8690 8690 354
20190704 1112 8690 8690 8690 8690 50
20190704 1113 8690 8690 8690 8690 3
20190704 1114 8690 8690 8690 8690 58
20190704 1217 8675 8675 8675 8675 1
20190704 1221 8670 8670 8670 8670 50
20190704 1224 8680 8680 8680 8680 20
20190704 1301 8680 8680 8680 8680 27
20190704 1302 8685 8690 8685 8690 13
20190704 1313 8690 8690 8690 8690 19
20190704 1331 8695 8695 8695 8695 12
20190704 1346 8695 8695 8695 8695 27
20190704 1358 8685 8685 8685 8685 1
20190704 1418 8690 8690 8690 8690 11
20190704 1419 8690 8690 8690 8690 60
20190704 1425 8695 8695 8695 8695 1
20190704 1441 8695 8695 8695 8695 1
20190704 1443 8695 8695 8695 8695 21
20190704 1449 8700 8700 8700 8700 1
20190704 1515 8700 8700 8700 8700 100
20190704 1520 8700 8700 8700 8700 1
20190704 1530 8690 8690 8690 8690 195
20190705 931 8700 8700 8700 8700 11
20190705 947 8690 8690 8690 8690 1
20190705 1007 8695 8695 8695 8695 2
20190705 1008 8700 8700 8700 8700 8
20190705 1009 8700 8715 8700 8715 15
20190705 1011 8715 8715 8715 8715 2
20190705 1041 8690 8715 8690 8715 2
20190705 1056 8700 8700 8700 8700 43
20190705 1103 8700 8700 8700 8700 1
20190705 1110 8700 8700 8700 8700 24
20190705 1120 8700 8700 8700 8700 22
20190705 1126 8700 8700 8700 8700 329
20190705 1129 8705 8705 8705 8705 1381
20190705 1154 8705 8705 8705 8705 1
20190705 1159 8700 8700 8700 8700 12
20190705 1226 8690 8690 8690 8690 1
20190705 1229 8690 8690 8690 8690 1
20190705 1247 8685 8685 8685 8685 1
20190705 1320 8685 8685 8685 8685 1
20190705 1417 8685 8685 8680 8680 2
20190705 1511 8685 8685 8685 8685 14
20190705 1518 8690 8720 8690 8720 550
20190705 1530 8720 8720 8720 8720 1
20190708 901 8600 8600 8600 8600 2
20190708 946 8615 8615 8615 8615 1
20190708 948 8610 8610 8580 8580 199
20190708 957 8585 8585 8585 8585 1
20190708 1052 8600 8600 8585 8585 5
20190708 1206 8610 8640 8610 8640 22
20190708 1231 8590 8590 8590 8590 1
20190708 1251 8595 8595 8585 8585 40
20190708 1303 8585 8585 8585 8585 1
20190708 1309 8585 8585 8585 8585 14
20190708 1333 8585 8585 8585 8585 2
20190708 1424 8585 8585 8585 8585 11
20190708 1432 8600 8640 8600 8640 3500
20190708 1435 8585 8585 8585 8585 145
20190708 1436 8585 8585 8585 8585 20
20190708 1453 8585 8585 8585 8585 100
20190708 1519 8585 8585 8585 8585 85
20190708 1530 8590 8590 8590 8590 88
20190709 925 8565 8565 8565 8565 1
20190709 941 8590 8590 8590 8590 200
20190709 1223 8575 8575 8565 8565 30
20190709 1231 8565 8565 8565 8565 10
20190709 1244 8580 8580 8580 8580 1
20190709 1457 8570 8570 8565 8565 200
20190709 1459 8575 8575 8575 8575 30
20190709 1530 8575 8575 8575 8575 1
20190710 901 8650 8650 8650 8650 6
20190710 933 8550 8550 8545 8545 1300
20190710 958 8555 8555 8555 8555 1000
20190710 1026 8560 8560 8560 8560 479
20190710 1101 8615 8615 8615 8615 1
20190710 1105 8610 8610 8610 8610 200
20190710 1110 8605 8605 8605 8605 1
20190710 1127 8605 8605 8605 8605 5
20190710 1145 8605 8605 8605 8605 23
20190710 1225 8605 8605 8605 8605 30
20190710 1239 8580 8580 8580 8580 20
20190710 1243 8605 8605 8605 8605 5
20190710 1515 8580 8580 8580 8580 30
20190710 1530 8535 8535 8535 8535 143
20190711 901 8600 8600 8600 8600 6
20190711 930 8570 8570 8570 8570 5
20190711 946 8530 8530 8520 8520 1104
20190711 1108 8570 8570 8570 8570 2
20190711 1115 8570 8570 8570 8570 53
20190711 1127 8570 8570 8570 8570 193
20190711 1207 8570 8570 8570 8570 11
20190711 1259 8570 8570 8570 8570 11
20190711 1440 8570 8570 8570 8570 60
20190711 1441 8570 8570 8570 8570 20
20190711 1506 8570 8575 8570 8575 139
20190712 951 8545 8545 8545 8545 11
20190712 953 8505 8505 8490 8490 25
20190712 955 8465 8465 8465 8465 194
20190712 1019 8570 8570 8570 8570 10
20190712 1050 8570 8570 8570 8570 1
20190712 1121 8570 8570 8570 8570 20
20190712 1234 8560 8570 8560 8570 2
20190712 1237 8570 8570 8570 8570 1
20190712 1451 8510 8510 8510 8510 21
20190712 1530 8570 8570 8570 8570 1
20190715 919 8530 8530 8530 8530 8
20190715 944 8470 8470 8470 8470 10
20190715 1001 8470 8470 8470 8470 72
20190715 1002 8470 8470 8470 8470 1
20190715 1003 8465 8465 8465 8465 6
20190715 1006 8460 8460 8460 8460 36
20190715 1141 8470 8470 8470 8470 12
20190715 1211 8560 8560 8560 8560 1
20190715 1230 8510 8510 8510 8510 20
20190715 1232 8560 8560 8560 8560 16
20190715 1237 8560 8560 8560 8560 13
20190715 1238 8495 8495 8495 8495 21
20190715 1351 8500 8500 8490 8490 1139
20190715 1530 8550 8550 8550 8550 43
20190716 901 8550 8550 8550 8550 2
20190716 941 8540 8540 8540 8540 100
20190716 952 8540 8540 8540 8540 57
20190716 1005 8535 8535 8535 8535 2
20190716 1007 8535 8535 8535 8535 500
20190716 1028 8535 8535 8535 8535 1
20190716 1054 8525 8525 8525 8525 1
20190716 1146 8525 8525 8525 8525 200
20190716 1232 8525 8525 8525 8525 21
20190716 1247 8525 8525 8525 8525 11
20190716 1417 8510 8510 8510 8510 1
20190716 1424 8525 8525 8525 8525 45
20190716 1530 8525 8525 8525 8525 40
20190717 901 8500 8500 8500 8500 4
20190717 903 8550 8550 8550 8550 5
20190717 918 8540 8540 8540 8540 200
20190717 932 8535 8535 8535 8535 5
20190717 1034 8525 8525 8525 8525 5
20190717 1049 8540 8540 8540 8540 30
20190717 1109 8540 8540 8540 8540 10
20190717 1112 8540 8540 8540 8540 5
20190717 1113 8545 8545 8545 8545 69
20190717 1121 8550 8550 8550 8550 150
20190717 1127 8545 8545 8545 8545 57
20190717 1130 8545 8545 8545 8545 20
20190717 1220 8545 8545 8545 8545 253
20190717 1232 8545 8545 8545 8545 45
20190717 1238 8560 8560 8560 8560 6
20190717 1242 8540 8540 8540 8540 20
20190717 1243 8560 8560 8545 8545 2
20190717 1325 8540 8540 8540 8540 1
20190717 1425 8540 8540 8540 8540 1
20190717 1427 8540 8540 8540 8540 1
20190717 1518 8560 8560 8560 8560 1
20190717 1519 8560 8560 8560 8560 11
20190717 1530 8560 8560 8560 8560 5
20190718 901 8560 8560 8560 8560 1
20190718 908 8435 8435 8400 8400 3
20190718 1015 8410 8410 8400 8400 62
20190718 1016 8390 8390 8390 8390 101
20190718 1021 8440 8440 8440 8440 5
20190718 1023 8440 8440 8440 8440 1
20190718 1200 8420 8420 8420 8420 3
20190718 1241 8410 8410 8390 8390 96
20190718 1248 8390 8390 8390 8390 20
20190718 1300 8390 8390 8390 8390 10
20190718 1326 8390 8390 8390 8390 50
20190718 1332 8390 8390 8390 8390 1
20190718 1337 8390 8390 8390 8390 10
20190718 1346 8390 8390 8390 8390 1
20190718 1421 8390 8390 8390 8390 1
20190718 1446 8390 8390 8390 8390 9
20190718 1530 8400 8400 8400 8400 23
20190719 1003 8495 8495 8495 8495 1
20190719 1101 8465 8465 8465 8465 1
20190719 1128 8465 8465 8465 8465 1
20190719 1129 8465 8465 8460 8460 4546
20190719 1222 8485 8485 8485 8485 1
20190719 1248 8485 8485 8485 8485 1
20190719 1302 8480 8480 8480 8480 40
20190719 1321 8475 8475 8475 8475 5
20190719 1334 8475 8475 8475 8475 150
20190719 1340 8475 8475 8475 8475 11
20190719 1346 8485 8485 8485 8485 1
20190719 1351 8485 8485 8485 8485 3
20190719 1422 8480 8480 8480 8480 1
20190719 1513 8480 8480 8480 8480 3
20190719 1530 8455 8455 8455 8455 126
20190722 901 8455 8455 8455 8455 1
20190722 908 8445 8445 8445 8445 6
20190722 947 8430 8430 8430 8430 1
20190722 1009 8430 8430 8430 8430 1
20190722 1119 8430 8430 8430 8430 3
20190722 1249 8410 8410 8410 8410 2
20190722 1250 8410 8410 8410 8410 1
20190722 1403 8410 8410 8410 8410 1
20190722 1440 8410 8410 8410 8410 15
20190722 1530 8410 8410 8410 8410 1
20190723 901 8250 8250 8250 8250 30
20190723 903 8350 8350 8350 8350 1
20190723 906 8410 8410 8410 8410 34
20190723 916 8435 8435 8435 8435 3
20190723 932 8470 8470 8470 8470 25
20190723 1003 8470 8470 8470 8470 2
20190723 1100 8495 8495 8495 8495 1
20190723 1135 8520 8520 8520 8520 50
20190723 1243 8500 8500 8500 8500 1
20190723 1313 8500 8500 8500 8500 25
20190723 1414 8500 8500 8500 8500 3
20190723 1501 8500 8520 8500 8520 15
20190723 1503 8520 8520 8520 8520 48
20190723 1504 8520 8520 8520 8520 50
20190723 1513 8520 8525 8520 8525 2
20190723 1530 8525 8525 8525 8525 1
20190724 901 8550 8550 8550 8550 1
20190724 903 8575 8610 8575 8610 67
20190724 905 8630 8630 8630 8630 1
20190724 906 8625 8625 8625 8625 11
20190724 908 8625 8625 8625 8625 1
20190724 910 8625 8625 8625 8625 50
20190724 912 8630 8630 8630 8630 11
20190724 921 8620 8640 8620 8640 13
20190724 923 8640 8640 8640 8640 6
20190724 924 8620 8620 8620 8620 1
20190724 927 8640 8640 8640 8640 2
20190724 1014 8630 8630 8630 8630 40
20190724 1022 8630 8630 8630 8630 5
20190724 1030 8625 8625 8625 8625 15
20190724 1039 8635 8635 8635 8635 149
20190724 1040 8640 8640 8640 8640 837
20190724 1041 8640 8640 8640 8640 100
20190724 1047 8645 8645 8645 8645 100
20190724 1052 8645 8645 8645 8645 100
20190724 1056 8645 8645 8645 8645 5
20190724 1104 8650 8650 8650 8650 463
20190724 1109 8645 8645 8645 8645 130
20190724 1115 8640 8650 8640 8650 2
20190724 1125 8640 8640 8640 8640 5
20190724 1128 8645 8645 8645 8645 24
20190724 1140 8645 8645 8645 8645 1
20190724 1141 8645 8645 8645 8645 3
20190724 1153 8645 8645 8645 8645 19
20190724 1201 8645 8645 8645 8645 1
20190724 1214 8645 8645 8645 8645 20
20190724 1236 8640 8640 8640 8640 44
20190724 1237 8650 8650 8650 8650 1
20190724 1357 8640 8640 8640 8640 1
20190724 1411 8640 8640 8640 8640 5
20190724 1417 8640 8640 8630 8630 3520
20190724 1512 8650 8650 8650 8650 1
20190724 1519 8650 8650 8650 8650 1
20190724 1520 8650 8650 8650 8650 1
20190724 1530 8650 8650 8650 8650 79
20190725 901 8690 8690 8690 8690 5
20190725 919 8680 8680 8680 8680 1
20190725 920 8675 8685 8675 8685 2
20190725 925 8685 8685 8685 8685 1
20190725 928 8675 8675 8675 8675 1
20190725 931 8685 8685 8685 8685 1
20190725 939 8685 8685 8685 8685 1
20190725 950 8685 8685 8680 8680 3
20190725 954 8685 8685 8685 8685 9
20190725 955 8685 8685 8685 8685 11
20190725 1015 8685 8685 8685 8685 13
20190725 1017 8690 8690 8690 8690 10
20190725 1029 8675 8675 8675 8675 20
20190725 1052 8675 8675 8675 8675 4
20190725 1114 8675 8675 8675 8675 695
20190725 1122 8680 8680 8680 8680 1
20190725 1146 8680 8680 8680 8680 3
20190725 1158 8680 8680 8680 8680 1
20190725 1159 8680 8680 8680 8680 10
20190725 1202 8685 8685 8685 8685 19
20190725 1203 8690 8690 8690 8690 41
20190725 1209 8690 8690 8690 8690 10
20190725 1238 8685 8685 8685 8685 1
20190725 1248 8680 8680 8680 8680 668
20190725 1249 8690 8690 8680 8680 2
20190725 1303 8685 8685 8685 8685 1
20190725 1304 8685 8685 8685 8685 4
20190725 1337 8690 8690 8690 8690 3
20190725 1350 8680 8690 8680 8690 2
20190725 1413 8685 8685 8685 8685 2
20190725 1416 8690 8690 8690 8690 87
20190725 1427 8690 8690 8690 8690 10
20190725 1454 8685 8690 8685 8690 103
20190725 1458 8695 8695 8695 8695 22
20190725 1459 8700 8700 8700 8700 116
20190725 1502 8705 8705 8705 8705 11
20190725 1503 8710 8710 8710 8710 11
20190725 1513 8705 8705 8705 8705 1
20190725 1516 8705 8705 8705 8705 10
20190725 1530 8710 8710 8710 8710 1
20190726 907 8555 8555 8555 8555 5
20190726 908 8550 8550 8550 8550 1
20190726 910 8550 8550 8550 8550 1
20190726 912 8555 8555 8555 8555 1
20190726 917 8580 8580 8580 8580 1
20190726 919 8575 8575 8575 8575 1
20190726 925 8600 8600 8600 8600 1
20190726 926 8595 8595 8595 8595 1
20190726 927 8590 8590 8590 8590 1
20190726 940 8590 8595 8590 8595 5
20190726 1010 8595 8595 8595 8595 1
20190726 1046 8595 8595 8595 8595 1
20190726 1243 8570 8570 8570 8570 9
20190726 1254 8550 8550 8550 8550 4
20190726 1326 8570 8570 8570 8570 21
20190726 1402 8585 8585 8585 8585 5
20190726 1414 8585 8585 8585 8585 1
20190726 1530 8590 8590 8590 8590 202
20190729 957 8560 8560 8560 8560 9
20190729 1014 8560 8560 8560 8560 1
20190729 1043 8560 8560 8560 8560 5
20190729 1254 8560 8560 8560 8560 5
20190729 1414 8560 8560 8560 8560 1
20190729 1509 8560 8560 8560 8560 1
20190729 1530 8560 8560 8560 8560 39
20190730 923 8580 8580 8580 8580 1
20190730 929 8580 8580 8580 8580 8
20190730 936 8580 8580 8580 8580 5
20190730 945 8580 8580 8580 8580 50
20190730 958 8580 8580 8580 8580 10
20190730 1003 8580 8580 8580 8580 80
20190730 1048 8585 8585 8585 8585 1
20190730 1108 8590 8590 8590 8590 2
20190730 1113 8585 8585 8585 8585 11
20190730 1151 8595 8595 8595 8595 79
20190730 1228 8585 8595 8585 8595 14
20190730 1229 8595 8595 8595 8595 9
20190730 1516 8590 8590 8585 8585 11
20190730 1530 8585 8585 8585 8585 15
20190731 901 8585 8585 8310 8310 164
20190731 902 8360 8360 8355 8355 1413
20190731 903 8330 8330 8330 8330 1233
20190731 904 8335 8335 8335 8335 94
20190731 905 8335 8335 8335 8335 3
20190731 911 8335 8360 8330 8330 7
20190731 912 8310 8330 8310 8330 89
20190731 913 8330 8330 8325 8325 9
20190731 917 8320 8320 8300 8300 28
20190731 919 8310 8330 8310 8330 5
20190731 932 8330 8330 8330 8330 3
20190731 935 8330 8330 8330 8330 1
20190731 945 8310 8310 8280 8280 600
20190731 948 8285 8285 8280 8280 16
20190731 959 8280 8280 8280 8280 15
20190731 1000 8275 8275 8270 8270 1218
20190731 1001 8275 8275 8275 8275 9
20190731 1036 8290 8290 8290 8290 5
20190731 1156 8295 8295 8290 8290 5
20190731 1338 8305 8305 8305 8305 13
20190731 1358 8330 8330 8330 8330 1
20190731 1404 8330 8330 8330 8330 1
20190731 1452 8330 8330 8330 8330 1
20190731 1502 8325 8325 8325 8325 1
20190731 1507 8325 8325 8325 8325 12
20190731 1530 8270 8270 8270 8270 179
