날짜 시간 시가 고가 저가 종가 거래량
20191230 901 126500 126500 126000 126500 576
20191230 902 126000 126000 126000 126000 427
20191230 903 126000 126000 126000 126000 33
20191230 904 126000 126000 126000 126000 104
20191230 905 126000 126000 126000 126000 156
20191230 906 126000 126000 126000 126000 78
20191230 907 126000 126000 125500 125500 1737
20191230 908 125500 125500 125000 125000 685
20191230 909 125500 125500 125500 125500 252
20191230 910 125500 125500 125500 125500 39
20191230 911 125500 125500 125500 125500 18
20191230 912 125500 125500 125500 125500 184
20191230 913 125500 125500 125000 125000 313
20191230 914 125500 125500 125500 125500 131
20191230 915 126000 126000 126000 126000 1
20191230 916 126000 126000 125500 126000 159
20191230 917 126000 126000 126000 126000 11
20191230 918 126000 126000 126000 126000 3
20191230 919 126000 126500 125500 126500 402
20191230 920 126500 126500 126000 126000 98
20191230 921 126500 126500 126500 126500 60
20191230 922 126500 126500 126500 126500 89
20191230 923 126000 126500 126000 126500 43
20191230 924 126500 126500 126500 126500 1005
20191230 925 127000 127000 126500 127000 86
20191230 926 127000 127000 127000 127000 83
20191230 927 127000 127000 126500 126500 141
20191230 928 127000 127000 127000 127000 270
20191230 929 127000 127000 127000 127000 74
20191230 930 127000 127000 127000 127000 106
20191230 931 126500 127000 126500 126500 101
20191230 932 127000 127000 127000 127000 83
20191230 933 126500 127000 126500 126500 172
20191230 934 127000 127000 126500 127000 117
20191230 935 127000 127000 127000 127000 49
20191230 936 126500 127000 126500 127000 108
20191230 937 126500 127000 126000 126000 3340
20191230 938 126500 126500 126000 126500 130
20191230 939 126500 126500 126000 126500 65
20191230 940 126500 126500 126000 126000 111
20191230 941 126500 126500 126000 126000 83
20191230 942 126500 126500 126500 126500 189
20191230 943 126500 126500 126500 126500 630
20191230 944 126500 127000 126500 127000 306
20191230 945 127000 127000 126500 126500 56
20191230 946 127000 127000 127000 127000 82
20191230 947 126500 127000 126500 126500 388
20191230 948 127000 127000 126500 126500 319
20191230 949 126500 127000 126500 127000 64
20191230 950 126500 127000 126500 127000 88
20191230 951 127000 127000 126500 126500 73
20191230 952 127000 127000 126500 127000 108
20191230 953 126500 127000 126500 127000 49
20191230 954 127000 127000 126500 127000 184
20191230 955 126500 127000 126500 127000 97
20191230 956 127000 127000 126500 127000 301
20191230 957 127000 127000 127000 127000 46
20191230 958 127000 127000 126500 127000 169
20191230 959 126500 127000 126500 127000 51
20191230 1000 127000 127000 126500 127000 111
20191230 1001 126500 127000 126500 126500 39
20191230 1002 126500 127000 126500 127000 22
20191230 1003 126500 127000 126500 127000 13
20191230 1004 126500 127000 126500 127000 5
20191230 1005 126500 127000 126500 126500 63
20191230 1006 126500 127000 126500 127000 2887
20191230 1007 127000 127000 126500 126500 10
20191230 1008 126500 126500 126500 126500 25
20191230 1009 127000 127000 126500 126500 134
20191230 1010 127000 127000 126500 126500 14
20191230 1011 126500 126500 126000 126000 31
20191230 1012 126500 126500 126000 126000 46
20191230 1013 126000 126500 126000 126000 23
20191230 1014 126000 126500 126000 126000 29
20191230 1015 126500 126500 126000 126500 35
20191230 1016 126000 126500 126000 126000 21
20191230 1017 126000 126500 126000 126500 22
20191230 1018 126500 126500 126000 126500 38
20191230 1019 126000 126500 126000 126500 17
20191230 1020 126000 126500 126000 126500 27
20191230 1021 126000 126500 126000 126500 129
20191230 1022 126500 126500 126000 126500 46
20191230 1023 126500 126500 126000 126500 9
20191230 1024 126500 126500 126000 126000 22
20191230 1025 126500 126500 126000 126500 113
20191230 1026 126500 126500 126000 126500 33
20191230 1027 126500 126500 126500 126500 1
20191230 1028 126500 126500 126000 126500 27
20191230 1029 126000 126500 126000 126500 84
20191230 1030 126000 126500 126000 126500 14
20191230 1031 126500 126500 126000 126000 72
20191230 1032 126500 126500 126000 126500 33
20191230 1033 126500 126500 126000 126000 37
20191230 1034 126000 126500 126000 126500 489
20191230 1035 126500 126500 126000 126500 50
20191230 1036 126000 126500 126000 126500 99
20191230 1037 126000 126500 126000 126500 21
20191230 1038 126500 126500 126000 126000 115
20191230 1039 126000 126500 126000 126500 38
20191230 1040 126000 126500 126000 126000 22
20191230 1041 126000 126500 126000 126000 38
20191230 1042 126000 126500 126000 126500 128
20191230 1043 126000 126500 126000 126000 21
20191230 1044 126500 126500 126000 126000 18
20191230 1045 126500 126500 126000 126500 117
20191230 1046 126000 126500 126000 126500 167
20191230 1047 126500 126500 126000 126500 36
20191230 1048 126500 126500 126000 126500 35
20191230 1049 126500 126500 126000 126500 37
20191230 1050 126000 126500 126000 126500 27
20191230 1051 126500 126500 126000 126500 8
20191230 1052 126500 126500 126000 126000 76
20191230 1053 126500 126500 126000 126500 65
20191230 1054 126500 126500 126000 126500 6
20191230 1055 126500 126500 126000 126500 19
20191230 1056 126000 126500 126000 126000 63
20191230 1057 126500 126500 126000 126000 309
20191230 1058 126000 126500 126000 126500 14
20191230 1059 126000 126500 126000 126000 87
20191230 1100 126500 126500 126000 126000 33
20191230 1101 126000 126500 126000 126500 163
20191230 1102 126000 126500 126000 126500 41
20191230 1103 126000 126500 126000 126000 62
20191230 1104 126500 126500 126000 126000 33
20191230 1105 126000 126500 126000 126500 158
20191230 1106 126000 126500 126000 126000 51
20191230 1107 126000 126500 126000 126500 61
20191230 1108 126500 126500 126000 126500 162
20191230 1109 126000 126500 126000 126000 35
20191230 1110 126500 126500 126000 126500 1700
20191230 1111 126500 126500 126000 126000 444
20191230 1112 126000 126500 126000 126000 70
20191230 1113 126500 126500 126000 126000 74
20191230 1114 126000 126500 126000 126500 26
20191230 1115 126000 126500 126000 126500 17
20191230 1116 126000 126500 126000 126000 16
20191230 1117 126000 126500 126000 126000 185
20191230 1118 126500 126500 126000 126000 18
20191230 1119 126000 126500 126000 126500 32
20191230 1120 126000 126500 126000 126500 69
20191230 1121 126000 126500 126000 126000 222
20191230 1122 126000 126500 126000 126500 74
20191230 1123 126000 126500 126000 126000 96
20191230 1124 126000 126500 126000 126500 27
20191230 1125 126500 126500 126000 126500 51
20191230 1126 126000 126500 126000 126000 44
20191230 1127 126000 126500 126000 126000 130
20191230 1128 126000 126500 126000 126000 75
20191230 1129 126500 126500 126000 126000 136
20191230 1130 126500 126500 126000 126000 239
20191230 1131 126000 126500 126000 126500 37
20191230 1132 126000 126500 126000 126000 16
20191230 1133 126000 126500 126000 126000 226
20191230 1134 126000 126500 126000 126000 54
20191230 1135 126500 126500 126000 126000 30
20191230 1136 126000 126500 126000 126500 47
20191230 1137 126000 126500 126000 126000 102
20191230 1138 126500 126500 126000 126000 37
20191230 1139 126000 126500 126000 126000 81
20191230 1140 126000 126500 126000 126000 67
20191230 1141 126000 126500 126000 126500 80
20191230 1142 126000 126500 126000 126000 27
20191230 1143 126000 126500 126000 126000 74
20191230 1144 126500 126500 126000 126000 54
20191230 1145 126000 126500 126000 126000 72
20191230 1146 126000 126500 126000 126000 445
20191230 1147 126000 126500 126000 126000 75
20191230 1148 126500 126500 126000 126500 74
20191230 1149 126500 126500 126000 126500 41
20191230 1150 126000 126500 126000 126000 70
20191230 1151 126000 126500 126000 126000 110
20191230 1152 126000 126500 126000 126000 49
20191230 1153 126000 126500 126000 126000 56
20191230 1154 126000 126500 126000 126000 103
20191230 1155 126000 126500 126000 126500 385
20191230 1156 126500 126500 126000 126000 27
20191230 1157 126000 126500 126000 126000 53
20191230 1158 126000 126500 126000 126000 79
20191230 1159 126000 126500 126000 126000 306
20191230 1200 126000 126500 126000 126000 83
20191230 1201 126000 126500 126000 126500 51
20191230 1202 126000 126500 126000 126500 70
20191230 1203 126000 126500 126000 126500 51
20191230 1204 126000 126500 126000 126500 77
20191230 1205 126000 126500 126000 126500 43
20191230 1206 126000 126500 126000 126000 45
20191230 1207 126000 126500 126000 126000 52
20191230 1208 126000 126500 126000 126000 85
20191230 1209 126500 126500 126000 126500 42
20191230 1210 126000 126500 126000 126000 119
20191230 1211 126000 126500 126000 126000 82
20191230 1212 126500 126500 126000 126000 28
20191230 1213 126000 126500 126000 126000 341
20191230 1214 126000 126500 126000 126000 43
20191230 1215 126000 126500 126000 126000 62
20191230 1216 126000 126500 126000 126000 47
20191230 1217 126000 126500 126000 126500 83
20191230 1218 126500 126500 126000 126000 58
20191230 1219 126000 126500 126000 126000 45
20191230 1220 126000 126500 126000 126000 120
20191230 1221 126000 126500 126000 126000 169
20191230 1222 126000 126500 126000 126000 72
20191230 1223 126000 126500 126000 126000 31
20191230 1224 126000 126500 126000 126000 35
20191230 1225 126000 126500 126000 126000 65
20191230 1226 126000 126500 126000 126000 55
20191230 1227 126000 126500 126000 126000 44
20191230 1228 126000 126500 126000 126500 89
20191230 1229 126000 126500 126000 126000 186
20191230 1230 126500 126500 126000 126000 73
20191230 1231 126000 126500 126000 126000 40
20191230 1232 126000 126500 126000 126000 59
20191230 1233 126000 126500 126000 126000 44
20191230 1234 126000 126500 126000 126000 95
20191230 1235 126000 126500 126000 126000 40
20191230 1236 126000 126500 126000 126000 57
20191230 1237 126000 126500 126000 126500 35
20191230 1238 126000 126500 126000 126000 82
20191230 1239 126000 126500 126000 126500 83
20191230 1240 126500 126500 126000 126000 348
20191230 1241 126000 126500 126000 126500 7500
20191230 1242 126500 127000 126000 126500 786
20191230 1243 127000 127000 126500 126500 29
20191230 1244 126500 127000 126500 126500 55
20191230 1245 126500 127000 126500 126500 42
20191230 1246 126500 127000 126500 126500 47
20191230 1247 126500 127000 126500 126500 33
20191230 1248 126500 127000 126500 127000 2145
20191230 1249 126500 127000 126500 127000 54
20191230 1250 126500 127000 126500 126500 83
20191230 1251 126500 127000 126500 126500 81
20191230 1252 126500 127000 126500 127000 48
20191230 1253 126500 127000 126500 126500 34
20191230 1254 127000 127000 126500 127000 97
20191230 1255 126500 127000 126500 126500 1064
20191230 1256 126500 127000 126500 127000 63
20191230 1257 127000 127000 126500 126500 94
20191230 1258 127000 127000 126500 126500 264
20191230 1259 126500 127000 126500 126500 53
20191230 1300 127000 127000 126500 126500 37
20191230 1301 127000 127000 126500 126500 32
20191230 1302 127000 127000 126500 126500 61
20191230 1303 127000 127000 126500 126500 34
20191230 1304 126500 127000 126500 127000 48
20191230 1305 127000 127000 126500 126500 34
20191230 1306 127000 127000 126500 127000 55
20191230 1307 127000 127000 126500 126500 35
20191230 1308 127000 127000 126500 126500 111
20191230 1309 126500 127000 126500 126500 61
20191230 1310 126500 127000 126500 126500 164
20191230 1311 126500 127000 126500 126500 110
20191230 1312 127000 127000 126500 126500 23
20191230 1313 126500 126500 126500 126500 32
20191230 1314 126500 127000 126500 126500 67
20191230 1315 126500 127000 126500 126500 22
20191230 1316 127000 127000 126500 126500 44
20191230 1317 127000 127000 126500 126500 30
20191230 1318 127000 127000 126500 126500 30
20191230 1319 126500 127000 126500 126500 44
20191230 1320 126500 127000 126500 126500 98
20191230 1321 126500 127000 126500 126500 528
20191230 1322 127000 127000 126500 126500 39
20191230 1323 127000 127000 126500 127000 96
20191230 1324 126500 127000 126500 126500 87
20191230 1325 126500 127000 126500 126500 17
20191230 1326 127000 127000 126500 126500 151
20191230 1327 126500 127000 126500 126500 51
20191230 1328 126500 127000 126500 126500 27
20191230 1329 126500 127000 126500 126500 38
20191230 1330 127000 127000 126500 126500 133
20191230 1331 126500 127000 126500 127000 51
20191230 1332 127000 127000 126500 126500 33
20191230 1333 127000 127000 126500 126500 47
20191230 1334 127000 127000 126500 126500 32
20191230 1335 126500 127000 126500 126500 353
20191230 1336 126500 127000 126500 126500 31
20191230 1337 126500 127000 126500 126500 61
20191230 1338 127000 127000 126500 126500 27
20191230 1339 126500 127000 126500 127000 72
20191230 1340 127000 127000 126500 126500 60
20191230 1341 126500 127000 126500 126500 25
20191230 1342 127000 127000 126500 127000 13
20191230 1343 127000 127000 126500 126500 46
20191230 1344 127000 127000 126500 126500 32
20191230 1345 126500 126500 126500 126500 1
20191230 1346 126500 127000 126500 126500 46
20191230 1347 126500 127000 126500 127000 56
20191230 1348 127000 127000 126500 126500 23
20191230 1349 127000 127000 126500 126500 23
20191230 1350 126500 127000 126500 126500 82
20191230 1351 126500 127000 126500 126500 40
20191230 1352 127000 127000 126500 126500 31
20191230 1353 126500 127000 126500 126500 29
20191230 1354 126500 127000 126500 126500 41
20191230 1355 126500 127000 126500 126500 89
20191230 1356 126500 127000 126500 126500 53
20191230 1357 126500 127000 126500 126500 145
20191230 1358 127000 127000 126500 126500 127
20191230 1359 126500 127000 126500 126500 261
20191230 1400 127000 127000 126500 126500 48
20191230 1401 126500 127000 126500 126500 45
20191230 1402 127000 127000 126500 126500 2036
20191230 1403 126500 127000 126500 127000 234
20191230 1404 127000 127000 126500 126500 50
20191230 1405 127000 127000 126500 126500 74
20191230 1406 127000 127000 126500 126500 26
20191230 1407 127000 127000 126500 127000 153
20191230 1408 127000 127000 126500 126500 115
20191230 1409 126500 127000 126500 126500 25
20191230 1410 127000 127000 126500 127000 116
20191230 1411 126500 127000 126500 126500 67
20191230 1412 127000 127000 126500 126500 30
20191230 1413 126500 127000 126500 127000 70
20191230 1414 127000 127000 126500 126500 1090
20191230 1415 126500 127000 126500 126500 49
20191230 1416 127000 127000 126500 126500 54
20191230 1417 126500 127000 126500 126500 75
20191230 1418 126500 127000 126500 126500 76
20191230 1419 127000 127000 126500 126500 69
20191230 1420 126500 127000 126500 126500 139
20191230 1421 126500 127000 126500 126500 90
20191230 1422 127000 127000 126500 126500 113
20191230 1423 127000 127000 126500 126500 65
20191230 1424 126500 127000 126500 126500 68
20191230 1425 127000 127000 126500 126500 144
20191230 1426 126500 127000 126500 126500 165
20191230 1427 126500 127000 126500 126500 53
20191230 1428 127000 127000 126500 126500 111
20191230 1429 126500 127000 126500 126500 58
20191230 1430 126500 127000 126500 126500 109
20191230 1431 126500 127000 126500 126500 60
20191230 1432 126500 127000 126500 126500 62
20191230 1433 126500 127000 126500 126500 88
20191230 1434 126500 127000 126500 126500 71
20191230 1435 126500 127000 126500 126500 256
20191230 1436 126500 127000 126500 126500 42
20191230 1437 126500 127000 126500 126500 359
20191230 1438 126500 127000 126500 126500 431
20191230 1439 126500 127000 126500 126500 2571
20191230 1440 126500 127000 126500 126500 281
20191230 1441 126500 127000 126500 126500 384
20191230 1442 126500 127000 126500 127000 407
20191230 1443 126500 127000 126500 126500 328
20191230 1444 127000 127000 126500 126500 272
20191230 1445 127000 127000 126500 127000 317
20191230 1446 126500 127000 126500 126500 217
20191230 1447 126500 127000 126500 127000 263
20191230 1448 126500 127000 126500 127000 325
20191230 1449 126500 127000 126500 126500 374
20191230 1450 126500 127000 126500 126500 247
20191230 1451 126500 127000 126500 127000 375
20191230 1452 126500 127000 126500 126500 436
20191230 1453 127000 127000 126500 126500 540
20191230 1454 127000 127000 126500 127000 410
20191230 1455 126500 127000 126500 126500 515
20191230 1456 126500 127000 126500 126500 437
20191230 1457 126500 127000 126500 127000 388
20191230 1458 126500 127000 126500 126500 529
20191230 1459 127000 127000 126500 127000 791
20191230 1500 126500 127000 126500 127000 215
20191230 1501 126500 127000 126500 126500 275
20191230 1502 126500 127000 126500 126500 58
20191230 1503 126500 127000 126500 126500 144
20191230 1504 126500 127000 126500 126500 77
20191230 1505 127000 127000 126500 126500 124
20191230 1506 126500 127000 126500 126500 111
20191230 1507 126500 127000 126500 127000 1644
20191230 1508 127000 127000 126500 126500 91
20191230 1509 127000 127000 126500 127000 137
20191230 1510 126500 127000 126500 126500 150
20191230 1511 127000 127000 126500 126500 472
20191230 1512 126500 127000 126500 127000 163
20191230 1513 126500 127000 126500 127000 561
20191230 1514 126500 127000 126500 126500 476
20191230 1515 126500 127000 126500 126500 565
20191230 1516 127000 127000 126500 126500 178
20191230 1517 126500 127000 126500 126500 1148
20191230 1518 127000 127000 126500 126500 74
20191230 1519 126500 127000 126500 127000 1494
20191230 1520 126500 127000 126500 127000 6672
20191230 1530 126500 126500 126500 126500 14911
20200102 1001 127500 127500 127000 127000 868
20200102 1002 127000 127500 127000 127000 77
20200102 1003 127500 127500 127000 127000 74
20200102 1004 127000 127500 127000 127500 9
20200102 1005 127000 127500 127000 127000 2523
20200102 1006 127500 127500 126500 126500 156
20200102 1007 126500 127000 126500 127000 349
20200102 1008 126500 127000 126500 126500 174
20200102 1009 126500 127000 126500 126500 1331
20200102 1010 126500 127000 126500 127000 534
20200102 1011 126500 127000 126500 127000 11
20200102 1012 127000 127000 126500 126500 58
20200102 1013 126500 127000 126500 127000 59
20200102 1014 127000 127000 126500 126500 35
20200102 1015 127000 127000 126500 126500 23
20200102 1016 127000 127000 126500 127000 78
20200102 1017 126500 127000 126500 127000 11
20200102 1018 126500 126500 126000 126500 3806
20200102 1019 126000 126500 126000 126500 170
20200102 1020 126000 126500 126000 126000 29
20200102 1021 126000 126500 126000 126000 183
20200102 1022 126000 126500 126000 126000 133
20200102 1023 126000 126500 126000 126000 48
20200102 1024 126500 126500 126000 126500 141
20200102 1025 126500 126500 126000 126000 78
20200102 1026 126000 126500 126000 126500 23
20200102 1027 126500 126500 126000 126000 590
20200102 1028 126500 126500 126000 126000 62
20200102 1029 126500 126500 126000 126000 2879
20200102 1030 125500 126000 125500 126000 175
20200102 1031 126000 126000 125500 126000 116
20200102 1032 126000 126000 125500 126000 18
20200102 1033 125500 126000 125500 125500 58
20200102 1034 125500 126000 125500 126000 82
20200102 1035 126000 126000 125500 126000 30
20200102 1036 125500 126000 125500 125500 62
20200102 1037 125500 126000 125500 125500 119
20200102 1038 126000 126000 125500 125500 73
20200102 1039 125500 126000 125500 126000 18
20200102 1040 125500 126000 125500 125500 69
20200102 1041 126000 126000 125500 126000 22
20200102 1042 125500 126000 125500 126000 50
20200102 1043 126000 126000 125500 125500 137
20200102 1044 126000 126000 125500 126000 84
20200102 1045 126000 126000 125500 126000 260
20200102 1046 126000 126000 125500 126000 74
20200102 1047 126000 126000 125500 126000 37
20200102 1048 125500 126000 125500 126000 29
20200102 1049 126000 126000 125500 125500 75
20200102 1050 126000 126000 125500 126000 15
20200102 1051 126000 126000 125500 126000 183
20200102 1052 126000 126000 125500 125500 35
20200102 1053 125500 126000 125500 126000 190
20200102 1054 125500 126000 125500 126000 114
20200102 1055 125500 126000 125500 125500 15
20200102 1056 126000 126000 125500 126000 30
20200102 1057 126000 126000 125500 126000 69
20200102 1058 126000 126000 125500 126000 18
20200102 1059 126000 126000 125500 125500 1065
20200102 1100 126000 126000 125500 125500 269
20200102 1101 126000 126000 125500 126000 62
20200102 1102 126000 126000 125500 125500 227
20200102 1103 126000 126000 125500 125500 137
20200102 1104 126000 126000 125500 126000 34
20200102 1105 126000 126000 125500 126000 65
20200102 1106 125500 126000 125500 125500 71
20200102 1107 126000 126000 125500 126000 90
20200102 1108 126000 126000 125500 126000 12
20200102 1109 126000 126000 125500 126000 108
20200102 1110 125500 126000 125500 125500 122
20200102 1111 126000 126000 125500 126000 273
20200102 1112 125500 126000 125500 125500 107
20200102 1113 126000 126000 125500 125500 51
20200102 1114 125500 126000 125500 125500 48
20200102 1115 125500 126000 125500 126000 87
20200102 1116 125500 126000 125500 125500 91
20200102 1117 126000 126000 125500 126000 68
20200102 1118 126000 126000 125500 125500 101
20200102 1119 126000 126000 125500 125500 72
20200102 1120 126000 126000 125500 126000 55
20200102 1121 126000 126000 125500 126000 66
20200102 1122 126000 126000 125500 126000 46
20200102 1123 126000 126000 125500 126000 81
20200102 1124 126000 126000 125500 126000 86
20200102 1125 126000 126000 125500 125500 38
20200102 1126 126000 126000 125500 126000 57
20200102 1127 126000 126000 125500 126000 285
20200102 1128 126000 126000 125500 126000 47
20200102 1129 126000 126000 125500 125500 23
20200102 1130 126000 126000 125500 125500 121
20200102 1131 126000 126000 125500 125500 78
20200102 1132 126000 126000 125500 125500 92
20200102 1133 125500 126000 125500 126000 20
20200102 1134 126000 126000 125500 126000 48
20200102 1135 126000 126000 125500 126000 143
20200102 1136 125500 126000 125500 126000 139
20200102 1137 126000 126000 125500 125500 49
20200102 1138 126000 126000 125500 126000 58
20200102 1139 126000 126000 125500 126000 96
20200102 1140 125500 126000 125500 126000 57
20200102 1141 126000 126000 125500 126000 120
20200102 1142 126000 126000 125500 126000 68
20200102 1143 125500 126000 125500 125500 54
20200102 1144 126000 126000 125500 126000 150
20200102 1145 125500 126000 125500 126000 134
20200102 1146 125500 126000 125500 126000 33
20200102 1147 125500 126000 125500 126000 171
20200102 1148 125500 126000 125500 126000 62
20200102 1149 126000 126000 125500 126000 59
20200102 1150 126000 126000 125500 126000 79
20200102 1151 126000 126000 125500 125500 116
20200102 1152 126000 126000 125500 126000 393
20200102 1153 125500 126000 125500 126000 81
20200102 1154 125500 126000 125500 126000 183
20200102 1155 126000 126000 125500 126000 65
20200102 1156 126000 126000 125500 126000 112
20200102 1157 125500 126000 125500 125500 39
20200102 1158 126000 126000 125500 126000 86
20200102 1159 125500 126000 125500 126000 93
20200102 1200 126000 126000 125500 126000 30
20200102 1201 126000 126000 125500 126000 42
20200102 1202 126000 126000 125500 126000 115
20200102 1203 126000 126000 125500 125500 31
20200102 1204 126000 126000 125500 126000 87
20200102 1205 126000 126000 125500 126000 57
20200102 1206 125500 126000 125500 126000 109
20200102 1207 126000 126000 125500 126000 21
20200102 1208 126000 126000 125500 126000 137
20200102 1209 125500 126000 125500 126000 20
20200102 1210 126000 126000 125500 125500 85
20200102 1211 126000 126000 125500 126000 61
20200102 1212 125500 126000 125500 125500 68
20200102 1213 125500 126000 125500 126000 257
20200102 1214 126000 126000 125500 126000 52
20200102 1215 126000 126000 125500 125500 44
20200102 1216 126000 126000 125500 126000 93
20200102 1217 125500 126000 125500 126000 73
20200102 1218 125500 126000 125500 126000 68
20200102 1219 126000 126000 126000 126000 66
20200102 1220 125500 126000 125500 126000 71
20200102 1221 126000 126000 125500 126000 25
20200102 1222 125500 126000 125500 126000 2119
20200102 1223 125500 126000 125500 125500 55
20200102 1224 125500 126000 125500 125500 1260
20200102 1225 126000 126000 125500 125500 128
20200102 1226 126000 126000 125500 125500 14
20200102 1227 126000 126000 125500 126000 58
20200102 1228 126000 126000 125500 125500 71
20200102 1229 125500 126000 125500 125500 100
20200102 1230 126000 126000 125500 126000 534
20200102 1231 126000 126000 125500 126000 1050
20200102 1232 126000 126000 125500 125500 56
20200102 1233 125500 126000 125500 126000 82
20200102 1234 125500 126000 125500 126000 55
20200102 1235 126000 126000 126000 126000 29
20200102 1236 125500 126000 125500 126000 10
20200102 1237 125500 126000 125500 126000 124
20200102 1238 126000 126000 125500 125500 11
20200102 1239 125500 126000 125500 125500 36
20200102 1240 125500 126000 125500 126000 186
20200102 1241 126000 126000 125500 126000 67
20200102 1242 126000 126000 125500 126000 40
20200102 1243 126000 126000 125500 126000 192
20200102 1244 126000 126000 125500 125500 24
20200102 1245 126000 126000 125500 125500 1090
20200102 1246 126000 126000 125500 126000 71
20200102 1247 126000 126000 126000 126000 34
20200102 1248 125500 126000 125500 125500 19
20200102 1249 126000 126000 125500 126000 108
20200102 1250 126000 126000 125500 126000 30
20200102 1251 126000 126000 125500 125500 141
20200102 1252 126000 126000 125500 126000 107
20200102 1253 125500 126000 125500 126000 60
20200102 1254 126000 126000 125500 126000 70
20200102 1255 126000 126000 125500 125500 91
20200102 1256 125500 126000 125500 125500 84
20200102 1257 126000 126000 125500 126000 82
20200102 1258 126000 126000 125500 125500 61
20200102 1259 126000 126000 125500 125500 122
20200102 1300 126000 126000 125500 126000 119
20200102 1301 126000 126000 125500 126000 52
20200102 1302 126000 126000 125500 126000 63
20200102 1303 125500 126000 125500 126000 90
20200102 1304 126000 126000 125500 126000 130
20200102 1305 126000 126000 125500 126000 52
20200102 1306 126000 126000 125500 126000 100
20200102 1307 126000 126000 125500 125500 113
20200102 1308 126000 126000 125500 125500 127
20200102 1309 125500 126000 125500 125500 67
20200102 1310 126000 126000 125500 126000 123
20200102 1311 125500 126000 125500 126000 238
20200102 1312 125500 126000 125500 126000 131
20200102 1313 126000 126000 125500 126000 62
20200102 1314 126000 126000 126000 126000 143
20200102 1315 126000 126000 125500 125500 119
20200102 1316 126000 126000 125500 125500 145
20200102 1317 126000 126000 125500 125500 50
20200102 1318 126000 126000 125500 126000 482
20200102 1319 126000 126000 125500 126000 112
20200102 1320 125500 126000 125500 126000 206
20200102 1321 126000 126000 125500 125500 123
20200102 1322 126000 126000 125500 126000 60
20200102 1323 126000 126000 125500 126000 92
20200102 1324 125500 126000 125500 126000 161
20200102 1325 126000 126000 125500 125500 280
20200102 1326 125500 126000 125500 125500 68
20200102 1327 125500 126000 125500 125500 168
20200102 1328 125500 126000 125500 126000 100
20200102 1329 126000 126000 125500 126000 18
20200102 1330 126000 126000 125500 125500 132
20200102 1331 126000 126000 125500 125500 88
20200102 1332 126000 126000 125500 125500 109
20200102 1333 125500 126000 125500 126000 75
20200102 1334 125500 126000 125500 126000 87
20200102 1335 126000 126000 125500 126000 149
20200102 1336 126000 126000 125500 126000 125
20200102 1337 125500 126000 125500 126000 56
20200102 1338 126000 126000 125500 126000 90
20200102 1339 126000 126000 125500 126000 159
20200102 1340 126000 126000 126000 126000 35
20200102 1341 126000 126000 125500 125500 125
20200102 1342 126000 126000 125500 126000 81
20200102 1343 126000 126000 125500 125500 134
20200102 1344 126000 126000 125500 126000 161
20200102 1345 126000 126000 125500 125500 120
20200102 1346 125500 126000 125500 126000 76
20200102 1347 125500 126000 125500 126000 169
20200102 1348 126000 126000 125500 125500 26
20200102 1349 126000 126000 125500 125500 100
20200102 1350 126000 126000 125500 125500 129
20200102 1351 126000 126000 125500 126000 104
20200102 1352 126000 126000 125500 125500 50
20200102 1353 126000 126000 125500 126000 139
20200102 1354 126000 126000 125500 125500 77
20200102 1355 125500 126000 125500 126000 115
20200102 1356 126000 126000 125500 126000 84
20200102 1357 125500 126000 125500 126000 101
20200102 1358 125500 126000 125500 125500 176
20200102 1359 126000 126000 125500 126000 244
20200102 1400 126000 126000 125500 125500 31
20200102 1401 126000 126000 125500 126000 102
20200102 1402 125500 126000 125500 125500 157
20200102 1403 126000 126000 125500 126000 97
20200102 1404 126000 126000 125500 125500 49
20200102 1405 125500 126000 125500 125500 104
20200102 1406 126000 126000 125500 126000 148
20200102 1407 125500 126000 125500 126000 316
20200102 1408 125500 126000 125500 125500 106
20200102 1409 125500 126000 125500 126000 167
20200102 1410 126000 126000 125500 126000 144
20200102 1411 126000 126000 125500 126000 200
20200102 1412 125500 126000 125500 126000 176
20200102 1413 125500 126000 125500 126000 84
20200102 1414 125500 126000 125500 126000 262
20200102 1415 125500 126000 125500 126000 257
20200102 1416 126000 126000 125500 125500 123
20200102 1417 126000 126000 125500 126000 137
20200102 1418 126000 126000 125500 126000 295
20200102 1419 125500 126000 125500 126000 501
20200102 1420 126000 126000 125500 125500 221
20200102 1421 126000 126000 125500 125500 106
20200102 1422 126000 126000 125500 125500 258
20200102 1423 126000 126000 125500 125500 105
20200102 1424 126000 126000 125500 125500 78
20200102 1425 125500 126000 125500 125500 150
20200102 1426 126000 126000 125500 126000 1342
20200102 1427 126000 126000 125500 125500 58
20200102 1428 125500 126000 125500 126000 140
20200102 1429 126000 126000 125500 125500 100
20200102 1430 125500 126000 125500 126000 80
20200102 1431 125500 126000 125500 125500 148
20200102 1432 126000 126000 125500 126000 87
20200102 1433 125500 126000 125500 126000 150
20200102 1434 125500 126000 125500 126000 137
20200102 1435 126000 126000 125500 125500 43
20200102 1436 126000 126000 125500 126000 84
20200102 1437 126000 126000 125500 126000 233
20200102 1438 125500 126000 125500 125500 104
20200102 1439 126000 126000 125500 126000 61
20200102 1440 126000 126000 125500 126000 1265
20200102 1441 126000 126000 125500 126000 179
20200102 1442 125500 126000 125500 126000 141
20200102 1443 126000 126000 125500 126000 121
20200102 1444 126000 126000 125500 126000 85
20200102 1445 125500 126000 125500 125500 165
20200102 1446 125500 126000 125500 126000 198
20200102 1447 126000 126000 125500 126000 90
20200102 1448 125500 126000 125500 125500 104
20200102 1449 125500 126000 125500 125500 1359
20200102 1450 125500 126000 125500 125500 49
20200102 1451 125500 126000 125500 125500 420
20200102 1452 126000 126000 125500 125500 263
20200102 1453 125500 126000 125500 126000 318
20200102 1454 125500 126000 125500 125500 65
20200102 1455 126000 126000 125500 125500 149
20200102 1456 125500 126000 125500 126000 128
20200102 1457 125500 126000 125500 125500 150
20200102 1458 126000 126000 125500 126000 100
20200102 1459 126000 126000 125500 125500 303
20200102 1500 126000 126000 125500 125500 150
20200102 1501 126000 126000 125500 126000 194
20200102 1502 125500 126000 125500 126000 37
20200102 1503 125500 126000 125500 125500 95
20200102 1504 125500 126000 125500 126000 123
20200102 1505 126000 126000 125500 125500 99
20200102 1506 126000 126000 125500 125500 62
20200102 1507 125500 126000 125500 125500 347
20200102 1508 125500 126000 125500 126000 102
20200102 1509 125500 126000 125500 126000 95
20200102 1510 126000 126000 125500 126000 191
20200102 1511 125500 126000 125500 126000 279
20200102 1512 126000 126000 125500 126000 1512
20200102 1513 126000 126000 125500 126000 517
20200102 1514 125500 126000 125500 125500 270
20200102 1515 125500 126000 125500 125500 222
20200102 1516 125500 126000 125500 125500 448
20200102 1517 126000 126000 125500 125500 332
20200102 1518 126000 126000 125500 125500 2268
20200102 1519 125500 126000 125500 125500 817
20200102 1520 126000 126000 125500 125500 5431
20200102 1530 125500 125500 125500 125500 18257
20200103 901 126500 126500 126000 126000 1038
20200103 902 126000 126500 126000 126500 321
20200103 903 126500 126500 126500 126500 13
20200103 904 126500 127000 126000 127000 2106
20200103 905 127000 127000 126500 126500 457
20200103 906 126500 127000 126500 127000 107
20200103 907 127000 127000 127000 127000 126
20200103 908 126500 128500 126500 128500 13355
20200103 909 128500 128500 128000 128500 8896
20200103 910 128500 128500 128000 128500 195
20200103 911 128500 128500 127500 128000 2108
20200103 912 127500 128000 127500 128000 61
20200103 913 127500 128000 127500 128000 26
20200103 914 128000 128000 128000 128000 44
20200103 915 128000 128000 127500 128000 53
20200103 916 128000 128500 128000 128500 5888
20200103 917 128500 129000 128500 129000 4201
20200103 918 129000 129000 128000 128000 3058
20200103 919 128000 128500 128000 128500 75
20200103 920 128500 128500 128000 128000 1721
20200103 921 128000 128000 128000 128000 51
20200103 922 128000 128000 128000 128000 17
20200103 923 128000 128000 127500 128000 374
20200103 924 128000 128500 128000 128000 2905
20200103 925 128000 128500 128000 128500 200
20200103 926 128500 128500 128000 128000 729
20200103 927 128500 128500 128000 128500 36
20200103 928 128500 128500 128500 128500 49
20200103 929 128000 128000 127500 128000 828
20200103 930 128000 128000 127500 128000 33
20200103 931 128000 128000 127500 127500 79
20200103 932 128000 128000 127500 127500 136
20200103 933 128000 128000 127500 128000 322
20200103 934 128000 128000 127500 128000 130
20200103 935 128000 128000 128000 128000 138
20200103 936 128000 128500 127500 128500 4779
20200103 937 128500 128500 128000 128500 131
20200103 938 128500 128500 128500 128500 145
20200103 939 128500 128500 128000 128500 153
20200103 940 128500 129000 128500 129000 5445
20200103 941 129000 129000 128500 129000 178
20200103 942 129000 129000 128500 129000 121
20200103 943 129000 129000 128500 128500 375
20200103 944 129000 129000 128500 129000 232
20200103 945 129000 129000 128500 129000 281
20200103 946 129000 129000 128500 129000 317
20200103 947 129000 129000 128500 129000 467
20200103 948 129000 129000 129000 129000 331
20200103 949 129000 129000 128500 129000 717
20200103 950 129000 129000 129000 129000 308
20200103 951 129000 129000 128500 129000 188
20200103 952 129000 129000 128500 128500 756
20200103 953 129000 129000 128500 129000 1020
20200103 954 129000 129000 128500 128500 479
20200103 955 128500 129000 128500 129000 1095
20200103 956 128500 129000 128500 129000 1270
20200103 957 129000 129000 128500 129000 358
20200103 958 129000 129000 128500 129000 408
20200103 959 129000 129000 128500 129000 316
20200103 1000 129000 129000 128500 128500 732
20200103 1001 129000 129000 128500 129000 333
20200103 1002 129000 129000 128500 129000 403
20200103 1003 129000 129000 128500 129000 375
20200103 1004 129000 129000 129000 129000 291
20200103 1005 129000 129000 128500 129000 402
20200103 1006 128500 129000 128500 129000 175
20200103 1007 129000 129000 129000 129000 187
20200103 1008 129000 129000 129000 129000 283
20200103 1009 129000 129500 128500 129500 23489
20200103 1010 129500 129500 129000 129000 278
20200103 1011 129500 129500 129000 129500 235
20200103 1012 129500 129500 129500 129500 692
20200103 1013 129500 130000 129500 130000 12404
20200103 1014 129500 130000 129500 130000 2764
20200103 1015 130000 130000 129500 130000 999
20200103 1016 130000 130000 129500 130000 3009
20200103 1017 130000 130000 129500 130000 1524
20200103 1018 130000 130000 129500 130000 1635
20200103 1019 130000 131000 130000 130500 32749
20200103 1020 131000 131000 130500 131000 1346
20200103 1021 131000 131000 130500 131000 1091
20200103 1022 131000 131000 130500 131000 1499
20200103 1023 131000 131000 130500 130500 7441
20200103 1024 130500 130500 130000 130500 418
20200103 1025 130500 130500 130000 130500 166
20200103 1026 130500 130500 130000 130500 706
20200103 1027 130500 130500 130000 130000 341
20200103 1028 130500 130500 130000 130500 592
20200103 1029 130500 130500 130000 130500 304
20200103 1030 130000 130500 130000 130500 1657
20200103 1031 130500 130500 130000 130500 401
20200103 1032 130000 130500 130000 130500 937
20200103 1033 130500 130500 130000 130500 136
20200103 1034 130500 130500 130000 130500 336
20200103 1035 130000 130500 130000 130500 858
20200103 1036 130500 130500 130000 130500 175
20200103 1037 130500 130500 130000 130500 364
20200103 1038 130500 130500 130000 130500 135
20200103 1039 130500 130500 130000 130500 681
20200103 1040 130500 130500 130000 130500 382
20200103 1041 130000 130500 130000 130500 747
20200103 1042 130500 130500 129500 129500 4823
20200103 1043 130000 130000 129500 130000 101
20200103 1044 130000 130000 130000 130000 279
20200103 1045 130000 130000 129500 130000 215
20200103 1046 130000 130000 129500 129500 271
20200103 1047 130000 130000 129500 129500 181
20200103 1048 130000 130000 129500 130000 362
20200103 1049 130000 130000 129500 129500 3941
20200103 1050 129500 129500 129000 129500 1905
20200103 1051 129500 129500 129500 129500 65
20200103 1052 129500 129500 129000 129500 343
20200103 1053 129500 130000 129500 129500 4442
20200103 1054 130000 130000 129500 130000 435
20200103 1055 130000 130000 129500 129500 3912
20200103 1056 129500 129500 129000 129500 109
20200103 1057 129500 129500 129000 129000 247
20200103 1058 129000 129500 129000 129000 398
20200103 1059 129500 129500 129000 129500 244
20200103 1100 129500 129500 129000 129500 182
20200103 1101 129500 129500 129000 129000 98
20200103 1102 129000 129500 129000 129500 290
20200103 1103 129500 129500 129000 129000 178
20200103 1104 129500 129500 129000 129500 181
20200103 1105 129500 129500 129000 129000 313
20200103 1106 129500 129500 129000 129000 127
20200103 1107 129500 129500 129000 129500 195
20200103 1108 129500 129500 129000 129500 214
20200103 1109 129500 129500 129000 129500 132
20200103 1110 129500 129500 129000 129000 174
20200103 1111 129000 129500 129000 129000 158
20200103 1112 129000 129500 129000 129000 218
20200103 1113 129500 129500 129000 129000 600
20200103 1114 129500 129500 129000 129000 2338
20200103 1115 129500 129500 129000 129000 5017
20200103 1116 129000 129500 128500 129000 1045
20200103 1117 129000 129000 128500 128500 160
20200103 1118 129000 129000 128500 129000 217
20200103 1119 128500 129000 128500 128500 276
20200103 1120 128500 129000 128500 129000 357
20200103 1121 129000 129000 128500 129000 370
20200103 1122 129000 129000 128500 129000 88
20200103 1123 129000 129000 128500 129000 257
20200103 1124 129000 129000 128500 128500 150
20200103 1125 129000 129000 128500 128500 93
20200103 1126 129000 129000 128500 128500 1149
20200103 1127 129000 129000 128500 129000 2550
20200103 1128 129000 129000 128500 128500 1321
20200103 1129 128500 129000 128500 129000 273
20200103 1130 129000 129000 128500 129000 272
20200103 1131 129000 129000 128500 129000 915
20200103 1132 129000 129000 128500 128500 402
20200103 1133 128500 129000 128000 128500 1701
20200103 1134 128500 128500 128000 128500 357
20200103 1135 128000 128500 128000 128500 1850
20200103 1136 128500 128500 128000 128500 460
20200103 1137 128500 128500 128000 128500 126
20200103 1138 128500 128500 128000 128500 188
20200103 1139 128500 128500 128000 128500 244
20200103 1140 128000 128500 128000 128500 356
20200103 1141 128500 128500 128000 128500 177
20200103 1142 128000 128500 128000 128500 240
20200103 1143 128500 128500 128000 128500 216
20200103 1144 128500 128500 128000 128500 209
20200103 1145 128500 128500 128000 128500 146
20200103 1146 128000 128500 128000 128000 145
20200103 1147 128500 128500 128000 128500 235
20200103 1148 128500 128500 128000 128500 125
20200103 1149 128500 128500 128000 128500 218
20200103 1150 128500 128500 128000 128500 177
20200103 1151 128500 128500 128000 128500 375
20200103 1152 128500 128500 128000 128500 227
20200103 1153 128000 128500 128000 128500 1179
20200103 1154 128500 128500 128000 128500 72
20200103 1155 128500 128500 128000 128500 223
20200103 1156 128500 128500 128000 128500 339
20200103 1157 128000 128500 128000 128500 3605
20200103 1158 128000 128500 128000 128500 431
20200103 1159 128500 128500 128000 128500 6454
20200103 1200 129000 129000 128500 129000 272
20200103 1201 129000 129000 128500 129000 106
20200103 1202 129000 129000 128500 128500 318
20200103 1203 129000 129000 128500 129000 230
20200103 1204 129000 129000 128500 129000 48
20200103 1205 128500 129000 128500 128500 362
20200103 1206 128500 129000 128500 129000 174
20200103 1207 129000 129000 128500 128500 124
20200103 1208 129000 129000 128500 128500 314
20200103 1209 129000 129000 128500 129000 208
20200103 1210 128500 129000 128500 129000 360
20200103 1211 129000 129000 128500 129000 179
20200103 1212 129000 129000 128500 129000 207
20200103 1213 129000 129000 128500 129000 266
20200103 1214 129000 129000 128500 129000 284
20200103 1215 129000 129000 128500 129000 230
20200103 1216 129000 129000 128500 129000 183
20200103 1217 129000 129000 128500 128500 221
20200103 1218 128500 129000 128500 129000 379
20200103 1219 129000 129000 128500 128500 209
20200103 1220 129000 129000 128500 129000 174
20200103 1221 129000 129000 128500 129000 433
20200103 1222 129000 129000 128500 129000 195
20200103 1223 128500 129000 128500 129000 437
20200103 1224 129000 129000 128500 129000 168
20200103 1225 128500 129000 128500 129000 169
20200103 1226 128500 129000 128500 129000 295
20200103 1227 128500 129000 128500 128500 194
20200103 1228 128500 129000 128500 128500 354
20200103 1229 129000 129000 128500 128500 415
20200103 1230 129000 129000 128500 128500 122
20200103 1231 129000 129000 128500 129000 352
20200103 1232 128500 129000 128500 128500 220
20200103 1233 129000 129000 128500 129000 236
20200103 1234 129000 129000 128500 128500 259
20200103 1235 129000 129000 128500 129000 293
20200103 1236 129000 129000 128500 129000 390
20200103 1237 129000 129000 128500 129000 429
20200103 1238 128500 129000 128500 129000 286
20200103 1239 129000 129000 128500 129000 423
20200103 1240 129000 129000 128500 129000 146
20200103 1241 129000 129000 128500 129000 236
20200103 1242 129000 129000 128500 129000 193
20200103 1243 129000 129000 128500 129000 295
20200103 1244 129000 129000 128500 128500 345
20200103 1245 128500 129000 128500 129000 145
20200103 1246 128500 129000 128500 129000 754
20200103 1247 129000 129000 128500 128500 211
20200103 1248 129000 129000 128500 129000 141
20200103 1249 129000 129000 128500 129000 152
20200103 1250 129000 129000 128500 128500 290
20200103 1251 128500 129000 128500 129000 142
20200103 1252 129000 129000 128500 129000 247
20200103 1253 129000 129000 128500 128500 150
20200103 1254 128500 129000 128500 129000 194
20200103 1255 129000 129000 128500 128500 281
20200103 1256 129000 129000 128500 129000 189
20200103 1257 129000 129000 128500 129000 204
20200103 1258 129000 129000 128500 129000 207
20200103 1259 129000 129000 128500 128500 249
20200103 1300 129000 129000 128500 129000 173
20200103 1301 128500 129000 128500 129000 308
20200103 1302 129000 129000 128500 128500 692
20200103 1303 128500 129000 128500 129000 285
20200103 1304 129000 129000 128500 129000 101
20200103 1305 129000 129000 128500 128500 292
20200103 1306 129000 129000 128500 128500 1660
20200103 1307 128500 129000 128500 129000 78
20200103 1308 129000 129000 128500 128500 658
20200103 1309 129000 129000 128500 129000 185
20200103 1310 129000 129000 128500 128500 402
20200103 1311 129000 129000 128500 128500 250
20200103 1312 129000 129000 128500 129000 513
20200103 1313 129000 129000 128500 129000 229
20200103 1314 129000 129000 128500 128500 435
20200103 1315 129000 129000 128500 129000 322
20200103 1316 129000 129000 128500 129000 243
20200103 1317 129000 129000 128500 128500 287
20200103 1318 128500 129000 128500 129000 327
20200103 1319 129000 129000 128500 128500 246
20200103 1320 128500 129000 128500 128500 327
20200103 1321 129000 129000 128500 129000 328
20200103 1322 129000 129000 128500 129000 109
20200103 1323 129000 129000 128500 129000 313
20200103 1324 128500 129000 128500 129000 372
20200103 1325 129000 129000 128500 129000 131
20200103 1326 129000 129000 128500 129000 530
20200103 1327 128500 129000 128500 128500 224
20200103 1328 128500 129000 128500 129000 73
20200103 1329 129000 129000 128500 129000 238
20200103 1330 129000 129000 128500 129000 621
20200103 1331 129000 129000 128500 129000 530
20200103 1332 129000 129000 128500 129000 268
20200103 1333 129000 129000 128500 129000 133
20200103 1334 129000 129000 128500 129000 442
20200103 1335 129000 129000 128500 129000 157
20200103 1336 128500 129000 128500 129000 327
20200103 1337 129000 129000 128500 129000 327
20200103 1338 128500 129000 128500 129000 198
20200103 1339 128500 129000 128500 129000 376
20200103 1340 128500 129000 128500 129000 141
20200103 1341 129000 129000 128500 128500 469
20200103 1342 129000 129000 128500 128500 435
20200103 1343 129000 129000 128500 128500 284
20200103 1344 129000 129000 128500 129000 189
20200103 1345 129000 129000 128500 129000 316
20200103 1346 128500 129000 128500 129000 453
20200103 1347 128500 129000 128500 129000 256
20200103 1348 129000 129000 128500 129000 549
20200103 1349 129000 129000 128500 129000 120
20200103 1350 129000 129000 128500 128500 552
20200103 1351 128500 129000 128500 129000 238
20200103 1352 128500 129000 128500 128500 413
20200103 1353 128500 129000 128500 128500 232
20200103 1354 128500 129000 128500 128500 209
20200103 1355 129000 129000 128500 128500 189
20200103 1356 129000 129000 128500 128500 361
20200103 1357 129000 129000 128500 129000 217
20200103 1358 129000 129000 128500 129000 434
20200103 1359 129000 129000 128500 128500 235
20200103 1400 129000 129000 128500 129000 321
20200103 1401 128500 129000 128500 129000 188
20200103 1402 129000 129000 128500 129000 133
20200103 1403 129000 129000 128500 129000 426
20200103 1404 129000 129000 128500 129000 196
20200103 1405 129000 129000 128500 129000 178
20200103 1406 128500 129000 128500 129000 191
20200103 1407 128500 129000 128500 128500 398
20200103 1408 129000 129000 128500 129000 104
20200103 1409 129000 129000 128500 128500 917
20200103 1410 129000 129000 128500 129000 425
20200103 1411 128500 129000 128500 128500 206
20200103 1412 128500 129000 128500 129000 181
20200103 1413 129000 129000 128500 128500 412
20200103 1414 128500 129000 128500 129000 355
20200103 1415 129000 129000 128500 129000 406
20200103 1416 128500 129000 128500 129000 294
20200103 1417 129000 129000 128500 129000 258
20200103 1418 129000 129000 128500 128500 295
20200103 1419 129000 129000 128500 128500 329
20200103 1420 129000 129000 128500 128500 176
20200103 1421 129000 129000 128500 129000 187
20200103 1422 129000 129000 128500 129000 332
20200103 1423 129000 129000 128500 128500 416
20200103 1424 129000 129000 128500 129000 781
20200103 1425 129000 129000 128500 129000 132
20200103 1426 128500 129000 128500 128500 297
20200103 1427 129000 129000 128500 128500 269
20200103 1428 129000 129000 128500 128500 384
20200103 1429 129000 129000 128500 129000 208
20200103 1430 128500 129000 128500 128500 176
20200103 1431 128500 129000 128500 129000 169
20200103 1432 129000 129000 128500 129000 284
20200103 1433 129000 129000 128500 129000 236
20200103 1434 128500 129000 128500 129000 263
20200103 1435 129000 129000 128500 128500 189
20200103 1436 128500 129000 128500 129000 254
20200103 1437 129000 129000 128500 129000 269
20200103 1438 128500 129000 128500 129000 210
20200103 1439 129000 129000 128500 129000 197
20200103 1440 128500 129000 128500 129000 296
20200103 1441 128500 129000 128500 128500 462
20200103 1442 128500 129000 128500 129000 330
20200103 1443 128500 129000 128500 129000 155
20200103 1444 129000 129000 128500 129000 454
20200103 1445 129000 129000 128500 129000 282
20200103 1446 128500 129000 128500 129000 190
20200103 1447 129000 129000 128500 128500 610
20200103 1448 129000 129000 128500 129000 156
20200103 1449 129000 129000 128500 129000 504
20200103 1450 129000 129000 128500 129000 300
20200103 1451 129000 129000 128500 129000 696
20200103 1452 129000 129000 128500 129000 158
20200103 1453 129000 129000 128500 128500 277
20200103 1454 128500 129000 128500 129000 159
20200103 1455 129000 129000 128500 128500 411
20200103 1456 128500 129000 128500 129000 281
20200103 1457 129000 129000 128500 128500 240
20200103 1458 129000 129000 128500 129000 327
20200103 1459 129000 129000 128500 129000 160
20200103 1500 129000 129000 128500 129000 333
20200103 1501 129000 129000 128500 129000 415
20200103 1502 128500 129000 128500 128500 133
20200103 1503 129000 129000 128500 129000 2191
20200103 1504 129000 129000 128500 128500 124
20200103 1505 129000 129000 128500 129000 292
20200103 1506 129000 129000 128500 128500 317
20200103 1507 128500 129000 128500 129000 581
20200103 1508 128500 129000 128500 128500 160
20200103 1509 128500 129000 128500 129000 80
20200103 1510 129000 129000 128500 128500 243
20200103 1511 128500 129000 128500 129000 109
20200103 1512 128500 129000 128500 129000 350
20200103 1513 128500 129000 128500 129000 205
20200103 1514 128500 129000 128500 129000 428
20200103 1515 129000 129000 128500 129000 218
20200103 1516 128500 129000 128500 128500 781
20200103 1517 129000 129000 128500 129000 247
20200103 1518 129000 129000 128500 129000 587
20200103 1519 128500 129000 128500 129000 2535
20200103 1520 129000 129500 128500 129000 14090
20200103 1530 129500 129500 129500 129500 13944
20200106 901 129000 129000 127500 127500 4648
20200106 902 128000 128000 127500 128000 484
20200106 903 128000 128000 127500 128000 901
20200106 904 128000 128500 128000 128000 1058
20200106 905 128000 129500 128000 129000 1175
20200106 906 129000 129000 128000 128500 1947
20200106 907 128500 128500 128000 128500 795
20200106 908 128000 129000 128000 128500 242
20200106 909 128500 129000 128500 129000 158
20200106 910 128500 129000 128500 128500 81
20200106 911 129000 129000 128500 128500 93
20200106 912 129000 129000 128500 128500 52
20200106 913 128500 129000 128500 128500 115
20200106 914 129000 129000 128500 128500 242
20200106 915 128500 129000 128500 128500 278
20200106 916 128500 129000 128500 129000 175
20200106 917 128500 129000 128500 129000 99
20200106 918 128500 129000 128500 129000 123
20200106 919 128500 129000 128500 129000 87
20200106 920 128500 129500 128500 129500 7679
20200106 921 129000 129500 129000 129500 1129
20200106 922 129000 129500 129000 129000 156
20200106 923 129000 129500 129000 129000 456
20200106 924 129000 130000 129000 129500 3622
20200106 925 129500 130000 129500 129500 142
20200106 926 129500 130000 129500 129500 253
20200106 927 129500 130000 129500 130000 845
20200106 928 130000 130500 129500 130000 5354
20200106 929 130000 130000 129500 130000 5840
20200106 930 129500 130500 129500 130000 2057
20200106 931 129500 130000 129500 130000 1080
20200106 932 129500 130000 129500 130000 340
20200106 933 130000 130000 129500 130000 515
20200106 934 129500 130000 129500 129500 332
20200106 935 129500 130000 129500 129500 274
20200106 936 130000 130000 129500 130000 186
20200106 937 129500 130000 129500 129500 144
20200106 938 129500 130000 129500 130000 350
20200106 939 130000 130000 129500 130000 166
20200106 940 130000 130000 129500 130000 224
20200106 941 130000 130000 129500 129500 166
20200106 942 129500 130000 129500 129500 502
20200106 943 129500 130000 129500 129500 146
20200106 944 130000 130000 129500 129500 304
20200106 945 129500 130000 129500 129500 132
20200106 946 130000 130000 129500 129500 121
20200106 947 129500 130000 128500 129000 17056
20200106 948 128500 129000 128500 128500 75
20200106 949 129000 129000 128500 128500 159
20200106 950 128500 129000 128500 129000 192
20200106 951 128500 129000 128500 128500 531
20200106 952 128500 129000 128500 128500 117
20200106 953 128500 129000 128500 128500 81
20200106 954 128500 129000 128500 129000 118
20200106 955 128500 129000 128500 128500 357
20200106 956 128500 129000 128000 128000 4518
20200106 957 128500 128500 128000 128000 2243
20200106 958 128000 128500 128000 128000 264
20200106 959 128500 128500 128000 128000 114
20200106 1000 128000 128500 128000 128500 155
20200106 1001 128500 128500 128000 128000 192
20200106 1002 128500 128500 128000 128000 142
20200106 1003 128500 128500 128000 128000 78
20200106 1004 128500 128500 128000 128000 73
20200106 1005 128500 128500 128000 128500 96
20200106 1006 128500 128500 128000 128500 77
20200106 1007 128000 128500 128000 128000 87
20200106 1008 128500 128500 128000 128000 167
20200106 1009 128000 128500 128000 128500 28
20200106 1010 128000 128500 128000 128500 300
20200106 1011 128000 128000 128000 128000 10
20200106 1012 128500 128500 128000 128000 54
20200106 1013 128500 128500 128000 128500 65
20200106 1014 128500 128500 128000 128000 61
20200106 1015 128000 128500 128000 128500 3
20200106 1016 128000 128500 128000 128500 289
20200106 1017 128000 128500 128000 128000 98
20200106 1018 128500 128500 128000 128500 119
20200106 1019 128500 128500 128000 128500 258
20200106 1020 128000 128500 128000 128000 178
20200106 1021 128500 128500 128000 128000 80
20200106 1022 128000 128500 128000 128000 30
20200106 1023 128000 128500 128000 128500 53
20200106 1024 128000 128500 128000 128500 55
20200106 1025 128000 128500 128000 128500 40
20200106 1026 128000 128500 128000 128000 191
20200106 1027 128000 128500 128000 128500 35
20200106 1028 128000 128500 128000 128500 312
20200106 1029 128500 128500 128000 128500 60
20200106 1030 128500 128500 128000 128500 170
20200106 1031 128000 128500 128000 128500 3
20200106 1032 128000 128500 128000 128500 63
20200106 1033 128000 128500 128000 128500 27
20200106 1034 128000 128500 128000 128500 174
20200106 1035 128000 128500 128000 128000 81
20200106 1036 128500 128500 128000 128500 126
20200106 1037 128500 128500 128000 128000 50
20200106 1038 128000 128500 128000 128500 51
20200106 1039 128500 128500 128000 128000 75
20200106 1040 128000 128500 128000 128000 34
20200106 1041 128000 128500 128000 128000 83
20200106 1042 128000 128500 128000 128000 327
20200106 1043 128000 128500 128000 128000 65
20200106 1044 128500 128500 128000 128000 60
20200106 1045 128500 128500 128000 128000 28
20200106 1046 128500 128500 128000 128000 58
20200106 1047 128000 128500 128000 128500 56
20200106 1048 128500 128500 128000 128500 66
20200106 1049 128500 128500 128000 128500 26
20200106 1050 128500 128500 128000 128500 46
20200106 1051 128000 128500 128000 128500 30
20200106 1052 128500 128500 128000 128500 576
20200106 1053 128500 128500 128000 128500 45
20200106 1054 128000 128500 128000 128500 103
20200106 1055 128500 128500 128000 128500 106
20200106 1056 128500 128500 128000 128500 27
20200106 1057 128500 128500 128000 128000 97
20200106 1058 128500 128500 128000 128500 98
20200106 1059 128000 128500 128000 128500 104
20200106 1100 128500 128500 128000 128500 136
20200106 1101 128500 128500 128000 128500 275
20200106 1102 128500 128500 128000 128500 366
20200106 1103 128000 128500 128000 128000 372
20200106 1104 128500 128500 128000 128000 46
20200106 1105 128500 128500 128000 128500 11
20200106 1106 128500 128500 128000 128500 92
20200106 1107 128500 128500 128000 128500 72
20200106 1108 128500 128500 128000 128500 134
20200106 1109 128000 128500 128000 128500 516
20200106 1110 128500 128500 128000 128500 70
20200106 1111 128500 128500 128000 128500 45
20200106 1112 128000 128500 128000 128500 58
20200106 1113 128500 128500 128000 128500 504
20200106 1114 128500 128500 128000 128000 36
20200106 1115 128500 128500 128000 128500 342
20200106 1116 128000 128500 128000 128000 27
20200106 1117 128000 128500 128000 128500 49
20200106 1118 128500 128500 128000 128500 34
20200106 1119 128500 128500 128000 128500 62
20200106 1120 128500 128500 128000 128500 24
20200106 1121 128500 128500 128000 128500 640
20200106 1122 128500 128500 128000 128000 220
20200106 1123 128000 128500 128000 128000 26
20200106 1124 128500 128500 128000 128500 68
20200106 1125 128500 128500 128000 128500 31
20200106 1126 128500 128500 128000 128500 345
20200106 1127 128500 128500 128000 128000 37
20200106 1128 128500 128500 128000 128500 31
20200106 1129 128500 128500 128000 128000 74
20200106 1130 128000 128500 128000 128000 31
20200106 1131 128000 128500 128000 128000 197
20200106 1132 128000 128500 128000 128000 214
20200106 1133 128000 128500 128000 128000 120
20200106 1134 128000 128500 128000 128000 117
20200106 1135 128000 128500 128000 128000 34
20200106 1136 128000 128500 128000 128000 17
20200106 1137 128500 128500 128000 128000 151
20200106 1138 128000 128000 128000 128000 9
20200106 1139 128500 128500 128000 128500 26
20200106 1140 128000 128500 128000 128500 47
20200106 1141 128000 128500 128000 128500 127
20200106 1142 128000 128500 128000 128000 546
20200106 1143 128500 128500 128000 128500 120
20200106 1144 128500 128500 128000 128500 32
20200106 1145 128000 128500 128000 128500 127
20200106 1146 128000 128500 128000 128500 363
20200106 1147 128500 128500 128000 128000 106
20200106 1148 128500 128500 128000 128000 321
20200106 1149 128500 128500 128000 128000 106
20200106 1150 128500 128500 128000 128500 2626
20200106 1151 128000 128500 128000 128000 49
20200106 1152 128000 128500 128000 128500 29
20200106 1153 128000 128500 128000 128500 52
20200106 1154 128500 128500 128000 128500 14
20200106 1155 128500 128500 128000 128500 72
20200106 1156 128500 128500 128000 128500 15
20200106 1157 128000 128500 128000 128500 134
20200106 1158 128000 128500 128000 128500 28
20200106 1159 128000 128500 128000 128500 186
20200106 1200 128500 128500 128000 128000 118
20200106 1201 128500 128500 128000 128500 14
20200106 1202 128500 128500 128000 128500 76
20200106 1203 128500 128500 128000 128500 409
20200106 1204 128500 128500 128000 128500 105
20200106 1205 128500 128500 128000 128000 27
20200106 1206 128000 128500 128000 128500 55
20200106 1207 128500 128500 128000 128000 18
20200106 1208 128500 128500 128000 128000 52
20200106 1209 128000 128500 128000 128000 73
20200106 1210 128500 128500 128000 128500 14
20200106 1211 128000 128500 128000 128500 49
20200106 1212 128000 128500 128000 128500 178
20200106 1213 128500 128500 128000 128000 56
20200106 1214 128500 128500 128000 128500 32
20200106 1215 128000 128500 128000 128500 53
20200106 1216 128500 128500 128000 128500 24
20200106 1217 128500 128500 128000 128500 39
20200106 1218 128500 128500 128000 128500 63
20200106 1219 128000 128500 128000 128500 36
20200106 1220 128500 128500 128000 128000 41
20200106 1221 128500 128500 128000 128000 33
20200106 1222 128500 128500 128000 128500 201
20200106 1223 128500 128500 128000 128500 12
20200106 1224 128000 128500 128000 128000 162
20200106 1225 128000 128500 128000 128500 26
20200106 1226 128000 128500 128000 128500 69
20200106 1227 128000 128500 128000 128500 40
20200106 1228 128000 128500 128000 128500 49
20200106 1229 128500 128500 128000 128500 62
20200106 1230 128000 128500 128000 128500 12
20200106 1231 128500 128500 128000 128500 72
20200106 1232 128000 128500 128000 128500 9
20200106 1233 128000 128500 128000 128500 40
20200106 1234 128500 128500 128000 128500 48
20200106 1235 128000 128500 128000 128500 58
20200106 1236 128500 128500 128000 128000 30
20200106 1237 128000 128500 128000 128000 49
20200106 1238 128500 128500 128000 128000 285
20200106 1239 128500 128500 128000 128000 31
20200106 1240 128500 128500 128000 128000 29
20200106 1241 128000 128500 128000 128500 38
20200106 1242 128500 128500 128000 128500 53
20200106 1243 128500 128500 128000 128500 31
20200106 1244 128000 128500 128000 128000 53
20200106 1245 128000 128500 128000 128500 798
20200106 1246 128500 128500 128000 128500 64
20200106 1247 128000 128500 128000 128500 71
20200106 1248 128000 128500 128000 128000 13
20200106 1249 128000 128500 128000 128500 68
20200106 1250 128500 128500 128000 128500 139
20200106 1251 128500 128500 128000 128500 36
20200106 1252 128000 128500 128000 128500 66
20200106 1253 128500 128500 128000 128500 36
20200106 1254 128000 128500 128000 128500 36
20200106 1255 128500 128500 128000 128500 164
20200106 1256 128000 128500 128000 128500 78
20200106 1257 128000 128500 128000 128000 26
20200106 1258 128500 128500 128000 128000 44
20200106 1259 128000 128000 128000 128000 50
20200106 1300 128500 128500 128000 128000 92
20200106 1301 128500 128500 128000 128000 23
20200106 1302 128000 128000 128000 128000 41
20200106 1303 128000 128500 128000 128500 13
20200106 1304 128000 128500 128000 128500 77
20200106 1305 128000 128500 128000 128000 109
20200106 1306 128000 128500 128000 128000 369
20200106 1307 128500 128500 128000 128000 190
20200106 1308 128500 128500 128000 128500 14
20200106 1309 128500 128500 128000 128500 53
20200106 1310 128500 128500 128000 128500 19
20200106 1311 128000 128500 128000 128500 327
20200106 1312 128000 128500 128000 128500 59
20200106 1313 128000 128500 128000 128000 81
20200106 1314 128500 128500 128000 128000 13
20200106 1315 128000 128500 128000 128500 96
20200106 1316 128000 128500 128000 128000 82
20200106 1317 128000 128500 128000 128000 25
20200106 1318 128000 128000 128000 128000 48
20200106 1319 128000 128500 128000 128500 32
20200106 1320 128000 128000 128000 128000 46
20200106 1321 128500 128500 128000 128500 47
20200106 1322 128000 128500 128000 128500 51
20200106 1323 128000 128500 128000 128000 41
20200106 1324 128500 128500 128000 128500 44
20200106 1325 128000 128500 128000 128000 72
20200106 1326 128000 128000 128000 128000 7
20200106 1327 128000 128500 128000 128000 33
20200106 1328 128500 128500 128000 128500 177
20200106 1329 128000 128500 128000 128500 32
20200106 1330 128000 128500 128000 128500 8
20200106 1331 128500 128500 128000 128500 84
20200106 1332 128000 128500 128000 128000 5
20200106 1333 128000 128500 128000 128000 282
20200106 1334 128500 128500 128000 128500 49
20200106 1335 128500 128500 128000 128000 61
20200106 1336 128000 128000 128000 128000 57
20200106 1337 128000 128500 128000 128500 20
20200106 1338 128000 128500 128000 128000 100
20200106 1339 128000 128000 128000 128000 8
20200106 1340 128000 128500 128000 128500 30
20200106 1341 128000 128500 128000 128000 85
20200106 1342 128000 128500 128000 128500 51
20200106 1343 128000 128500 128000 128000 62
20200106 1344 128000 128500 128000 128500 117
20200106 1345 128500 128500 128000 128000 159
20200106 1346 128000 128500 128000 128000 371
20200106 1347 128500 128500 128000 128500 38
20200106 1348 128500 128500 128000 128500 89
20200106 1349 128500 128500 128000 128500 86
20200106 1350 128000 128500 128000 128500 47
20200106 1351 128000 128500 128000 128000 89
20200106 1352 128500 128500 128000 128000 112
20200106 1353 128000 128500 128000 128500 87
20200106 1354 128000 128500 128000 128000 1245
20200106 1355 128000 128500 128000 128000 53
20200106 1356 128500 128500 128000 128000 565
20200106 1357 128000 128500 128000 128500 39
20200106 1358 128000 128500 128000 128000 157
20200106 1359 128000 128500 128000 128000 134
20200106 1400 128500 128500 128000 128000 146
20200106 1401 128500 128500 128000 128500 43
20200106 1402 128000 128500 128000 128500 408
20200106 1403 128000 128500 128000 128000 231
20200106 1404 128000 128000 127500 127500 6275
20200106 1405 127500 128000 127500 128000 99
20200106 1406 127500 128000 127500 127500 41
20200106 1407 127500 128000 127500 127500 310
20200106 1408 127500 128000 127500 127500 236
20200106 1409 127500 128000 127500 128000 132
20200106 1410 128000 128000 127500 127500 5400
20200106 1411 127500 128000 127500 127500 90
20200106 1412 128000 128000 127500 127500 76
20200106 1413 128000 128000 127500 127500 3506
20200106 1414 127500 128000 127500 128000 75
20200106 1415 127500 128000 127500 127500 48
20200106 1416 128000 128000 127500 128000 87
20200106 1417 127500 128000 127500 128000 468
20200106 1418 127500 128000 127500 127500 166
20200106 1419 127500 128000 127500 128000 57
20200106 1420 127500 128000 127500 127500 76
20200106 1421 127500 128000 127500 127500 135
20200106 1422 127500 128000 127500 128000 94
20200106 1423 127500 128000 127500 128000 343
20200106 1424 128000 128000 127500 127500 177
20200106 1425 127500 128000 127500 127500 151
20200106 1426 128000 128000 127500 128000 116
20200106 1427 127500 128000 127500 128000 114
20200106 1428 128000 128000 127500 128000 50
20200106 1429 127500 128000 127500 127500 62
20200106 1430 127500 128000 127500 128000 83
20200106 1431 127500 128000 127500 128000 64
20200106 1432 127500 128000 127500 128000 75
20200106 1433 128000 128000 127500 127500 34
20200106 1434 127500 128000 127500 128000 62
20200106 1435 127500 128000 127500 127500 31
20200106 1436 128000 128000 127500 127500 2067
20200106 1437 128000 128000 127500 127500 388
20200106 1438 127500 128000 127500 127500 327
20200106 1439 128000 128000 127500 127500 3689
20200106 1440 128000 128000 127500 128000 79
20200106 1441 127500 128000 127500 127500 146
20200106 1442 128000 128500 127500 128000 2196
20200106 1443 128500 128500 128000 128500 80
20200106 1444 128500 128500 128000 128000 30
20200106 1445 128000 128500 128000 128000 110
20200106 1446 128500 128500 128000 128000 70
20200106 1447 128500 128500 128000 128500 114
20200106 1448 128000 128500 128000 128500 115
20200106 1449 128000 128500 128000 128500 144
20200106 1450 128500 128500 128000 128000 81
20200106 1451 128000 128500 128000 128000 23
20200106 1452 128500 128500 128000 128500 208
20200106 1453 128000 128500 128000 128000 33
20200106 1454 128500 128500 128000 128000 270
20200106 1455 128000 128500 128000 128000 825
20200106 1456 128500 128500 128000 128000 361
20200106 1457 128500 128500 128000 128000 44
20200106 1458 128000 128500 128000 128500 92
20200106 1459 128500 128500 128000 128500 120
20200106 1500 128000 128500 128000 128500 69
20200106 1501 128000 128500 128000 128000 302
20200106 1502 128000 128500 128000 128000 109
20200106 1503 128000 128500 128000 128000 306
20200106 1504 128500 128500 128000 128000 158
20200106 1505 128500 128500 128000 128000 152
20200106 1506 128500 128500 128000 128000 196
20200106 1507 128000 128500 128000 128500 79
20200106 1508 128500 128500 127500 127500 12425
20200106 1509 127500 128000 127500 127500 17
20200106 1510 128000 128000 127500 127500 49
20200106 1511 127500 128000 127500 128000 57
20200106 1512 128000 128000 127500 127500 363
20200106 1513 127500 128000 127500 127500 51
20200106 1514 127500 128000 127500 127500 45
20200106 1515 127500 128000 127500 127500 183
20200106 1516 127500 128000 127500 127500 84
20200106 1517 127500 128000 127500 127500 79
20200106 1518 128000 128000 127500 127500 2593
20200106 1519 127500 128000 127500 127500 39
20200106 1520 127500 128000 127500 128000 2813
20200106 1530 127500 127500 127500 127500 8820
