날짜 시간 시가 고가 저가 종가 거래량
20180502 902 31768 31899 31768 31899 3
20180502 903 31880 31880 31880 31880 1
20180502 911 31860 31860 31860 31860 1
20180502 926 31850 31855 31850 31855 2
20180502 943 31836 31836 31836 31836 1
20180502 1001 31826 31826 31826 31826 1
20180502 1023 31797 31797 31797 31797 1
20180502 1024 31782 31782 31782 31782 1
20180502 1030 31797 31797 31797 31797 1
20180502 1042 31773 31773 31773 31773 1
20180502 1047 31782 31782 31782 31782 1
20180502 1054 31768 31768 31763 31763 2
20180502 1110 31729 31729 31729 31729 1
20180502 1124 31739 31743 31739 31743 2
20180502 1156 31748 31758 31748 31758 3
20180502 1204 31763 31763 31763 31763 1
20180502 1215 31763 31763 31763 31763 1
20180502 1245 31743 31743 31743 31743 1
20180502 1251 31743 31753 31743 31753 7
20180502 1254 31753 31753 31753 31753 1
20180502 1301 31753 31758 31753 31758 2
20180502 1315 31758 31758 31758 31758 1
20180502 1336 31714 31714 31709 31709 2
20180502 1407 31709 31709 31709 31709 1
20180502 1423 31704 31704 31704 31704 1
20180502 1425 31704 31704 31704 31704 1
20180502 1430 31700 31700 31700 31700 1
20180502 1445 31690 31690 31690 31690 1
20180502 1449 31700 31700 31700 31700 1
20180502 1450 31695 31695 31695 31695 1
20180502 1452 31704 31704 31704 31704 1
20180502 1454 31709 31719 31709 31719 3
20180502 1500 31719 31719 31719 31719 1
20180502 1530 31704 31704 31704 31704 1
20180503 902 31568 31568 31568 31568 1
20180503 903 31641 31641 31641 31641 1
20180503 912 31583 31583 31583 31583 1
20180503 923 31544 31544 31544 31544 1
20180503 931 31573 31573 31573 31573 1
20180503 934 31641 31641 31641 31641 1
20180503 956 31685 31685 31685 31685 1
20180503 1007 31685 31690 31685 31690 2
20180503 1031 31612 31612 31612 31612 1
20180503 1034 31617 31617 31617 31617 1
20180503 1053 31631 31631 31631 31631 1
20180503 1100 31631 31631 31631 31631 1
20180503 1101 31636 31636 31636 31636 1
20180503 1150 31573 31573 31573 31573 1
20180503 1204 31583 31583 31583 31583 1
20180503 1207 31588 31588 31588 31588 1
20180503 1217 31592 31597 31592 31597 2
20180503 1224 31592 31592 31592 31592 1
20180503 1243 31592 31597 31592 31597 2
20180503 1253 31597 31602 31597 31602 2
20180503 1302 31602 31602 31602 31602 1
20180503 1303 31607 31607 31607 31607 1
20180503 1339 31583 31583 31583 31583 1
20180503 1350 31583 31583 31583 31583 1
20180503 1354 31583 31583 31583 31583 1
20180503 1356 31588 31602 31588 31602 11
20180503 1357 31607 31607 31607 31607 57
20180503 1358 31602 31607 31602 31607 17
20180503 1359 31607 31607 31607 31607 47
20180503 1400 31607 31612 31607 31607 56
20180503 1401 31612 31612 31607 31607 22
20180503 1402 31612 31612 31602 31602 41
20180503 1403 31602 31602 31597 31597 21
20180503 1404 31597 31597 31597 31597 52
20180503 1405 31597 31597 31597 31597 48
20180503 1406 31597 31602 31597 31602 18
20180503 1407 31597 31597 31597 31597 52
20180503 1408 31597 31602 31597 31602 38
20180503 1409 31602 31602 31597 31597 27
20180503 1410 31597 31597 31592 31597 24
20180503 1411 31597 31597 31597 31597 22
20180503 1412 31592 31597 31592 31597 73
20180503 1413 31597 31597 31597 31597 52
20180503 1414 31597 31597 31597 31597 9
20180503 1415 31602 31602 31597 31597 51
20180503 1416 31597 31597 31592 31592 22
20180503 1417 31597 31597 31597 31597 48
20180503 1418 31597 31597 31588 31588 78
20180503 1419 31588 31588 31588 31588 9
20180503 1420 31588 31597 31588 31597 52
20180503 1421 31597 31597 31597 31597 47
20180503 1422 31597 31602 31597 31602 27
20180503 1423 31602 31602 31597 31597 48
20180503 1424 31597 31597 31597 31597 13
20180503 1425 31602 31602 31602 31602 48
20180503 1426 31602 31612 31602 31612 19
20180503 1427 31612 31617 31612 31617 27
20180503 1428 31622 31631 31622 31631 45
20180503 1429 31627 31641 31622 31641 42
20180503 1430 31641 31641 31631 31631 28
20180503 1431 31631 31636 31631 31636 48
20180503 1432 31636 31636 31631 31631 26
20180503 1433 31636 31636 31631 31631 49
20180503 1434 31631 31641 31631 31641 26
20180503 1435 31641 31641 31641 31641 25
20180503 1436 31641 31641 31631 31631 74
20180503 1437 31641 31641 31641 31641 9
20180503 1438 31651 31656 31651 31656 49
20180503 1439 31646 31651 31646 31651 37
20180503 1440 31651 31651 31651 31651 33
20180503 1441 31651 31651 31646 31646 58
20180503 1442 31641 31641 31641 31641 38
20180503 1443 31641 31641 31641 31641 24
20180503 1444 31641 31641 31641 31641 38
20180503 1445 31636 31636 31631 31631 29
20180503 1446 31631 31631 31622 31622 58
20180503 1447 31631 31631 31622 31622 37
20180503 1448 31622 31622 31622 31622 24
20180503 1449 31622 31622 31622 31622 43
20180503 1450 31617 31622 31617 31622 15
20180503 1451 31622 31622 31617 31617 67
20180503 1452 31617 31617 31617 31617 38
20180503 1453 31622 31622 31622 31622 19
20180503 1454 31622 31636 31622 31636 48
20180503 1455 31636 31636 31636 31636 44
20180503 1456 31641 31641 31636 31636 34
20180503 1457 31636 31636 31636 31636 44
20180503 1458 31627 31631 31622 31622 29
20180503 1459 31622 31631 31622 31622 48
20180503 1500 31622 31631 31622 31631 35
20180503 1501 31636 31636 31631 31636 34
20180503 1502 31631 31636 31631 31636 39
20180503 1503 31636 31636 31636 31636 58
20180503 1504 31641 31641 31641 31641 14
20180503 1505 31651 31651 31651 31651 40
20180503 1506 31646 31651 31646 31651 28
20180503 1507 31651 31651 31641 31641 53
20180503 1508 31641 31641 31636 31636 55
20180503 1509 31636 31636 31622 31631 23
20180503 1510 31631 31631 31622 31622 35
20180503 1511 31631 31631 31622 31631 38
20180503 1512 31631 31631 31631 31631 38
20180503 1513 31631 31631 31631 31631 50
20180503 1514 31627 31631 31627 31631 28
20180503 1515 31631 31631 31631 31631 15
20180503 1516 31631 31631 31631 31631 82
20180503 1517 31631 31631 31622 31622 24
20180503 1518 31617 31617 31617 31617 10
20180503 1530 31583 31583 31583 31583 1
20180504 902 31524 31524 31524 31524 1
20180504 909 31549 31549 31549 31549 42
20180504 911 31554 31554 31554 31554 1
20180504 913 31539 31539 31539 31539 41
20180504 916 31563 31563 31563 31563 42
20180504 918 31573 31573 31573 31573 1
20180504 920 31612 31612 31612 31612 42
20180504 921 31627 31627 31592 31592 3999
20180504 926 31588 31588 31588 31588 1
20180504 934 31583 31583 31583 31583 1
20180504 942 31510 31510 31510 31510 1
20180504 950 31505 31505 31505 31505 1
20180504 1007 31490 31490 31490 31490 1
20180504 1011 31524 31524 31524 31524 1
20180504 1016 31534 31534 31534 31534 1
20180504 1037 31510 31510 31510 31510 1
20180504 1045 31529 31529 31529 31529 1
20180504 1053 31505 31505 31505 31505 1
20180504 1101 31471 31471 31471 31471 1
20180504 1105 31446 31446 31446 31446 1
20180504 1117 31451 31466 31451 31466 2
20180504 1121 31427 31427 31427 31427 1
20180504 1124 31461 31461 31461 31461 1
20180504 1132 31437 31437 31437 31437 1
20180504 1140 31432 31432 31432 31432 1
20180504 1148 31432 31432 31432 31432 1
20180504 1157 31446 31446 31446 31446 1
20180504 1204 31442 31442 31442 31442 1
20180504 1213 31432 31432 31432 31432 1
20180504 1227 31432 31432 31432 31432 1
20180504 1230 31442 31442 31442 31442 1
20180504 1235 31422 31422 31422 31422 1
20180504 1243 31437 31437 31437 31437 1
20180504 1251 31451 31451 31437 31437 4
20180504 1259 31461 31461 31461 31461 1
20180504 1307 31471 31471 31471 31471 1
20180504 1314 31466 31466 31466 31466 2473
20180504 1323 31456 31456 31456 31456 1
20180504 1338 31451 31451 31451 31451 1
20180504 1339 31461 31461 31461 31461 1
20180504 1346 31451 31451 31451 31451 1
20180504 1355 31466 31466 31466 31466 1
20180504 1402 31466 31466 31466 31466 1
20180504 1403 31481 31481 31481 31481 1
20180504 1405 31544 31544 31544 31544 1
20180504 1410 31519 31519 31519 31519 1
20180504 1426 31495 31495 31495 31495 1
20180504 1456 31412 31412 31412 31412 1
20180504 1501 31427 31427 31427 31427 1
20180504 1515 31383 31383 31383 31383 1
20180504 1530 31364 31364 31364 31364 1
20180508 903 31515 31515 31515 31515 1
20180508 905 31563 31563 31563 31563 1
20180508 913 31510 31510 31510 31510 1
20180508 921 31510 31510 31510 31510 1
20180508 929 31529 31529 31529 31529 1
20180508 936 31554 31554 31554 31554 1
20180508 944 31558 31558 31558 31558 1
20180508 1001 31563 31563 31563 31563 1
20180508 1027 31529 31529 31529 31529 1
20180508 1031 31534 31534 31534 31534 1
20180508 1032 31539 31539 31539 31539 1
20180508 1035 31544 31544 31544 31544 1
20180508 1047 31544 31544 31544 31544 1
20180508 1105 31539 31539 31539 31539 1
20180508 1107 31549 31549 31549 31549 1
20180508 1110 31549 31549 31549 31549 1
20180508 1111 31554 31554 31554 31554 1
20180508 1120 31558 31558 31558 31558 1
20180508 1154 31539 31549 31539 31549 3
20180508 1201 31534 31534 31534 31534 1
20180508 1216 31524 31524 31524 31524 1
20180508 1229 31500 31500 31500 31500 1
20180508 1239 31510 31510 31510 31510 1
20180508 1254 31519 31519 31519 31519 1
20180508 1258 31524 31524 31524 31524 1
20180508 1309 31490 31490 31490 31490 3
20180508 1317 31451 31451 31451 31451 1
20180508 1324 31442 31442 31442 31442 1
20180508 1336 31461 31461 31461 31461 1
20180508 1340 31446 31446 31446 31446 9840
20180508 1404 31437 31437 31437 31437 1
20180508 1434 31339 31339 31339 31339 1
20180508 1454 31330 31334 31330 31334 2
20180508 1514 31286 31286 31286 31286 1
20180508 1530 31237 31237 31237 31237 1
20180509 902 31184 31184 31184 31184 1
20180509 913 31203 31203 31203 31203 1
20180509 914 31242 31242 31242 31242 1
20180509 918 31237 31237 31237 31237 1
20180509 926 31218 31218 31218 31218 1
20180509 943 31193 31193 31193 31193 1
20180509 946 31218 31218 31218 31218 1
20180509 953 31223 31223 31223 31223 1
20180509 959 31213 31213 31213 31213 1
20180509 1009 31242 31242 31242 31242 1
20180509 1014 31276 31276 31276 31276 1
20180509 1029 31266 31266 31266 31266 1
20180509 1054 31213 31213 31213 31213 1
20180509 1117 31096 31096 31096 31096 1
20180509 1133 30989 30989 30989 30989 1
20180509 1140 31023 31023 31023 31023 1
20180509 1143 31081 31081 31081 31081 1
20180509 1148 31120 31120 31120 31120 1
20180509 1153 31164 31164 31164 31164 1
20180509 1224 31111 31111 31111 31111 1
20180509 1228 31130 31149 31130 31149 3
20180509 1230 31169 31169 31169 31169 1
20180509 1236 31213 31213 31213 31213 1
20180509 1244 31179 31179 31179 31179 1
20180509 1249 31169 31169 31169 31169 4
20180509 1255 31193 31193 31193 31193 1
20180509 1311 31184 31184 31184 31184 1
20180509 1318 31184 31184 31184 31184 1
20180509 1324 31169 31169 31169 31169 1
20180509 1327 31188 31188 31188 31188 1
20180509 1331 31198 31198 31198 31198 1
20180509 1340 31184 31184 31184 31184 1
20180509 1354 31154 31154 31154 31154 1
20180509 1403 31164 31179 31164 31179 2
20180509 1413 31145 31145 31145 31145 1
20180509 1426 31149 31149 31149 31149 1
20180509 1427 31154 31154 31154 31154 1
20180509 1436 31203 31203 31203 31203 1
20180509 1458 31198 31203 31198 31203 2
20180509 1506 31203 31223 31203 31223 3
20180509 1507 31242 31242 31242 31242 1
20180509 1530 31140 31140 31140 31140 1
20180510 902 31242 31300 31242 31300 2
20180510 911 31320 31320 31320 31320 1
20180510 918 31369 31369 31369 31369 1
20180510 926 31344 31344 31344 31344 1
20180510 934 31330 31330 31330 31330 1
20180510 942 31286 31286 31286 31286 1
20180510 951 31310 31310 31310 31310 1
20180510 1008 31276 31276 31276 31276 1
20180510 1015 31300 31300 31300 31300 1
20180510 1017 31310 31310 31310 31310 1
20180510 1022 31320 31320 31320 31320 1
20180510 1030 31325 31325 31325 31325 1
20180510 1041 31310 31310 31310 31310 1
20180510 1046 31305 31305 31305 31305 1
20180510 1055 31310 31310 31310 31310 1
20180510 1114 31291 31291 31291 31291 1
20180510 1127 31286 31286 31286 31286 1
20180510 1130 31296 31296 31296 31296 1
20180510 1131 31310 31310 31310 31310 1
20180510 1133 31315 31315 31315 31315 1
20180510 1200 31276 31276 31276 31276 1
20180510 1203 31276 31276 31276 31276 62
20180510 1221 31227 31227 31227 31227 1
20180510 1228 31252 31252 31252 31252 1
20180510 1235 31252 31257 31252 31257 2
20180510 1252 31252 31257 31252 31257 2
20180510 1301 31271 31271 31271 31271 1
20180510 1316 31247 31247 31247 31247 1
20180510 1327 31247 31247 31247 31247 1
20180510 1338 31247 31247 31247 31247 1
20180510 1340 31252 31261 31252 31261 2
20180510 1353 31261 31261 31261 31261 1
20180510 1354 31261 31261 31261 31261 1
20180510 1357 31281 31300 31281 31300 3
20180510 1403 31339 31339 31339 31339 1
20180510 1410 31325 31325 31325 31325 1
20180510 1427 31305 31305 31305 31305 1
20180510 1438 31315 31320 31315 31320 2
20180510 1447 31305 31305 31305 31305 31
20180510 1452 31305 31305 31305 31305 1
20180510 1456 31334 31334 31334 31334 1
20180510 1503 31325 31325 31325 31325 1
20180510 1511 31330 31330 31330 31330 1
20180510 1530 31364 31364 31364 31364 6
20180511 902 31403 31403 31403 31403 3
20180511 906 31549 31549 31549 31549 1
20180511 916 31583 31583 31583 31583 1
20180511 927 31592 31592 31592 31592 1
20180511 930 31617 31617 31617 31617 1
20180511 937 31627 31627 31627 31627 1
20180511 947 31597 31597 31597 31597 1
20180511 1001 31597 31597 31597 31597 1
20180511 1016 31558 31558 31558 31558 1
20180511 1023 31592 31592 31592 31592 1
20180511 1026 31602 31602 31602 31602 1
20180511 1042 31578 31578 31578 31578 1
20180511 1048 31588 31592 31588 31592 2
20180511 1111 31592 31602 31592 31602 3
20180511 1121 31597 31597 31597 31597 1
20180511 1128 31607 31607 31607 31607 1
20180511 1135 31617 31617 31617 31617 1
20180511 1136 31627 31627 31627 31627 1
20180511 1146 31617 31617 31617 31617 1
20180511 1150 31607 31607 31607 31607 1
20180511 1205 31607 31607 31607 31607 1
20180511 1213 31607 31612 31607 31612 2
20180511 1227 31617 31617 31617 31617 1
20180511 1237 31617 31622 31617 31622 2
20180511 1249 31617 31617 31617 31617 1
20180511 1303 31622 31622 31622 31622 1
20180511 1304 31631 31631 31631 31631 1
20180511 1324 31631 31631 31631 31631 1
20180511 1326 31636 31641 31636 31641 3
20180511 1336 31636 31636 31636 31636 1
20180511 1344 31617 31617 31617 31617 3
20180511 1356 31588 31588 31588 31588 1
20180511 1404 31597 31597 31597 31597 1
20180511 1411 31592 31592 31592 31592 1
20180511 1433 31592 31592 31592 31592 1
20180511 1434 31597 31602 31597 31602 2
20180511 1437 31612 31612 31612 31612 1
20180511 1506 31583 31583 31583 31583 1
20180511 1530 31534 31534 31534 31534 1
20180514 902 31563 31563 31563 31563 1
20180514 905 31622 31622 31622 31622 1
20180514 911 31602 31602 31602 31602 1
20180514 918 31612 31612 31612 31612 1
20180514 926 31578 31578 31578 31578 1
20180514 934 31573 31573 31573 31573 1
20180514 944 31573 31573 31573 31573 1
20180514 950 31500 31500 31500 31500 1
20180514 957 31510 31510 31510 31510 1
20180514 1006 31500 31500 31500 31500 1
20180514 1013 31510 31510 31510 31510 1
20180514 1029 31495 31495 31495 31495 1
20180514 1051 31476 31476 31476 31476 1
20180514 1054 31476 31476 31476 31476 1
20180514 1107 31461 31461 31461 31461 1
20180514 1113 31466 31466 31466 31466 1
20180514 1115 31476 31476 31476 31476 1
20180514 1116 31485 31485 31485 31485 1
20180514 1117 31490 31490 31490 31490 1
20180514 1124 31485 31485 31485 31485 1
20180514 1132 31485 31485 31485 31485 1
20180514 1141 31510 31510 31510 31510 1
20180514 1150 31490 31490 31490 31490 1
20180514 1158 31495 31495 31495 31495 1
20180514 1204 31500 31500 31500 31500 1
20180514 1212 31481 31481 31481 31481 1
20180514 1220 31476 31476 31476 31476 1
20180514 1228 31471 31471 31471 31471 1
20180514 1238 31476 31476 31476 31476 1
20180514 1251 31461 31461 31461 31461 1
20180514 1307 31427 31427 31427 31427 1
20180514 1315 31422 31422 31422 31422 1
20180514 1323 31437 31437 31437 31437 1
20180514 1324 31442 31442 31442 31442 1
20180514 1331 31446 31446 31446 31446 1
20180514 1338 31451 31451 31451 31451 1
20180514 1346 31456 31456 31456 31456 1
20180514 1357 31461 31461 31461 31461 1
20180514 1358 31471 31471 31471 31471 1
20180514 1402 31456 31456 31456 31456 1
20180514 1410 31495 31495 31495 31495 1
20180514 1418 31490 31490 31490 31490 1
20180514 1426 31476 31476 31476 31476 1
20180514 1434 31461 31461 31461 31461 1
20180514 1450 31466 31466 31466 31466 1
20180514 1454 31471 31471 31471 31471 1
20180514 1530 31456 31456 31456 31456 3
20180515 901 31510 31510 31510 31510 1
20180515 902 31446 31446 31446 31446 1
20180515 910 31422 31422 31422 31422 1
20180515 918 31403 31403 31403 31403 1
20180515 926 31412 31412 31412 31412 1
20180515 934 31393 31393 31393 31393 1
20180515 942 31403 31403 31403 31403 1
20180515 946 31403 31403 31403 31403 1
20180515 949 31388 31388 31388 31388 1
20180515 952 31378 31378 31378 31378 1
20180515 956 31369 31369 31369 31369 1
20180515 958 31383 31383 31383 31383 1
20180515 1013 31369 31369 31369 31369 2
20180515 1015 31369 31369 31369 31369 20
20180515 1016 31364 31364 31364 31364 1
20180515 1019 31359 31359 31359 31359 1
20180515 1022 31344 31344 31344 31344 1
20180515 1029 31369 31369 31369 31369 1
20180515 1037 31349 31349 31349 31349 1
20180515 1042 31344 31344 31344 31344 1
20180515 1046 31344 31344 31344 31344 1
20180515 1049 31330 31330 31330 31330 1
20180515 1053 31300 31300 31300 31300 1
20180515 1101 31203 31203 31203 31203 1
20180515 1111 31257 31257 31257 31257 1
20180515 1117 31237 31237 31237 31237 21
20180515 1126 31213 31213 31213 31213 1
20180515 1135 31232 31232 31232 31232 1
20180515 1141 31232 31232 31232 31232 1
20180515 1148 31213 31213 31213 31213 1
20180515 1204 31149 31149 31149 31149 1
20180515 1210 31203 31203 31203 31203 1
20180515 1214 31227 31227 31227 31227 1
20180515 1220 31232 31232 31232 31232 1
20180515 1228 31227 31227 31227 31227 1
20180515 1229 31223 31223 31218 31218 2
20180515 1236 31223 31223 31223 31223 1
20180515 1239 31232 31232 31232 31232 1
20180515 1244 31227 31227 31227 31227 1
20180515 1247 31218 31218 31218 31218 3
20180515 1306 31208 31208 31208 31208 1
20180515 1311 31218 31218 31218 31218 1
20180515 1315 31223 31223 31223 31223 1
20180515 1324 31223 31223 31223 31223 1
20180515 1325 31227 31227 31227 31227 1
20180515 1340 31213 31213 31213 31213 1
20180515 1350 31213 31213 31213 31213 1
20180515 1357 31213 31213 31213 31213 1
20180515 1419 31184 31184 31184 31184 1
20180515 1428 31179 31179 31179 31179 1
20180515 1435 31174 31174 31174 31174 1
20180515 1436 31164 31164 31159 31159 2
20180515 1438 31145 31145 31145 31145 1
20180515 1443 31154 31154 31154 31154 1
20180515 1450 31149 31149 31149 31149 1
20180515 1459 31179 31179 31179 31179 1
20180515 1503 31184 31184 31184 31184 778
20180515 1507 31193 31193 31193 31193 1
20180515 1530 31179 31179 31179 31179 1
20180516 901 30945 30945 30945 30945 1
20180516 902 31052 31052 31052 31052 1
20180516 931 31174 31174 31174 31174 1
20180516 938 31145 31145 31145 31145 1
20180516 955 31101 31101 31101 31101 1
20180516 1001 31115 31115 31115 31115 1
20180516 1009 31125 31125 31125 31125 1
20180516 1015 31140 31145 31140 31145 2
20180516 1031 31184 31184 31184 31184 1
20180516 1036 31198 31198 31198 31198 1
20180516 1047 31198 31198 31198 31198 1
20180516 1048 31213 31213 31213 31213 1
20180516 1053 31213 31213 31213 31213 1
20180516 1100 31296 31296 31296 31296 1
20180516 1108 31266 31266 31266 31266 1
20180516 1116 31257 31257 31257 31257 1
20180516 1123 31276 31276 31276 31276 1
20180516 1131 31339 31339 31339 31339 1
20180516 1138 31320 31320 31320 31320 1
20180516 1153 31276 31276 31276 31276 1
20180516 1200 31261 31261 31261 31261 1
20180516 1208 31271 31271 31271 31271 1
20180516 1222 31242 31242 31242 31242 1
20180516 1230 31242 31242 31242 31242 1
20180516 1233 31257 31257 31257 31257 1
20180516 1238 31271 31271 31271 31271 1
20180516 1239 31291 31291 31291 31291 1
20180516 1247 31300 31300 31300 31300 1
20180516 1253 31291 31291 31291 31291 1
20180516 1313 31286 31291 31286 31291 2
20180516 1316 31266 31266 31266 31266 1
20180516 1323 31266 31266 31266 31266 1
20180516 1329 31271 31271 31271 31271 1
20180516 1337 31305 31305 31305 31305 1
20180516 1352 31310 31310 31310 31310 1
20180516 1354 31315 31315 31315 31315 1
20180516 1407 31286 31286 31286 31286 1
20180516 1414 31310 31310 31310 31310 1
20180516 1422 31296 31296 31296 31296 1
20180516 1430 31310 31320 31310 31320 2
20180516 1444 31339 31339 31339 31339 1
20180516 1445 31344 31344 31344 31344 1
20180516 1450 31339 31339 31339 31339 3
20180516 1453 31320 31320 31320 31320 3
20180516 1500 31325 31325 31325 31325 1
20180516 1516 31291 31296 31291 31296 2
20180516 1530 31281 31281 31281 31281 1
20180517 903 31369 31369 31369 31369 1
20180517 904 31407 31407 31407 31407 1
20180517 908 31451 31451 31451 31451 4
20180517 909 31432 31432 31432 31432 4
20180517 920 31403 31403 31403 31403 1
20180517 930 31407 31407 31407 31407 1
20180517 938 31407 31407 31407 31407 1
20180517 954 31407 31407 31407 31407 1
20180517 1009 31369 31369 31369 31369 1
20180517 1019 31369 31369 31369 31369 1
20180517 1025 31354 31354 31354 31354 1
20180517 1039 31349 31349 31349 31349 1
20180517 1046 31296 31296 31296 31296 1
20180517 1056 31315 31315 31315 31315 1
20180517 1102 31315 31315 31315 31315 1
20180517 1129 31261 31261 31261 31261 1
20180517 1151 31237 31237 31237 31237 1
20180517 1157 31261 31261 31261 31261 1
20180517 1200 31266 31266 31266 31266 1
20180517 1204 31252 31252 31252 31252 1
20180517 1207 31242 31242 31242 31242 1
20180517 1218 31232 31232 31232 31232 1
20180517 1221 31227 31227 31227 31227 1
20180517 1236 31261 31261 31261 31261 2
20180517 1237 31266 31266 31266 31266 1
20180517 1245 31261 31261 31261 31261 1
20180517 1252 31276 31276 31276 31276 1
20180517 1315 31242 31242 31242 31242 1
20180517 1318 31247 31247 31247 31247 1
20180517 1324 31247 31247 31247 31247 1
20180517 1331 31232 31232 31232 31232 1
20180517 1341 31242 31242 31242 31242 1
20180517 1347 31242 31242 31242 31242 1
20180517 1355 31232 31232 31232 31232 1
20180517 1402 31223 31223 31223 31223 1
20180517 1422 31218 31218 31218 31218 1
20180517 1434 31213 31213 31213 31213 1
20180517 1502 31174 31174 31174 31174 1
20180517 1507 31184 31184 31184 31184 1
20180517 1513 31169 31169 31169 31169 1
20180517 1530 31149 31149 31149 31149 1
20180518 905 31223 31223 31223 31223 1
20180518 922 31213 31213 31213 31213 1
20180518 925 31223 31223 31223 31223 1
20180518 935 31188 31188 31188 31188 1
20180518 938 31203 31203 31203 31203 1
20180518 949 31184 31184 31184 31184 1
20180518 953 31232 31232 31232 31232 1
20180518 1001 31218 31218 31218 31218 1
20180518 1011 31208 31208 31208 31208 1
20180518 1013 31252 31252 31252 31252 1
20180518 1025 31232 31232 31232 31232 1
20180518 1042 31203 31203 31203 31203 1
20180518 1058 31188 31188 31188 31188 1
20180518 1114 31179 31179 31179 31179 1
20180518 1119 31198 31203 31198 31203 2
20180518 1131 31203 31203 31203 31203 1
20180518 1136 31203 31203 31203 31203 1
20180518 1137 31208 31208 31208 31208 1
20180518 1142 31218 31218 31218 31218 1
20180518 1233 31174 31174 31174 31174 1
20180518 1235 31184 31184 31184 31184 1
20180518 1236 31188 31188 31188 31188 1
20180518 1247 31184 31184 31184 31184 1
20180518 1259 31179 31179 31179 31179 1
20180518 1302 31184 31184 31184 31184 1
20180518 1314 31169 31169 31169 31169 1
20180518 1324 31169 31174 31169 31174 2
20180518 1331 31184 31184 31184 31184 1
20180518 1347 31179 31179 31179 31179 1
20180518 1350 31184 31184 31184 31184 1
20180518 1355 31184 31184 31184 31184 1
20180518 1359 31188 31188 31188 31188 1
20180518 1403 31188 31188 31188 31188 1
20180518 1407 31193 31193 31193 31193 1
20180518 1410 31203 31203 31203 31203 1
20180518 1438 31193 31193 31193 31193 1
20180518 1440 31198 31203 31198 31203 2
20180518 1441 31213 31213 31213 31213 1
20180518 1445 31213 31213 31213 31213 1
20180518 1446 31218 31218 31218 31218 1
20180518 1450 31223 31227 31223 31227 2
20180518 1503 31242 31242 31242 31242 1
20180518 1505 31257 31257 31257 31257 1
20180518 1515 31261 31261 31261 31261 1
20180518 1530 31242 31242 31242 31242 1
20180521 902 31257 31257 31257 31257 1
20180521 934 31081 31101 31081 31101 2
20180521 944 31111 31149 31111 31149 2
20180521 945 31188 31188 31188 31188 1
20180521 949 31232 31232 31232 31232 1
20180521 1000 31257 31257 31257 31257 1
20180521 1006 31266 31266 31266 31266 1
20180521 1013 31252 31252 31252 31252 1
20180521 1021 31281 31281 31281 31281 1
20180521 1029 31320 31320 31320 31320 1
20180521 1041 31339 31339 31339 31339 1
20180521 1044 31359 31359 31359 31359 1
20180521 1051 31364 31364 31364 31364 1
20180521 1101 31310 31310 31310 31310 1
20180521 1111 31325 31325 31325 31325 1
20180521 1125 31344 31349 31344 31349 2
20180521 1128 31339 31339 31330 31330 420
20180521 1129 31330 31334 31330 31334 420
20180521 1130 31339 31344 31339 31344 420
20180521 1131 31344 31344 31344 31344 420
20180521 1132 31344 31344 31339 31339 420
20180521 1133 31334 31334 31334 31334 420
20180521 1134 31334 31334 31334 31334 420
20180521 1135 31334 31334 31325 31325 420
20180521 1136 31320 31320 31320 31320 420
20180521 1137 31320 31320 31320 31320 210
20180521 1138 31320 31320 31320 31320 210
20180521 1147 31330 31330 31330 31330 1
20180521 1148 31334 31334 31334 31334 1
20180521 1201 31344 31354 31344 31354 3
20180521 1225 31349 31354 31349 31354 2
20180521 1238 31364 31373 31364 31373 2927
20180521 1244 31383 31383 31383 31383 1
20180521 1254 31383 31383 31383 31383 1
20180521 1300 31388 31388 31388 31388 1
20180521 1311 31393 31393 31393 31393 1
20180521 1316 31398 31398 31398 31398 1
20180521 1328 31383 31383 31383 31383 1
20180521 1404 31364 31364 31364 31364 1
20180521 1410 31369 31369 31369 31369 1
20180521 1437 31354 31354 31354 31354 1
20180521 1446 31354 31354 31354 31354 1
20180521 1447 31359 31359 31359 31359 1
20180521 1448 31364 31364 31364 31364 1
20180521 1450 31364 31364 31364 31364 1
20180521 1452 31369 31373 31369 31373 2
20180521 1516 31320 31320 31320 31320 1
20180521 1530 31310 31310 31310 31310 1
20180523 902 31252 31252 31252 31252 1
20180523 905 31305 31305 31305 31305 1
20180523 911 31325 31325 31325 31325 1
20180523 922 31349 31349 31349 31349 1
20180523 932 31364 31364 31364 31364 1
20180523 935 31403 31403 31403 31403 1
20180523 944 31471 31471 31471 31471 1
20180523 952 31481 31481 31481 31481 1
20180523 957 31515 31515 31515 31515 11
20180523 1007 31500 31500 31500 31500 1
20180523 1022 31417 31417 31417 31417 1
20180523 1030 31403 31403 31403 31403 1
20180523 1040 31403 31403 31403 31403 1
20180523 1045 31398 31398 31398 31398 1
20180523 1055 31412 31412 31412 31412 1
20180523 1102 31393 31393 31393 31393 1
20180523 1109 31378 31378 31378 31378 1
20180523 1117 31412 31412 31412 31412 1
20180523 1133 31407 31407 31407 31407 1
20180523 1137 31432 31432 31432 31432 1
20180523 1204 31403 31403 31403 31403 1
20180523 1220 31398 31398 31398 31398 1
20180523 1221 31403 31407 31403 31407 2
20180523 1235 31412 31412 31412 31412 1
20180523 1237 31417 31417 31417 31417 1
20180523 1241 31422 31422 31422 31422 1
20180523 1247 31427 31427 31427 31427 1
20180523 1252 31427 31427 31427 31427 1
20180523 1303 31427 31427 31427 31427 1
20180523 1304 31432 31432 31432 31432 1
20180523 1311 31451 31451 31451 31451 1
20180523 1317 31461 31466 31461 31466 2
20180523 1331 31466 31471 31466 31471 2
20180523 1339 31495 31495 31495 31495 1
20180523 1340 31505 31505 31505 31505 1
20180523 1347 31515 31515 31515 31515 1
20180523 1349 31515 31515 31515 31515 60
20180523 1350 31519 31519 31515 31515 120
20180523 1351 31505 31510 31505 31510 120
20180523 1352 31505 31524 31505 31524 120
20180523 1353 31519 31519 31515 31515 120
20180523 1354 31515 31515 31515 31515 120
20180523 1355 31510 31510 31505 31505 120
20180523 1356 31515 31515 31515 31515 60
20180523 1357 31515 31515 31515 31515 120
20180523 1358 31510 31510 31510 31510 120
20180523 1359 31510 31510 31505 31505 120
20180523 1402 31524 31524 31524 31524 1
20180523 1411 31510 31510 31510 31510 1
20180523 1421 31519 31519 31519 31519 1
20180523 1435 31495 31495 31495 31495 1
20180523 1439 31519 31519 31519 31519 1
20180523 1443 31529 31534 31529 31534 2
20180523 1459 31515 31515 31515 31515 1
20180523 1508 31534 31534 31534 31534 1
20180523 1530 31510 31510 31510 31510 1
20180524 901 31515 31515 31515 31515 31
20180524 907 31544 31544 31544 31544 1
20180524 912 31558 31558 31558 31558 1
20180524 919 31515 31515 31515 31515 26
20180524 939 31476 31476 31476 31476 1
20180524 950 31471 31471 31471 31471 1
20180524 1003 31456 31456 31456 31456 1
20180524 1025 31432 31432 31432 31432 1
20180524 1047 31364 31364 31364 31364 1
20180524 1049 31364 31364 31364 31364 1
20180524 1053 31369 31369 31369 31369 1
20180524 1117 31354 31359 31354 31359 2
20180524 1123 31388 31388 31388 31388 1
20180524 1128 31388 31393 31388 31393 2
20180524 1133 31417 31417 31417 31417 15
20180524 1134 31417 31422 31417 31422 13
20180524 1135 31422 31422 31422 31422 2
20180524 1136 31417 31417 31417 31417 1
20180524 1138 31437 31437 31422 31422 21
20180524 1139 31432 31432 31432 31432 5
20180524 1140 31432 31432 31432 31432 2
20180524 1142 31432 31432 31417 31427 16
20180524 1143 31427 31427 31417 31422 14
20180524 1144 31417 31417 31417 31417 2
20180524 1147 31422 31422 31422 31422 21
20180524 1148 31422 31422 31417 31417 7
20180524 1151 31427 31442 31427 31442 3
20180524 1152 31446 31446 31446 31446 13
20180524 1153 31442 31442 31442 31442 12
20180524 1156 31446 31446 31442 31442 16
20180524 1157 31442 31442 31437 31437 14
20180524 1158 31446 31446 31437 31437 5
20180524 1201 31442 31446 31442 31446 10
20180524 1202 31442 31442 31442 31442 17
20180524 1203 31437 31437 31437 31437 3
20180524 1205 31437 31437 31437 31437 14
20180524 1206 31437 31437 31437 31437 5
20180524 1207 31427 31437 31427 31437 2
20180524 1208 31437 31437 31437 31437 9
20180524 1209 31437 31437 31437 31437 3
20180524 1210 31432 31432 31432 31432 12
20180524 1211 31432 31432 31432 31432 6
20180524 1212 31432 31432 31432 31432 9
20180524 1214 31432 31432 31432 31432 14
20180524 1215 31427 31432 31427 31432 10
20180524 1216 31432 31432 31432 31432 2
20180524 1217 31427 31427 31427 31427 4
20180524 1218 31417 31417 31417 31417 3
20180524 1219 31417 31417 31417 31417 12
20180524 1220 31417 31417 31417 31417 4
20180524 1221 31417 31417 31407 31407 11
20180524 1223 31407 31407 31407 31407 14
20180524 1224 31412 31412 31412 31412 5
20180524 1225 31417 31417 31417 31417 9
20180524 1227 31417 31417 31417 31417 3
20180524 1228 31417 31417 31417 31417 21
20180524 1229 31417 31417 31412 31412 6
20180524 1230 31407 31407 31403 31403 3
20180524 1232 31417 31417 31417 31417 12
20180524 1233 31417 31417 31417 31417 5
20180524 1234 31412 31412 31403 31403 13
20180524 1236 31388 31388 31388 31388 3
20180524 1237 31388 31388 31388 31388 12
20180524 1238 31393 31393 31388 31388 14
20180524 1239 31388 31388 31388 31388 2
20180524 1241 31388 31388 31388 31388 14
20180524 1242 31388 31388 31388 31388 5
20180524 1243 31383 31383 31383 31383 11
20180524 1246 31388 31388 31388 31388 12
20180524 1247 31388 31388 31378 31378 16
20180524 1248 31378 31378 31378 31378 2
20180524 1250 31398 31398 31398 31398 12
20180524 1251 31403 31403 31403 31403 5
20180524 1252 31398 31398 31398 31398 2
20180524 1253 31398 31398 31393 31393 10
20180524 1255 31403 31403 31403 31403 12
20180524 1256 31398 31403 31398 31403 13
20180524 1257 31398 31398 31393 31393 7
20180524 1259 31417 31417 31417 31417 12
20180524 1300 31417 31417 31417 31417 5
20180524 1301 31417 31417 31412 31412 3
20180524 1303 31422 31422 31422 31422 12
20180524 1304 31422 31422 31422 31422 12
20180524 1305 31417 31417 31417 31417 4
20180524 1306 31427 31427 31422 31422 11
20180524 1308 31422 31422 31422 31422 2
20180524 1309 31422 31422 31417 31417 14
20180524 1310 31417 31422 31417 31422 14
20180524 1311 31417 31417 31417 31417 2
20180524 1312 31412 31412 31412 31412 3
20180524 1313 31412 31412 31412 31412 12
20180524 1314 31412 31412 31412 31412 4
20180524 1315 31412 31412 31407 31407 11
20180524 1317 31393 31393 31393 31393 1
20180524 1318 31403 31403 31403 31403 12
20180524 1319 31398 31398 31398 31398 16
20180524 1320 31393 31393 31393 31393 2
20180524 1322 31403 31403 31403 31403 12
20180524 1323 31412 31412 31412 31412 4
20180524 1324 31403 31403 31403 31403 2
20180524 1325 31407 31407 31403 31403 10
20180524 1327 31412 31412 31412 31412 12
20180524 1328 31412 31417 31412 31417 8
20180524 1329 31417 31417 31417 31417 9
20180524 1331 31422 31422 31422 31422 12
20180524 1332 31427 31427 31417 31417 7
20180524 1333 31422 31422 31422 31422 11
20180524 1334 31417 31417 31417 31417 2
20180524 1335 31417 31417 31417 31417 4
20180524 1336 31422 31422 31422 31422 12
20180524 1337 31427 31427 31427 31427 7
20180524 1338 31422 31422 31422 31422 9
20180524 1339 31417 31417 31417 31417 3
20180524 1340 31417 31422 31417 31422 13
20180524 1341 31427 31427 31427 31427 4
20180524 1342 31427 31427 31427 31427 2
20180524 1343 31422 31422 31422 31422 9
20180524 1344 31422 31422 31422 31422 2
20180524 1345 31422 31422 31422 31422 12
20180524 1346 31422 31422 31422 31422 7
20180524 1348 31417 31422 31417 31422 9
20180524 1349 31422 31422 31422 31422 15
20180524 1350 31427 31427 31427 31427 4
20180524 1351 31427 31427 31427 31427 2
20180524 1353 31427 31427 31427 31427 11
20180524 1354 31427 31427 31427 31427 12
20180524 1355 31422 31422 31412 31412 7
20180524 1356 31407 31407 31407 31407 1
20180524 1358 31422 31422 31422 31422 21
20180524 1359 31427 31427 31427 31427 4
20180524 1400 31432 31432 31432 31432 9
20180524 1401 31427 31427 31427 31427 2
20180524 1403 31432 31432 31427 31427 13
20180524 1404 31432 31437 31432 31437 8
20180524 1406 31446 31446 31446 31446 9
20180524 1407 31446 31446 31442 31442 15
20180524 1408 31442 31442 31442 31442 4
20180524 1409 31442 31442 31442 31442 3
20180524 1411 31451 31451 31446 31446 14
20180524 1412 31446 31446 31446 31446 12
20180524 1413 31446 31446 31446 31446 7
20180524 1416 31446 31446 31446 31446 12
20180524 1417 31446 31446 31446 31446 12
20180524 1418 31442 31442 31442 31442 6
20180524 1420 31437 31437 31437 31437 12
20180524 1421 31437 31437 31437 31437 12
20180524 1422 31442 31442 31442 31442 7
20180524 1424 31437 31437 31437 31437 9
20180524 1425 31437 31437 31437 31437 3
20180524 1426 31437 31437 31437 31437 12
20180524 1427 31442 31442 31437 31437 5
20180524 1428 31442 31442 31437 31437 11
20180524 1429 31437 31437 31437 31437 2
20180524 1430 31442 31442 31442 31442 12
20180524 1431 31446 31446 31446 31446 7
20180524 1434 31451 31451 31451 31451 9
20180524 1435 31451 31456 31451 31456 13
20180524 1436 31461 31461 31461 31461 6
20180524 1438 31461 31461 31461 31461 11
20180524 1439 31466 31466 31466 31466 12
20180524 1440 31456 31456 31456 31456 10
20180524 1442 31446 31446 31446 31446 1
20180524 1443 31451 31451 31446 31446 12
20180524 1444 31446 31446 31446 31446 12
20180524 1445 31437 31437 31437 31437 6
20180524 1447 31437 31437 31437 31437 2
20180524 1448 31437 31437 31437 31437 21
20180524 1449 31437 31437 31437 31437 7
20180524 1450 31427 31427 31427 31427 1
20180524 1452 31432 31432 31427 31427 12
20180524 1453 31427 31427 31427 31427 12
20180524 1454 31417 31417 31417 31417 6
20180524 1457 31422 31422 31422 31422 21
20180524 1458 31417 31427 31417 31427 8
20180524 1459 31427 31427 31427 31427 1
20180524 1501 31427 31427 31427 31427 3
20180524 1502 31427 31432 31427 31432 21
20180524 1503 31437 31437 31437 31437 6
20180524 1505 31437 31437 31432 31432 11
20180524 1506 31427 31427 31427 31427 12
20180524 1507 31432 31432 31432 31432 7
20180524 1510 31427 31427 31427 31427 3
20180524 1511 31437 31437 31437 31437 12
20180524 1512 31446 31446 31446 31446 6
20180524 1514 31442 31442 31442 31442 11
20180524 1516 31442 31442 31437 31437 26
20180524 1517 31437 31437 31437 31437 2
20180524 1519 31437 31437 31437 31437 9
20180524 1530 31417 31417 31417 31417 1
20180525 903 31208 31208 31208 31208 1
20180525 911 31354 31354 31354 31354 1
20180525 919 31403 31403 31403 31403 1
20180525 926 31369 31369 31369 31369 1
20180525 934 31378 31378 31378 31378 1
20180525 941 31334 31334 31334 31334 1
20180525 949 31354 31354 31354 31354 1
20180525 957 31369 31369 31369 31369 1
20180525 1005 31339 31339 31339 31339 1
20180525 1012 31349 31349 31349 31349 1
20180525 1020 31393 31393 31393 31393 1
20180525 1028 31417 31417 31417 31417 1
20180525 1033 31427 31427 31427 31427 6
20180525 1035 31485 31485 31485 31485 1
20180525 1043 31456 31456 31456 31456 1
20180525 1051 31476 31476 31476 31476 1
20180525 1059 31481 31481 31481 31481 1
20180525 1106 31471 31471 31471 31471 1
20180525 1114 31495 31495 31495 31495 1
20180525 1122 31471 31471 31471 31471 1
20180525 1130 31471 31471 31471 31471 1
20180525 1137 31471 31471 31471 31471 1
20180525 1145 31476 31476 31476 31476 1
20180525 1153 31500 31500 31500 31500 1
20180525 1200 31485 31485 31485 31485 1
20180525 1208 31505 31505 31505 31505 1
20180525 1216 31490 31490 31490 31490 1
20180525 1224 31490 31490 31490 31490 1
20180525 1231 31510 31510 31510 31510 1
20180525 1239 31515 31515 31515 31515 1
20180525 1247 31534 31534 31534 31534 1
20180525 1254 31549 31549 31549 31549 1
20180525 1310 31529 31529 31529 31529 1
20180525 1317 31529 31529 31529 31529 1
20180525 1326 31510 31510 31510 31510 1
20180525 1333 31515 31515 31515 31515 1
20180525 1341 31510 31510 31510 31510 1
20180525 1349 31524 31524 31524 31524 1
20180525 1411 31500 31500 31500 31500 1
20180525 1419 31500 31500 31500 31500 1
20180525 1427 31495 31495 31495 31495 1
20180525 1435 31495 31495 31495 31495 1
20180525 1444 31510 31510 31510 31510 1
20180525 1450 31500 31500 31500 31500 1
20180525 1458 31495 31495 31495 31495 1
20180525 1530 31471 31471 31471 31471 2
20180528 903 31554 31583 31554 31554 33
20180528 911 31622 31622 31622 31622 1
20180528 918 31573 31573 31573 31573 1
20180528 926 31544 31544 31544 31544 1
20180528 934 31573 31573 31573 31573 1
20180528 942 31597 31597 31597 31597 1
20180528 949 31641 31641 31641 31641 1
20180528 957 31597 31597 31597 31597 1
20180528 1005 31602 31602 31602 31602 1
20180528 1012 31602 31602 31602 31602 1
20180528 1020 31617 31617 31617 31617 1
20180528 1028 31622 31622 31622 31622 1
20180528 1037 31607 31607 31607 31607 1
20180528 1043 31573 31573 31573 31573 1
20180528 1051 31573 31573 31573 31573 1
20180528 1106 31568 31568 31568 31568 1
20180528 1112 31583 31583 31583 31583 1
20180528 1114 31588 31588 31588 31588 1
20180528 1122 31597 31597 31597 31597 1
20180528 1129 31607 31607 31607 31607 1
20180528 1153 31597 31602 31597 31602 2
20180528 1154 31617 31617 31617 31617 1
20180528 1200 31597 31597 31597 31597 1
20180528 1208 31617 31617 31617 31617 1
20180528 1216 31622 31622 31622 31622 1
20180528 1223 31617 31617 31617 31617 1
20180528 1231 31617 31617 31617 31617 1
20180528 1239 31612 31612 31612 31612 1
20180528 1247 31612 31612 31612 31612 1
20180528 1254 31612 31612 31612 31612 1
20180528 1302 31617 31617 31617 31617 1
20180528 1317 31602 31602 31602 31602 1
20180528 1325 31607 31607 31607 31607 1
20180528 1333 31592 31592 31592 31592 1
20180528 1341 31588 31588 31588 31588 1
20180528 1348 31588 31588 31588 31588 1
20180528 1356 31583 31583 31583 31583 1
20180528 1417 31588 31588 31588 31588 1
20180528 1418 31592 31592 31592 31592 1
20180528 1419 31588 31588 31588 31588 1
20180528 1429 31578 31578 31578 31578 1
20180528 1435 31592 31592 31592 31592 1
20180528 1442 31602 31602 31602 31602 1
20180528 1450 31607 31607 31607 31607 1
20180528 1501 31607 31607 31607 31607 1
20180528 1506 31602 31602 31602 31602 1
20180528 1508 31617 31617 31617 31617 1
20180528 1516 31617 31617 31617 31617 1
20180528 1530 31612 31612 31612 31612 4
20180529 902 31544 31544 31544 31544 1
20180529 911 31554 31554 31554 31554 1
20180529 924 31583 31583 31583 31583 1
20180529 957 31437 31437 31437 31437 1
20180529 1005 31403 31403 31403 31403 1
20180529 1013 31398 31398 31398 31398 1
20180529 1028 31417 31422 31417 31422 2
20180529 1040 31398 31398 31398 31398 1
20180529 1043 31417 31417 31417 31417 1
20180529 1053 31417 31417 31417 31417 1
20180529 1107 31383 31388 31383 31388 2
20180529 1116 31388 31388 31388 31388 1
20180529 1125 31359 31359 31359 31359 1
20180529 1137 31369 31369 31369 31369 1
20180529 1138 31373 31373 31373 31373 1
20180529 1153 31373 31373 31373 31373 1
20180529 1154 31378 31378 31378 31378 1
20180529 1155 31383 31383 31383 31383 1
20180529 1211 31383 31388 31383 31388 2
20180529 1223 31373 31373 31373 31373 1
20180529 1232 31364 31364 31364 31364 1
20180529 1254 31344 31344 31344 31344 1
20180529 1300 31349 31349 31349 31349 1
20180529 1304 31354 31354 31354 31354 1
20180529 1305 31359 31359 31359 31359 1
20180529 1315 31359 31359 31359 31359 1
20180529 1321 31369 31369 31369 31369 1
20180529 1334 31373 31373 31373 31373 1
20180529 1343 31369 31369 31369 31369 1
20180529 1352 31364 31364 31364 31364 1
20180529 1405 31369 31369 31369 31369 1
20180529 1406 31373 31388 31373 31388 3
20180529 1414 31388 31388 31388 31388 1
20180529 1430 31354 31354 31354 31354 1
20180529 1442 31354 31354 31354 31354 1
20180529 1443 31359 31359 31359 31359 1
20180529 1451 31369 31369 31369 31369 1
20180529 1454 31383 31383 31383 31383 1
20180529 1501 31393 31393 31393 31393 1
20180529 1507 31359 31359 31359 31359 1
20180529 1513 31339 31339 31339 31339 1
20180529 1518 31315 31315 31315 31315 1
20180529 1530 31310 31310 31310 31310 1
20180530 902 31081 31174 31081 31174 2
20180530 926 30877 30877 30877 30877 1
20180530 934 30838 30838 30838 30838 1
20180530 936 30823 30823 30823 30823 1
20180530 943 30872 30872 30872 30872 1
20180530 1005 30843 30843 30843 30843 1
20180530 1038 30765 30765 30765 30765 1
20180530 1039 30770 30775 30770 30775 2
20180530 1131 30619 30619 30619 30619 1
20180530 1149 30590 30590 30590 30590 1
20180530 1157 30541 30541 30541 30541 1
20180530 1216 30556 30556 30556 30556 1
20180530 1222 30590 30590 30590 30590 1
20180530 1230 30599 30599 30599 30599 1
20180530 1232 30604 30638 30604 30638 3
20180530 1237 30653 30653 30653 30653 20
20180530 1242 30668 30668 30668 30668 1
20180530 1243 30672 30672 30672 30672 1
20180530 1253 30687 30687 30687 30687 1
20180530 1307 30672 30672 30672 30672 1
20180530 1314 30692 30697 30692 30697 2
20180530 1331 30653 30653 30653 30653 1
20180530 1341 30653 30672 30653 30672 2
20180530 1352 30648 30648 30648 30648 1
20180530 1357 30672 30672 30672 30672 1
20180530 1423 30638 30638 30638 30638 1
20180530 1426 30565 30565 30565 30565 1
20180530 1438 30497 30497 30497 30497 3
20180530 1448 30492 30492 30492 30492 1
20180530 1451 30507 30507 30507 30507 1
20180530 1503 30590 30590 30590 30590 1
20180530 1507 30590 30599 30590 30599 5
20180530 1509 30643 30668 30643 30668 2
20180530 1516 30658 30658 30658 30658 140
20180530 1518 30687 30687 30687 30687 1
20180530 1530 30614 30614 30614 30614 1
20180531 902 30692 30692 30692 30692 1
20180531 911 30692 30692 30692 30692 1
20180531 926 30677 30682 30677 30682 2
20180531 942 30741 30745 30741 30745 3
20180531 943 30775 30775 30775 30775 1
20180531 959 30789 30789 30789 30789 1
20180531 1021 30750 30755 30750 30755 2
20180531 1041 30745 30745 30745 30745 1
20180531 1042 30760 30760 30760 30760 1
20180531 1103 30731 30731 30731 30731 1
20180531 1108 30750 30750 30750 30750 1
20180531 1109 30755 30755 30755 30755 1
20180531 1116 30755 30755 30755 30755 1
20180531 1120 30760 30760 30760 30760 1
20180531 1202 30716 30716 30716 30716 1
20180531 1213 30711 30721 30711 30721 3
20180531 1217 30726 30736 30726 30736 2
20180531 1227 30755 30755 30755 30755 1
20180531 1236 30750 30750 30750 30750 1
20180531 1243 30755 30760 30755 30760 2
20180531 1309 30745 30745 30745 30745 1
20180531 1404 30711 30711 30711 30711 1
20180531 1419 30702 30702 30702 30702 1
20180531 1429 30697 30716 30697 30716 3
20180531 1430 30721 30726 30721 30726 2
20180531 1431 30731 30736 30731 30736 2
20180531 1433 30741 30741 30741 30741 1
20180531 1437 30745 30755 30745 30755 3
20180531 1446 30770 30770 30770 30770 1
20180531 1447 30775 30775 30775 30775 1
20180531 1507 30707 30707 30707 30707 1
20180531 1530 30736 30736 30736 30736 2
