날짜 시간 시가 고가 저가 종가 거래량
20200901 901 484000 488000 483500 483500 21
20200901 902 484000 484500 484000 484000 5
20200901 903 484000 484000 484000 484000 8
20200901 904 484000 484000 484000 484000 32
20200901 905 485000 485000 485000 485000 1
20200901 906 487500 488500 485000 488500 30
20200901 907 489000 489000 486000 486000 2
20200901 908 486500 486500 486500 486500 5
20200901 909 488500 488500 488500 488500 1
20200901 910 488500 488500 488500 488500 3
20200901 912 487000 487000 487000 487000 4
20200901 913 487000 487500 486500 487000 10
20200901 914 488500 488500 488500 488500 1
20200901 916 487500 489000 487500 487500 5
20200901 918 487500 488000 487500 488000 2
20200901 919 488500 488500 488500 488500 1
20200901 920 487500 487500 487500 487500 9
20200901 921 487500 487500 487500 487500 1
20200901 922 487500 487500 487500 487500 1
20200901 923 487500 487500 487500 487500 1
20200901 924 487000 487500 487000 487500 2
20200901 925 487000 487000 486500 487000 9
20200901 926 487000 487500 487000 487500 3
20200901 927 487000 487000 487000 487000 2
20200901 928 486500 487500 486500 487500 2
20200901 929 487500 487500 487500 487500 3
20200901 930 487500 487500 487500 487500 6
20200901 932 488000 488000 488000 488000 6
20200901 933 488000 488000 488000 488000 1
20200901 934 489000 489000 489000 489000 1
20200901 935 486500 486500 486500 486500 3
20200901 936 486500 486500 486000 486000 10
20200901 937 486000 488000 486000 488000 7
20200901 938 488000 488000 488000 488000 1
20200901 939 488000 488000 488000 488000 1
20200901 941 486500 488500 486500 488500 4
20200901 943 489000 489500 486500 486500 20
20200901 944 486500 489000 486500 489000 4
20200901 945 489500 489500 489500 489500 2
20200901 946 490000 490000 490000 490000 2
20200901 947 491000 491000 491000 491000 1
20200901 948 491000 493000 491000 493000 12
20200901 949 491500 492000 491500 492000 2
20200901 950 492000 493500 492000 493500 2
20200901 951 492000 492000 490500 490500 14
20200901 952 490500 490500 488500 488500 8
20200901 953 488000 488000 487500 487500 4
20200901 954 488000 488000 488000 488000 4
20200901 955 488000 493000 488000 491000 31
20200901 956 490000 490000 490000 490000 1
20200901 958 489000 489000 489000 489000 2
20200901 959 489000 489000 489000 489000 1
20200901 1000 489000 489000 489000 489000 2
20200901 1001 489500 489500 489500 489500 1
20200901 1002 490000 490000 490000 490000 1
20200901 1003 489500 490000 489500 490000 6
20200901 1004 490500 490500 489000 489000 4
20200901 1005 488500 488500 488500 488500 3
20200901 1006 488000 488000 488000 488000 1
20200901 1007 488000 488000 488000 488000 1
20200901 1008 488000 488000 487500 487500 15
20200901 1009 487000 487000 487000 487000 10
20200901 1010 487500 487500 487500 487500 1
20200901 1011 487500 487500 487500 487500 5
20200901 1013 487000 487000 487000 487000 2
20200901 1014 487000 487000 487000 487000 1
20200901 1017 487500 487500 487000 487000 2
20200901 1018 487000 487500 487000 487500 4
20200901 1019 487000 487000 487000 487000 4
20200901 1021 487500 489000 487500 489000 12
20200901 1022 488500 488500 488500 488500 1
20200901 1023 487000 487500 487000 487500 5
20200901 1025 487500 487500 487500 487500 1
20200901 1026 487500 487500 487500 487500 2
20200901 1029 487500 487500 487500 487500 3
20200901 1031 487500 487500 487000 487000 3
20200901 1032 487500 487500 486500 486500 55
20200901 1033 487000 487500 487000 487000 4
20200901 1034 486500 486500 486500 486500 1
20200901 1036 487500 488000 487500 488000 2
20200901 1038 488000 488500 488000 488500 7
20200901 1039 490000 490500 490000 490000 7
20200901 1044 489000 489000 489000 489000 1
20200901 1045 489500 489500 489500 489500 3
20200901 1048 489500 489500 489500 489500 3
20200901 1050 489000 489000 489000 489000 2
20200901 1051 490000 490000 490000 490000 1
20200901 1052 490500 492000 490500 492000 9
20200901 1055 490000 490000 490000 490000 1
20200901 1058 490000 490000 490000 490000 1
20200901 1059 490000 491500 490000 491500 3
20200901 1100 491500 491500 490000 490000 8
20200901 1102 490000 490000 489000 489000 3
20200901 1103 489500 489500 489500 489500 2
20200901 1106 489500 489500 489500 489500 1
20200901 1109 489500 489500 489500 489500 5
20200901 1112 489500 489500 489500 489500 2
20200901 1113 490000 490000 490000 490000 4
20200901 1114 489500 490000 489500 490000 7
20200901 1115 489500 489500 489500 489500 1
20200901 1116 490500 490500 490500 490500 2
20200901 1118 491000 491000 490000 490000 3
20200901 1119 490000 490000 489500 489500 2
20200901 1120 489500 489500 489500 489500 1
20200901 1127 489500 489500 489500 489500 1
20200901 1128 489500 489500 489500 489500 3
20200901 1131 489000 489000 489000 489000 1
20200901 1134 489000 489500 489000 489500 5
20200901 1136 489000 489000 489000 489000 2
20200901 1137 489000 489000 489000 489000 25
20200901 1139 489000 489000 488500 488500 2
20200901 1140 488500 489000 488500 489000 3
20200901 1145 489000 489000 489000 489000 2
20200901 1146 489000 489000 489000 489000 1
20200901 1147 489000 491000 489000 491000 9
20200901 1148 491000 492000 491000 492000 7
20200901 1149 490000 490000 490000 490000 10
20200901 1150 489500 489500 489500 489500 10
20200901 1152 489500 489500 489500 489500 5
20200901 1154 491000 491000 490000 490000 2
20200901 1159 489500 489500 489500 489500 1
20200901 1200 489500 489500 489500 489500 4
20200901 1201 490000 490500 489500 490500 7
20200901 1202 490500 491000 490500 491000 2
20200901 1203 491500 491500 491500 491500 1
20200901 1204 491000 491000 491000 491000 2
20200901 1205 491000 491000 491000 491000 1
20200901 1206 489500 489500 489500 489500 20
20200901 1207 491000 491000 491000 491000 3
20200901 1211 490500 490500 490500 490500 1
20200901 1212 490500 490500 490500 490500 2
20200901 1215 490500 490500 490500 490500 3
20200901 1216 490500 490500 490500 490500 1
20200901 1221 491000 491000 491000 491000 4
20200901 1226 491500 491500 491500 491500 3
20200901 1232 491000 491000 490000 490000 13
20200901 1233 490500 490500 490500 490500 1
20200901 1241 490500 490500 490500 490500 2
20200901 1244 490500 491000 490500 491000 7
20200901 1246 491000 491000 491000 491000 1
20200901 1247 491000 491000 491000 491000 1
20200901 1248 491000 491000 491000 491000 3
20200901 1252 491000 491000 491000 491000 1
20200901 1253 491000 491000 491000 491000 2
20200901 1254 491000 491000 490000 490000 6
20200901 1255 490500 490500 490500 490500 10
20200901 1257 491000 491000 491000 491000 2
20200901 1300 491000 491000 491000 491000 6
20200901 1301 491000 491000 491000 491000 4
20200901 1302 491000 491000 491000 491000 2
20200901 1303 491000 491000 491000 491000 2
20200901 1304 491000 491000 491000 491000 2
20200901 1305 491500 491500 491500 491500 27
20200901 1306 492000 492000 492000 492000 3
20200901 1307 492000 492000 491500 491500 37
20200901 1311 491000 491500 491000 491500 2
20200901 1312 492000 492000 492000 492000 3
20200901 1314 492000 492000 492000 492000 20
20200901 1315 492000 492000 492000 492000 5
20200901 1316 492000 492000 492000 492000 46
20200901 1317 492500 493000 492500 493000 8
20200901 1318 493000 493500 493000 493500 11
20200901 1319 493500 493500 493500 493500 12
20200901 1320 492500 492500 492500 492500 3
20200901 1322 494000 494000 494000 494000 1
20200901 1324 493500 494000 493500 493500 14
20200901 1325 494000 494000 494000 494000 1
20200901 1326 494000 494000 494000 494000 14
20200901 1327 494500 494500 494500 494500 12
20200901 1328 494500 495000 494500 495000 26
20200901 1329 495000 495000 495000 495000 36
20200901 1330 494000 494000 494000 494000 3
20200901 1331 494000 494000 493500 493500 10
20200901 1332 494500 494500 493500 493500 4
20200901 1333 493500 494000 493500 494000 2
20200901 1334 493500 494000 493500 494000 2
20200901 1335 494000 494000 494000 494000 1
20200901 1337 494000 494000 494000 494000 5
20200901 1339 494000 494000 494000 494000 1
20200901 1340 494000 494000 494000 494000 1
20200901 1341 494000 494000 494000 494000 5
20200901 1343 494000 494500 494000 494500 2
20200901 1344 494500 494500 494500 494500 13
20200901 1345 494000 494000 494000 494000 4
20200901 1347 494000 494000 494000 494000 1
20200901 1350 494000 494000 494000 494000 2
20200901 1352 494000 494000 493500 494000 5
20200901 1353 494000 494000 494000 494000 1
20200901 1357 494000 494000 494000 494000 3
20200901 1358 493500 493500 493500 493500 11
20200901 1400 493500 493500 493000 493000 23
20200901 1401 493000 493000 493000 493000 3
20200901 1402 493500 493500 493500 493500 1
20200901 1403 493500 493500 493500 493500 10
20200901 1405 493000 493000 493000 493000 30
20200901 1413 493000 493000 493000 493000 6
20200901 1416 493000 493000 493000 493000 3
20200901 1421 494000 494000 494000 494000 2
20200901 1428 494000 494500 494000 494500 14
20200901 1429 494500 494500 494500 494500 1
20200901 1431 494000 494000 494000 494000 5
20200901 1432 494500 494500 494500 494500 11
20200901 1433 494500 494500 494500 494500 1
20200901 1435 494500 495000 494500 495000 15
20200901 1439 494000 494000 494000 494000 12
20200901 1440 493500 493500 493500 493500 5
20200901 1441 492500 492500 492500 492500 10
20200901 1445 492500 492500 492500 492500 22
20200901 1448 492500 492500 492500 492500 3
20200901 1450 492000 492000 492000 492000 7
20200901 1452 492000 492000 492000 492000 19
20200901 1453 491000 492000 490500 492000 15
20200901 1455 494000 494000 494000 494000 2
20200901 1457 491500 491500 490500 490500 25
20200901 1500 491000 491000 491000 491000 5
20200901 1501 491500 491500 491500 491500 1
20200901 1503 493000 493000 493000 493000 22
20200901 1504 493000 493000 493000 493000 2
20200901 1505 493000 494000 493000 494000 7
20200901 1507 493000 493500 493000 493500 5
20200901 1508 493500 493500 493000 493000 4
20200901 1509 493000 493500 493000 493500 2
20200901 1510 492500 493500 492500 493500 5
20200901 1515 493500 493500 493500 493500 3
20200901 1516 493500 494000 493500 494000 6
20200901 1517 493500 493500 493500 493500 9
20200901 1518 494500 494500 494000 494500 11
20200901 1519 494500 494500 493500 493500 5
20200901 1520 494500 494500 494500 494500 4
20200901 1530 492500 492500 492500 492500 111
