날짜 시간 시가 고가 저가 종가 거래량
20190201 905 10845 10845 10845 10845 74
20190201 906 10840 10840 10840 10840 170
20190201 907 10835 10835 10825 10825 340
20190201 908 10840 10865 10840 10865 271
20190201 909 10860 10860 10850 10850 410
20190201 910 10860 10860 10860 10860 170
20190201 911 10845 10845 10820 10820 341
20190201 922 10800 10800 10800 10800 1
20190201 1001 10825 10825 10825 10825 74
20190201 1002 10800 10800 10800 10800 1
20190201 1015 10845 10845 10845 10845 1
20190201 1023 10850 10850 10850 10850 1
20190201 1025 10825 10825 10825 10825 1
20190201 1027 10855 10855 10855 10855 1
20190201 1029 10855 10855 10855 10855 75
20190201 1030 10860 10860 10860 10860 25
20190201 1035 10820 10820 10785 10785 103
20190201 1044 10785 10785 10785 10785 20
20190201 1046 10775 10775 10775 10775 3
20190201 1050 10765 10765 10765 10765 10
20190201 1051 10755 10755 10755 10755 10
20190201 1052 10745 10745 10745 10745 10
20190201 1056 10750 10750 10750 10750 30
20190201 1102 10725 10725 10725 10725 10
20190201 1106 10770 10770 10770 10770 1
20190201 1109 10770 10770 10770 10770 1
20190201 1110 10755 10755 10755 10755 1
20190201 1116 10780 10780 10780 10780 1
20190201 1122 10810 10810 10785 10785 20
20190201 1123 10765 10765 10765 10765 1
20190201 1126 10795 10795 10795 10795 1
20190201 1132 10765 10765 10765 10765 1
20190201 1133 10780 10780 10780 10780 1
20190201 1141 10755 10755 10755 10755 1
20190201 1149 10755 10755 10755 10755 1
20190201 1202 10750 10750 10750 10750 8
20190201 1219 10790 10790 10790 10790 1
20190201 1249 10775 10775 10775 10775 1
20190201 1357 10750 10750 10750 10750 3
20190201 1401 10730 10730 10730 10730 100
20190201 1434 10760 10760 10760 10760 15
20190201 1439 10730 10730 10710 10710 11
20190201 1507 10710 10710 10710 10710 50
20190201 1508 10715 10715 10715 10715 11
20190201 1509 10715 10715 10715 10715 89
20190201 1512 10715 10715 10710 10710 12
20190201 1513 10705 10705 10695 10695 621
20190201 1514 10690 10690 10690 10690 1
20190201 1516 10685 10685 10685 10685 1
20190201 1520 10680 10680 10680 10680 1
20190201 1530 10680 10680 10680 10680 3601
20190207 901 10860 10860 10860 10860 9
20190207 912 10725 10725 10725 10725 1
20190207 936 10720 10720 10720 10720 3
20190207 937 10720 10720 10720 10720 10
20190207 942 10735 10735 10735 10735 281
20190207 943 10715 10715 10715 10715 3
20190207 944 10710 10710 10705 10705 6
20190207 955 10675 10675 10675 10675 2
20190207 1008 10680 10680 10680 10680 270
20190207 1010 10680 10680 10675 10675 165
20190207 1012 10670 10670 10670 10670 31
20190207 1048 10765 10770 10750 10770 29
20190207 1049 10775 10775 10775 10775 9
20190207 1058 10770 10770 10770 10770 291
20190207 1109 10770 10770 10770 10770 5
20190207 1112 10750 10750 10750 10750 1
20190207 1119 10790 10790 10790 10790 100
20190207 1121 10810 10810 10810 10810 54
20190207 1127 10810 10810 10810 10810 10
20190207 1131 10815 10820 10815 10820 6
20190207 1133 10825 10835 10825 10835 9
20190207 1200 10780 10780 10780 10780 114
20190207 1242 10810 10810 10810 10810 20
20190207 1243 10815 10815 10810 10815 120
20190207 1305 10780 10780 10780 10780 70
20190207 1321 10780 10780 10780 10780 100
20190207 1322 10775 10775 10775 10775 1
20190207 1332 10775 10775 10775 10775 32
20190207 1349 10775 10775 10775 10775 40
20190207 1406 10750 10750 10750 10750 222
20190207 1407 10750 10750 10750 10750 1
20190207 1408 10745 10745 10745 10745 30
20190207 1431 10740 10740 10740 10740 20
20190207 1453 10760 10760 10760 10760 20
20190207 1458 10785 10785 10785 10785 17
20190207 1515 10740 10740 10740 10740 20
20190208 901 10650 10650 10650 10650 130
20190208 902 10595 10595 10595 10595 107
20190208 903 10570 10570 10570 10570 5
20190208 904 10565 10565 10560 10560 10
20190208 910 10555 10555 10550 10550 60
20190208 912 10545 10545 10525 10525 193
20190208 916 10510 10510 10510 10510 3
20190208 924 10510 10510 10510 10510 106
20190208 932 10570 10570 10565 10565 113
20190208 933 10565 10575 10565 10575 150
20190208 934 10575 10580 10570 10570 150
20190208 935 10570 10580 10570 10575 187
20190208 936 10575 10585 10575 10585 113
20190208 937 10580 10580 10580 10580 37
20190208 939 10575 10580 10575 10580 163
20190208 942 10590 10590 10590 10590 10
20190208 943 10580 10580 10580 10580 257
20190208 944 10580 10580 10580 10580 570
20190208 945 10590 10590 10590 10590 17
20190208 946 10580 10580 10580 10580 173
20190208 953 10540 10540 10540 10540 1
20190208 957 10525 10525 10525 10525 2
20190208 958 10525 10525 10525 10525 2
20190208 1007 10510 10510 10510 10510 1
20190208 1012 10505 10505 10505 10505 1
20190208 1013 10505 10505 10500 10500 160
20190208 1014 10495 10495 10495 10495 271
20190208 1025 10475 10475 10475 10475 55
20190208 1036 10450 10450 10450 10450 170
20190208 1037 10420 10420 10420 10420 9030
20190208 1039 10435 10435 10420 10420 2200
20190208 1103 10430 10430 10420 10420 200
20190208 1104 10420 10420 10415 10415 111
20190208 1106 10415 10415 10415 10415 200
20190208 1107 10410 10410 10400 10400 20
20190208 1111 10410 10410 10410 10410 1
20190208 1117 10410 10410 10410 10410 95
20190208 1120 10395 10395 10395 10395 100
20190208 1121 10395 10395 10395 10395 10
20190208 1122 10380 10380 10380 10380 500
20190208 1129 10415 10415 10415 10415 5
20190208 1134 10420 10420 10415 10415 43
20190208 1157 10425 10425 10425 10425 5
20190208 1158 10425 10425 10425 10425 28
20190208 1205 10460 10465 10460 10465 2
20190208 1206 10465 10465 10465 10465 66
20190208 1207 10475 10475 10475 10475 55
20190208 1208 10480 10480 10480 10480 33
20190208 1211 10455 10455 10455 10455 20
20190208 1215 10455 10455 10455 10455 30
20190208 1225 10430 10430 10430 10430 14
20190208 1228 10430 10430 10430 10430 186
20190208 1230 10430 10430 10430 10430 300
20190208 1231 10415 10415 10415 10415 33
20190208 1234 10440 10440 10440 10440 20
20190208 1320 10445 10445 10445 10445 80
20190208 1335 10435 10435 10435 10435 100
20190208 1337 10420 10420 10420 10420 2
20190208 1341 10410 10410 10400 10400 26
20190208 1346 10400 10400 10400 10400 50
20190208 1407 10400 10400 10400 10400 231
20190208 1436 10465 10465 10465 10465 1
20190208 1443 10430 10430 10430 10430 61
20190208 1453 10435 10435 10435 10435 1
20190208 1506 10435 10435 10435 10435 9
20190208 1513 10420 10420 10420 10420 10
20190208 1518 10415 10415 10415 10415 10
20190208 1530 10425 10425 10425 10425 37
20190211 1004 10405 10405 10405 10405 80
20190211 1005 10405 10405 10405 10405 100
20190211 1006 10405 10405 10405 10405 100
20190211 1007 10405 10410 10405 10405 128
20190211 1008 10405 10415 10405 10410 114
20190211 1009 10410 10410 10405 10405 100
20190211 1010 10410 10410 10410 10410 100
20190211 1011 10410 10410 10410 10410 100
20190211 1012 10405 10405 10405 10405 100
20190211 1013 10405 10405 10395 10395 98
20190211 1014 10405 10405 10395 10395 22
20190211 1018 10380 10380 10380 10380 5
20190211 1019 10365 10365 10365 10365 32
20190211 1021 10360 10360 10360 10360 300
20190211 1023 10350 10350 10350 10350 50
20190211 1028 10350 10350 10350 10350 1
20190211 1059 10350 10350 10350 10350 20
20190211 1115 10365 10365 10365 10365 216
20190211 1121 10365 10365 10365 10365 5
20190211 1126 10365 10365 10365 10365 5
20190211 1245 10365 10365 10365 10365 20
20190211 1327 10420 10420 10420 10420 31
20190211 1350 10420 10420 10420 10420 10
20190211 1353 10395 10395 10395 10395 50
20190211 1414 10425 10425 10425 10425 17
20190211 1431 10425 10425 10425 10425 90
20190211 1437 10405 10405 10405 10405 60
20190211 1443 10405 10405 10405 10405 100
20190211 1448 10405 10405 10405 10405 4
20190211 1452 10405 10405 10405 10405 50
20190211 1509 10420 10420 10420 10420 190
20190211 1514 10435 10435 10435 10435 230
20190211 1530 10435 10435 10435 10435 0
20190212 902 10450 10450 10450 10450 50
20190212 903 10460 10460 10460 10460 31
20190212 910 10450 10450 10450 10450 1
20190212 918 10470 10490 10470 10490 251
20190212 934 10515 10515 10515 10515 1
20190212 939 10550 10555 10550 10555 150
20190212 940 10555 10555 10555 10555 1000
20190212 941 10555 10555 10555 10555 1
20190212 950 10585 10585 10585 10585 1
20190212 953 10575 10575 10575 10575 1
20190212 955 10575 10575 10575 10575 100
20190212 957 10575 10575 10575 10575 2
20190212 1015 10565 10565 10565 10565 1
20190212 1135 10495 10495 10495 10495 9
20190212 1141 10520 10520 10520 10520 133
20190212 1148 10545 10545 10545 10545 121
20190212 1154 10560 10560 10560 10560 1
20190212 1155 10565 10570 10565 10570 302
20190212 1158 10590 10590 10590 10590 146
20190212 1224 10550 10550 10550 10550 55
20190212 1236 10545 10545 10545 10545 1
20190212 1243 10560 10560 10560 10560 56
20190212 1318 10560 10560 10555 10555 3420
20190212 1319 10555 10555 10555 10555 841
20190212 1346 10605 10605 10605 10605 1
20190212 1347 10595 10595 10595 10595 20
20190212 1436 10590 10590 10590 10590 30
20190212 1438 10585 10585 10585 10585 10
20190212 1442 10595 10595 10595 10595 1
20190212 1452 10575 10575 10575 10575 10
20190212 1506 10585 10585 10585 10585 88
20190212 1513 10565 10585 10560 10585 550
20190212 1514 10585 10585 10580 10585 720
20190212 1515 10585 10585 10575 10575 790
20190212 1516 10575 10575 10545 10575 1433
20190212 1517 10575 10580 10570 10580 790
20190212 1518 10580 10580 10580 10580 640
20190212 1519 10580 10580 10580 10580 220
20190212 1520 10580 10580 10580 10580 150
20190212 1530 10585 10585 10585 10585 3
20190213 902 10600 10600 10600 10600 18
20190213 904 10645 10645 10645 10645 102
20190213 907 10650 10650 10650 10650 50
20190213 908 10650 10650 10650 10650 3
20190213 909 10650 10665 10650 10665 41
20190213 910 10670 10675 10670 10675 6
20190213 911 10680 10690 10680 10690 9
20190213 912 10690 10690 10690 10690 200
20190213 920 10650 10650 10650 10650 10
20190213 921 10640 10640 10640 10640 10
20190213 929 10610 10610 10610 10610 20
20190213 930 10600 10600 10600 10600 62
20190213 935 10630 10630 10630 10630 100
20190213 936 10635 10635 10635 10635 110
20190213 938 10625 10625 10625 10625 90
20190213 939 10635 10635 10635 10635 100
20190213 940 10645 10645 10645 10645 100
20190213 943 10625 10625 10625 10625 100
20190213 944 10630 10630 10630 10630 10
20190213 945 10635 10635 10635 10635 5
20190213 957 10645 10645 10645 10645 100
20190213 958 10665 10665 10665 10665 1
20190213 1006 10660 10660 10660 10660 10
20190213 1011 10665 10665 10665 10665 1
20190213 1012 10650 10650 10650 10650 1000
20190213 1016 10675 10675 10675 10675 9
20190213 1035 10650 10650 10650 10650 31
20190213 1036 10665 10665 10665 10665 1
20190213 1046 10675 10675 10670 10670 20
20190213 1048 10665 10665 10665 10665 10
20190213 1051 10690 10690 10690 10690 10
20190213 1115 10690 10690 10690 10690 10
20190213 1116 10680 10685 10680 10685 18
20190213 1118 10680 10680 10680 10680 9
20190213 1119 10675 10675 10675 10675 1
20190213 1121 10670 10670 10670 10670 9
20190213 1122 10650 10650 10635 10635 220
20190213 1137 10675 10675 10675 10675 9
20190213 1144 10670 10670 10670 10670 100
20190213 1151 10660 10660 10660 10660 1
20190213 1214 10670 10670 10670 10670 88
20190213 1249 10670 10670 10670 10670 10
20190213 1254 10660 10660 10660 10660 100
20190213 1255 10650 10650 10650 10650 50
20190213 1409 10670 10670 10670 10670 100
20190213 1413 10670 10670 10670 10670 1
20190213 1424 10675 10675 10675 10675 88
20190213 1456 10660 10660 10660 10660 17
20190213 1508 10670 10670 10670 10670 1
20190213 1512 10675 10675 10675 10675 66
20190213 1516 10660 10660 10660 10660 751
20190214 906 10610 10610 10610 10610 30
20190214 909 10610 10610 10610 10610 1
20190214 920 10585 10585 10585 10585 1
20190214 923 10550 10550 10550 10550 2
20190214 926 10550 10550 10550 10550 100
20190214 928 10545 10545 10545 10545 1
20190214 930 10540 10540 10540 10540 100
20190214 932 10520 10520 10520 10520 100
20190214 933 10530 10530 10530 10530 55
20190214 934 10525 10525 10525 10525 100
20190214 938 10555 10555 10555 10555 100
20190214 940 10570 10570 10570 10570 1
20190214 944 10565 10565 10565 10565 3
20190214 954 10590 10590 10590 10590 1
20190214 955 10590 10590 10590 10590 100
20190214 1000 10585 10585 10585 10585 100
20190214 1001 10600 10600 10600 10600 30
20190214 1004 10585 10585 10585 10585 100
20190214 1005 10590 10590 10590 10590 100
20190214 1012 10590 10590 10590 10590 100
20190214 1014 10600 10600 10600 10600 1000
20190214 1015 10600 10600 10600 10600 23
20190214 1018 10610 10610 10610 10610 100
20190214 1033 10600 10600 10600 10600 100
20190214 1035 10605 10605 10605 10605 10
20190214 1040 10610 10610 10610 10610 100
20190214 1052 10595 10625 10595 10625 101
20190214 1059 10630 10630 10630 10630 1
20190214 1105 10615 10615 10615 10615 5
20190214 1106 10620 10620 10620 10620 25
20190214 1109 10620 10620 10620 10620 2
20190214 1110 10585 10585 10585 10585 359
20190214 1120 10600 10600 10600 10600 100
20190214 1135 10600 10600 10600 10600 50
20190214 1157 10600 10600 10600 10600 55
20190214 1159 10575 10575 10575 10575 1
20190214 1223 10590 10590 10590 10590 100
20190214 1247 10590 10590 10590 10590 100
20190214 1320 10650 10650 10650 10650 50
20190214 1328 10650 10650 10650 10650 55
20190214 1333 10635 10635 10635 10635 10
20190214 1342 10640 10650 10640 10650 12
20190214 1345 10655 10655 10655 10655 4
20190214 1352 10655 10655 10655 10655 12
20190214 1358 10660 10660 10660 10660 4
20190214 1400 10665 10665 10665 10665 4
20190214 1409 10670 10670 10670 10670 4
20190214 1410 10675 10675 10675 10675 4
20190214 1444 10695 10695 10695 10695 500
20190214 1445 10705 10705 10705 10705 30
20190214 1449 10700 10700 10700 10700 66
20190214 1505 10745 10745 10745 10745 82
20190214 1506 10740 10740 10740 10740 110
20190214 1507 10745 10750 10745 10745 114
20190214 1508 10745 10745 10745 10745 110
20190214 1509 10745 10745 10725 10745 149
20190214 1510 10745 10760 10745 10760 110
20190214 1511 10755 10755 10755 10755 82
20190214 1512 10755 10760 10735 10760 154
20190214 1513 10765 10765 10740 10765 739
20190214 1514 10765 10770 10750 10755 388
20190214 1515 10760 10770 10760 10770 9
20190214 1516 10775 10780 10775 10780 126
20190214 1517 10770 10790 10770 10790 108
20190214 1518 10790 10790 10790 10790 55
20190214 1519 10790 10790 10780 10780 15
20190214 1530 10840 10840 10840 10840 187
20190215 901 10840 10840 10840 10840 50
20190215 913 10730 10730 10730 10730 5
20190215 915 10720 10720 10720 10720 18
20190215 922 10720 10720 10720 10720 500
20190215 923 10720 10720 10720 10720 109
20190215 928 10730 10730 10730 10730 6400
20190215 948 10700 10700 10700 10700 3000
20190215 952 10695 10695 10695 10695 1
20190215 953 10690 10690 10690 10690 112
20190215 956 10680 10680 10680 10680 11
20190215 1001 10700 10700 10700 10700 50
20190215 1022 10720 10720 10720 10720 1
20190215 1024 10700 10700 10700 10700 4
20190215 1034 10690 10690 10690 10690 4
20190215 1037 10680 10680 10680 10680 4
20190215 1038 10675 10675 10675 10675 11
20190215 1040 10670 10670 10670 10670 15
20190215 1043 10665 10665 10665 10665 11
20190215 1047 10660 10660 10660 10660 1000
20190215 1048 10700 10700 10700 10700 124
20190215 1103 10670 10670 10670 10670 2
20190215 1107 10685 10685 10685 10685 100
20190215 1115 10650 10650 10650 10650 20
20190215 1140 10545 10545 10545 10545 80
20190215 1149 10535 10535 10535 10535 480
20190215 1154 10535 10535 10535 10535 20
20190215 1159 10570 10570 10570 10570 10
20190215 1201 10560 10560 10560 10560 10
20190215 1204 10560 10560 10560 10560 1
20190215 1205 10555 10555 10555 10555 10
20190215 1206 10555 10555 10545 10545 61
20190215 1207 10545 10545 10545 10545 9
20190215 1208 10540 10540 10540 10540 10
20190215 1216 10535 10535 10510 10510 4806
20190215 1253 10545 10545 10545 10545 1
20190215 1303 10550 10550 10550 10550 10
20190215 1345 10530 10530 10530 10530 157
20190215 1354 10565 10565 10565 10565 100
20190215 1411 10525 10525 10525 10525 1
20190215 1420 10525 10525 10515 10515 62
20190215 1435 10535 10535 10535 10535 45
20190215 1447 10575 10575 10575 10575 53
20190215 1448 10575 10575 10575 10575 50
20190215 1451 10575 10575 10575 10575 55
20190215 1452 10585 10585 10585 10585 45
20190215 1454 10585 10585 10585 10585 65
20190215 1459 10635 10635 10635 10635 59
20190215 1504 10590 10590 10590 10590 11
20190215 1518 10590 10590 10590 10590 100
20190215 1530 10620 10620 10620 10620 2
20190218 901 10715 10715 10715 10715 25
20190218 903 10750 10780 10750 10780 52
20190218 929 10775 10775 10775 10775 3
20190218 935 10780 10780 10780 10780 3
20190218 941 10765 10765 10765 10765 1
20190218 944 10765 10765 10760 10760 106
20190218 945 10760 10760 10760 10760 30
20190218 1002 10760 10760 10760 10760 110
20190218 1003 10775 10775 10775 10775 35
20190218 1004 10780 10790 10780 10790 236
20190218 1030 10780 10780 10780 10780 9
20190218 1031 10775 10775 10775 10775 9
20190218 1033 10790 10790 10790 10790 40
20190218 1036 10790 10790 10790 10790 176
20190218 1046 10805 10805 10805 10805 5176
20190218 1054 10795 10795 10795 10795 10
20190218 1055 10800 10800 10800 10800 20
20190218 1100 10795 10795 10795 10795 10
20190218 1101 10790 10790 10790 10790 10
20190218 1106 10755 10800 10750 10800 233
20190218 1110 10805 10805 10805 10805 3
20190218 1217 10765 10765 10765 10765 50
20190218 1231 10760 10760 10760 10760 50
20190218 1258 10750 10750 10745 10745 100
20190218 1305 10715 10715 10715 10715 700
20190218 1316 10735 10735 10735 10735 25
20190218 1335 10725 10725 10725 10725 100
20190218 1401 10700 10700 10700 10700 200
20190218 1410 10725 10725 10700 10700 40
20190218 1413 10700 10700 10700 10700 80
20190218 1414 10675 10675 10675 10675 169
20190218 1423 10690 10690 10690 10690 10
20190218 1424 10690 10690 10690 10690 10
20190218 1435 10700 10700 10700 10700 10
20190218 1452 10740 10740 10740 10740 10
20190218 1453 10740 10745 10735 10735 90
20190218 1458 10740 10740 10740 10740 10
20190218 1517 10750 10750 10750 10750 6
20190218 1518 10750 10750 10750 10750 3
20190218 1530 10740 10740 10740 10740 45
20190219 901 10450 10450 10450 10450 150
20190219 902 10900 10900 10660 10660 104
20190219 903 10660 10670 10660 10670 20
20190219 912 10555 10555 10555 10555 100
20190219 915 10535 10535 10535 10535 100
20190219 916 10545 10545 10545 10545 100
20190219 920 10565 10565 10565 10565 100
20190219 922 10565 10565 10565 10565 100
20190219 923 10555 10555 10555 10555 100
20190219 924 10570 10570 10570 10570 100
20190219 931 10655 10655 10655 10655 100
20190219 937 10655 10655 10655 10655 300
20190219 938 10655 10655 10655 10655 100
20190219 939 10650 10650 10650 10650 200
20190219 942 10645 10645 10645 10645 100
20190219 943 10635 10635 10635 10635 500
20190219 958 10670 10670 10670 10670 100
20190219 1014 10695 10695 10695 10695 1
20190219 1044 10755 10755 10755 10755 100
20190219 1055 10765 10765 10765 10765 100
20190219 1059 10765 10765 10765 10765 1
20190219 1100 10755 10755 10755 10755 10
20190219 1102 10755 10755 10755 10755 100
20190219 1103 10740 10740 10740 10740 140
20190219 1107 10735 10735 10735 10735 2
20190219 1127 10740 10740 10740 10740 7
20190219 1140 10735 10735 10735 10735 30
20190219 1156 10755 10755 10755 10755 100
20190219 1250 10750 10750 10750 10750 3
20190219 1255 10735 10735 10735 10735 1
20190219 1329 10735 10735 10735 10735 111
20190219 1350 10755 10755 10755 10755 3
20190219 1353 10760 10770 10760 10770 9
20190219 1356 10765 10765 10760 10760 20
20190219 1359 10755 10755 10755 10755 50
20190219 1400 10755 10755 10755 10755 100
20190219 1402 10750 10750 10750 10750 30
20190219 1403 10765 10765 10765 10765 3
20190219 1505 10700 10700 10700 10700 1
20190219 1515 10685 10685 10685 10685 463
20190219 1520 10700 10700 10700 10700 1
20190220 909 10775 10775 10775 10775 300
20190220 910 10780 10790 10780 10790 200
20190220 911 10790 10790 10790 10790 100
20190220 915 10790 10795 10790 10795 6
20190220 926 10765 10765 10760 10760 100
20190220 927 10755 10755 10755 10755 50
20190220 928 10765 10765 10765 10765 1
20190220 941 10795 10795 10795 10795 1
20190220 944 10795 10800 10795 10800 4
20190220 947 10805 10810 10805 10810 5
20190220 1000 10810 10815 10810 10815 4
20190220 1003 10795 10795 10785 10785 460
20190220 1004 10790 10790 10785 10785 460
20190220 1005 10785 10785 10785 10785 460
20190220 1006 10795 10800 10795 10800 460
20190220 1007 10795 10795 10795 10795 230
20190220 1008 10785 10785 10785 10785 230
20190220 1012 10805 10805 10805 10805 99
20190220 1013 10800 10800 10800 10800 2
20190220 1014 10805 10805 10805 10805 100
20190220 1015 10815 10815 10815 10815 150
20190220 1016 10820 10835 10820 10835 41
20190220 1017 10840 10845 10840 10845 6
20190220 1024 10855 10855 10855 10855 50
20190220 1032 10875 10875 10875 10875 20
20190220 1041 10900 10900 10900 10900 1009
20190220 1053 10960 10960 10960 10960 22
20190220 1107 10915 10935 10915 10935 45
20190220 1112 10935 10935 10930 10930 17
20190220 1113 10930 10930 10930 10930 26
20190220 1114 10940 10940 10940 10940 50
20190220 1125 10960 10960 10960 10960 9
20190220 1127 10965 10970 10965 10970 117
20190220 1129 10980 10980 10975 10975 71
20190220 1148 10940 10940 10940 10940 1
20190220 1150 10950 10950 10950 10950 50
20190220 1158 10950 10950 10950 10950 1
20190220 1219 10960 10960 10960 10960 1
20190220 1229 10950 10950 10950 10950 5
20190220 1258 10925 10925 10925 10925 1000
20190220 1304 10920 10920 10915 10915 2
20190220 1307 10895 10895 10885 10885 1000
20190220 1320 10865 10865 10865 10865 15
20190220 1329 10860 10860 10860 10860 130
20190220 1406 10890 10890 10890 10890 30
20190220 1425 10890 10890 10890 10890 54
20190220 1428 10890 10890 10890 10890 77
20190220 1455 10875 10875 10875 10875 286
20190220 1510 10925 10925 10925 10925 1
20190220 1513 10920 10925 10920 10925 98
20190220 1514 10925 10930 10925 10925 560
20190220 1515 10925 10930 10895 10925 939
20190220 1516 10925 10925 10910 10910 515
20190220 1517 10910 10920 10910 10910 534
20190220 1518 10910 10920 10905 10905 478
20190220 1519 10900 10930 10900 10930 98
20190220 1530 10925 10925 10925 10925 1
20190221 927 10800 10800 10800 10800 1
20190221 929 10770 10770 10770 10770 30
20190221 931 10765 10770 10765 10770 40
20190221 932 10775 10780 10775 10780 40
20190221 936 10800 10800 10800 10800 20
20190221 937 10800 10800 10800 10800 2
20190221 944 10795 10805 10795 10800 27
20190221 945 10810 10810 10800 10800 36
20190221 946 10795 10795 10795 10795 9
20190221 947 10800 10800 10800 10800 50
20190221 953 10805 10805 10805 10805 10
20190221 1006 10780 10780 10780 10780 1
20190221 1009 10790 10790 10790 10790 1
20190221 1028 10750 10750 10750 10750 100
20190221 1032 10750 10760 10750 10760 55
20190221 1036 10765 10765 10765 10765 50
20190221 1043 10805 10805 10805 10805 58
20190221 1050 10800 10800 10800 10800 100
20190221 1053 10800 10820 10800 10820 23
20190221 1054 10815 10815 10815 10815 1
20190221 1057 10825 10825 10825 10825 7
20190221 1107 10830 10845 10830 10845 51
20190221 1111 10860 10860 10860 10860 6
20190221 1114 10860 10860 10860 10860 7
20190221 1120 10845 10845 10845 10845 366
20190221 1122 10845 10845 10845 10845 4
20190221 1155 10920 10920 10920 10920 10
20190221 1157 10925 10925 10925 10925 200
20190221 1202 10920 10920 10915 10915 54
20190221 1215 10925 10925 10925 10925 1
20190221 1216 10925 10925 10925 10925 1
20190221 1217 10930 10930 10930 10930 1
20190221 1253 10940 10940 10940 10940 20
20190221 1335 10940 10940 10940 10940 2
20190221 1413 10945 10945 10945 10945 78
20190221 1425 10945 10950 10945 10950 21
20190221 1431 10965 10965 10965 10965 3
20190221 1441 10965 10965 10965 10965 98
20190221 1504 10905 10905 10905 10905 150
20190221 1509 10915 10915 10915 10915 110
20190221 1512 10900 10900 10900 10900 100
20190221 1513 10895 10895 10895 10895 553
20190221 1520 10910 10910 10910 10910 1
20190221 1530 10910 10910 10910 10910 1
20190222 911 10810 10810 10810 10810 1
20190222 1025 10815 10815 10815 10815 20
20190222 1038 10815 10815 10815 10815 55
20190222 1043 10815 10815 10815 10815 40
20190222 1137 10845 10870 10845 10870 201
20190222 1206 10870 10870 10870 10870 55
20190222 1409 10855 10855 10855 10855 140
20190222 1411 10865 10865 10865 10865 10
20190222 1428 10870 10870 10870 10870 3
20190222 1432 10870 10870 10870 10870 2
20190222 1435 10875 10875 10875 10875 1
20190222 1436 10865 10865 10865 10865 1
20190222 1440 10880 10880 10880 10880 10
20190222 1443 10905 10905 10905 10905 10
20190222 1456 10905 10905 10905 10905 50
20190222 1505 10905 10905 10905 10905 55
20190222 1514 10895 10895 10895 10895 211
20190225 901 11005 11005 11005 11005 42
20190225 905 10985 11020 10985 11020 315
20190225 906 11030 11030 11005 11005 420
20190225 907 11005 11010 11000 11000 420
20190225 908 11020 11020 11010 11015 315
20190225 909 11005 11010 11000 11005 420
20190225 910 11010 11015 11010 11015 210
20190225 934 11015 11015 11015 11015 20
20190225 1101 10960 10960 10960 10960 1
20190225 1128 10980 10980 10980 10980 70
20190225 1221 10950 10950 10950 10950 100
20190225 1231 10955 10955 10955 10955 110
20190225 1239 10960 10960 10960 10960 74
20190225 1245 10960 10960 10960 10960 35
20190225 1327 10940 10940 10940 10940 134
20190225 1344 10955 10955 10955 10955 250
20190225 1513 10965 10965 10965 10965 384
20190225 1530 10980 10980 10980 10980 1900
20190226 912 10990 10990 10990 10990 1
20190226 925 10980 10980 10980 10980 1
20190226 935 10975 10975 10975 10975 9
20190226 937 10990 10990 10990 10990 9
20190226 938 10985 10985 10985 10985 9
20190226 1016 11000 11000 11000 11000 5
20190226 1017 10995 10995 10995 10995 5
20190226 1023 10995 10995 10995 10995 10
20190226 1029 10985 10985 10985 10985 3
20190226 1031 10955 10955 10950 10950 10
20190226 1039 10940 10940 10940 10940 2
20190226 1054 10940 10940 10940 10940 432
20190226 1055 10940 10940 10935 10935 264
20190226 1110 10950 10950 10950 10950 9
20190226 1111 10945 10945 10945 10945 9
20190226 1126 10935 10935 10935 10935 9
20190226 1127 10925 10925 10925 10925 9
20190226 1136 10915 10915 10915 10915 9
20190226 1143 10905 10905 10905 10905 9
20190226 1246 10910 10910 10910 10910 40
20190226 1314 10895 10895 10895 10895 1
20190226 1430 10890 10890 10890 10890 15
20190226 1433 10890 10890 10890 10890 2
20190226 1434 10890 10890 10890 10890 37
20190226 1437 10895 10895 10895 10895 1
20190226 1438 10890 10890 10890 10890 1520
20190226 1456 10895 10895 10895 10895 77
20190226 1504 10885 10885 10885 10885 1
20190227 908 10945 10945 10945 10945 9
20190227 909 10970 10970 10970 10970 9
20190227 915 10970 10970 10970 10970 2
20190227 917 11010 11010 11010 11010 31
20190227 936 10980 10980 10980 10980 50
20190227 937 10935 10935 10935 10935 8
20190227 1159 10955 10960 10955 10955 3
20190227 1200 10955 10955 10955 10955 1
20190227 1204 10950 10950 10950 10950 1
20190227 1213 10985 10985 10985 10985 3
20190227 1303 10970 10970 10970 10970 28
20190227 1305 10970 10970 10970 10970 372
20190227 1323 10970 10970 10970 10970 705
20190227 1445 11000 11000 11000 11000 14
20190227 1456 11015 11015 11015 11015 2
20190227 1458 11015 11015 11015 11015 1
20190227 1515 10985 10985 10985 10985 14
20190227 1530 11005 11005 11005 11005 3
20190228 905 10860 10860 10860 10860 32
20190228 911 10795 10795 10795 10795 120
20190228 912 10805 10805 10785 10795 140
20190228 913 10795 10805 10795 10805 170
20190228 914 10790 10790 10785 10785 110
20190228 915 10780 10785 10780 10785 60
20190228 931 10860 10860 10860 10860 300
20190228 937 10875 10875 10875 10875 1
20190228 1004 10900 10900 10900 10900 10
20190228 1005 10900 10900 10900 10900 90
20190228 1011 10950 10950 10950 10950 13
20190228 1025 10950 10950 10950 10950 2
20190228 1053 10955 10955 10955 10955 1
20190228 1057 10950 10950 10950 10950 95
20190228 1101 10975 10975 10975 10975 300
20190228 1102 10970 10970 10970 10970 125
20190228 1107 10965 10965 10965 10965 11
20190228 1110 10950 10950 10950 10950 583
20190228 1154 10955 10955 10955 10955 11
20190228 1157 10955 10955 10955 10955 9
20190228 1201 10920 10920 10920 10920 3
20190228 1202 10915 10915 10915 10915 16
20190228 1207 10895 10895 10895 10895 17
20190228 1208 10895 10895 10895 10895 83
20190228 1216 10890 10890 10880 10880 700
20190228 1312 10880 10880 10880 10880 2
20190228 1314 10905 10905 10905 10905 20
20190228 1344 10870 10870 10870 10870 10
20190228 1356 10865 10865 10860 10860 50
20190228 1408 10855 10855 10855 10855 20
20190228 1430 10860 10860 10860 10860 1
20190228 1441 10855 10855 10855 10855 2
20190228 1442 10850 10850 10840 10840 172
20190228 1444 10835 10835 10830 10830 41
20190228 1445 10825 10825 10820 10820 40
20190228 1453 10790 10790 10775 10775 82
20190228 1454 10770 10770 10755 10755 70
20190228 1456 10755 10755 10740 10740 80
20190228 1502 10695 10695 10695 10695 20
20190228 1506 10710 10710 10710 10710 50
20190228 1507 10700 10700 10685 10685 2
20190228 1508 10685 10685 10685 10685 1557
20190228 1514 10695 10695 10690 10690 40
20190228 1515 10685 10685 10670 10670 302
20190228 1519 10680 10680 10680 10680 10
20190228 1520 10665 10665 10665 10665 20
20190228 1530 10670 10670 10670 10670 802
