날짜 시간 시가 고가 저가 종가 거래량
20180402 901 13348 13348 13348 13348 43
20180402 905 13348 13348 13338 13338 34
20180402 912 13308 13308 13308 13308 1
20180402 915 13288 13288 13288 13288 4
20180402 919 13278 13278 13278 13278 2
20180402 923 13268 13268 13268 13268 22
20180402 925 13258 13258 13258 13258 1032
20180402 928 13258 13258 13258 13258 1
20180402 932 13253 13253 13148 13148 500
20180402 935 13158 13158 13148 13148 100
20180402 1000 13248 13263 13248 13263 22
20180402 1013 13263 13263 13263 13263 9
20180402 1029 13263 13263 13263 13263 1
20180402 1032 13188 13188 13158 13158 300
20180402 1046 13258 13258 13258 13258 2
20180402 1051 13263 13263 13263 13263 5
20180402 1053 13263 13263 13263 13263 1
20180402 1100 13163 13263 13163 13263 2
20180402 1102 13263 13263 13263 13263 1
20180402 1104 13258 13258 13258 13258 1
20180402 1105 13263 13263 13263 13263 10
20180402 1150 13263 13263 13263 13263 1
20180402 1155 13238 13238 13168 13168 100
20180402 1241 13168 13168 13168 13168 2
20180402 1248 13168 13168 13153 13153 300
20180402 1301 13158 13158 13153 13153 40
20180402 1302 13153 13153 13153 13153 360
20180402 1329 13253 13253 13253 13253 7
20180402 1331 13253 13253 13253 13253 10
20180402 1334 13263 13263 13263 13263 9
20180402 1336 13243 13243 13243 13243 5
20180402 1343 13243 13243 13238 13238 2
20180402 1354 13238 13238 13238 13238 3
20180402 1357 13258 13258 13258 13258 2
20180402 1401 13258 13258 13258 13258 1
20180402 1430 13193 13193 13188 13188 86
20180402 1445 13158 13218 13158 13218 19
20180402 1449 13158 13158 13158 13158 2
20180402 1501 13158 13158 13158 13158 97
20180402 1502 13158 13158 13158 13158 65
20180402 1511 13158 13158 13158 13158 2
20180402 1519 13253 13253 13253 13253 10
20180402 1530 13248 13248 13248 13248 46
20180403 901 12784 12784 12769 12769 326
20180403 902 12739 12739 12739 12739 1000
20180403 903 12744 12744 12744 12744 31
20180403 904 12744 12744 12744 12744 15
20180403 906 12744 12754 12744 12754 452
20180403 907 12754 12754 12754 12754 13
20180403 910 12754 12754 12754 12754 1
20180403 912 12749 12749 12749 12749 11
20180403 913 12744 12744 12744 12744 19
20180403 914 12749 12749 12749 12749 5
20180403 915 12749 12749 12749 12749 2
20180403 916 12749 12749 12749 12749 16
20180403 919 12749 12749 12749 12749 105
20180403 920 12749 12749 12749 12749 11
20180403 922 12749 12749 12749 12749 2
20180403 924 12754 12754 12754 12754 1
20180403 925 12754 12754 12754 12754 6
20180403 926 12754 12754 12754 12754 1
20180403 928 12754 12754 12754 12754 2
20180403 931 12749 12749 12749 12749 10
20180403 932 12749 12749 12749 12749 5
20180403 934 12744 12744 12739 12739 100
20180403 940 12754 12754 12754 12754 30
20180403 945 12744 12744 12739 12739 177
20180403 949 12749 12749 12749 12749 51
20180403 950 12749 12749 12749 12749 13
20180403 951 12744 12744 12744 12744 5
20180403 952 12744 12744 12744 12744 10
20180403 953 12744 12744 12744 12744 20
20180403 955 12744 12744 12744 12744 81
20180403 956 12744 12744 12744 12744 12
20180403 957 12744 12744 12744 12744 10
20180403 1002 12749 12749 12749 12749 10
20180403 1004 12749 12749 12749 12749 1
20180403 1005 12744 12744 12744 12744 14
20180403 1009 12744 12744 12744 12744 1
20180403 1016 12749 12749 12749 12749 20
20180403 1017 12749 12749 12749 12749 10
20180403 1018 12744 12744 12744 12744 10
20180403 1020 12744 12744 12744 12744 31
20180403 1021 12744 12744 12744 12744 10
20180403 1022 12739 12739 12739 12739 1145
20180403 1023 12739 12739 12739 12739 20
20180403 1024 12739 12739 12739 12739 10
20180403 1025 12739 12739 12739 12739 1
20180403 1030 12744 12744 12744 12744 3
20180403 1032 12739 12739 12739 12739 2
20180403 1033 12744 12744 12744 12744 10
20180403 1050 12754 12754 12754 12754 1
20180403 1051 12754 12754 12754 12754 15
20180403 1053 12754 12754 12754 12754 2
20180403 1054 12744 12744 12744 12744 2
20180403 1055 12749 12749 12749 12749 100
20180403 1102 12749 12749 12749 12749 1
20180403 1103 12749 12749 12749 12749 5
20180403 1105 12749 12749 12749 12749 17
20180403 1106 12744 12744 12744 12744 39
20180403 1108 12744 12744 12744 12744 1
20180403 1111 12744 12744 12744 12744 1
20180403 1113 12739 12739 12739 12739 436
20180403 1134 12739 12739 12739 12739 1
20180403 1140 12739 12739 12739 12739 10
20180403 1145 12754 12754 12754 12754 2
20180403 1152 12749 12749 12749 12749 5
20180403 1204 12749 12749 12749 12749 23
20180403 1206 12749 12749 12749 12749 11
20180403 1207 12749 12749 12744 12744 64
20180403 1211 12744 12744 12744 12744 9
20180403 1219 12744 12744 12744 12744 8
20180403 1222 12744 12744 12744 12744 5
20180403 1223 12744 12744 12744 12744 5
20180403 1226 12744 12744 12744 12744 1
20180403 1227 12744 12744 12744 12744 2
20180403 1229 12749 12749 12749 12749 5
20180403 1237 12749 12749 12749 12749 50
20180403 1243 12749 12749 12749 12749 1
20180403 1244 12749 12749 12749 12749 1
20180403 1252 12749 12749 12749 12749 10
20180403 1254 12754 12754 12754 12754 7
20180403 1255 12754 12754 12754 12754 8
20180403 1257 12754 12754 12754 12754 1
20180403 1307 12749 12749 12749 12749 41
20180403 1316 12744 12744 12744 12744 49
20180403 1318 12744 12744 12744 12744 1
20180403 1327 12749 12749 12749 12749 100
20180403 1330 12749 12749 12749 12749 24
20180403 1331 12749 12749 12749 12749 13
20180403 1333 12749 12749 12749 12749 1
20180403 1335 12749 12749 12749 12749 1
20180403 1338 12744 12744 12744 12744 12
20180403 1340 12744 12744 12744 12744 1
20180403 1343 12744 12744 12744 12744 1
20180403 1344 12744 12744 12744 12744 9
20180403 1345 12744 12744 12744 12744 1
20180403 1346 12744 12744 12744 12744 1
20180403 1351 12744 12744 12744 12744 18
20180403 1352 12744 12744 12744 12744 10
20180403 1353 12744 12744 12744 12744 10
20180403 1357 12744 12744 12744 12744 1
20180403 1401 12744 12744 12744 12744 9
20180403 1405 12744 12744 12744 12744 1
20180403 1407 12744 12744 12744 12744 10
20180403 1409 12744 12744 12739 12739 115
20180403 1417 12744 12744 12744 12744 7
20180403 1418 12744 12744 12744 12744 15
20180403 1420 12739 12739 12739 12739 12
20180403 1429 12739 12739 12739 12739 3
20180403 1432 12734 12734 12734 12734 322
20180403 1433 12734 12734 12734 12734 1
20180403 1437 12734 12734 12734 12734 1
20180403 1439 12729 12729 12729 12729 287
20180403 1441 12729 12729 12729 12729 5
20180403 1442 12729 12729 12729 12729 1
20180403 1444 12729 12729 12729 12729 50
20180403 1446 12729 12729 12729 12729 1
20180403 1447 12724 12724 12724 12724 19
20180403 1448 12729 12729 12729 12729 8
20180403 1451 12724 12724 12724 12724 1
20180403 1453 12724 12724 12724 12724 10
20180403 1454 12724 12724 12724 12724 50
20180403 1456 12724 12724 12724 12724 20
20180403 1458 12724 12724 12724 12724 51
20180403 1506 12719 12719 12719 12719 78
20180403 1508 12714 12714 12714 12714 70
20180403 1509 12714 12714 12714 12714 50
20180403 1511 12709 12709 12709 12709 132
20180403 1512 12714 12714 12714 12714 50
20180403 1514 12714 12714 12714 12714 24
20180403 1515 12714 12714 12714 12714 1
20180403 1516 12714 12714 12714 12714 4
20180403 1517 12714 12714 12714 12714 1
20180403 1520 12714 12714 12714 12714 25
20180403 1530 12714 12714 12714 12714 56
20180404 901 12789 12789 12789 12789 7
20180404 904 12764 12764 12764 12764 1
20180404 910 12759 12759 12759 12759 10
20180404 911 12759 12759 12759 12759 1
20180404 920 12759 12759 12759 12759 1
20180404 925 12759 12759 12759 12759 2
20180404 931 12759 12759 12759 12759 1
20180404 934 12739 12739 12714 12714 158
20180404 937 12714 12714 12714 12714 1
20180404 939 12714 12714 12714 12714 25
20180404 940 12714 12714 12714 12714 20
20180404 944 12714 12714 12714 12714 5
20180404 945 12714 12714 12714 12714 39
20180404 950 12714 12714 12714 12714 5
20180404 1007 12714 12714 12714 12714 99
20180404 1012 12714 12714 12714 12714 100
20180404 1022 12714 12714 12714 12714 6
20180404 1030 12714 12714 12714 12714 5
20180404 1040 12714 12714 12714 12714 200
20180404 1044 12714 12714 12714 12714 8
20180404 1051 12714 12714 12714 12714 16
20180404 1056 12714 12714 12714 12714 1
20180404 1103 12714 12714 12714 12714 1
20180404 1110 12714 12714 12714 12714 2
20180404 1128 12709 12714 12709 12714 35
20180404 1129 12714 12779 12714 12779 397
20180404 1141 12789 12789 12789 12789 1
20180404 1146 12744 12744 12744 12744 5
20180404 1148 12789 12789 12789 12789 2
20180404 1149 12794 12794 12794 12794 2
20180404 1200 12799 12799 12799 12799 25
20180404 1202 12799 12799 12799 12799 10
20180404 1213 12794 12794 12794 12794 1
20180404 1214 12794 12794 12794 12794 1
20180404 1241 12799 12799 12794 12794 101
20180404 1244 12794 12794 12794 12794 285
20180404 1245 12789 12789 12789 12789 102
20180404 1249 12794 12794 12794 12794 5
20180404 1302 12794 12794 12794 12794 1
20180404 1321 12789 12789 12789 12789 1
20180404 1326 12789 12789 12789 12789 1
20180404 1332 12789 12789 12789 12789 4
20180404 1340 12789 12789 12789 12789 1
20180404 1346 12789 12789 12789 12789 2
20180404 1349 12789 12789 12789 12789 1
20180404 1353 12789 12789 12789 12789 4
20180404 1403 12789 12789 12789 12789 1
20180404 1408 12789 12789 12789 12789 42
20180404 1424 12789 12789 12789 12789 10
20180404 1434 12789 12789 12789 12789 2
20180404 1437 12789 12789 12789 12789 1
20180404 1439 12789 12789 12789 12789 1
20180404 1449 12789 12789 12789 12789 7
20180404 1513 12789 12789 12789 12789 4
20180404 1514 12789 12829 12719 12719 326
20180404 1530 12814 12814 12814 12814 6
20180405 901 13093 13093 13093 13093 35
20180405 912 13063 13063 13063 13063 1
20180405 913 13063 13063 13063 13063 1
20180405 927 13088 13088 13088 13088 36
20180405 943 13103 13103 13103 13103 80
20180405 948 13158 13158 13158 13158 7
20180405 953 13158 13158 13158 13158 7
20180405 1015 13153 13153 13153 13153 10
20180405 1017 13158 13158 13158 13158 1
20180405 1024 13158 13158 13158 13158 1
20180405 1059 13153 13153 13153 13153 1
20180405 1109 13158 13173 13158 13173 769
20180405 1113 13168 13168 13168 13168 4
20180405 1123 13158 13158 13158 13158 2
20180405 1128 13158 13158 13158 13158 1
20180405 1132 13158 13158 13158 13158 1
20180405 1133 13158 13158 13158 13158 1
20180405 1135 13158 13158 13158 13158 25
20180405 1205 13163 13168 13163 13168 11
20180405 1209 13168 13168 13168 13168 7
20180405 1216 13168 13168 13168 13168 1
20180405 1218 13168 13168 13168 13168 5
20180405 1220 13168 13168 13168 13168 9
20180405 1224 13163 13163 13163 13163 50
20180405 1227 13168 13168 13168 13168 7
20180405 1232 13163 13163 13163 13163 1
20180405 1240 13168 13173 13168 13173 1294
20180405 1244 13168 13168 13168 13168 8
20180405 1246 13168 13168 13168 13168 1
20180405 1252 13163 13163 13163 13163 1
20180405 1259 13168 13168 13168 13168 2
20180405 1300 13163 13163 13163 13163 52
20180405 1301 13158 13158 13158 13158 176
20180405 1314 13113 13113 13113 13113 50
20180405 1321 13113 13113 13113 13113 1
20180405 1420 13118 13118 13118 13118 1
20180405 1425 13118 13118 13118 13118 1
20180405 1436 13118 13163 13118 13163 530
20180405 1446 13173 13173 13173 13173 90
20180405 1504 13173 13173 13173 13173 1
20180405 1513 13173 13173 13173 13173 1
20180405 1518 13173 13173 13173 13173 1
20180405 1519 13173 13173 13173 13173 1
20180405 1530 13183 13183 13183 13183 56
20180406 901 13003 13003 13003 13003 65
20180406 940 13028 13028 13028 13028 8
20180406 944 13028 13028 13028 13028 1
20180406 945 13008 13008 13008 13008 1
20180406 951 13028 13038 13028 13038 800
20180406 954 13038 13038 13038 13038 59
20180406 1003 13038 13038 13038 13038 20
20180406 1015 13018 13018 13013 13013 41
20180406 1017 13008 13008 12998 12998 41
20180406 1018 13018 13018 13018 13018 1
20180406 1029 13018 13018 13018 13018 10
20180406 1032 12998 12998 12993 12993 29
20180406 1034 13023 13023 13023 13023 7
20180406 1041 13023 13023 13023 13023 10
20180406 1042 13023 13023 13023 13023 1
20180406 1043 13023 13023 13023 13023 24
20180406 1046 12988 12988 12988 12988 5
20180406 1150 12988 12988 12988 12988 117
20180406 1156 12958 12958 12958 12958 1
20180406 1205 13028 13028 13028 13028 5
20180406 1227 12988 12988 12988 12988 3
20180406 1250 12988 12988 12988 12988 1
20180406 1255 13053 13053 13053 13053 5
20180406 1317 13053 13053 13048 13048 17
20180406 1327 13048 13048 13048 13048 2
20180406 1411 13048 13048 13048 13048 17
20180406 1435 13078 13078 13078 13078 1
20180406 1439 13068 13068 13068 13068 24
20180406 1456 13073 13073 13073 13073 1
20180406 1457 13073 13073 13073 13073 17
20180406 1509 13088 13088 13088 13088 100
20180406 1510 13088 13088 13088 13088 301
20180406 1511 13083 13083 13083 13083 1
20180406 1514 13073 13073 13073 13073 2
20180406 1530 13073 13073 13073 13073 2
20180409 901 12694 12694 12694 12694 31
20180409 905 12709 12709 12709 12709 1
20180409 908 12709 12709 12709 12709 41
20180409 911 12709 12709 12709 12709 28
20180409 912 12709 12709 12699 12699 20
20180409 916 12699 12699 12699 12699 52
20180409 917 12699 12699 12699 12699 3
20180409 921 12699 12699 12699 12699 3
20180409 923 12699 12699 12699 12699 2
20180409 924 12699 12699 12699 12699 2
20180409 925 12699 12699 12699 12699 1
20180409 927 12699 12699 12699 12699 26
20180409 931 12699 12699 12699 12699 10
20180409 932 12694 12694 12694 12694 633
20180409 934 12689 12689 12689 12689 20
20180409 936 12689 12689 12689 12689 1
20180409 937 12689 12689 12689 12689 1
20180409 941 12694 12694 12694 12694 33
20180409 942 12694 12694 12694 12694 1
20180409 944 12689 12689 12689 12689 901
20180409 945 12694 12694 12694 12694 2
20180409 946 12694 12694 12694 12694 1
20180409 948 12689 12689 12689 12689 53
20180409 953 12689 12689 12689 12689 10
20180409 954 12689 12689 12684 12684 48
20180409 955 12684 12684 12684 12684 41
20180409 956 12684 12689 12684 12689 2
20180409 957 12689 12689 12689 12689 2
20180409 958 12684 12684 12684 12684 2
20180409 959 12684 12684 12679 12679 317
20180409 1000 12679 12679 12679 12679 3
20180409 1002 12679 12679 12679 12679 6
20180409 1009 12689 12689 12689 12689 1
20180409 1012 12689 12689 12689 12689 1187
20180409 1022 12684 12684 12684 12684 5
20180409 1023 12679 12679 12679 12679 20
20180409 1025 12679 12679 12679 12679 6
20180409 1027 12674 12674 12674 12674 23
20180409 1038 12679 12679 12679 12679 1
20180409 1040 12679 12679 12679 12679 5
20180409 1041 12679 12679 12679 12679 2
20180409 1042 12679 12679 12679 12679 2
20180409 1044 12679 12679 12679 12679 1
20180409 1048 12679 12679 12679 12679 4
20180409 1056 12689 12689 12689 12689 1
20180409 1100 12689 12689 12689 12689 2
20180409 1103 12689 12689 12689 12689 1
20180409 1105 12684 12684 12684 12684 3
20180409 1107 12684 12684 12679 12679 11
20180409 1110 12684 12684 12684 12684 2
20180409 1116 12684 12684 12684 12684 24
20180409 1126 12684 12684 12684 12684 2
20180409 1130 12679 12679 12679 12679 3
20180409 1131 12679 12679 12679 12679 19
20180409 1135 12679 12679 12679 12679 24
20180409 1136 12679 12679 12679 12679 5
20180409 1138 12679 12679 12679 12679 1
20180409 1140 12679 12679 12679 12679 1
20180409 1141 12674 12674 12674 12674 40
20180409 1142 12674 12674 12669 12669 69
20180409 1145 12664 12664 12664 12664 14
20180409 1146 12659 12659 12659 12659 2
20180409 1152 12664 12664 12659 12659 37
20180409 1157 12659 12659 12659 12659 2
20180409 1158 12659 12659 12659 12659 1
20180409 1200 12654 12654 12654 12654 18
20180409 1208 12659 12659 12659 12659 10
20180409 1214 12659 12659 12659 12659 10
20180409 1215 12659 12659 12659 12659 20
20180409 1216 12659 12659 12659 12659 4
20180409 1217 12659 12659 12659 12659 1
20180409 1218 12664 12664 12664 12664 1
20180409 1219 12664 12664 12664 12664 7
20180409 1220 12664 12664 12664 12664 50
20180409 1230 12659 12659 12654 12654 27
20180409 1231 12649 12649 12649 12649 2
20180409 1239 12659 12659 12659 12659 2129
20180409 1243 12654 12654 12654 12654 10
20180409 1246 12654 12654 12654 12654 3
20180409 1248 12654 12654 12654 12654 79
20180409 1250 12654 12654 12654 12654 16
20180409 1251 12654 12654 12654 12654 21
20180409 1252 12654 12654 12654 12654 10
20180409 1254 12654 12654 12654 12654 1
20180409 1255 12654 12654 12654 12654 1
20180409 1256 12649 12649 12649 12649 89
20180409 1259 12654 12654 12654 12654 1
20180409 1301 12654 12654 12654 12654 2346
20180409 1304 12654 12654 12654 12654 254
20180409 1305 12654 12654 12654 12654 33
20180409 1307 12654 12654 12654 12654 20
20180409 1308 12654 12654 12654 12654 5
20180409 1309 12654 12654 12654 12654 22
20180409 1322 12659 12659 12659 12659 80
20180409 1325 12664 12664 12664 12664 1
20180409 1327 12664 12664 12664 12664 4
20180409 1335 12664 12664 12664 12664 10
20180409 1336 12664 12664 12664 12664 15
20180409 1339 12659 12659 12659 12659 22
20180409 1401 12664 12664 12664 12664 1
20180409 1406 12664 12664 12664 12664 120
20180409 1407 12664 12664 12664 12664 16
20180409 1413 12664 12664 12664 12664 1
20180409 1417 12669 12669 12669 12669 1
20180409 1418 12664 12664 12664 12664 32
20180409 1419 12664 12664 12664 12664 2
20180409 1432 12659 12659 12659 12659 7
20180409 1439 12659 12659 12659 12659 33
20180409 1511 12674 12674 12674 12674 17
20180409 1512 12674 12674 12669 12669 18
20180409 1513 12669 12669 12669 12669 2
20180409 1514 12669 12669 12669 12669 30
20180409 1518 12669 12669 12669 12669 2
20180409 1519 12664 12664 12664 12664 431
20180409 1520 12669 12669 12669 12669 214
20180409 1530 12674 12674 12674 12674 796
20180410 901 12824 12824 12824 12824 61
20180410 902 12819 12819 12819 12819 1
20180410 909 12914 12914 12839 12839 13
20180410 910 12914 12914 12914 12914 3
20180410 913 12914 12914 12914 12914 10
20180410 917 12839 12839 12839 12839 1
20180410 918 12909 12909 12909 12909 158
20180410 920 12904 12904 12904 12904 2
20180410 926 12904 12904 12904 12904 3
20180410 932 12904 12909 12904 12909 201
20180410 938 12909 12909 12834 12834 2169
20180410 941 12914 12914 12914 12914 1
20180410 945 12879 12879 12879 12879 1
20180410 1008 12923 12923 12923 12923 7
20180410 1017 12923 12923 12923 12923 7
20180410 1019 12904 12904 12904 12904 811
20180410 1024 12904 12904 12904 12904 1
20180410 1025 12923 12923 12923 12923 389
20180410 1045 12914 12914 12914 12914 45
20180410 1054 12914 12914 12914 12914 1
20180410 1055 12909 12909 12909 12909 6
20180410 1103 12904 12904 12904 12904 91
20180410 1104 12904 12904 12904 12904 4
20180410 1109 12904 12904 12904 12904 2
20180410 1113 12904 12904 12904 12904 39
20180410 1117 12904 12904 12904 12904 5001
20180410 1119 12899 12899 12899 12899 25000
20180410 1125 12894 12894 12894 12894 5000
20180410 1126 12899 12899 12899 12899 5000
20180410 1128 12894 12894 12894 12894 5000
20180410 1129 12894 12894 12894 12894 5001
20180410 1138 12884 12884 12884 12884 1
20180410 1141 12869 12869 12869 12869 500
20180410 1143 12879 12879 12879 12879 20000
20180410 1150 12909 12923 12909 12923 1127
20180410 1152 13068 13068 13068 13068 1000
20180410 1155 13073 13073 13073 13073 1
20180410 1202 13073 13073 13073 13073 1000
20180410 1203 13078 13078 13078 13078 2000
20180410 1205 13113 13113 13113 13113 20
20180410 1206 13058 13058 13058 13058 5490
20180410 1207 13008 13008 13003 13003 7
20180410 1232 12869 12869 12869 12869 2
20180410 1239 12869 12869 12869 12869 2
20180410 1358 12963 12968 12963 12968 1067
20180410 1359 12968 12968 12968 12968 115
20180410 1405 12968 12968 12968 12968 25
20180410 1408 12968 12968 12968 12968 1
20180410 1415 12968 12968 12968 12968 2
20180410 1416 12968 12968 12968 12968 20
20180410 1427 12968 12968 12968 12968 5
20180410 1428 12968 12968 12968 12968 2
20180410 1429 12968 12968 12968 12968 1
20180410 1435 12968 12968 12968 12968 2
20180410 1438 12968 12968 12968 12968 1
20180410 1443 12968 12968 12968 12968 1
20180410 1444 12968 12968 12968 12968 5
20180410 1457 12968 12968 12968 12968 1
20180410 1530 12968 12968 12968 12968 46
20180411 901 13183 13183 13168 13173 3014
20180411 904 13113 13113 13103 13113 25000
20180411 908 13188 13188 13188 13188 100
20180411 912 13188 13188 13188 13188 100
20180411 913 13188 13188 13188 13188 1
20180411 917 13188 13188 13188 13188 193
20180411 923 13188 13188 13188 13188 3787
20180411 934 13118 13118 13118 13118 2
20180411 938 13118 13188 13118 13188 3788
20180411 944 13188 13188 13188 13188 201
20180411 947 13183 13183 13183 13183 7
20180411 953 13183 13183 13183 13183 7
20180411 1012 13178 13178 13093 13093 147
20180411 1025 13183 13183 13183 13183 15
20180411 1027 13188 13188 13188 13188 10
20180411 1028 13188 13188 13188 13188 3
20180411 1030 13183 13183 13183 13183 15
20180411 1036 13188 13188 13188 13188 800
20180411 1038 13188 13188 13188 13188 3
20180411 1049 13183 13183 13183 13183 15
20180411 1104 13183 13183 13183 13183 1
20180411 1115 13098 13098 13098 13098 1
20180411 1146 13183 13188 13183 13188 5
20180411 1151 13093 13093 13093 13093 45
20180411 1203 13188 13188 13188 13188 1
20180411 1214 13188 13188 13188 13188 1
20180411 1215 13188 13188 13188 13188 2
20180411 1232 13188 13188 13188 13188 5
20180411 1247 13188 13188 13188 13188 10
20180411 1306 13188 13188 13188 13188 10
20180411 1311 13188 13188 13188 13188 30
20180411 1318 13188 13188 13188 13188 2
20180411 1320 13188 13188 13188 13188 4
20180411 1323 13188 13188 13188 13188 66
20180411 1329 13173 13173 13128 13128 105
20180411 1337 13188 13188 13188 13188 1
20180411 1351 13188 13188 13188 13188 1
20180411 1400 13188 13188 13188 13188 1
20180411 1401 13138 13138 13118 13118 10
20180411 1418 13188 13188 13188 13188 1
20180411 1422 13188 13188 13188 13188 3
20180411 1425 13188 13188 13188 13188 4
20180411 1426 13188 13188 13188 13188 30
20180411 1427 13188 13188 13188 13188 2
20180411 1439 13188 13188 13188 13188 2
20180411 1442 13188 13188 13188 13188 75
20180411 1446 13188 13188 13188 13188 1
20180411 1447 13188 13188 13188 13188 60
20180411 1450 13188 13188 13188 13188 10
20180411 1506 13188 13188 13188 13188 4
20180411 1507 13188 13188 13188 13188 30
20180411 1514 13183 13183 13183 13183 2
20180411 1530 13183 13183 13183 13183 13
20180412 901 13208 13208 13208 13208 2
20180412 909 13198 13198 13198 13198 10
20180412 917 13188 13188 13188 13188 2
20180412 926 13183 13183 13183 13183 2
20180412 932 13178 13183 13178 13183 250
20180412 945 13098 13098 13098 13098 1
20180412 950 13188 13188 13188 13188 1
20180412 955 13188 13188 13188 13188 7
20180412 1001 13188 13188 13188 13188 7
20180412 1012 13188 13188 13188 13188 1
20180412 1016 13188 13188 13188 13188 14
20180412 1021 13193 13193 13193 13193 377
20180412 1025 13183 13183 13183 13183 33
20180412 1029 13183 13183 13183 13183 5
20180412 1030 13183 13183 13183 13183 5
20180412 1033 13103 13103 13093 13093 12
20180412 1034 13093 13093 13093 13093 12
20180412 1037 13093 13093 13093 13093 5
20180412 1038 13088 13088 13078 13078 229
20180412 1056 13198 13198 13198 13198 1
20180412 1106 13218 13218 13218 13218 100
20180412 1127 13218 13218 13218 13218 1
20180412 1134 13218 13228 13218 13228 652
20180412 1145 13228 13228 13228 13228 750
20180412 1159 13118 13118 13118 13118 20
20180412 1203 13128 13128 13128 13128 100
20180412 1205 13128 13128 13128 13128 1
20180412 1210 13128 13128 13128 13128 5
20180412 1216 13238 13238 13238 13238 1
20180412 1218 13228 13228 13228 13228 1
20180412 1219 13228 13228 13228 13228 1
20180412 1242 13138 13138 13138 13138 1
20180412 1243 13228 13228 13228 13228 1
20180412 1250 13228 13228 13228 13228 1
20180412 1324 13228 13228 13228 13228 4
20180412 1325 13178 13178 13178 13178 1
20180412 1328 13138 13138 13138 13138 17
20180412 1331 13128 13128 13128 13128 284
20180412 1340 13133 13133 13133 13133 1
20180412 1418 13228 13228 13228 13228 2
20180412 1424 13228 13228 13228 13228 8
20180412 1438 13228 13228 13228 13228 2
20180412 1448 13228 13228 13228 13228 2
20180412 1456 13228 13228 13228 13228 10
20180412 1458 13228 13228 13228 13228 1
20180412 1530 13223 13223 13223 13223 5
20180413 901 13288 13288 13288 13288 33
20180413 906 13293 13293 13293 13293 180
20180413 910 13283 13283 13283 13283 1
20180413 911 13283 13283 13283 13283 1
20180413 917 13283 13283 13283 13283 19
20180413 919 13283 13283 13283 13283 480
20180413 922 13283 13283 13283 13283 4
20180413 923 13283 13283 13283 13283 11
20180413 924 13283 13283 13283 13283 1067
20180413 931 13308 13308 13308 13308 3
20180413 937 13308 13308 13308 13308 3
20180413 941 13293 13293 13288 13288 2
20180413 945 13288 13288 13288 13288 520
20180413 950 13298 13298 13298 13298 5
20180413 1002 13298 13298 13283 13283 1789
20180413 1024 13283 13283 13283 13283 9
20180413 1029 13283 13283 13283 13283 1
20180413 1031 13283 13283 13283 13283 2
20180413 1035 13303 13303 13303 13303 1
20180413 1048 13303 13303 13303 13303 195
20180413 1050 13303 13303 13298 13298 75
20180413 1057 13308 13308 13308 13308 5
20180413 1101 13313 13313 13313 13313 1
20180413 1107 13318 13318 13318 13318 2
20180413 1110 13318 13318 13318 13318 1
20180413 1117 13323 13323 13323 13323 1
20180413 1124 13328 13328 13328 13328 1
20180413 1131 13363 13398 13363 13398 300
20180413 1132 13308 13308 13308 13308 8
20180413 1135 13398 13398 13398 13398 30
20180413 1144 13388 13388 13388 13388 1
20180413 1152 13308 13308 13303 13303 5
20180413 1156 13303 13303 13303 13303 1
20180413 1241 13373 13373 13373 13373 62
20180413 1248 13383 13383 13383 13383 20
20180413 1250 13383 13383 13383 13383 1293
20180413 1253 13373 13373 13373 13373 184
20180413 1304 13373 13373 13373 13373 8
20180413 1320 13323 13323 13323 13323 1
20180413 1323 13323 13323 13323 13323 99
20180413 1407 13328 13328 13328 13328 2
20180413 1414 13328 13328 13328 13328 1
20180413 1437 13328 13328 13328 13328 11
20180413 1500 13333 13333 13333 13333 1
20180413 1530 13333 13333 13333 13333 2
20180416 901 13343 13343 13343 13343 1
20180416 902 13318 13318 13318 13318 4
20180416 907 13308 13308 13308 13308 6
20180416 918 13248 13248 13248 13248 37
20180416 924 13248 13248 13248 13248 1
20180416 929 13248 13248 13248 13248 11
20180416 939 13248 13248 13248 13248 1
20180416 941 13243 13243 13243 13243 2
20180416 942 13238 13238 13238 13238 3
20180416 1012 13238 13238 13238 13238 1
20180416 1026 13228 13228 13223 13223 12
20180416 1051 13243 13248 13243 13248 290
20180416 1110 13248 13248 13248 13248 1
20180416 1112 13248 13248 13248 13248 1
20180416 1115 13248 13248 13248 13248 10
20180416 1133 13248 13248 13248 13248 10
20180416 1150 13228 13228 13223 13223 43
20180416 1156 13238 13238 13238 13238 1
20180416 1157 13238 13238 13238 13238 3
20180416 1225 13243 13243 13243 13243 2
20180416 1227 13288 13333 13288 13333 383
20180416 1231 13343 13343 13343 13343 1
20180416 1240 13243 13243 13243 13243 20
20180416 1248 13243 13243 13243 13243 1
20180416 1305 13338 13338 13338 13338 2
20180416 1322 13248 13248 13248 13248 5
20180416 1327 13248 13248 13243 13243 84
20180416 1331 13338 13338 13338 13338 4
20180416 1351 13323 13328 13323 13328 78
20180416 1401 13328 13328 13328 13328 3
20180416 1402 13328 13348 13328 13348 100
20180416 1407 13333 13333 13333 13333 2
20180416 1411 13333 13333 13333 13333 5
20180416 1423 13333 13333 13333 13333 3
20180416 1425 13333 13333 13333 13333 1
20180416 1449 13333 13333 13333 13333 10
20180416 1512 13328 13328 13328 13328 1
20180416 1530 13328 13328 13328 13328 11
20180417 901 13303 13303 13303 13303 3
20180417 906 13233 13233 13233 13233 1
20180417 912 13233 13233 13233 13233 750
20180417 913 13233 13233 13233 13233 2
20180417 919 13223 13223 13223 13223 1
20180417 941 13223 13223 13223 13223 1
20180417 945 13223 13223 13223 13223 1
20180417 957 13138 13138 13133 13133 6
20180417 1100 13143 13143 13143 13143 1
20180417 1104 13138 13138 13133 13133 75
20180417 1105 13218 13218 13218 13218 1
20180417 1128 13218 13218 13218 13218 2
20180417 1130 13198 13198 13198 13198 1
20180417 1132 13203 13203 13203 13203 6
20180417 1155 13198 13198 13198 13198 1
20180417 1202 13198 13198 13198 13198 1
20180417 1208 13198 13198 13198 13198 3
20180417 1218 13198 13198 13198 13198 3
20180417 1232 13198 13198 13198 13198 1
20180417 1310 13198 13198 13198 13198 25
20180417 1356 13208 13208 13208 13208 20
20180417 1437 13203 13203 13203 13203 1
20180417 1440 13163 13163 13153 13153 100
20180417 1451 13198 13198 13148 13198 36
20180417 1452 13198 13198 13198 13198 1
20180417 1501 13198 13198 13198 13198 1
20180417 1508 13198 13198 13198 13198 11
20180417 1517 13198 13198 13198 13198 3
20180417 1530 13203 13203 13203 13203 13
20180418 901 13438 13438 13438 13438 1
20180418 916 13413 13413 13413 13413 3
20180418 923 13413 13413 13413 13413 1
20180418 925 13318 13318 13318 13318 300
20180418 931 13323 13323 13323 13323 2
20180418 956 13398 13403 13398 13403 800
20180418 1007 13403 13403 13403 13403 370
20180418 1015 13403 13403 13403 13403 10
20180418 1016 13403 13403 13403 13403 3
20180418 1023 13403 13403 13403 13403 4
20180418 1027 13403 13403 13403 13403 3
20180418 1028 13403 13403 13403 13403 30
20180418 1032 13393 13393 13393 13393 300
20180418 1108 13378 13378 13378 13378 1
20180418 1110 13338 13338 13328 13328 333
20180418 1154 13378 13378 13378 13378 10
20180418 1210 13368 13368 13368 13368 1
20180418 1235 13338 13338 13338 13338 1
20180418 1237 13328 13328 13328 13328 1
20180418 1238 13328 13328 13328 13328 4
20180418 1247 13348 13348 13348 13348 1
20180418 1253 13348 13348 13328 13328 40
20180418 1345 13368 13368 13368 13368 1
20180418 1347 13368 13368 13368 13368 5
20180418 1431 13373 13383 13373 13383 1500
20180418 1444 13383 13383 13383 13383 3
20180418 1455 13383 13383 13383 13383 1
20180418 1518 13368 13368 13368 13368 1
20180418 1530 13383 13383 13383 13383 148
20180419 901 13368 13368 13368 13368 50
20180419 902 13373 13373 13373 13373 200
20180419 904 13373 13373 13373 13373 23
20180419 916 13453 13453 13453 13453 740
20180419 930 13448 13453 13448 13453 600
20180419 940 13448 13453 13448 13453 7
20180419 1020 13438 13438 13438 13438 5
20180419 1021 13428 13428 13428 13428 4
20180419 1023 13418 13418 13418 13418 10
20180419 1031 13418 13418 13418 13418 3
20180419 1034 13388 13388 13388 13388 10
20180419 1035 13388 13388 13388 13388 1
20180419 1037 13418 13418 13418 13418 4
20180419 1047 13418 13418 13418 13418 1
20180419 1052 13418 13418 13418 13418 3
20180419 1100 13388 13388 13388 13388 1
20180419 1122 13388 13388 13388 13388 1
20180419 1125 13388 13388 13373 13373 217
20180419 1127 13373 13373 13373 13373 41
20180419 1152 13373 13373 13373 13373 90
20180419 1159 13373 13373 13373 13373 3
20180419 1203 13373 13373 13373 13373 34
20180419 1206 13403 13403 13403 13403 2
20180419 1226 13368 13368 13348 13348 39
20180419 1327 13368 13383 13368 13383 4
20180419 1343 13348 13348 13348 13348 40
20180419 1345 13343 13343 13338 13338 460
20180419 1353 13383 13388 13383 13388 28
20180419 1401 13388 13388 13388 13388 83
20180419 1417 13378 13378 13378 13378 1
20180419 1419 13373 13373 13373 13373 1
20180419 1421 13373 13373 13373 13373 30
20180419 1423 13338 13338 13338 13338 563
20180419 1431 13343 13343 13343 13343 8
20180419 1437 13338 13338 13338 13338 8
20180419 1438 13338 13338 13338 13338 9
20180419 1440 13338 13338 13338 13338 4
20180419 1450 13338 13338 13338 13338 1
20180419 1520 13343 13343 13343 13343 5
20180420 901 13188 13188 13188 13188 5
20180420 909 13168 13168 13168 13168 6000
20180420 919 13188 13188 13188 13188 2
20180420 920 13188 13188 13188 13188 1
20180420 923 13173 13173 13173 13173 34
20180420 924 13173 13173 13173 13173 16
20180420 938 13173 13173 13168 13168 350
20180420 1013 13178 13178 13168 13168 18
20180420 1021 13173 13173 13163 13163 303
20180420 1032 13218 13218 13218 13218 3
20180420 1033 13218 13218 13218 13218 15
20180420 1036 13223 13228 13223 13228 13
20180420 1047 13228 13228 13228 13228 1
20180420 1050 13228 13228 13228 13228 1
20180420 1054 13228 13228 13228 13228 1
20180420 1105 13228 13228 13228 13228 5
20180420 1113 13228 13228 13218 13218 261
20180420 1118 13218 13218 13218 13218 8
20180420 1134 13218 13218 13218 13218 11
20180420 1143 13218 13218 13218 13218 3
20180420 1201 13218 13218 13218 13218 1
20180420 1209 13218 13218 13218 13218 1
20180420 1212 13218 13218 13218 13218 1
20180420 1216 13213 13213 13213 13213 3
20180420 1217 13213 13213 13213 13213 2
20180420 1227 13213 13213 13213 13213 6
20180420 1232 13218 13218 13213 13213 13
20180420 1245 13213 13213 13213 13213 1
20180420 1246 13213 13213 13213 13213 24
20180420 1253 13213 13213 13213 13213 1
20180420 1345 13213 13213 13213 13213 1
20180420 1346 13213 13213 13213 13213 1
20180420 1355 13213 13213 13213 13213 1
20180420 1403 13213 13213 13213 13213 15
20180420 1407 13213 13213 13213 13213 1
20180420 1411 13208 13208 13193 13193 42
20180420 1423 13193 13193 13193 13193 3
20180420 1445 13213 13268 13213 13268 749
20180420 1453 13198 13198 13178 13178 22
20180420 1514 13268 13268 13268 13268 800
20180420 1530 13273 13273 13273 13273 15
20180423 901 13173 13173 13173 13173 12
20180423 917 13178 13178 13173 13173 3
20180423 918 13173 13173 13173 13173 1
20180423 919 13173 13173 13168 13168 3
20180423 920 13168 13168 13158 13158 9
20180423 925 13158 13158 13158 13158 4
20180423 927 13158 13158 13158 13158 1
20180423 937 13158 13158 13158 13158 1
20180423 941 13158 13158 13158 13158 1
20180423 943 13158 13158 13158 13158 1
20180423 947 13158 13158 13158 13158 2
20180423 949 13158 13158 13158 13158 1
20180423 954 13158 13158 13158 13158 1
20180423 1026 13158 13158 13158 13158 1
20180423 1028 13158 13158 13158 13158 1
20180423 1033 13158 13158 13158 13158 1
20180423 1043 13158 13158 13158 13158 1
20180423 1044 13158 13158 13158 13158 7
20180423 1048 13158 13158 13158 13158 1
20180423 1051 13158 13158 13158 13158 1
20180423 1100 13158 13158 13158 13158 2
20180423 1102 13158 13158 13158 13158 50
20180423 1133 13143 13143 13063 13063 818
20180423 1137 13063 13063 13058 13058 939
20180423 1153 13118 13123 13118 13123 24
20180423 1209 13123 13123 13123 13123 94
20180423 1218 13123 13123 13123 13123 4
20180423 1245 13123 13123 13058 13058 1000
20180423 1319 13123 13123 13123 13123 2
20180423 1322 13123 13123 13123 13123 1
20180423 1329 13083 13083 13083 13083 1
20180423 1355 13098 13098 13098 13098 24
20180423 1400 13118 13118 13118 13118 1
20180423 1405 13118 13118 13118 13118 1
20180423 1406 13123 13123 13123 13123 1
20180423 1407 13123 13123 13123 13123 1
20180423 1414 13118 13118 13118 13118 100
20180423 1424 13118 13118 13118 13118 1
20180423 1431 13113 13113 13113 13113 30
20180423 1435 13118 13118 13118 13118 2
20180423 1449 13118 13118 13118 13118 15
20180423 1455 13118 13158 13118 13158 665
20180423 1456 13163 13168 13163 13168 400
20180423 1503 13123 13123 13123 13123 3195
20180423 1504 13123 13128 13123 13128 13845
20180423 1505 13128 13128 13128 13128 18105
20180423 1506 13128 13128 13128 13128 18105
20180423 1511 13143 13143 13143 13143 1065
20180423 1512 13138 13138 13138 13138 1065
20180423 1514 13138 13138 13138 13138 15975
20180423 1515 13138 13138 13133 13133 21300
20180423 1518 13133 13133 13133 13133 2130
20180423 1519 13133 13133 13133 13133 6390
20180423 1520 13133 13133 13133 13133 25557
20180423 1530 13178 13178 13178 13178 4260
20180424 901 13173 13173 13173 13173 1
20180424 907 13158 13158 13158 13158 1
20180424 921 13173 13173 13173 13173 400
20180424 931 13178 13178 13178 13178 8
20180424 934 13178 13178 13178 13178 1
20180424 935 13178 13178 13178 13178 1
20180424 938 13168 13168 13168 13168 1
20180424 947 13158 13158 13158 13158 7
20180424 949 13158 13158 13158 13158 1
20180424 1008 13158 13158 13158 13158 2
20180424 1010 13158 13158 13158 13158 4
20180424 1012 13158 13158 13158 13158 13
20180424 1014 13158 13158 13158 13158 173
20180424 1019 13178 13178 13178 13178 7
20180424 1020 13183 13218 13183 13218 8
20180424 1028 13218 13218 13218 13218 4
20180424 1031 13218 13218 13218 13218 2
20180424 1044 13213 13213 13213 13213 1
20180424 1052 13208 13208 13208 13208 188
20180424 1055 13163 13163 13163 13163 1252
20180424 1104 13158 13158 13153 13153 7
20180424 1120 13158 13158 13158 13158 1934
20180424 1125 13183 13188 13183 13188 75
20180424 1150 13188 13188 13188 13188 10
20180424 1200 13173 13173 13173 13173 1
20180424 1212 13218 13218 13218 13218 1
20180424 1217 13218 13218 13218 13218 38
20180424 1248 13208 13208 13208 13208 1
20180424 1249 13173 13173 13168 13168 2
20180424 1308 13213 13218 13213 13218 3
20180424 1340 13213 13213 13213 13213 74
20180424 1404 13213 13213 13213 13213 2
20180424 1406 13213 13213 13138 13138 1010
20180424 1422 13133 13133 13133 13133 1000
20180424 1439 13133 13133 13133 13133 1
20180424 1447 13213 13213 13213 13213 7
20180424 1501 13213 13213 13213 13213 10
20180424 1506 13213 13213 13208 13208 245
20180424 1507 13208 13208 13188 13188 500
20180424 1512 13213 13213 13213 13213 2019
20180424 1513 13188 13188 13188 13188 250
20180424 1515 13213 13213 13213 13213 2019
20180424 1516 13213 13213 13213 13213 2019
20180424 1530 13248 13248 13248 13248 13
20180425 901 13123 13123 13123 13123 4
20180425 905 13058 13058 13058 13058 1
20180425 908 13053 13053 13053 13053 6
20180425 909 13053 13053 13053 13053 16
20180425 911 13043 13043 13043 13043 1
20180425 921 13053 13053 13053 13053 2
20180425 922 13053 13053 13053 13053 1
20180425 924 13053 13053 13053 13053 1
20180425 925 13053 13053 13053 13053 2
20180425 930 13048 13048 13048 13048 10
20180425 935 13053 13053 13053 13053 4
20180425 944 13048 13048 13048 13048 10
20180425 948 13048 13048 13048 13048 5
20180425 949 13048 13048 13048 13048 4
20180425 958 13048 13048 13048 13048 1
20180425 1002 13048 13048 13048 13048 17
20180425 1004 13048 13048 13048 13048 262
20180425 1009 13043 13043 13038 13038 88
20180425 1029 13053 13053 13053 13053 10
20180425 1031 13053 13063 13053 13063 7
20180425 1049 13068 13068 13068 13068 30
20180425 1050 13078 13078 13078 13078 20
20180425 1108 13088 13088 13088 13088 2
20180425 1134 13088 13088 13088 13088 1
20180425 1135 13088 13088 13088 13088 12
20180425 1148 13083 13083 13083 13083 1
20180425 1157 13083 13083 13083 13083 1
20180425 1203 13088 13088 13088 13088 2
20180425 1209 13078 13078 13078 13078 1
20180425 1210 13068 13068 13038 13038 173
20180425 1211 13023 13023 13023 13023 2
20180425 1217 13018 13018 13013 13013 13
20180425 1222 13008 13008 13008 13008 15
20180425 1226 13008 13008 13008 13008 11
20180425 1228 13008 13008 13008 13008 1
20180425 1230 13008 13008 13008 13008 1
20180425 1234 13008 13008 13008 13008 176
20180425 1315 13028 13083 13028 13083 2
20180425 1323 13083 13083 12998 12998 300
20180425 1329 13008 13008 12998 12998 5
20180425 1333 12998 12998 12998 12998 153
20180425 1350 13068 13068 13068 13068 23
20180425 1352 13073 13073 13073 13073 1
20180425 1359 13068 13068 13068 13068 15
20180425 1408 13068 13068 13068 13068 72
20180425 1414 13068 13068 13068 13068 1
20180425 1422 13068 13068 13068 13068 7
20180425 1423 13068 13068 13068 13068 4
20180425 1425 13068 13068 13068 13068 1
20180425 1437 13068 13068 13068 13068 7
20180425 1450 13068 13068 13068 13068 6
20180425 1503 13068 13068 13038 13038 24
20180425 1505 13068 13068 13068 13068 1
20180425 1515 13068 13068 13068 13068 8
20180425 1519 13068 13068 13068 13068 38
20180425 1530 12998 12998 12998 12998 2164
20180426 927 13008 13008 13008 13008 1
20180426 939 13088 13088 13088 13088 1
20180426 959 13088 13088 13088 13088 1
20180426 1017 13088 13088 13088 13088 4
20180426 1036 13088 13088 13088 13088 1
20180426 1105 13028 13028 13028 13028 1
20180426 1150 13083 13093 13083 13093 720
20180426 1156 13093 13093 13093 13093 2058
20180426 1217 13078 13078 13078 13078 1
20180426 1257 13078 13078 13078 13078 5
20180426 1318 13083 13083 13083 13083 1
20180426 1320 13083 13083 13083 13083 1
20180426 1338 13083 13083 13083 13083 1
20180426 1352 13088 13088 13083 13083 67
20180426 1412 13098 13098 13098 13098 7
20180426 1417 13078 13078 13078 13078 1
20180426 1530 13103 13103 13103 13103 94
20180427 909 13333 13333 13213 13213 15
20180427 915 13233 13233 13228 13228 103
20180427 918 13228 13228 13228 13228 67
20180427 920 13218 13218 13218 13218 200
20180427 933 13333 13333 13333 13333 3
20180427 937 13333 13333 13333 13333 5
20180427 956 13333 13338 13333 13338 375
20180427 1016 13328 13328 13328 13328 224
20180427 1017 13333 13333 13333 13333 672
20180427 1023 13228 13228 13228 13228 7
20180427 1029 13228 13228 13228 13228 1
20180427 1036 13328 13338 13328 13338 225
20180427 1039 13333 13333 13333 13333 1
20180427 1054 13333 13333 13333 13333 1
20180427 1108 13333 13333 13333 13333 4
20180427 1130 13313 13313 13313 13313 1
20180427 1200 13313 13313 13313 13313 1
20180427 1234 13313 13313 13313 13313 15
20180427 1255 13308 13308 13308 13308 20560
20180427 1256 13308 13308 13308 13308 12336
20180427 1258 13308 13308 13308 13308 4112
20180427 1315 13308 13308 13308 13308 6
20180427 1331 13298 13298 13298 13298 10
20180427 1332 13298 13298 13298 13298 34
20180427 1342 13288 13288 13288 13288 3
20180427 1344 13288 13298 13288 13298 258
20180427 1345 13298 13298 13298 13298 1
20180427 1408 13298 13298 13298 13298 1
20180427 1414 13293 13293 13288 13288 6
20180427 1418 13253 13253 13253 13253 15
20180427 1441 13288 13288 13288 13288 1
20180427 1447 13278 13278 13278 13278 1
20180427 1456 13273 13273 13273 13273 10
20180427 1506 13273 13273 13273 13273 4
20180427 1516 13273 13273 13273 13273 1
20180427 1517 13273 13273 13273 13273 2128
20180427 1518 13273 13273 13273 13273 12735
20180427 1519 13273 13273 13273 13273 6351
20180427 1520 13273 13273 13273 13273 12702
20180427 1530 13273 13273 13273 13273 16
20180430 901 13273 13273 13273 13273 377
20180430 951 13223 13223 13223 13223 75
20180430 952 13223 13223 13223 13223 1
20180430 957 13223 13223 13223 13223 15
20180430 958 13223 13223 13223 13223 1
20180430 1010 13218 13218 13218 13218 3
20180430 1012 13218 13218 13218 13218 5
20180430 1027 13218 13218 13218 13218 1
20180430 1031 13218 13218 13218 13218 1
20180430 1039 13213 13213 13213 13213 11
20180430 1040 13213 13213 13203 13203 2
20180430 1056 13188 13188 13133 13133 750
20180430 1103 13133 13133 13133 13133 1
20180430 1127 13158 13158 13133 13133 94
20180430 1132 13133 13133 13133 13133 6
20180430 1214 13193 13193 13193 13193 20
20180430 1219 13193 13193 13133 13133 2
20180430 1224 13133 13133 13133 13133 2
20180430 1332 13138 13138 13138 13138 500
20180430 1342 13148 13148 13143 13143 4
20180430 1349 13148 13148 13148 13148 1
20180430 1410 13183 13243 13183 13243 760
20180430 1449 13243 13243 13243 13243 3
20180430 1454 13243 13243 13243 13243 164
20180430 1501 13243 13243 13243 13243 1
20180430 1530 13268 13268 13268 13268 114
