날짜 시간 시가 고가 저가 종가 거래량
20200302 901 8780 8780 8780 8780 10
20200302 906 8850 8865 8850 8865 54
20200302 907 8875 8875 8875 8875 18
20200302 908 8885 8885 8885 8885 18
20200302 918 8795 8795 8795 8795 2
20200302 919 8780 8780 8780 8780 50
20200302 927 8780 8780 8780 8780 1
20200302 946 8720 8720 8720 8720 9
20200302 952 8770 8770 8770 8770 9
20200302 1001 8775 8785 8775 8785 18
20200302 1004 8795 8795 8795 8795 5
20200302 1005 8795 8795 8795 8795 4
20200302 1008 8805 8805 8805 8805 9
20200302 1010 8810 8810 8810 8810 9
20200302 1011 8820 8820 8820 8820 9
20200302 1013 8830 8830 8830 8830 9
20200302 1018 8840 8840 8840 8840 9
20200302 1019 8845 8845 8845 8845 9
20200302 1035 8895 8895 8895 8895 1542
20200302 1041 8900 8900 8900 8900 601
20200302 1057 8865 8865 8865 8865 1
20200302 1515 8950 8950 8950 8950 1
20200302 1516 8950 8955 8950 8955 11
20200303 909 9145 9145 9145 9145 3
20200303 913 9150 9150 9150 9150 55
20200303 914 9155 9155 9155 9155 1
20200303 918 9105 9105 9105 9105 1
20200303 1230 8980 8980 8980 8980 3317
20200303 1234 8990 8990 8990 8990 1777
20200303 1304 9015 9015 9015 9015 167
20200303 1344 8975 8975 8975 8975 14
20200303 1353 8995 8995 8995 8995 1
20200303 1409 8965 8965 8965 8965 55
20200303 1457 8955 8955 8955 8955 2
20200303 1506 8920 8920 8920 8920 10
20200304 907 8920 8920 8920 8920 3
20200304 910 8945 8945 8945 8945 3
20200304 923 8955 8965 8955 8965 9
20200304 935 8995 8995 8995 8995 3
20200304 936 9005 9005 9005 9005 3
20200304 959 9005 9005 9005 9005 6
20200304 1015 9015 9015 9015 9015 9
20200304 1017 9025 9025 9025 9025 3
20200304 1031 9035 9035 9035 9035 1
20200304 1143 9035 9035 9035 9035 9
20200304 1146 9045 9045 9045 9045 6
20200304 1256 9035 9035 9035 9035 1
20200304 1257 9045 9045 9045 9045 2
20200304 1258 9045 9045 9040 9045 3
20200304 1259 9045 9050 9045 9050 4
20200304 1301 9050 9055 9050 9055 4
20200304 1302 9055 9055 9055 9055 2
20200304 1303 9060 9060 9060 9060 2
20200304 1304 9050 9055 9050 9055 3
20200304 1305 9050 9055 9050 9055 3
20200304 1306 9045 9050 9045 9050 2
20200304 1307 9050 9050 9050 9050 4
20200304 1308 9050 9050 9050 9050 1
20200304 1309 9045 9050 9045 9050 4
20200304 1311 9050 9050 9045 9050 4
20200304 1312 9050 9050 9050 9050 2
20200304 1313 9050 9050 9050 9050 2
20200304 1314 9050 9050 9045 9045 3
20200304 1315 9045 9045 9040 9040 2
20200304 1316 9040 9040 9040 9040 3
20200304 1317 9035 9040 9035 9040 4
20200304 1318 9035 9040 9035 9040 3
20200304 1319 9040 9040 9040 9040 1
20200304 1320 9040 9040 9040 9040 2
20200304 1321 9035 9040 9035 9040 4
20200304 1322 9040 9040 9040 9040 2
20200304 1323 9045 9045 9045 9045 3
20200304 1324 9045 9045 9045 9045 3
20200304 1325 9040 9045 9040 9045 4
20200304 1326 9040 9045 9040 9045 2
20200304 1327 9045 9045 9045 9045 2
20200304 1328 9040 9050 9040 9050 4
20200304 1329 9040 9040 9040 9040 1
20200304 1330 9045 9045 9045 9045 2
20200304 1331 9045 9050 9045 9050 3
20200304 1332 9045 9045 9040 9040 2
20200304 1333 9045 9045 9040 9045 3
20200304 1334 9045 9045 9045 9045 3
20200304 1335 9040 9045 9040 9045 3
20200304 1336 9040 9045 9040 9045 3
20200304 1337 9045 9045 9045 9045 1
20200304 1338 9045 9045 9040 9045 3
20200304 1339 9040 9045 9040 9045 3
20200304 1340 9045 9045 9040 9045 3
20200304 1341 9045 9045 9045 9045 4
20200304 1342 9045 9045 9045 9045 1
20200304 1343 9045 9045 9045 9045 1
20200304 1344 9045 9045 9040 9040 3
20200304 1345 9040 9040 9040 9040 2
20200304 1346 9040 9040 9040 9040 4
20200304 1347 9040 9045 9040 9045 3
20200304 1348 9045 9050 9045 9050 4
20200304 1349 9050 9050 9045 9045 2
20200304 1350 9045 9045 9045 9045 1
20200304 1351 9040 9040 9040 9040 3
20200304 1352 9040 9045 9040 9045 3
20200304 1353 9040 9040 9040 9040 1
20200304 1354 9040 9045 9040 9045 5
20200304 1355 9050 9050 9050 9050 2
20200304 1356 9060 9060 9060 9060 1
20200304 1357 9060 9060 9060 9060 3
20200304 1358 9060 9060 9060 9060 2
20200304 1359 9060 9060 9060 9060 4
20200304 1400 9045 9045 9045 9045 1
20200304 1401 9040 9045 9040 9045 3
20200304 1402 9040 9045 9040 9045 4
20200304 1403 9040 9040 9040 9040 1
20200304 1404 9035 9040 9035 9040 4
20200304 1405 9040 9040 9040 9040 1
20200304 1406 9035 9040 9035 9040 4
20200304 1407 9040 9040 9040 9040 3
20200304 1408 9040 9045 9040 9045 3
20200304 1409 9040 9040 9040 9040 3
20200304 1410 9040 9045 9040 9045 2
20200304 1411 9040 9045 9040 9045 4
20200304 1412 9045 9045 9045 9045 1
20200304 1413 9045 9045 9045 9045 2
20200304 1414 9040 9040 9040 9040 3
20200304 1415 9045 9045 9045 9045 4
20200304 1416 9045 9045 9045 9045 1
20200304 1417 9045 9045 9045 9045 3
20200304 1418 9040 9040 9040 9040 1
20200304 1419 9040 9040 9030 9030 3
20200304 1420 9025 9030 9025 9030 5
20200304 1421 9030 9035 9030 9035 2
20200304 1422 9035 9035 9035 9035 3
20200304 1423 9035 9035 9035 9035 1
20200304 1424 9030 9030 9025 9030 3
20200304 1425 9020 9025 9020 9025 3
20200304 1426 9025 9025 9025 9025 1
20200304 1427 9025 9030 9020 9030 5
20200304 1428 9030 9030 9030 9030 1
20200304 1429 9025 9025 9020 9020 2
20200304 1430 9020 9020 9020 9020 5
20200304 1442 9030 9030 9030 9030 1060
20200304 1530 9075 9075 9075 9075 3
20200305 918 9195 9195 9195 9195 6
20200305 922 9170 9170 9170 9170 6
20200305 926 9155 9155 9155 9155 7
20200305 929 9185 9185 9185 9185 6
20200305 933 9165 9165 9165 9165 6
20200305 936 9180 9180 9180 9180 7
20200305 940 9195 9195 9195 9195 6
20200305 944 9195 9195 9195 9195 6
20200305 947 9195 9195 9195 9195 7
20200305 951 9180 9180 9180 9180 6
20200305 954 9160 9160 9160 9160 6
20200305 958 9160 9160 9160 9160 7
20200305 1002 9170 9170 9170 9170 6
20200305 1005 9175 9175 9175 9175 6
20200305 1009 9165 9165 9165 9165 7
20200305 1012 9165 9165 9165 9165 6
20200305 1015 9140 9140 9140 9140 5
20200305 1016 9130 9130 9130 9130 6
20200305 1020 9120 9120 9120 9120 7
20200305 1023 9130 9130 9130 9130 6
20200305 1027 9125 9125 9125 9125 6
20200305 1028 9100 9100 9100 9100 3
20200305 1030 9125 9125 9125 9125 7
20200305 1034 9125 9125 9125 9125 6
20200305 1038 9145 9145 9145 9145 7
20200305 1041 9155 9155 9155 9155 6
20200305 1045 9155 9155 9155 9155 6
20200305 1048 9140 9140 9140 9140 7
20200305 1052 9135 9135 9135 9135 6
20200305 1056 9140 9140 9140 9140 6
20200305 1059 9145 9145 9145 9145 7
20200305 1103 9135 9135 9135 9135 6
20200305 1106 9135 9135 9135 9135 6
20200305 1110 9125 9125 9125 9125 7
20200305 1114 9115 9115 9115 9115 6
20200305 1117 9100 9100 9100 9100 6
20200305 1121 9100 9100 9100 9100 7
20200305 1124 9095 9095 9095 9095 6
20200305 1128 9105 9105 9105 9105 6
20200305 1132 9105 9105 9105 9105 7
20200305 1135 9110 9110 9110 9110 6
20200305 1139 9100 9100 9100 9100 6
20200305 1142 9100 9100 9100 9100 7
20200305 1146 9095 9095 9095 9095 6
20200305 1150 9105 9105 9105 9105 6
20200305 1153 9110 9110 9110 9110 7
20200305 1157 9115 9115 9115 9115 6
20200305 1200 9115 9115 9115 9115 7
20200305 1204 9120 9120 9120 9120 6
20200305 1208 9125 9125 9125 9125 6
20200305 1211 9125 9125 9125 9125 7
20200305 1215 9125 9125 9125 9125 6
20200305 1218 9125 9125 9125 9125 6
20200305 1222 9125 9125 9125 9125 7
20200305 1226 9135 9135 9135 9135 6
20200305 1229 9140 9140 9140 9140 6
20200305 1233 9145 9145 9145 9145 7
20200305 1236 9140 9140 9140 9140 6
20200305 1240 9140 9140 9140 9140 6
20200305 1244 9140 9140 9140 9140 7
20200305 1247 9135 9135 9135 9135 6
20200305 1249 9135 9135 9135 9135 14
20200305 1251 9130 9130 9130 9130 6
20200305 1254 9135 9135 9135 9135 7
20200305 1255 9105 9105 9100 9100 5
20200305 1256 9105 9105 9105 9105 1
20200305 1257 9105 9105 9105 9105 3
20200305 1258 9110 9135 9110 9135 11
20200305 1259 9110 9110 9110 9110 5
20200305 1300 9110 9110 9110 9110 1
20200305 1301 9105 9105 9105 9105 3
20200305 1302 9115 9115 9115 9115 5
20200305 1303 9115 9115 9110 9110 3
20200305 1304 9115 9120 9115 9120 2
20200305 1305 9120 9145 9120 9145 12
20200305 1306 9120 9120 9120 9120 4
20200305 1307 9120 9120 9120 9120 4
20200305 1308 9120 9125 9120 9125 2
20200305 1309 9120 9150 9120 9150 10
20200305 1310 9120 9120 9120 9120 3
20200305 1311 9120 9125 9120 9125 6
20200305 1312 9125 9125 9125 9125 1
20200305 1313 9150 9150 9120 9125 10
20200305 1314 9120 9120 9120 9120 4
20200305 1315 9115 9120 9115 9120 6
20200305 1316 9155 9155 9155 9155 7
20200305 1317 9120 9120 9120 9120 3
20200305 1318 9120 9120 9115 9115 5
20200305 1319 9115 9115 9115 9115 4
20200305 1320 9120 9120 9120 9120 1
20200305 1321 9120 9120 9120 9120 5
20200305 1322 9115 9115 9110 9110 4
20200305 1323 9115 9140 9110 9140 11
20200305 1325 9110 9115 9110 9115 6
20200305 1326 9115 9120 9115 9120 4
20200305 1327 9145 9145 9120 9120 11
20200305 1328 9115 9120 9115 9120 2
20200305 1329 9120 9120 9120 9120 3
20200305 1330 9120 9120 9120 9120 4
20200305 1331 9115 9120 9115 9120 6
20200305 1333 9120 9120 9115 9120 5
20200305 1334 9115 9145 9115 9145 12
20200305 1335 9115 9115 9115 9115 3
20200305 1336 9115 9115 9115 9115 1
20200305 1337 9120 9120 9120 9120 5
20200305 1338 9120 9145 9115 9115 10
20200305 1339 9115 9120 9115 9120 5
20200305 1341 9115 9145 9115 9145 12
20200305 1342 9115 9115 9115 9115 3
20200305 1343 9110 9110 9110 9110 4
20200305 1344 9115 9120 9115 9120 2
20200305 1345 9115 9145 9115 9145 11
20200305 1346 9115 9120 9115 9120 5
20200305 1347 9120 9120 9120 9120 5
20200305 1349 9120 9125 9120 9125 4
20200305 1350 9125 9125 9125 9125 4
20200305 1351 9125 9125 9115 9115 4
20200305 1352 9115 9120 9115 9120 2
20200305 1353 9120 9120 9120 9120 4
20200305 1354 9120 9120 9110 9115 5
20200305 1355 9115 9120 9115 9120 5
20200305 1356 9145 9145 9145 9145 7
20200305 1357 9115 9115 9115 9115 4
20200305 1358 9120 9120 9115 9115 5
20200305 1359 9120 9120 9120 9120 4
20200305 1400 9145 9145 9115 9115 7
20200305 1401 9115 9115 9115 9115 4
20200305 1403 9145 9145 9145 9145 6
20200305 1407 9155 9155 9155 9155 7
20200305 1410 9150 9150 9150 9150 6
20200305 1414 9155 9155 9155 9155 6
20200305 1418 9165 9165 9165 9165 7
20200305 1421 9165 9165 9165 9165 6
20200305 1425 9165 9165 9165 9165 6
20200305 1428 9170 9170 9170 9170 7
20200305 1432 9175 9175 9175 9175 6
20200305 1436 9180 9180 9180 9180 6
20200305 1439 9190 9190 9190 9190 7
20200305 1443 9180 9180 9180 9180 6
20200305 1447 9185 9185 9185 9185 6
20200305 1450 9190 9190 9190 9190 7
20200305 1454 9185 9185 9185 9185 6
20200305 1457 9190 9190 9190 9190 6
20200305 1501 9185 9185 9185 9185 7
20200305 1505 9175 9175 9175 9175 6
20200305 1508 9175 9175 9175 9175 6
20200305 1512 9170 9170 9170 9170 7
20200305 1516 9170 9170 9170 9170 6
20200306 901 9170 9170 9170 9170 7
20200306 952 9025 9025 9025 9025 2
20200306 953 9030 9035 9030 9035 2
20200306 956 9035 9035 9035 9035 1
20200306 957 9035 9035 9035 9035 1
20200306 958 9040 9040 9040 9040 1
20200306 1001 9035 9035 9035 9035 4
20200306 1002 9035 9035 9035 9035 1
20200306 1006 9020 9025 9020 9025 3
20200306 1007 9015 9015 9015 9015 1
20200306 1009 9010 9010 9010 9010 1
20200306 1011 9010 9010 9010 9010 2
20200306 1013 9010 9010 9010 9010 2
20200306 1015 9010 9010 9005 9010 3
20200306 1018 9000 9000 9000 9000 1
20200306 1019 9000 9000 9000 9000 1
20200306 1021 9000 9000 9000 9000 1
20200306 1023 9000 9000 9000 9000 3
20200306 1024 9000 9000 8975 8975 6
20200306 1026 8980 8985 8980 8985 2
20200306 1028 8985 8990 8985 8990 2
20200306 1031 8985 8985 8985 8985 1
20200306 1033 8985 8995 8985 8995 2
20200306 1034 8990 8990 8990 8990 1
20200306 1036 8985 8985 8985 8985 2
20200306 1038 8980 8980 8980 8980 2
20200306 1039 8975 8975 8975 8975 1
20200306 1041 8975 8975 8975 8975 2
20200306 1043 8970 8975 8970 8975 2
20200306 1044 8975 8975 8975 8975 3
20200306 1048 8965 8965 8965 8965 1
20200306 1049 8965 8965 8965 8965 1
20200306 1051 8955 8955 8955 8955 1
20200306 1052 8955 8955 8955 8955 1
20200306 1053 8945 8945 8945 8945 1
20200306 1054 8945 8945 8945 8945 1
20200306 1056 8940 8940 8940 8940 1
20200306 1057 8940 8940 8940 8940 1
20200306 1058 8940 8945 8940 8945 3
20200306 1059 8945 8945 8945 8945 1
20200306 1101 8950 8950 8950 8950 1
20200306 1103 8935 8935 8935 8935 1
20200306 1104 8930 8930 8930 8930 1
20200306 1106 8925 8930 8925 8930 22
20200306 1108 8925 8925 8925 8925 2
20200306 1110 8915 8915 8915 8915 3
20200306 1111 8905 8910 8905 8910 75
20200306 1115 8905 8910 8905 8910 40
20200306 1116 8910 8910 8910 8910 3
20200306 1120 8925 8930 8925 8930 40
20200306 1123 8920 8920 8920 8920 1
20200306 1124 8925 8925 8925 8925 19
20200306 1125 8920 8925 8920 8925 40
20200306 1126 8925 8925 8925 8925 19
20200306 1129 8920 8920 8915 8920 20
20200306 1130 8915 8920 8915 8920 3
20200306 1133 8915 8920 8915 8920 40
20200306 1134 8920 8920 8920 8920 19
20200306 1135 8920 8920 8920 8920 2
20200306 1138 8930 8935 8930 8935 41
20200306 1139 8940 8940 8940 8940 1
20200306 1141 8935 8935 8935 8935 1
20200306 1143 8935 8935 8935 8935 3
20200306 1144 8935 8935 8935 8935 1
20200306 1145 8930 8930 8930 8930 55
20200306 1148 8930 8935 8930 8935 20
20200306 1150 8925 8930 8925 8930 39
20200306 1151 8930 8930 8930 8930 3
20200306 1152 8925 8925 8925 8925 2
20200306 1154 8925 8925 8925 8925 20
20200306 1155 8925 8930 8925 8930 20
20200306 1156 8925 8930 8925 8930 21
20200306 1158 8935 8935 8935 8935 1
20200306 1200 8930 8930 8930 8930 1
20200306 1201 8925 8925 8925 8925 2
20200306 1202 8930 8930 8930 8930 57
20200306 1203 8930 8930 8930 8930 1
20200306 1205 8925 8925 8925 8925 1
20200306 1206 8925 8930 8925 8930 20
20200306 1208 8925 8925 8925 8925 1
20200306 1210 8925 8930 8925 8930 40
20200306 1213 8930 8930 8930 8930 2
20200306 1214 8935 8935 8935 8935 40
20200306 1217 8930 8935 8930 8935 38
20200306 1219 8930 8935 8930 8935 22
20200306 1220 8935 8940 8935 8940 2
20200306 1223 8935 8935 8935 8935 2
20200306 1224 8935 8940 8935 8940 39
20200306 1227 8940 8940 8940 8940 1
20200306 1228 8935 8940 8935 8940 40
20200306 1232 8935 8935 8935 8935 19
20200306 1233 8935 8935 8930 8930 3
20200306 1234 8930 8930 8930 8930 57
20200306 1235 8930 8930 8930 8930 3
20200306 1238 8935 8935 8935 8935 20
20200306 1239 8940 8940 8940 8940 20
20200306 1242 8935 8935 8935 8935 1
20200306 1243 8935 8935 8935 8935 3
20200306 1244 8935 8935 8935 8935 18
20200306 1245 8935 8940 8935 8940 39
20200306 1246 8940 8940 8940 8940 19
20200306 1247 8945 8945 8945 8945 1
20200306 1248 8940 8940 8940 8940 1
20200306 1250 8940 8950 8940 8950 40
20200306 1252 8950 8950 8950 8950 1
20200306 1253 8945 8945 8945 8945 1
20200306 1254 8940 8940 8940 8940 18
20200306 1255 8935 8935 8935 8935 2
20200306 1256 8940 8940 8935 8935 21
20200306 1258 8935 8935 8935 8935 2
20200306 1259 8940 8940 8940 8940 38
20200306 1301 8930 8930 8930 8930 1
20200306 1302 8925 8930 8925 8930 19
20200306 1304 8925 8930 8925 8930 21
20200306 1305 8925 8925 8925 8925 2
20200306 1306 8930 8930 8930 8930 20
20200306 1309 8940 8950 8940 8950 40
20200306 1312 8950 8950 8950 8950 39
20200306 1314 8945 8945 8945 8945 20
20200306 1315 8940 8940 8940 8940 4
20200306 1316 8945 8945 8945 8945 1
20200306 1319 8940 8940 8940 8940 1
20200306 1320 8935 8935 8935 8935 1
20200306 1321 8940 8940 8940 8940 56
20200306 1322 8940 8940 8940 8940 2
20200306 1324 8930 8930 8930 8930 19
20200306 1325 8930 8930 8930 8930 2
20200306 1326 8935 8935 8935 8935 20
20200306 1329 8930 8935 8930 8935 40
20200306 1330 8935 8935 8935 8935 21
20200306 1332 8940 8940 8940 8940 1
20200306 1333 8935 8935 8935 8935 2
20200306 1334 8940 8940 8940 8940 18
20200306 1335 8935 8935 8935 8935 1
20200306 1337 8930 8930 8930 8930 1
20200306 1338 8935 8940 8935 8940 40
20200306 1340 8935 8935 8935 8935 1
20200306 1341 8940 8940 8940 8940 40
20200306 1344 8935 8935 8935 8935 1
20200306 1345 8940 8940 8935 8935 37
20200306 1346 8935 8935 8935 8935 20
20200306 1347 8935 8935 8930 8935 4
20200306 1350 8940 8940 8940 8940 3
20200306 1351 8940 8940 8940 8940 1
20200306 1352 8940 8940 8940 8940 19
20200306 1354 8940 8940 8940 8940 21
20200306 1356 8935 8935 8935 8935 57
20200306 1357 8930 8935 8930 8935 2
20200306 1401 8935 8935 8930 8930 4
20200306 1404 8935 8935 8935 8935 19
20200306 1405 8940 8940 8940 8940 56
20200306 1416 8940 8940 8940 8940 1
20200306 1417 8940 8940 8940 8940 110
20200306 1427 8940 8940 8940 8940 95
20200306 1437 8930 8930 8930 8930 1
20200306 1438 8930 8930 8930 8930 93
20200306 1450 8915 8915 8915 8915 131
20200306 1501 8910 8910 8910 8910 94
20200309 914 8720 8720 8720 8720 8
20200309 1009 8715 8720 8715 8720 4
20200309 1012 8710 8710 8710 8710 3
20200309 1016 8695 8695 8695 8695 2
20200309 1019 8690 8690 8690 8690 3
20200309 1023 8695 8695 8695 8695 2
20200309 1026 8680 8680 8680 8680 3
20200309 1029 8685 8685 8685 8685 3
20200309 1033 8690 8690 8690 8690 2
20200309 1036 8695 8695 8695 8695 1
20200309 1039 8680 8680 8680 8680 2
20200309 1043 8670 8670 8670 8670 3
20200309 1046 8650 8650 8650 8650 1
20200309 1049 8625 8625 8625 8625 3
20200309 1053 8620 8620 8620 8620 3
20200309 1056 8615 8615 8615 8615 2
20200309 1059 8600 8600 8600 8600 3
20200309 1103 8580 8580 8580 8580 2
20200309 1106 8580 8580 8580 8580 3
20200309 1109 8595 8595 8595 8595 2
20200309 1113 8580 8580 8580 8580 3
20200309 1116 8580 8580 8580 8580 3
20200309 1119 8585 8585 8585 8585 5
20200309 1123 8575 8575 8575 8575 3
20200309 1126 8575 8575 8575 8575 2
20200309 1129 8570 8570 8570 8570 3
20200309 1131 8575 8575 8575 8575 1
20200309 1133 8570 8570 8570 8570 2
20200309 1136 8560 8560 8560 8560 3
20200309 1139 8550 8550 8550 8550 3
20200309 1143 8540 8540 8540 8540 2
20200309 1146 8525 8525 8525 8525 3
20200309 1149 8545 8545 8545 8545 2
20200309 1153 8560 8560 8560 8560 3
20200309 1156 8565 8565 8565 8565 2
20200309 1159 8565 8565 8565 8565 3
20200309 1203 8560 8560 8560 8560 3
20200309 1206 8565 8565 8565 8565 2
20200309 1209 8585 8585 8585 8585 3
20200309 1213 8600 8600 8600 8600 2
20200309 1216 8600 8600 8600 8600 3
20200309 1219 8600 8600 8600 8600 2
20200309 1223 8600 8600 8600 8600 3
20200309 1226 8595 8595 8595 8595 3
20200309 1229 8590 8590 8590 8590 2
20200309 1233 8580 8580 8580 8580 3
20200309 1236 8580 8580 8580 8580 2
20200309 1239 8580 8580 8580 8580 3
20200309 1243 8585 8585 8585 8585 2
20200309 1246 8585 8585 8585 8585 3
20200309 1249 8585 8585 8585 8585 3
20200309 1253 8590 8590 8590 8590 2
20200309 1256 8600 8600 8600 8600 3
20200309 1259 8600 8600 8600 8600 2
20200309 1303 8600 8600 8600 8600 3
20200309 1306 8600 8600 8600 8600 2
20200309 1309 8600 8600 8600 8600 3
20200309 1313 8590 8590 8590 8590 3
20200309 1316 8585 8585 8585 8585 2
20200309 1319 8575 8575 8575 8575 3
20200309 1323 8580 8580 8580 8580 2
20200309 1326 8590 8590 8590 8590 3
20200309 1329 8590 8590 8590 8590 2
20200309 1333 8580 8580 8580 8580 3
20200309 1336 8575 8575 8575 8575 3
20200309 1339 8560 8560 8560 8560 2
20200309 1343 8555 8555 8555 8555 3
20200309 1346 8555 8555 8555 8555 2
20200309 1349 8560 8560 8560 8560 3
20200309 1353 8565 8565 8565 8565 2
20200309 1356 8560 8560 8560 8560 3
20200309 1359 8555 8555 8555 8555 3
20200309 1415 8550 8550 8550 8550 1
20200309 1511 8540 8540 8540 8540 1
20200310 901 8545 8545 8545 8545 10
20200310 904 8575 8575 8575 8575 28
20200310 933 8540 8540 8540 8540 1
20200310 956 8605 8605 8605 8605 1
20200310 1004 8630 8630 8630 8630 1
20200310 1010 8625 8625 8625 8625 4
20200310 1011 8625 8625 8610 8610 1933
20200310 1013 8610 8610 8605 8605 2
20200310 1015 8605 8605 8605 8605 2
20200310 1017 8605 8605 8605 8605 1
20200310 1018 8605 8605 8605 8605 2
20200310 1019 8610 8610 8610 8610 10
20200310 1020 8605 8605 8605 8605 3
20200310 1021 8610 8610 8610 8610 3
20200310 1022 8610 8610 8610 8610 6
20200310 1024 8635 8635 8635 8635 3
20200310 1025 8635 8635 8635 8635 1
20200310 1026 8650 8650 8650 8650 1
20200310 1027 8645 8650 8645 8650 6
20200310 1029 8660 8660 8660 8660 3
20200310 1030 8660 8660 8660 8660 2
20200310 1031 8665 8665 8665 8665 4
20200310 1032 8660 8660 8660 8660 1
20200310 1033 8660 8660 8660 8660 2
20200310 1034 8660 8660 8650 8650 5
20200310 1036 8655 8655 8655 8655 3
20200310 1037 8665 8665 8660 8660 3
20200310 1038 8660 8660 8660 8660 4
20200310 1039 8655 8655 8655 8655 2
20200310 1040 8655 8655 8655 8655 1
20200310 1041 8650 8650 8650 8650 3
20200310 1042 8645 8645 8645 8645 1
20200310 1043 8640 8640 8630 8630 4
20200310 1044 8630 8630 8630 8630 2
20200310 1045 8630 8630 8630 8630 3
20200310 1047 8625 8630 8625 8630 6
20200310 1049 8635 8635 8630 8630 3
20200310 1050 8630 8630 8630 8630 3
20200310 1051 8630 8630 8630 8630 1
20200310 1052 8630 8640 8630 8640 5
20200310 1054 8625 8625 8625 8625 2
20200310 1055 8615 8615 8615 8615 3
20200310 1056 8605 8605 8605 8605 3
20200310 1058 8605 8605 8605 8605 2
20200310 1059 8605 8605 8605 8605 2
20200310 1101 8605 8605 8605 8605 2
20200310 1103 8605 8605 8605 8605 1
20200310 1104 8605 8605 8605 8605 2
20200310 1105 8605 8605 8605 8605 7218
20200310 1106 8580 8580 8570 8570 8
20200310 1107 8570 8570 8565 8570 9
20200310 1108 8565 8565 8565 8565 4
20200310 1110 8560 8560 8560 8560 1
20200310 1111 8570 8570 8570 8570 5
20200310 1112 8565 8570 8565 8570 2
20200310 1113 8570 8570 8570 8570 5
20200310 1115 8560 8560 8560 8560 3
20200310 1116 8565 8565 8565 8565 2
20200310 1117 8560 8560 8560 8560 1
20200310 1118 8560 8560 8555 8555 4
20200310 1119 8555 8555 8555 8555 1
20200310 1121 8550 8560 8550 8560 7
20200310 1122 8560 8560 8560 8560 3
20200310 1123 8565 8565 8565 8565 2
20200310 1125 8570 8570 8565 8565 5
20200310 1126 8560 8560 8560 8560 1
20200310 1128 8560 8560 8555 8555 5
20200310 1130 8550 8550 8545 8550 4
20200310 1131 8550 8550 8550 8550 6
20200310 1133 8545 8545 8545 8545 2
20200310 1134 8550 8550 8550 8550 3
20200310 1135 8550 8550 8550 8550 3
20200310 1137 8545 8545 8545 8545 2
20200310 1138 8545 8545 8545 8545 1
20200310 1139 8545 8545 8545 8545 1
20200310 1140 8545 8545 8545 8545 2
20200310 1141 8550 8550 8550 8550 9
20200310 1142 8550 8550 8545 8545 3
20200310 1144 8545 8545 8545 8545 1
20200310 1145 8545 8545 8545 8545 1
20200310 1146 8545 8545 8545 8545 1
20200310 1147 8545 8545 8545 8545 2
20200310 1149 8545 8545 8545 8545 1
20200310 1150 8545 8545 8540 8540 787
20200310 1151 8535 8535 8535 8535 1
20200310 1152 8530 8530 8530 8530 2
20200310 1153 8535 8535 8535 8535 16
20200310 1154 8535 8535 8535 8535 4
20200310 1155 8535 8535 8535 8535 1
20200310 1156 8545 8545 8545 8545 1
20200310 1157 8555 8560 8555 8560 5
20200310 1159 8560 8565 8560 8565 5
20200310 1200 8560 8560 8560 8560 1
20200310 1201 8570 8570 8570 8570 1
20200310 1202 8575 8575 8575 8575 3
20200310 1204 8575 8575 8575 8575 2
20200310 1207 8575 8575 8575 8575 1
20200310 1209 8565 8565 8565 8565 4
20200310 1211 8565 8565 8565 8565 3
20200310 1213 8565 8565 8565 8565 19
20200310 1214 8560 8560 8560 8560 1
20200310 1216 8560 8560 8560 8560 4
20200310 1218 8560 8560 8560 8560 1
20200310 1219 8565 8565 8565 8565 8
20200310 1220 8565 8565 8565 8565 3
20200310 1221 8570 8570 8570 8570 2
20200310 1222 8570 8570 8570 8570 3
20200310 1223 8570 8575 8570 8575 2
20200310 1224 8575 8575 8575 8575 1
20200310 1225 8575 8575 8575 8575 3
20200310 1226 8575 8575 8575 8575 2
20200310 1227 8580 8580 8575 8575 4
20200310 1228 8575 8575 8575 8575 2
20200310 1229 8575 8575 8575 8575 1
20200310 1230 8580 8580 8580 8580 4
20200310 1231 8580 8580 8580 8580 1
20200310 1232 8585 8585 8585 8585 1
20200310 1233 8585 8585 8580 8580 6
20200310 1234 8575 8575 8575 8575 4
20200310 1236 8565 8575 8565 8575 3
20200310 1237 8580 8580 8580 8580 4
20200310 1238 8585 8585 8585 8585 5
20200310 1241 8590 8590 8585 8590 3
20200310 1242 8590 8590 8590 8590 4
20200310 1243 8615 8615 8585 8585 9
20200310 1244 8610 8610 8610 8610 1
20200310 1245 8610 8610 8610 8610 3
20200310 1248 8610 8610 8605 8610 10
20200310 1250 8605 8605 8600 8600 5
20200310 1252 8600 8605 8600 8605 2
20200310 1253 8605 8610 8605 8610 5
20200310 1255 8600 8600 8600 8600 3
20200310 1256 8600 8600 8600 8600 1
20200310 1257 8590 8590 8590 8590 1
20200310 1258 8590 8590 8590 8590 2
20200310 1259 8590 8590 8590 8590 1
20200310 1300 8590 8590 8590 8590 1
20200310 1301 8585 8585 8585 8585 1
20200310 1302 8585 8585 8585 8585 4
20200310 1303 8580 8580 8580 8580 12
20200310 1305 8575 8575 8575 8575 2
20200310 1306 8575 8575 8575 8575 5
20200310 1307 8580 8585 8580 8585 4
20200310 1308 8575 8575 8575 8575 1
20200310 1310 8575 8575 8575 8575 3
20200310 1312 8570 8570 8565 8565 9
20200310 1313 8565 8565 8565 8565 1
20200310 1314 8565 8565 8565 8565 2
20200310 1315 8560 8565 8560 8565 9
20200310 1317 8560 8560 8560 8560 1
20200310 1318 8570 8570 8570 8570 4
20200310 1319 8560 8560 8560 8560 2
20200310 1320 8560 8560 8560 8560 4
20200310 1322 8555 8555 8555 8555 3
20200310 1324 8550 8550 8550 8550 4
20200310 1326 8550 8550 8550 8550 1
20200310 1327 8545 8555 8545 8555 12
20200310 1329 8555 8565 8555 8565 5
20200310 1331 8555 8555 8555 8555 3
20200310 1332 8555 8555 8550 8550 1024
20200310 1333 8535 8540 8535 8540 6
20200310 1334 8540 8540 8540 8540 5
20200310 1336 8545 8545 8545 8545 1
20200310 1338 8540 8540 8540 8540 6
20200310 1339 8540 8540 8535 8535 5
20200310 1341 8540 8540 8540 8540 1
20200310 1342 8530 8530 8530 8530 2
20200310 1344 8530 8530 8530 8530 1
20200310 1345 8530 8530 8530 8530 1
20200310 1346 8530 8530 8530 8530 2
20200310 1347 8530 8530 8530 8530 1
20200310 1348 8530 8530 8530 8530 2
20200310 1349 8530 8530 8530 8530 1
20200310 1351 8530 8530 8525 8525 3
20200310 1352 8525 8530 8525 8530 19
20200310 1353 8530 8530 8530 8530 4
20200310 1355 8530 8530 8530 8530 4
20200310 1356 8535 8535 8530 8530 3
20200310 1357 8540 8545 8540 8545 4
20200310 1358 8540 8540 8540 8540 1
20200310 1400 8550 8550 8550 8550 4
20200310 1401 8550 8555 8550 8555 4
20200310 1413 8580 8580 8580 8580 12
20200310 1420 8600 8600 8600 8600 167
20200310 1503 8580 8580 8580 8580 28
20200311 922 8610 8610 8610 8610 1
20200311 932 8575 8575 8575 8575 1
20200311 933 8570 8570 8555 8555 13
20200311 945 8540 8540 8540 8540 1
20200311 954 8535 8535 8535 8535 1
20200311 956 8530 8530 8530 8530 1
20200311 1028 8530 8530 8530 8530 1
20200311 1031 8525 8525 8520 8520 2
20200311 1033 8515 8515 8515 8515 21
20200311 1117 8465 8465 8465 8465 1
20200311 1118 8460 8460 8460 8460 2
20200311 1120 8455 8455 8455 8455 1
20200311 1121 8455 8460 8455 8460 6
20200311 1122 8465 8465 8465 8465 1
20200311 1123 8470 8470 8470 8470 3
20200311 1124 8470 8470 8470 8470 1
20200311 1125 8475 8475 8475 8475 6
20200311 1126 8485 8485 8485 8485 3
20200311 1127 8490 8490 8490 8490 2
20200311 1128 8500 8500 8500 8500 1
20200311 1129 8500 8505 8500 8505 4
20200311 1131 8505 8505 8500 8500 3
20200311 1132 8500 8500 8500 8500 2
20200311 1133 8500 8500 8485 8485 4
20200311 1135 8485 8485 8485 8485 5
20200311 1136 8485 8485 8485 8485 6
20200311 1137 8485 8485 8485 8485 1
20200311 1138 8490 8495 8490 8495 4
20200311 1140 8490 8490 8490 8490 3
20200311 1141 8500 8500 8500 8500 3
20200311 1142 8495 8495 8495 8495 2
20200311 1143 8505 8510 8505 8510 5
20200311 1144 8510 8510 8510 8510 1
20200311 1145 8510 8510 8510 8510 1
20200311 1146 8500 8505 8500 8505 3
20200311 1147 8500 8505 8500 8505 5
20200311 1148 8500 8500 8500 8500 1
20200311 1149 8490 8490 8490 8490 2
20200311 1150 8495 8495 8495 8495 1
20200311 1151 8495 8495 8495 8495 3
20200311 1152 8490 8490 8490 8490 1
20200311 1153 8490 8490 8490 8490 8
20200311 1154 8485 8485 8485 8485 1
20200311 1155 8490 8490 8490 8490 2
20200311 1156 8495 8495 8495 8495 3
20200311 1157 8500 8500 8500 8500 3
20200311 1158 8495 8500 8495 8500 6
20200311 1200 8500 8500 8500 8500 1
20200311 1201 8510 8510 8510 8510 5
20200311 1202 8510 8510 8510 8510 3
20200311 1204 8490 8490 8490 8490 1
20200311 1205 8490 8490 8490 8490 3
20200311 1206 8490 8490 8490 8490 4
20200311 1208 8485 8485 8485 8485 5
20200311 1209 8485 8490 8485 8490 5
20200311 1210 8500 8500 8500 8500 2
20200311 1211 8505 8505 8505 8505 2
20200311 1212 8505 8505 8505 8505 2
20200311 1213 8500 8500 8500 8500 1
20200311 1214 8500 8505 8500 8505 6
20200311 1215 8505 8505 8505 8505 1
20200311 1216 8505 8505 8505 8505 3
20200311 1217 8505 8505 8505 8505 5
20200311 1219 8510 8510 8510 8510 4
20200311 1220 8510 8510 8510 8510 4
20200311 1222 8500 8500 8500 8500 2
20200311 1223 8500 8500 8500 8500 59
20200311 1224 8500 8505 8500 8505 6
20200311 1225 8500 8500 8500 8500 1
20200311 1226 8500 8505 8500 8505 6
20200311 1228 8505 8505 8500 8500 3
20200311 1229 8500 8500 8500 8500 3
20200311 1230 8505 8505 8505 8505 3
20200311 1231 8490 8490 8490 8490 1
20200311 1232 8485 8485 8485 8485 3
20200311 1233 8485 8485 8485 8485 2
20200311 1234 8490 8490 8490 8490 4
20200311 1235 8485 8485 8485 8485 2
20200311 1236 8490 8490 8490 8490 3
20200311 1237 8485 8490 8485 8490 4
20200311 1238 8485 8485 8485 8485 1
20200311 1239 8485 8485 8485 8485 2
20200311 1240 8485 8485 8485 8485 3
20200311 1241 8485 8485 8485 8485 5
20200311 1242 8485 8485 8485 8485 2
20200311 1243 8490 8490 8490 8490 1
20200311 1244 8490 8495 8490 8495 6
20200311 1246 8495 8500 8495 8500 4
20200311 1248 8490 8495 8490 8495 5
20200311 1249 8485 8485 8485 8485 1
20200311 1250 8485 8490 8485 8490 4
20200311 1251 8495 8495 8495 8495 3
20200311 1253 8480 8485 8480 8485 6
20200311 1255 8485 8485 8480 8480 2
20200311 1256 8485 8485 8485 8485 4
20200311 1257 8485 8485 8485 8485 4
20200311 1259 8485 8485 8485 8485 4
20200311 1300 8485 8485 8485 8485 1
20200311 1301 8485 8490 8485 8490 5
20200311 1302 8485 8485 8485 8485 2
20200311 1303 8480 8480 8480 8480 3
20200311 1304 8480 8480 8480 8480 3
20200311 1305 8480 8480 8480 8480 1
20200311 1306 8480 8480 8480 8480 2
20200311 1307 8480 8485 8480 8485 6
20200311 1308 8490 8495 8490 8490 213
20200311 1310 8475 8475 8475 8475 3
20200311 1311 8475 8475 8475 8475 2
20200311 1312 8475 8475 8475 8475 5
20200311 1313 8475 8475 8475 8475 1
20200311 1314 8475 8475 8475 8475 3
20200311 1315 8475 8475 8475 8475 1
20200311 1316 8475 8475 8475 8475 3
20200311 1317 8460 8460 8460 8460 3
20200311 1318 8460 8460 8460 8460 2
20200311 1319 8460 8460 8460 8460 5
20200311 1320 8455 8455 8455 8455 1
20200311 1321 8450 8450 8450 8450 3
20200311 1322 8455 8455 8450 8455 6
20200311 1324 8450 8450 8450 8450 1
20200311 1325 8455 8455 8450 8450 3
20200311 1326 8455 8455 8455 8455 5
20200311 1327 8450 8450 8450 8450 1
20200311 1328 8445 8445 8445 8445 2
20200311 1329 8445 8445 8445 8445 1
20200311 1330 8445 8450 8445 8450 4
20200311 1331 8440 8445 8440 8445 4
20200311 1332 8445 8445 8435 8435 2
20200311 1333 8435 8435 8435 8435 1
20200311 1334 8440 8440 8440 8440 6
20200311 1335 8440 8440 8440 8440 1
20200311 1336 8435 8435 8435 8435 2
20200311 1337 8440 8440 8440 8440 6
20200311 1339 8435 8435 8435 8435 4
20200311 1340 8430 8435 8430 8435 3
20200311 1341 8435 8435 8435 8435 4
20200311 1342 8430 8430 8420 8420 3
20200311 1343 8415 8415 8415 8415 5
20200311 1344 8415 8415 8415 8415 7
20200311 1345 8410 8410 8410 8410 1
20200311 1346 8410 8410 8405 8405 2
20200311 1347 8405 8410 8405 8410 5
20200311 1348 8405 8405 8405 8405 2
20200311 1349 8405 8405 8400 8400 8
20200311 1350 8395 8400 8395 8400 3
20200311 1351 8395 8395 8395 8395 1
20200311 1352 8390 8390 8390 8390 5
20200311 1353 8390 8390 8390 8390 2
20200311 1354 8380 8380 8380 8380 10
20200311 1356 8370 8370 8365 8365 4
20200311 1357 8365 8375 8365 8375 6
20200311 1358 8390 8395 8390 8395 5
20200311 1400 8395 8395 8395 8395 4
20200311 1401 8390 8390 8390 8390 3
20200311 1402 8365 8365 8360 8360 2
20200311 1403 8360 8360 8360 8360 1
20200311 1404 8355 8355 8355 8355 1
20200311 1405 8355 8355 8355 8355 1
20200311 1406 8355 8355 8355 8355 3
20200311 1408 8355 8355 8355 8355 1
20200311 1409 8355 8355 8350 8350 4
20200311 1410 8340 8340 8340 8340 1
20200311 1411 8330 8330 8330 8330 1
20200311 1412 8350 8360 8350 8360 11
20200311 1413 8330 8330 8330 8330 1
20200311 1414 8325 8325 8325 8325 2
20200311 1415 8330 8330 8330 8330 2
20200311 1417 8325 8325 8325 8325 1
20200311 1418 8325 8325 8325 8325 2
20200311 1419 8325 8330 8325 8330 2
20200311 1421 8335 8340 8335 8340 2
20200311 1422 8345 8345 8345 8345 2
20200311 1424 8340 8340 8340 8340 2
20200311 1425 8335 8335 8335 8335 55
20200311 1426 8340 8340 8330 8330 2
20200311 1427 8335 8335 8335 8335 1
20200311 1428 8325 8325 8325 8325 1
20200311 1429 8325 8325 8325 8325 1
20200311 1430 8325 8325 8320 8325 3
20200311 1432 8320 8320 8320 8320 1
20200311 1433 8320 8320 8320 8320 1
20200311 1434 8310 8315 8310 8315 2
20200311 1435 8310 8310 8310 8310 1
20200311 1436 8310 8310 8310 8310 1
20200311 1437 8300 8300 8300 8300 1
20200311 1438 8305 8305 8305 8305 2
20200311 1439 8310 8310 8310 8310 1
20200311 1440 8320 8320 8320 8320 2
20200311 1442 8340 8340 8340 8340 1
20200311 1443 8335 8335 8325 8325 2
20200311 1444 8335 8335 8335 8335 2
20200311 1446 8335 8340 8335 8340 2
20200311 1447 8340 8340 8340 8340 1
20200311 1448 8340 8340 8340 8340 2
20200311 1450 8330 8330 8330 8330 1
20200311 1451 8325 8325 8325 8325 1
20200311 1452 8335 8335 8335 8335 1
20200312 902 8325 8325 8325 8325 272
20200312 903 8335 8335 8335 8335 176
20200312 905 8305 8305 8305 8305 1
20200312 944 8210 8210 8210 8210 27
20200312 953 8220 8220 8220 8220 1
20200312 1058 8030 8030 8030 8030 20
20200312 1138 7990 7990 7990 7990 2
20200312 1243 7900 7900 7900 7900 185
20200312 1258 7890 7890 7890 7890 20
20200312 1300 7875 7875 7875 7875 1
20200312 1319 7870 7870 7870 7870 1000
20200312 1320 7895 7895 7895 7895 1
20200312 1426 7970 7970 7970 7970 10
20200312 1432 7935 7935 7935 7935 15
20200312 1433 7930 7940 7930 7940 23
20200312 1435 7940 7940 7940 7940 15
20200312 1436 7945 7945 7945 7945 15
20200312 1437 7950 7955 7950 7955 16
20200312 1438 7955 7960 7955 7960 15
20200312 1439 7960 7960 7960 7960 7
20200312 1440 7950 7950 7950 7950 16
20200312 1441 7955 7955 7955 7955 15
20200312 1442 7945 7945 7945 7945 7
20200312 1443 7940 7940 7930 7930 16
20200312 1444 7935 7935 7925 7925 15
20200312 1445 7920 7920 7915 7915 15
20200312 1446 7920 7920 7920 7920 8
20200312 1447 7915 7920 7915 7920 15
20200312 1448 7915 7915 7905 7905 15
20200312 1449 7895 7895 7895 7895 15
20200312 1450 7900 7905 7900 7905 15
20200312 1451 7900 7900 7900 7900 8
20200312 1452 7905 7910 7905 7910 15
20200312 1453 7920 7920 7920 7920 15
20200312 1454 7915 7915 7915 7915 8
20200312 1455 7920 7920 7920 7920 15
20200312 1456 7925 7935 7925 7935 23
20200312 1457 7920 7920 7920 7920 7
20200312 1458 7910 7910 7910 7910 8
20200312 1459 7915 7915 7905 7905 15
20200312 1500 7905 7910 7905 7910 23
20200312 1501 7890 7890 7890 7890 7
20200312 1502 7885 7885 7885 7885 8
20200312 1503 7885 7885 7885 7885 15
20200312 1504 7880 7880 7870 7870 15
20200312 1505 7865 7865 7865 7865 15
20200312 1506 7860 7860 7860 7860 8
20200312 1507 7860 7860 7855 7855 9
20200312 1508 7840 7850 7840 7850 21
20200312 1509 7840 7840 7840 7840 16
20200312 1510 7840 7840 7840 7840 7
20200312 1511 7835 7840 7835 7840 15
20200313 911 7170 7170 7170 7170 28
20200313 912 7175 7175 7175 7175 62
20200313 919 7250 7250 7250 7250 141
20200313 929 7305 7305 7305 7305 7
20200313 936 7325 7325 7325 7325 59
20200313 1018 7250 7250 7250 7250 1
20200313 1033 7185 7185 7185 7185 10
20200313 1210 7075 7075 7065 7065 29
20200313 1211 7060 7060 7060 7060 12
20200313 1219 7055 7055 7055 7055 17
20200313 1220 7045 7045 7040 7040 29
20200313 1221 7030 7030 7025 7025 29
20200313 1224 7020 7020 7020 7020 12
20200313 1225 7015 7015 7015 7015 5
20200313 1226 7010 7010 7010 7010 12
20200313 1245 6995 6995 6995 6995 1
20200313 1246 7025 7025 7025 7025 6
20200313 1255 6990 6990 6990 6990 5
20200313 1258 6980 6980 6980 6980 29
20200313 1330 7025 7025 7025 7025 5
20200313 1358 7310 7310 7310 7310 12
20200313 1400 7335 7335 7335 7335 1301
20200313 1411 7420 7420 7420 7420 28
20200313 1415 7490 7490 7490 7490 13
20200316 1118 7400 7400 7400 7400 2
20200316 1120 7400 7400 7400 7400 1
20200316 1121 7400 7400 7400 7400 1
20200316 1123 7375 7375 7375 7375 1
20200316 1125 7365 7365 7365 7365 1
20200316 1126 7365 7365 7365 7365 1
20200316 1128 7370 7370 7370 7370 1
20200316 1130 7370 7370 7370 7370 2
20200316 1133 7380 7380 7380 7380 1
20200316 1135 7380 7380 7380 7380 1
20200316 1136 7355 7355 7355 7355 1
20200316 1138 7350 7350 7350 7350 1
20200316 1140 7355 7355 7355 7355 1
20200316 1141 7360 7360 7360 7360 2
20200316 1145 7350 7350 7350 7350 1
20200316 1146 7340 7340 7340 7340 1
20200316 1147 7355 7355 7355 7355 1
20200316 1149 7370 7370 7370 7370 1
20200316 1150 7370 7370 7370 7370 1
20200316 1151 7375 7375 7375 7375 6105
20200316 1153 7370 7370 7370 7370 1
20200316 1155 7375 7375 7375 7375 1
20200316 1156 7375 7380 7375 7380 2
20200316 1159 7375 7375 7375 7375 1
20200316 1201 7370 7370 7370 7370 1
20200316 1203 7365 7365 7365 7365 1
20200316 1204 7350 7350 7350 7350 1
20200316 1206 7340 7340 7340 7340 1
20200316 1208 7340 7340 7340 7340 1
20200316 1209 7340 7340 7340 7340 1
20200316 1210 7350 7350 7350 7350 1
20200316 1213 7350 7350 7350 7350 2
20200316 1214 7345 7345 7345 7345 1
20200316 1216 7345 7350 7345 7350 2
20200316 1219 7345 7345 7345 7345 1
20200316 1221 7340 7340 7340 7340 1
20200316 1223 7340 7340 7340 7340 1
20200316 1224 7335 7335 7335 7335 1
20200316 1226 7330 7330 7330 7330 1
20200316 1228 7320 7320 7320 7320 1
20200316 1229 7305 7305 7305 7305 1
20200316 1231 7310 7310 7310 7310 1
20200316 1233 7305 7305 7305 7305 1
20200316 1234 7305 7305 7305 7305 1
20200316 1236 7300 7305 7300 7305 2
20200316 1239 7330 7330 7330 7330 1
20200316 1240 7335 7335 7335 7335 1
20200316 1243 7330 7330 7330 7330 1
20200316 1244 7335 7335 7335 7335 1
20200316 1246 7320 7320 7320 7320 1
20200316 1248 7320 7320 7320 7320 1
20200316 1249 7330 7330 7330 7330 1
20200316 1251 7340 7340 7340 7340 2
20200316 1254 7350 7350 7350 7350 1
20200316 1256 7355 7355 7355 7355 1
20200316 1258 7350 7350 7350 7350 1
20200316 1259 7345 7345 7345 7345 1
20200316 1301 7350 7350 7350 7350 2
20200316 1304 7340 7340 7340 7340 1
20200316 1306 7335 7335 7335 7335 2
20200316 1307 7340 7340 7340 7340 1
20200316 1309 7310 7310 7310 7310 1
20200316 1311 7300 7300 7300 7300 1
20200316 1312 7295 7295 7295 7295 1
20200316 1314 7295 7295 7295 7295 1
20200316 1316 7280 7280 7280 7280 1
20200316 1317 7255 7255 7255 7255 1
20200316 1319 7260 7260 7260 7260 1
20200316 1321 7255 7255 7255 7255 1
20200316 1322 7265 7265 7265 7265 1
20200316 1324 7280 7280 7280 7280 1
20200316 1326 7285 7285 7285 7285 2
20200316 1329 7260 7260 7260 7260 1
20200316 1331 7255 7255 7255 7255 1
20200316 1332 7230 7230 7230 7230 1
20200316 1334 7225 7225 7225 7225 1
20200316 1336 7210 7210 7210 7210 1
20200316 1337 7200 7200 7200 7200 1
20200316 1339 7215 7215 7215 7215 2
20200316 1342 7235 7235 7235 7235 1
20200316 1344 7210 7210 7210 7210 1
20200316 1346 7200 7200 7200 7200 1
20200316 1347 7220 7220 7220 7220 1
20200316 1348 7240 7240 7240 7240 1
20200316 1350 7255 7255 7255 7255 1
20200316 1352 7230 7230 7230 7230 1
20200316 1354 7230 7255 7230 7255 8
20200316 1357 7220 7220 7220 7220 1
20200316 1359 7220 7225 7220 7225 2
20200316 1406 7200 7200 7200 7200 2
20200316 1444 7255 7255 7255 7255 2
20200317 903 6735 6755 6735 6755 84
20200317 904 6765 6770 6765 6770 42
20200317 910 6775 6795 6775 6795 84
20200317 914 6835 6835 6835 6835 5
20200317 916 6795 6795 6795 6795 1
20200317 925 6830 6830 6830 6830 3
20200317 929 6815 6815 6815 6815 2
20200317 932 6815 6815 6815 6815 2
20200317 936 6835 6835 6835 6835 3
20200317 939 6795 6795 6795 6795 2
20200317 942 6760 6760 6760 6760 2
20200317 946 6805 6805 6805 6805 2
20200317 949 6830 6835 6830 6835 529
20200317 950 6840 6840 6840 6840 1
20200317 951 6855 6865 6855 6865 2
20200317 952 6880 6880 6880 6880 1
20200317 953 6890 6895 6890 6895 3
20200317 956 6910 6910 6910 6910 2
20200317 1000 6930 6930 6930 6930 3
20200317 1003 6940 6940 6940 6940 2
20200317 1004 6960 6960 6960 6960 1934
20200317 1005 6975 6975 6975 6975 1133
20200317 1007 6990 6990 6990 6990 2
20200317 1010 6995 6995 6995 6995 3
20200317 1014 6940 6940 6940 6940 2
20200317 1017 6980 6980 6980 6980 2
20200317 1021 6975 6975 6975 6975 3
20200317 1024 6990 6990 6990 6990 2
20200317 1028 7050 7050 7050 7050 2
20200317 1031 7080 7080 7080 7080 2
20200317 1034 7120 7120 7120 7120 4
20200317 1035 7125 7135 7125 7135 20
20200317 1038 7095 7095 7095 7095 2
20200317 1042 7070 7070 7070 7070 2
20200317 1045 7015 7015 7015 7015 3
20200317 1049 6965 6965 6965 6965 2
20200317 1052 6950 6950 6950 6950 2
20200317 1056 6980 6980 6980 6980 3
20200317 1059 6955 6955 6955 6955 2
20200317 1103 6965 6965 6965 6965 2
20200317 1106 6950 6950 6950 6950 3
20200317 1110 6905 6905 6905 6905 2
20200317 1113 6845 6845 6845 6845 2
20200317 1117 6860 6860 6860 6860 2
20200317 1120 6830 6830 6830 6830 12
20200317 1123 6875 6885 6875 6885 45
20200317 1124 6890 6910 6890 6910 47
20200317 1127 6870 6870 6870 6870 2
20200317 1131 6890 6890 6890 6890 3
20200317 1134 6915 6915 6910 6910 17
20200317 1137 6910 6910 6910 6910 1
20200317 1138 6890 6890 6890 6890 2
20200317 1139 6920 6920 6920 6920 15
20200317 1140 6930 6930 6930 6930 15
20200317 1141 6930 6935 6930 6935 19
20200317 1145 6935 6935 6935 6935 2
20200317 1148 6935 6935 6935 6935 2
20200317 1152 6935 6935 6935 6935 3
20200317 1155 6930 6930 6930 6930 2
20200317 1159 6920 6920 6920 6920 2
20200317 1202 6905 6905 6905 6905 2
20200317 1206 6925 6925 6925 6925 3
20200317 1209 6950 6950 6950 6950 2
20200317 1213 6920 6920 6920 6920 2
20200317 1216 6915 6915 6915 6915 3
20200317 1220 6915 6915 6915 6915 2
20200317 1223 6925 6925 6925 6925 2
20200317 1226 6930 6930 6930 6930 3
20200317 1230 6945 6945 6945 6945 2
20200317 1233 6945 6945 6945 6945 2
20200317 1237 6940 6940 6940 6940 2
20200317 1240 6920 6920 6920 6920 3
20200317 1244 6935 6935 6935 6935 2
20200317 1247 6955 6955 6955 6955 2
20200317 1251 6955 6955 6955 6955 3
20200317 1254 6955 6955 6955 6955 2
20200317 1258 6965 6965 6965 6965 2
20200317 1301 7000 7000 7000 7000 3
20200317 1305 7005 7005 7005 7005 2
20200317 1308 7010 7010 7010 7010 2
20200317 1312 7010 7010 7010 7010 3
20200317 1315 6980 6980 6980 6980 2
20200317 1319 6960 6960 6960 6960 2
20200317 1322 6950 6950 6950 6950 2
20200317 1326 6940 6940 6940 6940 3
20200317 1329 6925 6925 6925 6925 2
20200317 1333 6925 6925 6925 6925 2
20200317 1336 6935 6935 6935 6935 3
20200317 1340 6955 6955 6955 6955 2
20200317 1343 6965 6965 6965 6965 2
20200317 1347 6955 6955 6955 6955 3
20200317 1350 6980 6980 6980 6980 2
20200317 1354 6975 6975 6975 6975 2
20200317 1357 6995 6995 6995 6995 3
20200317 1401 6990 6990 6990 6990 2
20200317 1404 6995 6995 6995 6995 2
20200317 1408 7000 7000 7000 7000 2
20200317 1411 6995 6995 6995 6995 3
20200317 1415 6985 6985 6985 6985 2
20200317 1418 7000 7000 7000 7000 2
20200317 1422 7020 7020 7020 7020 3
20200317 1425 7030 7030 7030 7030 2
20200317 1429 6990 6990 6990 6990 2
20200317 1432 6975 6975 6975 6975 3
20200317 1436 6950 6950 6950 6950 2
20200317 1439 6940 6940 6940 6940 2
20200317 1441 6940 6940 6940 6940 53
20200317 1442 6955 6955 6955 6955 27
20200317 1443 6960 6960 6960 6960 57
20200317 1444 6955 6960 6955 6960 53
20200317 1445 6955 6955 6955 6955 27
20200317 1446 6950 6955 6950 6950 56
20200317 1447 6945 6945 6935 6935 54
20200317 1448 6935 6935 6930 6930 53
20200317 1449 6935 6935 6935 6935 27
20200317 1450 6935 6935 6930 6930 56
20200317 1451 6890 6890 6890 6890 54
20200317 1452 6890 6890 6890 6890 26
20200317 1453 6880 6880 6875 6875 44
20200317 1454 6860 6860 6860 6860 66
20200317 1455 6865 6865 6860 6860 29
20200317 1456 6860 6860 6860 6860 27
20200317 1457 6845 6845 6845 6845 81
20200317 1458 6860 6860 6860 6860 54
20200317 1459 6860 6860 6860 6860 27
20200317 1500 6860 6875 6860 6875 55
20200317 1501 6875 6875 6875 6875 54
20200317 1502 6860 6990 6860 6860 55
20200317 1503 6860 6860 6860 6860 26
20200317 1504 6860 6860 6860 6860 56
20200317 1505 6860 6860 6860 6860 54
20200317 1506 6860 6860 6860 6860 27
20200317 1507 6860 6860 6860 6860 55
20200317 1508 6860 6860 6845 6845 54
20200317 1509 6845 6845 6845 6845 27
20200317 1510 6845 6860 6845 6860 54
20200317 1511 6860 6875 6860 6875 56
20200317 1512 6875 6875 6875 6875 27
20200317 1513 6875 6875 6875 6875 54
20200317 1514 6875 6890 6875 6890 53
20200317 1515 6890 6890 6890 6890 27
20200317 1516 6890 6890 6890 6890 27
20200317 1530 7010 7010 7010 7010 1
20200318 1109 6915 6915 6915 6915 500
20200318 1119 6795 6795 6795 6795 10
20200318 1158 6950 6950 6950 6950 17
20200318 1439 6790 6790 6790 6790 1
20200318 1530 6495 6495 6495 6495 1
20200319 928 6415 6415 6415 6415 47
20200319 1132 6070 6070 6070 6070 10
20200320 945 5870 5870 5870 5870 1000
20200320 950 5780 5780 5780 5780 1
20200320 1018 5840 5840 5840 5840 16
20200320 1025 5855 5855 5855 5855 6
20200320 1026 5865 5865 5865 5865 1
20200320 1027 5865 5865 5865 5865 5
20200320 1028 5880 5880 5880 5880 1
20200320 1036 5870 5870 5870 5870 1
20200320 1040 5905 5905 5905 5905 1
20200320 1100 5870 5870 5870 5870 14
20200320 1112 5910 5910 5910 5910 1
20200320 1114 5910 5910 5910 5910 33
20200320 1115 5915 5915 5915 5915 25
20200320 1116 5925 5925 5925 5925 33
20200320 1117 5930 5930 5930 5930 24
20200320 1118 5935 5935 5930 5930 75
20200320 1119 5940 5945 5940 5945 48
20200320 1120 5955 5955 5955 5955 24
20200320 1121 5960 5960 5960 5960 24
20200320 1122 5965 5975 5965 5975 72
20200320 1123 5985 5985 5985 5985 24
20200320 1126 6045 6045 6045 6045 20
20200320 1144 5970 5970 5970 5970 3
20200320 1206 5970 5970 5970 5970 5
20200320 1236 5990 5990 5990 5990 40
20200320 1331 6055 6055 6055 6055 8
20200323 1119 5860 5860 5860 5860 10
20200323 1155 5860 5860 5860 5860 50
20200323 1221 5850 5850 5850 5850 40
20200324 918 5965 5965 5965 5965 3346
20200324 926 6030 6030 6030 6030 16
20200324 1041 6140 6140 6140 6140 50
20200324 1049 6170 6170 6170 6170 50
20200324 1100 6200 6200 6200 6200 13
20200324 1127 6235 6240 6235 6240 103
20200324 1128 6240 6240 6240 6240 977
20200324 1256 6190 6190 6190 6190 5
20200324 1345 6185 6185 6185 6185 1
20200324 1518 6395 6395 6395 6395 1
20200325 922 6595 6595 6595 6595 24
20200325 934 6665 6665 6665 6665 5
20200325 1210 6730 6730 6730 6730 200
20200325 1334 6665 6665 6665 6665 5
20200325 1349 6575 6575 6575 6575 1
20200325 1459 6730 6730 6730 6730 1
20200325 1513 6800 6800 6800 6800 1
20200325 1515 6800 6800 6800 6800 5
20200325 1519 6800 6800 6800 6800 1
20200326 901 6950 6950 6950 6950 200
20200326 1022 6865 6865 6865 6865 1
20200326 1031 6755 6755 6755 6755 200
20200326 1040 6810 6810 6810 6810 50
20200326 1245 6850 6850 6850 6850 1
20200326 1349 6950 6950 6950 6950 5
20200326 1350 6950 6950 6950 6950 5
20200326 1354 6935 6935 6935 6935 5
20200326 1355 6935 6935 6935 6935 4
20200326 1356 6935 6935 6935 6935 5
20200326 1357 6945 6945 6945 6945 10
20200326 1358 6940 6940 6940 6940 5
20200326 1359 6945 6945 6945 6945 5
20200326 1400 6950 6950 6950 6950 5
20200326 1401 6950 6950 6950 6950 5
20200326 1402 6950 6950 6950 6950 5
20200326 1403 6935 6935 6935 6935 10
20200326 1404 6935 6935 6935 6935 5
20200326 1405 6935 6935 6935 6935 5
20200326 1406 6930 6930 6930 6930 5
20200326 1407 6925 6925 6925 6925 5
20200326 1408 6925 6925 6925 6925 5
20200326 1409 6925 6925 6925 6925 5
20200326 1410 6925 6925 6925 6925 10
20200326 1411 6930 6930 6930 6930 5
20200326 1412 6930 6930 6930 6930 5
20200326 1413 6930 6930 6930 6930 5
20200326 1414 6940 6940 6940 6940 5
20200326 1415 6940 6940 6940 6940 5
20200326 1416 6945 6955 6945 6955 10
20200326 1417 6950 6950 6950 6950 5
20200326 1418 6960 6960 6960 6960 20
20200326 1419 6965 6965 6965 6965 5
20200326 1420 6975 6975 6975 6975 5
20200326 1421 6980 6980 6980 6980 5
20200326 1422 6980 6980 6980 6980 5
20200326 1423 6980 6980 6980 6980 9
20200326 1424 6975 6975 6975 6975 5
20200326 1425 6980 6980 6980 6980 5
20200326 1426 6985 6985 6985 6985 5
20200326 1427 6980 6980 6980 6980 5
20200326 1428 6980 6980 6980 6980 5
20200326 1429 6975 6975 6975 6975 5
20200326 1430 6980 6985 6980 6985 10
20200326 1431 6985 6985 6985 6985 5
20200326 1432 6990 6990 6990 6990 5
20200326 1433 6990 6990 6990 6990 5
20200326 1434 6990 6990 6990 6990 5
20200326 1435 6985 6985 6985 6985 5
20200326 1436 6985 6985 6985 6985 5
20200326 1437 6980 6980 6980 6980 10
20200326 1438 6975 6975 6975 6975 5
20200326 1439 6975 6975 6975 6975 5
20200326 1440 6975 6975 6975 6975 5
20200326 1441 6965 6965 6965 6965 5
20200326 1442 6960 6960 6960 6960 5
20200326 1443 6955 6955 6955 6955 5
20200326 1444 6950 6950 6950 6950 5
20200326 1445 6950 6950 6940 6940 10
20200326 1446 6940 6940 6940 6940 5
20200326 1447 6935 6935 6935 6935 5
20200326 1448 6925 6925 6925 6925 5
20200326 1449 6920 6920 6920 6920 5
20200326 1450 6910 6910 6910 6910 5
20200326 1451 6910 6910 6910 6910 5
20200326 1452 6880 6880 6880 6880 5
20200326 1453 6870 6870 6865 6865 10
20200326 1454 6875 6875 6875 6875 5
20200326 1455 6860 6860 6860 6860 5
20200326 1456 6860 6860 6860 6860 5
20200326 1457 6835 6835 6835 6835 4
20200326 1458 6845 6845 6845 6845 5
20200326 1459 6865 6865 6865 6865 5
20200326 1500 6870 6885 6870 6885 10
20200326 1501 6870 6870 6870 6870 5
20200326 1502 6875 6875 6875 6875 5
20200326 1503 6860 6860 6860 6860 5
20200326 1504 6880 6880 6880 6880 5
20200326 1505 6870 6870 6870 6870 5
20200326 1506 6870 6870 6870 6870 5
20200326 1507 6860 6860 6860 6860 5
20200326 1508 6865 6865 6845 6845 10
20200326 1509 6835 6835 6835 6835 5
20200326 1510 6835 6835 6835 6835 5
20200326 1511 6830 6830 6830 6830 5
20200326 1512 6840 6840 6840 6840 5
20200326 1513 6830 6830 6830 6830 5
20200326 1514 6825 6825 6825 6825 5
20200326 1515 6815 6815 6810 6810 6
20200326 1516 6800 6800 6800 6800 5
20200326 1517 6790 6790 6790 6790 1
20200326 1518 6780 6780 6780 6780 5
20200326 1519 6775 6775 6775 6775 5
20200326 1520 6775 6775 6775 6775 8
20200327 905 7030 7030 7030 7030 1
20200327 907 7020 7020 7020 7020 5
20200327 910 7020 7020 7020 7020 5
20200327 914 7025 7025 7025 7025 5
20200327 917 7035 7035 7035 7035 5
20200327 920 7030 7030 7030 7030 5
20200327 923 7005 7005 7005 7005 5
20200327 927 7000 7000 7000 7000 5
20200327 930 7030 7030 7030 7030 5
20200327 933 7035 7035 7035 7035 5
20200327 937 7030 7030 7030 7030 5
20200327 940 7040 7040 7040 7040 5
20200327 943 7040 7040 7040 7040 5
20200327 946 7055 7055 7055 7055 5
20200327 949 7040 7040 7040 7040 1
20200327 950 7035 7035 7035 7035 5
20200327 953 7035 7035 7035 7035 1505
20200327 956 7020 7020 7020 7020 5
20200327 1000 6995 6995 6995 6995 5
20200327 1003 6990 6990 6990 6990 5
20200327 1006 7000 7000 7000 7000 5
20200327 1009 6985 6985 6985 6985 5
20200327 1012 6960 6960 6960 6960 5
20200327 1016 6945 6945 6945 6945 5
20200327 1019 6965 6965 6965 6965 5
20200327 1022 6940 6940 6940 6940 5
20200327 1026 6935 6935 6935 6935 5
20200327 1029 6950 6950 6950 6950 4
20200327 1032 6945 6945 6945 6945 5
20200327 1034 6935 6935 6935 6935 1
20200327 1035 6940 6945 6940 6945 10
20200327 1039 6940 6940 6940 6940 5
20200327 1042 6935 6935 6935 6935 5
20200327 1045 6910 6910 6910 6910 5
20200327 1048 6900 6900 6900 6900 5
20200327 1055 6870 6870 6870 6870 5
20200327 1056 6885 6885 6885 6885 5
20200327 1058 6880 6880 6880 6880 5
20200327 1101 6890 6890 6890 6890 5
20200327 1105 6870 6870 6870 6870 5
20200327 1108 6880 6880 6880 6880 5
20200327 1111 6865 6865 6865 6865 5
20200327 1115 6850 6850 6850 6850 5
20200327 1118 6810 6810 6810 6810 5
20200327 1121 6800 6800 6800 6800 5
20200327 1122 6800 6800 6800 6800 1
20200327 1123 6800 6800 6800 6800 1
20200327 1124 6795 6795 6795 6795 7
20200327 1126 6800 6800 6800 6800 1
20200327 1127 6815 6815 6815 6815 19
20200327 1128 6825 6825 6825 6825 5
20200327 1131 6815 6815 6815 6815 5
20200327 1134 6815 6815 6815 6815 5
20200327 1137 6830 6830 6830 6830 5
20200327 1141 6840 6840 6840 6840 5
20200327 1144 6840 6840 6840 6840 5
20200327 1147 6865 6865 6865 6865 5
20200327 1150 6860 6860 6860 6860 5
20200327 1154 6865 6865 6865 6865 5
20200327 1157 6855 6855 6855 6855 5
20200327 1200 6840 6840 6840 6840 5
20200327 1204 6840 6840 6840 6840 5
20200327 1207 6835 6835 6835 6835 5
20200327 1210 6845 6845 6845 6845 5
20200327 1213 6855 6855 6855 6855 5
20200327 1217 6855 6855 6855 6855 5
20200327 1220 6870 6870 6870 6870 5
20200327 1223 6890 6890 6890 6890 5
20200327 1226 6895 6895 6895 6895 5
20200327 1230 6900 6900 6900 6900 5
20200327 1233 6905 6905 6905 6905 5
20200327 1236 6890 6890 6890 6890 5
20200327 1239 6880 6880 6880 6880 5
20200327 1243 6875 6875 6875 6875 5
20200327 1246 6885 6885 6885 6885 5
20200327 1249 6890 6890 6890 6890 5
20200327 1253 6895 6895 6895 6895 5
20200327 1256 6915 6915 6915 6915 5
20200327 1259 6925 6925 6925 6925 5
20200327 1302 6930 6930 6930 6930 5
20200327 1306 6920 6920 6920 6920 4
20200327 1309 6920 6920 6920 6920 5
20200327 1312 6910 6910 6910 6910 5
20200327 1315 6905 6905 6905 6905 5
20200327 1319 6890 6890 6890 6890 5
20200327 1322 6890 6890 6890 6890 5
20200327 1325 6890 6890 6890 6890 5
20200327 1328 6895 6895 6895 6895 5
20200327 1332 6885 6885 6885 6885 5
20200327 1335 6880 6880 6880 6880 5
20200327 1338 6880 6880 6880 6880 5
20200327 1342 6870 6870 6870 6870 5
20200327 1345 6875 6875 6875 6875 5
20200327 1348 6885 6885 6885 6885 5
20200327 1351 6880 6880 6880 6880 5
20200327 1355 6850 6850 6850 6850 5
20200327 1358 6825 6825 6825 6825 5
20200327 1401 6845 6845 6845 6845 5
20200327 1404 6830 6830 6830 6830 5
20200327 1408 6815 6815 6815 6815 5
20200327 1411 6780 6780 6780 6780 5
20200327 1414 6750 6750 6750 6750 5
20200327 1417 6705 6705 6705 6705 5
20200327 1421 6715 6715 6715 6715 5
20200327 1424 6755 6755 6755 6755 5
20200327 1427 6755 6755 6755 6755 4
20200327 1431 6800 6800 6800 6800 5
20200330 914 6720 6720 6720 6720 50
20200330 1005 6730 6730 6730 6730 5
20200331 950 7185 7185 7185 7185 2
20200331 1331 7220 7220 7220 7220 10
20200331 1335 7185 7185 7185 7185 10
20200331 1336 7180 7180 7180 7180 20
20200331 1403 7140 7140 7140 7140 14
20200331 1406 7105 7105 7105 7105 589
20200331 1500 7180 7180 7180 7180 1
20200331 1530 7295 7295 7295 7295 3
