날짜 시간 시가 고가 저가 종가 거래량
20190201 901 12179 12179 12179 12179 10
20190201 902 12189 12189 12189 12189 25
20190201 912 12179 12179 12179 12179 5000
20190201 921 12164 12164 12164 12164 3000
20190201 922 12144 12144 12144 12144 16
20190201 1019 12124 12124 12089 12089 7
20190201 1020 12124 12124 12124 12124 7000
20190201 1022 12094 12094 12094 12094 1
20190201 1024 12099 12099 12099 12099 20
20190201 1044 12104 12104 12104 12104 5
20190201 1046 12099 12099 12099 12099 10
20190201 1050 12084 12084 12084 12084 20
20190201 1054 12064 12064 12064 12064 30
20190201 1055 12064 12064 12064 12064 413
20190201 1059 12064 12064 12064 12064 19
20190201 1106 12079 12079 12079 12079 100
20190201 1108 12079 12079 12079 12079 2
20190201 1150 12079 12079 12079 12079 1
20190201 1151 12079 12079 12079 12079 75
20190201 1208 12074 12074 12069 12069 64
20190201 1216 12089 12089 12089 12089 8
20190201 1223 12079 12079 12059 12059 50
20190201 1231 12064 12064 12064 12064 53
20190201 1244 12064 12064 12044 12044 21
20190201 1313 12079 12079 12079 12079 50
20190201 1351 12099 12099 12099 12099 10
20190201 1357 12134 12134 12134 12134 5
20190201 1403 12119 12119 12119 12119 5
20190201 1405 12114 12114 12114 12114 6
20190201 1426 12114 12114 12114 12114 8
20190201 1427 12109 12109 12109 12109 8
20190201 1431 12114 12114 12114 12114 18
20190201 1432 12114 12114 12114 12114 1
20190201 1433 12104 12104 12104 12104 11
20190201 1435 12099 12099 12099 12099 12
20190201 1440 12094 12094 12079 12079 17
20190201 1443 12079 12079 12079 12079 2
20190201 1503 12079 12079 12079 12079 1
20190201 1508 12104 12104 12104 12104 1
20190201 1530 12089 12089 12089 12089 9
20190207 923 12069 12069 12069 12069 2
20190207 928 12039 12044 12039 12044 92
20190207 1000 12124 12124 12124 12124 43
20190207 1002 12149 12149 12149 12149 2518
20190207 1011 12104 12104 12104 12104 20
20190207 1020 12119 12119 12119 12119 1
20190207 1051 12199 12214 12199 12214 13
20190207 1056 12204 12204 12204 12204 10
20190207 1057 12189 12189 12189 12189 19
20190207 1058 12194 12194 12189 12189 11
20190207 1059 12194 12194 12194 12194 10
20190207 1100 12199 12199 12199 12199 10
20190207 1101 12199 12199 12199 12199 10
20190207 1102 12204 12204 12204 12204 33
20190207 1108 12204 12204 12204 12204 8
20190207 1119 12214 12214 12214 12214 8
20190207 1121 12214 12219 12214 12219 79
20190207 1127 12229 12229 12229 12229 1
20190207 1133 12239 12239 12239 12239 8
20190207 1153 12234 12234 12234 12234 1
20190207 1156 12229 12234 12229 12234 13
20190207 1158 12229 12229 12229 12229 10
20190207 1201 12244 12244 12244 12244 4
20190207 1210 12229 12229 12229 12229 2
20190207 1222 12234 12234 12234 12234 10
20190207 1223 12229 12229 12209 12209 2518
20190207 1226 12204 12204 12204 12204 10
20190207 1240 12249 12259 12249 12259 42
20190207 1253 12259 12259 12259 12259 99
20190207 1331 12284 12284 12284 12284 3
20190207 1347 12284 12284 12284 12284 4
20190207 1349 12289 12289 12289 12289 150
20190207 1409 12259 12259 12259 12259 43
20190207 1410 12254 12254 12249 12249 15
20190207 1411 12244 12244 12234 12234 120
20190207 1437 12254 12254 12254 12254 3
20190207 1441 12254 12254 12254 12254 97
20190207 1509 12289 12289 12289 12289 2
20190207 1510 12304 12304 12274 12274 18
20190207 1517 12284 12284 12284 12284 100
20190207 1530 12309 12309 12309 12309 17
20190208 901 12274 12274 12224 12224 81
20190208 902 12254 12254 12254 12254 10
20190208 906 12269 12269 12269 12269 79
20190208 917 12284 12284 12284 12284 40
20190208 920 12299 12299 12299 12299 16
20190208 922 12314 12314 12309 12309 16
20190208 925 12324 12324 12324 12324 500
20190208 926 12379 12379 12344 12379 61
20190208 938 12384 12384 12384 12384 6
20190208 943 12379 12379 12379 12379 6
20190208 945 12374 12374 12369 12369 13
20190208 947 12369 12369 12369 12369 7
20190208 954 12344 12344 12344 12344 14
20190208 957 12324 12324 12324 12324 10
20190208 958 12314 12314 12314 12314 10
20190208 1005 12314 12314 12314 12314 10
20190208 1014 12339 12339 12329 12329 9
20190208 1017 12304 12304 12299 12299 13
20190208 1018 12304 12304 12304 12304 8
20190208 1019 12299 12299 12289 12289 8
20190208 1022 12289 12289 12289 12289 25
20190208 1026 12309 12309 12274 12274 15
20190208 1027 12274 12274 12274 12274 10
20190208 1031 12289 12289 12289 12289 5
20190208 1035 12279 12279 12279 12279 190
20190208 1038 12279 12279 12279 12279 1
20190208 1057 12319 12319 12319 12319 3
20190208 1108 12289 12289 12289 12289 100
20190208 1122 12264 12264 12264 12264 30
20190208 1137 12299 12299 12299 12299 1
20190208 1251 12284 12299 12284 12299 73
20190208 1315 12319 12319 12319 12319 7
20190208 1320 12309 12309 12309 12309 28
20190208 1352 12304 12304 12304 12304 4
20190208 1407 12274 12274 12274 12274 1
20190208 1433 12304 12304 12304 12304 50
20190208 1434 12304 12304 12304 12304 748
20190208 1530 12274 12274 12274 12274 103
20190211 901 12269 12269 12269 12269 31
20190211 907 12324 12324 12324 12324 10
20190211 916 12374 12379 12374 12379 15
20190211 917 12464 12464 12434 12434 514
20190211 919 12474 12474 12474 12474 300
20190211 920 12469 12469 12469 12469 200
20190211 921 12469 12469 12469 12469 500
20190211 922 12464 12464 12464 12464 1
20190211 925 12464 12464 12464 12464 4
20190211 926 12464 12464 12464 12464 300
20190211 928 12459 12459 12459 12459 8
20190211 940 12454 12454 12454 12454 25
20190211 943 12454 12454 12454 12454 19
20190211 946 12454 12454 12454 12454 10
20190211 947 12459 12464 12459 12464 133
20190211 949 12479 12479 12479 12479 10
20190211 950 12489 12489 12489 12489 132
20190211 953 12504 12504 12504 12504 168
20190211 955 12494 12494 12494 12494 51
20190211 957 12489 12489 12489 12489 5
20190211 958 12484 12484 12484 12484 5
20190211 959 12479 12479 12474 12474 10
20190211 1000 12464 12464 12464 12464 6
20190211 1009 12449 12469 12449 12469 6
20190211 1026 12459 12459 12459 12459 3254
20190211 1040 12449 12449 12449 12449 3
20190211 1052 12439 12439 12439 12439 100
20190211 1053 12434 12434 12434 12434 64
20190211 1054 12434 12434 12434 12434 20
20190211 1127 12434 12434 12434 12434 9
20190211 1128 12434 12434 12434 12434 63
20190211 1134 12434 12434 12434 12434 459
20190211 1153 12454 12479 12454 12479 100
20190211 1206 12459 12459 12459 12459 356
20190211 1215 12454 12454 12454 12454 1
20190211 1222 12454 12454 12454 12454 40
20190211 1223 12459 12459 12459 12459 3
20190211 1303 12454 12454 12454 12454 71
20190211 1318 12479 12479 12479 12479 27
20190211 1320 12479 12479 12479 12479 4
20190211 1321 12489 12489 12489 12489 9
20190211 1325 12489 12489 12489 12489 11
20190211 1326 12474 12474 12469 12469 500
20190211 1327 12499 12499 12499 12499 40
20190211 1334 12494 12499 12494 12499 1100
20190211 1342 12479 12479 12479 12479 1
20190211 1358 12484 12484 12484 12484 10
20190211 1457 12484 12484 12484 12484 1
20190211 1458 12484 12484 12484 12484 199
20190211 1459 12484 12484 12484 12484 10
20190211 1510 12484 12484 12484 12484 5
20190212 901 12564 12564 12564 12564 10
20190212 908 12449 12449 12419 12419 1180
20190212 910 12414 12414 12414 12414 40
20190212 912 12419 12419 12419 12419 100
20190212 916 12419 12419 12419 12419 10
20190212 919 12419 12419 12419 12419 100
20190212 920 12409 12409 12409 12409 50
20190212 921 12389 12389 12379 12379 1754
20190212 922 12369 12369 12369 12369 20
20190212 924 12319 12319 12319 12319 10
20190212 931 12319 12319 12299 12299 148
20190212 932 12284 12284 12284 12284 25
20190212 939 12334 12334 12334 12334 2
20190212 947 12284 12284 12284 12284 1
20190212 949 12279 12279 12264 12264 24
20190212 952 12259 12259 12249 12249 54
20190212 954 12249 12249 12244 12249 167
20190212 955 12249 12249 12249 12249 10
20190212 958 12244 12244 12239 12239 40
20190212 1004 12249 12249 12244 12244 45
20190212 1016 12249 12249 12249 12249 128
20190212 1019 12284 12284 12284 12284 2
20190212 1039 12284 12284 12284 12284 70
20190212 1049 12254 12254 12254 12254 17
20190212 1105 12254 12254 12254 12254 4
20190212 1106 12254 12254 12254 12254 52
20190212 1114 12239 12239 12239 12239 10
20190212 1125 12239 12239 12239 12239 9
20190212 1129 12254 12254 12254 12254 50
20190212 1131 12249 12249 12249 12249 20
20190212 1133 12244 12244 12234 12234 287
20190212 1141 12239 12239 12239 12239 10
20190212 1205 12259 12259 12259 12259 40
20190212 1208 12259 12259 12259 12259 42
20190212 1223 12244 12244 12244 12244 15
20190212 1238 12274 12284 12274 12284 1500
20190212 1314 12279 12284 12279 12284 2492
20190212 1322 12284 12284 12284 12284 2
20190212 1345 12284 12284 12284 12284 28
20190212 1404 12284 12284 12284 12284 20
20190212 1453 12279 12279 12279 12279 49
20190212 1455 12279 12279 12279 12279 719
20190212 1458 12264 12264 12244 12244 2492
20190212 1512 12244 12244 12244 12244 300
20190213 901 12334 12334 12334 12334 10
20190213 906 12329 12329 12329 12329 400
20190213 908 12314 12314 12314 12314 50
20190213 910 12314 12314 12314 12314 72
20190213 929 12274 12274 12274 12274 6
20190213 933 12299 12299 12299 12299 266
20190213 941 12304 12304 12304 12304 13
20190213 950 12314 12314 12314 12314 37
20190213 953 12314 12314 12314 12314 17
20190213 1013 12314 12314 12314 12314 63
20190213 1030 12314 12314 12314 12314 5
20190213 1048 12309 12309 12309 12309 25
20190213 1050 12319 12319 12319 12319 7
20190213 1051 12324 12334 12324 12334 916
20190213 1052 12349 12349 12349 12349 590
20190213 1057 12364 12389 12364 12389 80
20190213 1131 12389 12389 12389 12389 1550
20190213 1132 12369 12369 12369 12369 860
20190213 1133 12374 12374 12369 12369 2416
20190213 1141 12384 12384 12384 12384 219
20190213 1156 12389 12389 12389 12389 3
20190213 1231 12414 12414 12414 12414 3
20190213 1243 12389 12389 12389 12389 37
20190213 1331 12374 12374 12374 12374 11
20190213 1351 12379 12389 12379 12389 500
20190213 1423 12399 12399 12399 12399 3000
20190213 1519 12374 12374 12374 12374 11
20190214 901 12374 12374 12374 12374 10
20190214 905 12374 12374 12364 12364 3068
20190214 906 12354 12354 12354 12354 67
20190214 912 12404 12404 12404 12404 2
20190214 918 12374 12374 12374 12374 1825
20190214 919 12334 12334 12334 12334 10
20190214 939 12334 12334 12334 12334 30
20190214 1015 12334 12334 12334 12334 111
20190214 1038 12334 12334 12334 12334 82
20190214 1046 12334 12334 12334 12334 9
20190214 1105 12334 12334 12334 12334 93
20190214 1106 12334 12334 12334 12334 2
20190214 1108 12319 12319 12319 12319 2
20190214 1109 12314 12314 12309 12309 200
20190214 1110 12304 12304 12304 12304 102
20190214 1111 12299 12299 12299 12299 100
20190214 1112 12294 12294 12294 12294 103
20190214 1120 12289 12289 12289 12289 1
20190214 1122 12284 12284 12284 12284 2
20190214 1129 12269 12269 12269 12269 600
20190214 1132 12264 12264 12264 12264 10
20190214 1200 12264 12264 12264 12264 224
20190214 1228 12254 12254 12234 12234 3214
20190214 1301 12259 12259 12259 12259 20
20190214 1312 12234 12234 12234 12234 9
20190214 1401 12319 12319 12319 12319 2
20190214 1438 12289 12289 12289 12289 3
20190214 1500 12294 12294 12294 12294 10
20190214 1530 12284 12284 12284 12284 3
20190215 901 12239 12239 12239 12239 10
20190215 907 12304 12304 12304 12304 46
20190215 918 12294 12294 12294 12294 82
20190215 932 12339 12339 12339 12339 3
20190215 939 12339 12339 12339 12339 24
20190215 941 12339 12339 12339 12339 10
20190215 952 12339 12339 12339 12339 10
20190215 1034 12339 12339 12339 12339 300
20190215 1041 12274 12274 12274 12274 30
20190215 1057 12259 12259 12259 12259 3
20190215 1125 12219 12219 12219 12219 140
20190215 1129 12214 12214 12214 12214 25
20190215 1133 12214 12214 12214 12214 25
20190215 1137 12194 12194 12194 12194 1825
20190215 1149 12209 12209 12209 12209 5
20190215 1159 12214 12214 12214 12214 975
20190215 1218 12194 12194 12194 12194 5
20190215 1351 12194 12194 12194 12194 300
20190215 1428 12259 12259 12259 12259 297
20190215 1430 12294 12294 12294 12294 50
20190215 1433 12329 12329 12329 12329 406
20190215 1500 12354 12354 12354 12354 104
20190215 1530 12324 12324 12324 12324 1
20190218 901 12379 12379 12379 12379 46
20190218 904 12449 12449 12449 12449 2000
20190218 905 12454 12454 12454 12454 1000
20190218 909 12404 12404 12394 12394 3000
20190218 912 12469 12469 12469 12469 2990
20190218 913 12509 12509 12504 12504 45
20190218 917 12504 12504 12504 12504 4
20190218 923 12519 12519 12519 12519 1
20190218 927 12534 12534 12534 12534 8
20190218 931 12589 12589 12589 12589 2255
20190218 936 12569 12569 12569 12569 10
20190218 940 12569 12569 12569 12569 5
20190218 944 12529 12529 12529 12529 500
20190218 947 12529 12529 12529 12529 3140
20190218 959 12524 12524 12524 12524 25
20190218 1001 12524 12564 12524 12564 76
20190218 1015 12519 12519 12519 12519 20
20190218 1019 12509 12509 12509 12509 3
20190218 1020 12499 12499 12499 12499 5
20190218 1027 12499 12499 12499 12499 5
20190218 1032 12499 12499 12499 12499 11
20190218 1033 12489 12489 12489 12489 62
20190218 1051 12494 12494 12494 12494 292
20190218 1058 12484 12484 12484 12484 2990
20190218 1118 12484 12484 12484 12484 35
20190218 1122 12489 12489 12489 12489 10
20190218 1152 12489 12489 12489 12489 10
20190218 1233 12519 12519 12519 12519 3
20190218 1251 12519 12519 12519 12519 1
20190218 1302 12489 12489 12464 12464 500
20190218 1305 12499 12499 12499 12499 10
20190218 1413 12479 12479 12479 12479 1
20190218 1414 12469 12469 12469 12469 1
20190218 1415 12459 12459 12459 12459 10
20190218 1416 12449 12449 12449 12449 10
20190218 1421 12439 12439 12439 12439 11
20190218 1429 12444 12444 12444 12444 10
20190218 1455 12459 12459 12459 12459 1
20190218 1456 12449 12449 12449 12449 1
20190218 1500 12439 12439 12439 12439 55
20190218 1518 12439 12439 12429 12429 3
20190218 1520 12459 12459 12429 12429 285
20190219 901 12439 12439 12439 12439 45
20190219 902 12524 12524 12524 12524 20
20190219 903 12519 12519 12519 12519 19
20190219 905 12454 12454 12454 12454 202
20190219 938 12494 12494 12494 12494 1
20190219 946 12459 12459 12459 12459 1
20190219 947 12454 12454 12454 12454 200
20190219 1001 12469 12469 12469 12469 16
20190219 1002 12474 12474 12474 12474 5
20190219 1005 12509 12509 12509 12509 20
20190219 1006 12554 12554 12554 12554 1000
20190219 1012 12529 12529 12529 12529 10
20190219 1013 12519 12519 12519 12519 2
20190219 1017 12519 12519 12519 12519 1
20190219 1042 12539 12539 12539 12539 1
20190219 1049 12549 12549 12549 12549 292
20190219 1055 12559 12559 12559 12559 1
20190219 1057 12549 12549 12549 12549 3
20190219 1101 12559 12559 12559 12559 1
20190219 1103 12559 12559 12559 12559 10
20190219 1114 12549 12549 12549 12549 13
20190219 1115 12544 12544 12519 12519 106
20190219 1117 12554 12554 12554 12554 50
20190219 1147 12549 12549 12549 12549 10
20190219 1149 12544 12544 12544 12544 10
20190219 1156 12514 12514 12514 12514 10
20190219 1227 12514 12514 12514 12514 3
20190219 1243 12514 12514 12514 12514 7
20190219 1246 12509 12509 12509 12509 4
20190219 1337 12529 12529 12529 12529 431
20190219 1359 12539 12539 12539 12539 4
20190219 1401 12544 12544 12544 12544 1
20190219 1403 12539 12539 12539 12539 1
20190219 1415 12529 12529 12529 12529 2
20190219 1457 12534 12534 12534 12534 99
20190219 1530 12539 12539 12539 12539 10
20190220 901 12549 12549 12549 12549 39
20190220 908 12554 12554 12554 12554 5
20190220 910 12539 12539 12539 12539 10
20190220 921 12534 12534 12534 12534 7
20190220 930 12489 12489 12489 12489 1
20190220 931 12489 12489 12489 12489 1
20190220 934 12484 12484 12479 12479 32
20190220 954 12514 12514 12514 12514 1
20190220 1000 12539 12539 12539 12539 28
20190220 1004 12534 12534 12534 12534 255
20190220 1022 12534 12534 12534 12534 3
20190220 1025 12554 12554 12554 12554 23
20190220 1026 12554 12554 12554 12554 700
20190220 1027 12559 12594 12559 12594 352
20190220 1030 12594 12594 12594 12594 20
20190220 1100 12594 12594 12594 12594 1
20190220 1103 12594 12594 12594 12594 2
20190220 1110 12579 12584 12579 12584 652
20190220 1116 12584 12584 12584 12584 16
20190220 1118 12564 12564 12564 12564 2
20190220 1126 12564 12579 12549 12579 666
20190220 1213 12559 12559 12559 12559 1
20190220 1222 12559 12559 12559 12559 20
20190220 1225 12559 12559 12554 12554 61
20190220 1231 12549 12549 12544 12544 2
20190220 1232 12559 12559 12559 12559 3
20190220 1309 12539 12539 12539 12539 10
20190220 1312 12539 12539 12539 12539 5
20190220 1317 12534 12534 12534 12534 22
20190220 1332 12524 12524 12499 12499 34
20190220 1423 12504 12504 12504 12504 17
20190220 1424 12504 12504 12504 12504 4
20190220 1453 12499 12499 12499 12499 20
20190220 1519 12499 12499 12499 12499 27
20190220 1530 12509 12509 12509 12509 21
20190221 901 12559 12559 12519 12519 62
20190221 910 12469 12469 12469 12469 22
20190221 912 12479 12479 12479 12479 22
20190221 915 12469 12469 12469 12469 10
20190221 916 12464 12464 12464 12464 10
20190221 918 12459 12459 12449 12449 30
20190221 919 12449 12449 12449 12449 23
20190221 920 12449 12449 12449 12449 22
20190221 921 12419 12419 12419 12419 22
20190221 924 12409 12409 12409 12409 22
20190221 925 12404 12404 12404 12404 2000
20190221 926 12404 12404 12404 12404 22
20190221 928 12409 12409 12409 12409 44
20190221 931 12394 12394 12394 12394 22
20190221 933 12394 12394 12394 12394 22
20190221 934 12394 12394 12394 12394 10
20190221 936 12394 12394 12394 12394 22
20190221 937 12404 12404 12404 12404 44
20190221 942 12404 12404 12404 12404 44
20190221 944 12414 12414 12414 12414 22
20190221 949 12414 12414 12414 12414 44
20190221 951 12419 12419 12419 12419 22
20190221 954 12419 12419 12419 12419 22
20190221 1003 12404 12414 12404 12414 28
20190221 1005 12414 12414 12414 12414 44
20190221 1006 12414 12414 12409 12409 73
20190221 1008 12409 12409 12409 12409 44
20190221 1010 12409 12409 12409 12409 44
20190221 1012 12409 12409 12409 12409 22
20190221 1015 12409 12409 12409 12409 22
20190221 1017 12409 12409 12409 12409 22
20190221 1019 12409 12409 12409 12409 22
20190221 1020 12409 12409 12409 12409 23
20190221 1022 12404 12404 12404 12404 333
20190221 1024 12399 12399 12399 12399 337
20190221 1027 12394 12394 12394 12394 555
20190221 1028 12389 12389 12389 12389 22
20190221 1031 12389 12389 12389 12389 44
20190221 1033 12389 12389 12389 12389 44
20190221 1035 12389 12389 12389 12389 44
20190221 1037 12424 12424 12424 12424 10
20190221 1045 12404 12404 12404 12404 22
20190221 1047 12409 12409 12409 12409 44
20190221 1049 12414 12414 12414 12414 44
20190221 1052 12409 12409 12409 12409 22
20190221 1059 12399 12399 12399 12399 22
20190221 1101 12399 12399 12399 12399 44
20190221 1103 12399 12399 12399 12399 44
20190221 1105 12399 12399 12399 12399 44
20190221 1108 12399 12399 12399 12399 22
20190221 1110 12399 12399 12399 12399 22
20190221 1112 12409 12409 12409 12409 22
20190221 1115 12419 12419 12419 12419 22
20190221 1117 12419 12419 12419 12419 22
20190221 1119 12419 12419 12419 12419 22
20190221 1123 12419 12419 12419 12419 22
20190221 1124 12419 12419 12419 12419 22
20190221 1126 12419 12419 12419 12419 22
20190221 1129 12429 12429 12429 12429 22
20190221 1131 12434 12434 12434 12434 22
20190221 1133 12439 12439 12439 12439 22
20190221 1136 12439 12439 12439 12439 22
20190221 1138 12439 12439 12439 12439 22
20190221 1140 12449 12449 12449 12449 22
20190221 1143 12459 12459 12459 12459 22
20190221 1145 12464 12464 12464 12464 22
20190221 1148 12464 12464 12464 12464 22
20190221 1150 12464 12464 12464 12464 22
20190221 1152 12464 12464 12464 12464 22
20190221 1157 12464 12464 12464 12464 44
20190221 1158 12469 12469 12469 12469 10
20190221 1200 12469 12469 12469 12469 1749
20190221 1201 12469 12469 12469 12469 22
20190221 1202 12469 12469 12469 12469 10
20190221 1204 12469 12469 12469 12469 22
20190221 1207 12469 12469 12469 12469 8
20190221 1213 12464 12464 12464 12464 10
20190221 1215 12454 12454 12454 12454 22
20190221 1218 12454 12454 12449 12449 17
20190221 1220 12449 12454 12449 12454 75
20190221 1222 12449 12449 12449 12449 22
20190221 1223 12454 12454 12454 12454 20
20190221 1229 12444 12444 12444 12444 11
20190221 1232 12444 12444 12444 12444 44
20190221 1234 12449 12449 12449 12449 44
20190221 1235 12454 12454 12454 12454 22
20190221 1236 12454 12454 12454 12454 22
20190221 1239 12459 12459 12459 12459 22
20190221 1241 12479 12479 12479 12479 22
20190221 1243 12484 12484 12484 12484 22
20190221 1253 12464 12464 12464 12464 22
20190221 1255 12464 12464 12464 12464 44
20190221 1257 12464 12464 12464 12464 44
20190221 1300 12469 12469 12469 12469 44
20190221 1323 12464 12464 12464 12464 15
20190221 1420 12434 12434 12434 12434 500
20190221 1422 12439 12439 12439 12439 300
20190221 1502 12429 12429 12429 12429 1
20190221 1513 12424 12424 12424 12424 1
20190221 1530 12434 12434 12434 12434 10
20190222 901 12374 12374 12374 12374 73
20190222 903 12384 12384 12384 12384 10
20190222 914 12444 12444 12439 12439 35
20190222 928 12424 12424 12424 12424 500
20190222 929 12419 12419 12419 12419 1
20190222 1013 12379 12379 12379 12379 5
20190222 1014 12374 12374 12369 12369 35
20190222 1026 12369 12369 12364 12364 55
20190222 1041 12354 12354 12354 12354 30
20190222 1105 12344 12344 12344 12344 30
20190222 1106 12339 12339 12339 12339 2
20190222 1110 12329 12329 12329 12329 110
20190222 1234 12329 12329 12329 12329 2
20190222 1253 12329 12329 12329 12329 30
20190222 1333 12319 12319 12319 12319 50
20190222 1335 12314 12314 12309 12309 29
20190222 1340 12299 12299 12299 12299 40
20190222 1341 12294 12294 12294 12294 78
20190222 1349 12289 12289 12289 12289 5
20190222 1351 12284 12284 12284 12284 20
20190222 1403 12269 12269 12269 12269 1
20190222 1404 12254 12254 12254 12254 20
20190222 1412 12244 12244 12244 12244 52
20190222 1443 12259 12259 12259 12259 15
20190222 1451 12259 12259 12259 12259 20
20190222 1502 12269 12269 12269 12269 35
20190222 1505 12269 12269 12269 12269 710
20190222 1530 12269 12269 12269 12269 0
20190225 901 12269 12269 12269 12269 48
20190225 904 12279 12279 12279 12279 2000
20190225 905 12279 12279 12279 12279 1000
20190225 908 12274 12274 12274 12274 666
20190225 917 12289 12289 12269 12269 3000
20190225 930 12269 12269 12269 12269 5
20190225 932 12269 12269 12269 12269 1
20190225 939 12269 12269 12269 12269 17
20190225 954 12269 12269 12269 12269 20
20190225 1006 12264 12264 12264 12264 30
20190225 1009 12264 12264 12264 12264 5
20190225 1042 12264 12264 12264 12264 193
20190225 1048 12269 12269 12269 12269 50
20190225 1101 12279 12279 12279 12279 460
20190225 1132 12339 12339 12339 12339 1023
20190225 1144 12309 12309 12304 12304 102
20190225 1201 12314 12314 12314 12314 1500
20190225 1202 12314 12319 12314 12319 1650
20190225 1218 12314 12314 12314 12314 10
20190225 1220 12314 12314 12314 12314 400
20190225 1221 12314 12314 12314 12314 90
20190225 1239 12314 12314 12314 12314 18
20190225 1245 12314 12314 12314 12314 80
20190225 1313 12294 12294 12294 12294 60
20190225 1326 12269 12269 12269 12269 200
20190225 1333 12264 12264 12249 12249 2880
20190225 1342 12249 12249 12249 12249 10
20190225 1345 12284 12284 12284 12284 141
20190225 1346 12284 12284 12284 12284 5
20190225 1439 12284 12284 12284 12284 20
20190225 1454 12314 12314 12314 12314 50
20190225 1458 12314 12314 12314 12314 30
20190225 1508 12314 12314 12314 12314 50
20190226 901 12324 12324 12324 12324 3
20190226 910 12359 12359 12359 12359 25
20190226 911 12414 12414 12414 12414 3000
20190226 928 12449 12449 12449 12449 260
20190226 932 12414 12414 12414 12414 20
20190226 946 12379 12379 12379 12379 3
20190226 947 12379 12379 12379 12379 100
20190226 1012 12344 12344 12344 12344 200
20190226 1019 12404 12404 12404 12404 1
20190226 1032 12344 12344 12344 12344 50
20190226 1035 12314 12314 12314 12314 20
20190226 1045 12309 12309 12309 12309 2
20190226 1047 12309 12309 12309 12309 5
20190226 1050 12304 12304 12304 12304 11
20190226 1051 12299 12299 12299 12299 22
20190226 1245 12339 12339 12339 12339 1
20190226 1332 12304 12304 12304 12304 5
20190226 1333 12299 12299 12299 12299 3
20190226 1335 12294 12294 12294 12294 29
20190226 1336 12289 12289 12289 12289 22
20190226 1338 12284 12284 12284 12284 22
20190226 1418 12284 12284 12279 12279 88
20190226 1422 12279 12279 12269 12269 994
20190226 1423 12269 12269 12269 12269 372
20190226 1451 12274 12274 12274 12274 674
20190226 1452 12284 12284 12284 12284 2
20190226 1504 12324 12324 12324 12324 1
20190226 1515 12324 12324 12324 12324 222
20190226 1517 12319 12319 12319 12319 490
20190226 1530 12294 12294 12294 12294 80
20190227 901 12159 12159 12159 12159 80
20190227 911 12294 12294 12294 12294 1
20190227 922 12294 12294 12294 12294 3
20190227 935 12314 12314 12314 12314 1
20190227 941 12294 12294 12294 12294 5
20190227 1011 12309 12309 12309 12309 20
20190227 1012 12304 12304 12304 12304 20
20190227 1018 12294 12294 12294 12294 146
20190227 1112 12289 12289 12289 12289 30
20190227 1122 12284 12284 12284 12284 20
20190227 1123 12279 12279 12279 12279 20
20190227 1152 12284 12284 12284 12284 30
20190227 1219 12334 12334 12334 12334 1
20190227 1237 12334 12339 12334 12339 279
20190227 1238 12359 12359 12359 12359 20
20190227 1302 12339 12339 12339 12339 500
20190227 1304 12339 12339 12339 12339 3
20190227 1306 12339 12339 12339 12339 2530
20190227 1313 12339 12339 12339 12339 4
20190227 1326 12359 12369 12359 12369 11
20190227 1334 12339 12339 12339 12339 200
20190227 1410 12369 12369 12369 12369 29
20190227 1412 12374 12374 12374 12374 110
20190227 1415 12379 12379 12379 12379 12
20190227 1427 12384 12384 12384 12384 27
20190227 1445 12404 12404 12404 12404 22
20190227 1446 12409 12409 12409 12409 25
20190227 1447 12414 12414 12414 12414 102
20190227 1449 12419 12419 12419 12419 119
20190227 1451 12424 12424 12424 12424 2
20190227 1452 12429 12429 12429 12429 42
20190227 1456 12429 12429 12429 12429 141
20190227 1458 12429 12429 12429 12429 261
20190227 1502 12429 12429 12429 12429 2
20190227 1506 12444 12449 12444 12449 65
20190227 1516 12454 12454 12454 12454 12
20190227 1530 12464 12464 12464 12464 65
20190228 901 12599 12599 12599 12599 26
20190228 902 12599 12599 12599 12599 4
20190228 908 12589 12589 12589 12589 240
20190228 912 12589 12589 12589 12589 100
20190228 914 12599 12599 12599 12599 142
20190228 915 12639 12639 12639 12639 300
20190228 918 12664 12664 12664 12664 900
20190228 920 12659 12664 12659 12659 1500
20190228 921 12664 12664 12639 12639 3080
20190228 922 12654 12659 12654 12659 1200
20190228 929 12659 12659 12659 12659 50
20190228 930 12659 12659 12659 12659 300
20190228 931 12659 12659 12659 12659 5
20190228 934 12659 12659 12659 12659 653
20190228 939 12664 12664 12664 12664 2
20190228 945 12674 12674 12674 12674 5
20190228 947 12674 12674 12674 12674 5
20190228 950 12674 12679 12674 12679 110
20190228 951 12679 12679 12679 12679 32
20190228 957 12679 12679 12679 12679 13
20190228 959 12679 12679 12679 12679 50
20190228 1007 12679 12679 12679 12679 316
20190228 1009 12689 12689 12689 12689 501
20190228 1019 12694 12699 12694 12699 25
20190228 1020 12699 12699 12699 12699 6
20190228 1024 12694 12694 12694 12694 7
20190228 1027 12689 12689 12689 12689 1009
20190228 1031 12679 12679 12674 12679 1228
20190228 1032 12684 12684 12684 12684 10
20190228 1033 12689 12689 12689 12689 10
20190228 1034 12689 12689 12689 12689 10
20190228 1040 12684 12684 12684 12684 30
20190228 1041 12679 12679 12679 12679 19
20190228 1046 12674 12674 12674 12674 509
20190228 1053 12674 12674 12674 12674 1
20190228 1054 12674 12684 12674 12684 6
20190228 1056 12684 12684 12684 12684 100
20190228 1057 12684 12684 12684 12684 2
20190228 1100 12684 12684 12684 12684 2
20190228 1107 12694 12694 12694 12694 6
20190228 1108 12699 12704 12699 12704 214
20190228 1109 12709 12709 12709 12709 49
20190228 1111 12709 12709 12709 12709 3
20190228 1113 12714 12714 12714 12714 1
20190228 1133 12714 12714 12714 12714 42
20190228 1134 12719 12719 12719 12719 75
20190228 1146 12724 12724 12724 12724 2
20190228 1150 12729 12729 12729 12729 22
20190228 1152 12739 12739 12739 12739 4
20190228 1153 12739 12739 12739 12739 47
20190228 1154 12739 12739 12739 12739 7
20190228 1156 12744 12744 12744 12744 20
20190228 1157 12744 12744 12744 12744 3
20190228 1214 12749 12749 12749 12749 36
20190228 1219 12744 12744 12744 12744 10
20190228 1220 12744 12744 12744 12744 2
20190228 1222 12744 12744 12744 12744 10
20190228 1231 12744 12744 12744 12744 170
20190228 1234 12749 12754 12749 12754 22
20190228 1237 12759 12759 12759 12759 48
20190228 1248 12749 12749 12749 12749 5
20190228 1256 12744 12744 12744 12744 151
20190228 1301 12759 12759 12759 12759 1
20190228 1302 12759 12764 12759 12764 132
20190228 1307 12769 12769 12769 12769 741
20190228 1309 12774 12774 12774 12774 1
20190228 1312 12774 12774 12774 12774 10
20190228 1318 12779 12779 12779 12779 30
20190228 1325 12784 12784 12784 12784 41
20190228 1328 12789 12789 12789 12789 22
20190228 1337 12779 12779 12779 12779 205
20190228 1338 12779 12779 12769 12769 1515
20190228 1416 12769 12769 12769 12769 1
20190228 1433 12749 12749 12749 12749 1000
20190228 1434 12744 12749 12744 12749 6
20190228 1438 12744 12744 12739 12739 71
20190228 1440 12739 12739 12734 12734 500
20190228 1445 12734 12734 12734 12734 10
20190228 1446 12729 12729 12729 12729 59
20190228 1454 12664 12664 12664 12664 2147
20190228 1455 12664 12664 12659 12659 3350
20190228 1456 12654 12654 12614 12614 1723
20190228 1457 12614 12614 12614 12614 286
20190228 1458 12594 12594 12594 12594 5
20190228 1459 12474 12474 12474 12474 100
20190228 1500 12439 12439 12439 12439 1
20190228 1503 12459 12459 12459 12459 300
20190228 1506 12549 12549 12549 12549 1
20190228 1509 12619 12619 12619 12619 1
20190228 1510 12604 12604 12604 12604 20
20190228 1513 12599 12629 12599 12629 3
20190228 1514 12599 12599 12579 12579 298
20190228 1515 12549 12549 12529 12529 11
20190228 1530 12509 12509 12509 12509 270
