날짜 시간 시가 고가 저가 종가 거래량
20180302 901 15913 15913 15883 15883 10096
20180302 902 15883 15908 15883 15888 23285
20180302 903 15908 15918 15888 15908 25227
20180302 904 15908 15988 15908 15988 18357
20180302 905 15988 15988 15988 15988 2000
20180302 906 16033 16033 16033 16033 1400
20180302 907 16033 16033 16033 16033 21000
20180302 908 16033 16033 16033 16033 4200
20180302 910 16038 16053 16038 16053 4201
20180302 911 16053 16073 16053 16073 18200
20180302 912 16073 16102 16073 16102 2900
20180302 913 16083 16083 16083 16083 4000
20180302 914 16083 16083 16078 16078 21000
20180302 915 16068 16083 16068 16083 14000
20180302 916 16092 16102 16092 16102 11000
20180302 917 16117 16127 16097 16097 24127
20180302 918 16122 16122 16122 16122 1000
20180302 925 16132 16132 16132 16132 5
20180302 927 16147 16147 16147 16147 1
20180302 932 16147 16147 16147 16147 65
20180302 937 16127 16127 16117 16117 63
20180302 938 16117 16117 16107 16107 4
20180302 939 16102 16102 16102 16102 4
20180302 940 16097 16097 16083 16083 1002
20180302 942 16078 16078 16078 16078 1
20180302 943 16073 16073 16068 16068 2
20180302 944 16063 16063 16063 16063 1
20180302 945 16078 16078 16078 16078 1
20180302 947 16073 16073 16073 16073 1
20180302 1007 16107 16107 16107 16107 600
20180302 1020 16132 16132 16132 16132 8
20180302 1038 16112 16112 16112 16112 20
20180302 1039 16092 16092 16092 16092 1
20180302 1043 16083 16083 16083 16083 1
20180302 1044 16078 16078 16073 16073 2
20180302 1046 16063 16063 16003 16003 100
20180302 1054 16083 16083 16083 16083 1
20180302 1101 16107 16107 16107 16107 14
20180302 1104 16102 16102 16102 16102 5
20180302 1115 16033 16033 16033 16033 3
20180302 1127 16117 16117 16117 16117 1
20180302 1134 16147 16147 16147 16147 431
20180302 1205 16137 16137 16137 16137 431
20180302 1210 16142 16142 16142 16142 431
20180302 1218 16127 16127 16127 16127 150
20180302 1219 16122 16122 16122 16122 700
20180302 1220 16132 16142 16132 16142 5700
20180302 1221 16142 16142 16127 16127 8753
20180302 1222 16142 16142 16142 16142 15000
20180302 1223 16142 16142 16142 16142 5000
20180302 1226 16127 16132 16127 16132 1137
20180302 1229 16132 16132 16132 16132 23
20180302 1230 16147 16157 16147 16157 6
20180302 1240 16237 16237 16237 16237 1136
20180302 1241 16237 16237 16237 16237 264
20180302 1256 16232 16232 16232 16232 1
20180302 1310 16282 16282 16282 16282 1
20180302 1322 16282 16282 16282 16282 88
20180302 1325 16282 16282 16282 16282 200
20180302 1347 16282 16282 16282 16282 40
20180302 1356 16317 16317 16317 16317 1
20180302 1358 16331 16331 16331 16331 9
20180302 1402 16331 16331 16331 16331 22
20180302 1415 16331 16331 16331 16331 3
20180302 1423 16331 16331 16331 16331 21
20180302 1425 16331 16331 16331 16331 30
20180302 1426 16331 16331 16326 16326 25
20180302 1427 16326 16326 16326 16326 1
20180302 1428 16322 16322 16322 16322 11
20180302 1455 16322 16322 16322 16322 10
20180302 1456 16282 16282 16282 16282 701
20180302 1530 16312 16312 16312 16312 188
20180305 904 16391 16391 16391 16391 12
20180305 906 16312 16312 16312 16312 1
20180305 918 16312 16312 16287 16287 50
20180305 921 16331 16331 16331 16331 725
20180305 922 16331 16331 16331 16331 100
20180305 926 16341 16346 16341 16346 200
20180305 935 16336 16336 16336 16336 20
20180305 936 16331 16331 16331 16331 5
20180305 940 16331 16331 16331 16331 5
20180305 951 16331 16331 16331 16331 521
20180305 958 16331 16331 16331 16331 12
20180305 1000 16282 16282 16282 16282 15
20180305 1001 16282 16282 16282 16282 133
20180305 1015 16232 16232 16232 16232 2
20180305 1034 16391 16391 16391 16391 391
20180305 1036 16302 16302 16302 16302 5
20180305 1057 16346 16346 16346 16346 3
20180305 1101 16346 16346 16346 16346 3
20180305 1138 16302 16302 16302 16302 6
20180305 1139 16302 16302 16302 16302 1
20180305 1143 16292 16292 16292 16292 15
20180305 1144 16287 16287 16287 16287 5
20180305 1150 16277 16277 16277 16277 3
20180305 1151 16272 16272 16262 16262 20
20180305 1203 16222 16222 16222 16222 20
20180305 1207 16127 16127 16127 16127 1500
20180305 1228 16152 16152 16152 16152 3
20180305 1240 16212 16212 16212 16212 1
20180305 1312 16247 16247 16247 16247 115
20180305 1321 16217 16217 16217 16217 1
20180305 1331 16217 16217 16217 16217 51
20180305 1354 16232 16232 16232 16232 712
20180305 1355 16222 16232 16222 16232 7000
20180305 1356 16227 16227 16227 16227 8400
20180305 1357 16227 16227 16222 16222 6300
20180305 1358 16222 16222 16222 16222 6900
20180305 1359 16222 16222 16222 16222 3696
20180305 1400 16222 16227 16222 16227 4460
20180305 1401 16227 16227 16227 16227 1591
20180305 1431 16237 16237 16237 16237 4000
20180305 1432 16237 16237 16232 16237 8797
20180305 1433 16237 16242 16237 16242 10387
20180305 1434 16242 16242 16237 16237 9049
20180305 1435 16237 16237 16237 16237 2586
20180305 1436 16237 16237 16237 16237 2042
20180305 1437 16242 16242 16242 16242 1381
20180305 1449 16272 16272 16272 16272 500
20180305 1453 16282 16282 16282 16282 6
20180305 1454 16272 16272 16262 16262 608
20180305 1459 16262 16262 16262 16262 801
20180305 1504 16252 16252 16252 16252 11
20180305 1506 16242 16247 16242 16247 326
20180305 1512 16227 16227 16217 16217 10
20180305 1513 16212 16217 16212 16217 6
20180305 1514 16217 16217 16217 16217 4
20180305 1518 16192 16192 16192 16192 40
20180305 1519 16187 16187 16187 16187 40
20180305 1520 16187 16187 16182 16182 5
20180305 1530 16132 16132 16132 16132 6
20180306 901 16366 16366 16366 16366 37
20180306 913 16386 16386 16386 16386 1
20180306 914 16386 16386 16386 16386 3
20180306 916 16366 16366 16366 16366 74
20180306 917 16366 16366 16366 16366 1
20180306 922 16346 16346 16346 16346 2
20180306 928 16341 16341 16341 16341 1
20180306 930 16292 16292 16292 16292 56
20180306 931 16292 16292 16282 16282 37
20180306 950 16252 16252 16252 16252 3
20180306 951 16237 16237 16237 16237 3
20180306 952 16222 16222 16222 16222 1
20180306 955 16222 16222 16222 16222 2
20180306 956 16207 16207 16207 16207 3
20180306 957 16192 16192 16177 16177 6
20180306 1013 16187 16187 16187 16187 1
20180306 1014 16182 16182 16182 16182 19
20180306 1016 16197 16197 16197 16197 250
20180306 1043 16257 16257 16257 16257 4
20180306 1052 16297 16297 16297 16297 9
20180306 1112 16307 16307 16307 16307 136
20180306 1113 16341 16341 16341 16341 5416
20180306 1114 16341 16341 16341 16341 18956
20180306 1115 16341 16341 16341 16341 1354
20180306 1116 16351 16351 16351 16351 2708
20180306 1122 16351 16351 16351 16351 12154
20180306 1123 16351 16351 16346 16346 14400
20180306 1124 16346 16346 16346 16346 1354
20180306 1127 16351 16351 16351 16351 1
20180306 1148 16351 16351 16351 16351 3
20180306 1157 16317 16317 16317 16317 2000
20180306 1158 16317 16317 16317 16317 12000
20180306 1159 16317 16317 16317 16317 14000
20180306 1200 16317 16317 16317 16317 2000
20180306 1201 16317 16317 16317 16317 10000
20180306 1202 16317 16317 16317 16317 18000
20180306 1203 16317 16317 16317 16317 2000
20180306 1231 16317 16317 16317 16317 99
20180306 1258 16331 16331 16331 16331 15
20180306 1301 16336 16336 16336 16336 2000
20180306 1328 16336 16336 16336 16336 126
20180306 1334 16351 16351 16351 16351 564
20180306 1336 16356 16356 16356 16356 20
20180306 1357 16356 16356 16356 16356 6
20180306 1409 16351 16356 16351 16356 2650
20180306 1413 16351 16351 16351 16351 1519
20180306 1414 16351 16351 16351 16351 3033
20180306 1415 16351 16351 16351 16351 3946
20180306 1416 16351 16351 16351 16351 2640
20180306 1417 16351 16351 16351 16351 1672
20180306 1418 16351 16351 16351 16351 1339
20180306 1432 16351 16351 16351 16351 300
20180306 1443 16346 16346 16346 16346 193
20180306 1445 16356 16356 16356 16356 57
20180306 1501 16381 16381 16381 16381 8
20180306 1502 16386 16391 16386 16391 34
20180306 1504 16396 16396 16396 16396 1
20180306 1509 16411 16426 16411 16426 5273
20180306 1530 16431 16431 16431 16431 51
20180307 901 16187 16187 16162 16162 20
20180307 903 16132 16132 16132 16132 76
20180307 905 16132 16132 16132 16132 10
20180307 910 16162 16162 16162 16162 200
20180307 911 16132 16132 16132 16132 343
20180307 915 16117 16117 16117 16117 1234
20180307 917 16132 16132 16132 16132 384
20180307 922 16132 16132 16132 16132 200
20180307 923 16132 16132 16132 16132 1
20180307 926 16132 16132 16132 16132 15
20180307 929 16132 16132 16132 16132 5
20180307 930 16132 16132 16132 16132 55
20180307 931 16117 16117 16117 16117 50
20180307 933 16127 16127 16127 16127 2
20180307 934 16127 16127 16127 16127 1
20180307 936 16107 16107 16097 16097 101
20180307 937 16087 16087 16087 16087 351
20180307 938 16092 16092 16092 16092 1
20180307 939 16087 16087 16087 16087 1
20180307 943 16127 16127 16127 16127 50
20180307 1003 16172 16172 16172 16172 1
20180307 1009 16172 16172 16172 16172 13
20180307 1024 16202 16202 16202 16202 50
20180307 1041 16252 16252 16252 16252 75
20180307 1046 16331 16331 16331 16331 1
20180307 1051 16356 16356 16356 16356 1
20180307 1054 16366 16366 16366 16366 1
20180307 1055 16366 16366 16366 16366 65
20180307 1057 16391 16391 16391 16391 1
20180307 1105 16376 16411 16376 16406 49
20180307 1106 16401 16401 16401 16401 6
20180307 1110 16376 16376 16376 16376 16
20180307 1111 16351 16356 16351 16356 8
20180307 1112 16317 16317 16292 16292 1535
20180307 1117 16326 16326 16326 16326 2
20180307 1127 16331 16331 16331 16331 10
20180307 1129 16331 16331 16331 16331 44
20180307 1139 16331 16331 16331 16331 10
20180307 1141 16331 16331 16331 16331 46
20180307 1146 16331 16331 16331 16331 10
20180307 1147 16331 16331 16331 16331 44
20180307 1151 16346 16346 16331 16331 157
20180307 1207 16307 16307 16307 16307 23
20180307 1208 16297 16297 16297 16297 20
20180307 1216 16252 16252 16252 16252 1
20180307 1217 16237 16237 16237 16237 3
20180307 1219 16187 16187 16187 16187 30
20180307 1224 16157 16157 16157 16157 1
20180307 1225 16132 16132 16132 16132 20
20180307 1234 16132 16132 16132 16132 27
20180307 1237 16087 16087 16083 16083 161
20180307 1238 16068 16068 16063 16063 16
20180307 1239 16058 16058 16048 16048 91
20180307 1240 16048 16048 16048 16048 1
20180307 1241 16038 16038 16033 16033 231
20180307 1242 16048 16048 16048 16048 3
20180307 1247 16102 16102 16102 16102 1320
20180307 1248 16112 16112 16112 16112 1115
20180307 1249 16112 16117 16112 16117 18955
20180307 1250 16122 16122 16122 16122 9460
20180307 1251 16122 16122 16117 16117 6000
20180307 1252 16102 16102 16102 16102 320
20180307 1259 16102 16102 16102 16102 5
20180307 1309 16083 16083 16078 16078 10
20180307 1311 16073 16073 16073 16073 12
20180307 1312 16063 16063 16058 16058 84
20180307 1313 16053 16053 16053 16053 23
20180307 1317 16058 16058 16058 16058 1
20180307 1341 16068 16068 16068 16068 1310
20180307 1347 16038 16038 16038 16038 1500
20180307 1348 16038 16048 16038 16048 9000
20180307 1349 16048 16048 16048 16048 10100
20180307 1350 16048 16063 16048 16063 4798
20180307 1351 16063 16063 16063 16063 7100
20180307 1352 16063 16068 16063 16068 6600
20180307 1354 16078 16078 16078 16078 515
20180307 1359 16078 16078 16078 16078 17
20180307 1403 16073 16073 16073 16073 794
20180307 1406 16043 16043 16043 16043 1
20180307 1408 16048 16048 16048 16048 500
20180307 1410 16043 16043 16028 16028 1149
20180307 1411 16028 16028 16028 16028 1
20180307 1412 16013 16013 16008 16008 101
20180307 1413 16003 16003 16003 16003 2
20180307 1414 15998 15998 15998 15998 4
20180307 1415 15983 15983 15983 15983 20
20180307 1416 15968 15968 15968 15968 4
20180307 1417 15958 15958 15958 15958 7
20180307 1427 15973 15973 15973 15973 1294
20180307 1429 16018 16018 16018 16018 2
20180307 1437 16008 16008 16008 16008 1
20180307 1440 16038 16038 16038 16038 199
20180307 1443 16013 16013 16013 16013 1
20180307 1445 15978 15978 15978 15978 2
20180307 1447 15958 15958 15953 15953 4
20180307 1448 15933 15933 15883 15883 50
20180307 1453 15963 15963 15963 15963 1
20180307 1455 15923 15923 15908 15908 5
20180307 1456 15883 15883 15873 15873 12
20180307 1459 15873 15873 15868 15868 3
20180307 1500 15858 15858 15858 15858 1
20180307 1503 15834 15834 15834 15834 45
20180307 1504 15829 15829 15814 15814 23
20180307 1505 15804 15804 15804 15804 355
20180307 1507 15784 15784 15784 15784 7
20180307 1510 15774 15774 15744 15744 27
20180307 1512 15744 15744 15744 15744 4
20180307 1515 15744 15744 15694 15694 210
20180307 1519 15694 15764 15694 15764 96
20180307 1530 15704 15704 15704 15704 1055
20180308 905 15993 15993 15993 15993 2
20180308 910 15923 15923 15923 15923 1
20180308 920 15983 15983 15968 15968 31
20180308 928 16018 16018 16018 16018 5
20180308 934 16083 16083 16083 16083 1
20180308 935 16083 16083 16083 16083 57
20180308 940 16063 16063 16063 16063 2
20180308 942 16053 16053 16053 16053 1
20180308 945 16028 16028 16028 16028 1
20180308 947 15998 15998 15998 15998 900
20180308 949 15983 15983 15978 15978 1075
20180308 953 15973 15973 15973 15973 1
20180308 956 15973 15973 15973 15973 49
20180308 958 15968 15968 15968 15968 58
20180308 1005 15918 15918 15918 15918 101
20180308 1006 15923 15923 15923 15923 180
20180308 1014 15978 15978 15978 15978 1294
20180308 1015 15953 16018 15953 16013 13
20180308 1027 15993 15993 15993 15993 30
20180308 1035 15943 15943 15943 15943 1
20180308 1039 15943 15943 15933 15933 1000
20180308 1051 15983 15983 15983 15983 10
20180308 1056 16053 16073 16053 16073 264
20180308 1118 16073 16073 16073 16073 119
20180308 1119 16073 16073 16073 16073 10
20180308 1120 16078 16083 16078 16083 16
20180308 1121 16083 16092 16083 16083 118
20180308 1135 16038 16038 16038 16038 1
20180308 1149 16068 16068 16068 16068 1
20180308 1156 16068 16078 16068 16078 2
20180308 1208 16038 16038 16038 16038 16
20180308 1216 16043 16043 16038 16038 6
20180308 1220 16048 16048 16048 16048 1
20180308 1232 16083 16083 16083 16083 1
20180308 1239 16083 16083 16083 16083 3
20180308 1242 16083 16083 16083 16083 2
20180308 1256 16053 16053 16048 16048 3
20180308 1259 16043 16043 16043 16043 64
20180308 1303 16048 16048 16048 16048 51
20180308 1311 16063 16063 16063 16063 30
20180308 1312 16087 16117 16053 16117 35
20180308 1322 16102 16102 16102 16102 7
20180308 1323 16112 16127 16112 16127 6
20180308 1345 16122 16122 16122 16122 1
20180308 1353 16117 16117 16117 16117 531
20180308 1354 16117 16117 16117 16117 100
20180308 1355 16107 16107 16107 16107 400
20180308 1356 16107 16107 16097 16097 6000
20180308 1357 16097 16097 16087 16087 3100
20180308 1358 16087 16087 16083 16083 1661
20180308 1359 16083 16083 16083 16083 6400
20180308 1400 16083 16083 16083 16083 4850
20180308 1401 16083 16083 16083 16083 1750
20180308 1402 16087 16087 16078 16078 4550
20180308 1403 16068 16068 16068 16068 650
20180308 1404 16068 16068 16063 16063 3900
20180308 1405 16063 16063 16063 16063 2412
20180308 1406 16058 16058 16058 16058 15
20180308 1412 16053 16053 16053 16053 320
20180308 1414 16053 16053 16053 16053 1
20180308 1419 16053 16053 16053 16053 1
20180308 1429 16053 16053 16053 16053 34
20180308 1430 16053 16053 16053 16053 800
20180308 1431 16053 16053 16053 16053 4800
20180308 1432 16053 16078 16053 16078 2546
20180308 1433 16078 16078 16078 16078 3700
20180308 1434 16073 16073 16073 16073 4800
20180308 1435 16073 16073 16073 16073 7700
20180308 1436 16073 16073 16073 16073 6200
20180308 1437 16073 16078 16073 16078 5494
20180308 1438 16078 16078 16078 16078 1639
20180308 1439 16078 16078 16078 16078 470
20180308 1451 16078 16083 16078 16083 8
20180308 1453 16083 16092 16083 16092 505
20180308 1454 16097 16097 16097 16097 500
20180308 1456 16107 16107 16107 16107 850
20180308 1457 16102 16102 16102 16102 8000
20180308 1458 16102 16102 16102 16102 1550
20180308 1459 16102 16122 16102 16122 3062
20180308 1502 16117 16117 16117 16117 799
20180308 1503 16117 16122 16117 16122 193
20180308 1506 16087 16117 16087 16117 3458
20180308 1507 16117 16117 16117 16117 5190
20180308 1508 16117 16117 16117 16117 4310
20180308 1509 16117 16117 16117 16117 3596
20180308 1517 16083 16132 16083 16132 260
20180308 1530 16127 16127 16127 16127 356
20180309 901 16132 16132 16132 16132 1
20180309 902 16152 16152 16127 16127 301
20180309 906 16127 16127 16127 16127 45
20180309 907 16147 16147 16147 16147 300
20180309 910 16242 16242 16242 16242 4
20180309 911 16336 16336 16336 16336 1
20180309 914 16351 16351 16351 16351 1
20180309 918 16381 16381 16351 16351 351
20180309 919 16292 16292 16292 16292 1
20180309 920 16252 16252 16252 16252 1
20180309 921 16326 16326 16326 16326 1
20180309 922 16317 16317 16317 16317 1
20180309 923 16336 16336 16336 16336 1
20180309 925 16336 16336 16336 16336 1
20180309 926 16336 16336 16336 16336 1
20180309 927 16336 16336 16336 16336 5
20180309 932 16376 16376 16361 16361 36
20180309 937 16336 16336 16336 16336 95
20180309 938 16336 16336 16336 16336 1
20180309 949 16322 16322 16322 16322 2
20180309 950 16312 16312 16312 16312 1
20180309 951 16312 16312 16312 16312 1
20180309 954 16302 16302 16302 16302 3
20180309 958 16292 16292 16292 16292 12
20180309 959 16282 16282 16272 16272 54
20180309 1007 16322 16322 16322 16322 1
20180309 1010 16322 16322 16322 16322 3
20180309 1011 16317 16317 16317 16317 50
20180309 1013 16292 16292 16292 16292 13
20180309 1014 16287 16287 16287 16287 10
20180309 1027 16287 16287 16287 16287 22
20180309 1046 16341 16341 16307 16341 6
20180309 1051 16341 16341 16341 16341 6
20180309 1052 16341 16341 16341 16341 10
20180309 1055 16341 16376 16341 16376 19
20180309 1057 16376 16376 16376 16376 1
20180309 1121 16307 16307 16307 16307 6
20180309 1125 16287 16287 16287 16287 12000
20180309 1126 16287 16287 16287 16287 20000
20180309 1127 16287 16287 16287 16287 12000
20180309 1129 16292 16292 16292 16292 11000
20180309 1130 16292 16292 16292 16292 23000
20180309 1131 16292 16292 16292 16292 8000
20180309 1206 16317 16317 16317 16317 3
20180309 1214 16317 16317 16317 16317 3
20180309 1217 16307 16307 16307 16307 1
20180309 1220 16317 16317 16317 16317 1
20180309 1241 16307 16307 16302 16302 293
20180309 1257 16317 16317 16317 16317 1
20180309 1300 16312 16312 16312 16312 1619
20180309 1310 16307 16307 16307 16307 7836
20180309 1311 16307 16307 16307 16307 17900
20180309 1312 16307 16307 16302 16302 14300
20180309 1313 16302 16302 16302 16302 3299
20180309 1315 16297 16297 16297 16297 50
20180309 1317 16282 16282 16282 16282 103
20180309 1323 16277 16277 16272 16272 91
20180309 1324 16262 16262 16242 16242 48
20180309 1325 16232 16232 16232 16232 2
20180309 1328 16222 16222 16182 16182 21
20180309 1329 16172 16172 16172 16172 1
20180309 1330 16172 16172 16172 16172 1
20180309 1336 16162 16162 16142 16142 56
20180309 1352 16222 16222 16222 16222 1
20180309 1353 16237 16237 16237 16237 1
20180309 1357 16232 16232 16232 16232 10
20180309 1410 16182 16182 16182 16182 54
20180309 1436 16232 16232 16232 16232 1
20180309 1443 16227 16227 16212 16212 3583
20180309 1446 16222 16222 16222 16222 1400
20180309 1447 16222 16222 16222 16222 1400
20180309 1448 16222 16222 16217 16217 12600
20180309 1449 16217 16217 16202 16202 16800
20180309 1450 16202 16202 16182 16182 4225
20180309 1451 16177 16177 16167 16167 4200
20180309 1452 16167 16167 16157 16157 7000
20180309 1453 16157 16157 16157 16157 1700
20180309 1500 16132 16132 16132 16132 3
20180309 1501 16122 16122 16122 16122 102
20180309 1509 16122 16122 16122 16122 1
20180309 1512 16117 16117 16087 16087 110
20180309 1513 16122 16157 16122 16157 24
20180309 1519 16122 16122 16117 16117 2
20180309 1520 16157 16157 16112 16112 320
20180309 1530 16157 16157 16157 16157 1570
20180312 901 16366 16366 16366 16366 3
20180312 921 16232 16232 16232 16232 73
20180312 923 16267 16331 16267 16331 97
20180312 927 16331 16331 16331 16331 7
20180312 929 16351 16351 16351 16351 3
20180312 930 16401 16401 16401 16401 50
20180312 937 16406 16406 16406 16406 1
20180312 945 16381 16381 16381 16381 1
20180312 947 16341 16341 16341 16341 6
20180312 949 16376 16406 16376 16406 11
20180312 956 16401 16406 16401 16406 147
20180312 1003 16431 16431 16431 16431 2004
20180312 1004 16466 16466 16466 16466 7
20180312 1005 16466 16466 16466 16466 3
20180312 1007 16466 16491 16466 16486 1000
20180312 1019 16466 16466 16466 16466 20
20180312 1022 16461 16461 16461 16461 18
20180312 1024 16431 16461 16431 16461 500
20180312 1025 16461 16461 16461 16461 128
20180312 1029 16426 16426 16426 16426 1
20180312 1033 16426 16426 16426 16426 14
20180312 1045 16441 16441 16441 16441 100
20180312 1048 16431 16431 16431 16431 1
20180312 1054 16431 16431 16431 16431 15
20180312 1116 16431 16431 16431 16431 184
20180312 1119 16471 16471 16471 16471 1
20180312 1129 16471 16471 16471 16471 18
20180312 1149 16431 16431 16431 16431 43
20180312 1150 16431 16431 16431 16431 7
20180312 1211 16471 16471 16471 16471 1
20180312 1216 16441 16441 16436 16436 200
20180312 1229 16471 16481 16471 16481 37
20180312 1245 16451 16491 16451 16491 45
20180312 1256 16491 16491 16491 16491 21
20180312 1304 16491 16491 16491 16491 5
20180312 1306 16491 16491 16491 16491 1
20180312 1326 16491 16491 16491 16491 15
20180312 1330 16486 16491 16486 16491 23
20180312 1331 16491 16491 16491 16491 20
20180312 1336 16491 16491 16491 16491 88
20180312 1337 16491 16521 16491 16521 75
20180312 1340 16521 16526 16521 16526 282
20180312 1341 16531 16531 16531 16531 1
20180312 1347 16526 16526 16526 16526 4
20180312 1350 16531 16531 16531 16531 67
20180312 1351 16531 16531 16531 16531 18
20180312 1352 16526 16526 16526 16526 26
20180312 1404 16526 16526 16526 16526 10
20180312 1414 16526 16526 16526 16526 25
20180312 1415 16526 16526 16526 16526 9
20180312 1421 16526 16526 16481 16481 7
20180312 1433 16481 16481 16481 16481 2
20180312 1434 16481 16481 16481 16481 30
20180312 1435 16481 16481 16481 16481 108
20180312 1437 16481 16481 16481 16481 50
20180312 1442 16491 16516 16491 16516 10
20180312 1444 16511 16511 16506 16506 1678
20180312 1445 16506 16511 16506 16511 10
20180312 1447 16501 16501 16501 16501 200
20180312 1452 16481 16526 16481 16526 11
20180312 1501 16526 16526 16526 16526 74
20180312 1502 16526 16526 16526 16526 78
20180312 1503 16531 16536 16531 16536 2477
20180312 1504 16536 16536 16536 16536 4400
20180312 1505 16536 16536 16536 16536 2395
20180312 1507 16531 16546 16531 16546 731
20180312 1508 16546 16551 16546 16551 2
20180312 1510 16531 16531 16531 16531 1512
20180312 1512 16546 16546 16546 16546 1
20180312 1513 16546 16551 16546 16551 90
20180312 1514 16551 16561 16551 16561 251
20180312 1515 16546 16615 16546 16610 321
20180312 1519 16645 16670 16595 16670 126
20180312 1520 16665 16665 16665 16665 1
20180312 1530 16615 16615 16615 16615 91
20180313 901 16680 16680 16680 16680 3
20180313 902 16615 16615 16605 16605 1360
20180313 907 16575 16575 16575 16575 1
20180313 910 16546 16546 16541 16541 32
20180313 915 16556 16605 16556 16605 11
20180313 917 16580 16630 16580 16630 97
20180313 918 16610 16610 16610 16610 6
20180313 923 16580 16580 16580 16580 51
20180313 930 16551 16551 16551 16551 50
20180313 938 16551 16551 16551 16551 15
20180313 942 16551 16551 16551 16551 537
20180313 943 16561 16561 16561 16561 2
20180313 945 16580 16580 16580 16580 1
20180313 946 16605 16610 16605 16610 2
20180313 947 16615 16615 16615 16615 13
20180313 949 16630 16640 16630 16640 102
20180313 950 16650 16650 16650 16650 18
20180313 954 16650 16650 16650 16650 101
20180313 955 16645 16705 16645 16705 24
20180313 1001 16680 16680 16680 16680 30
20180313 1002 16685 16685 16685 16685 50
20180313 1003 16680 16680 16680 16680 7
20180313 1006 16615 16615 16615 16615 1
20180313 1011 16665 16665 16665 16665 2
20180313 1025 16620 16620 16620 16620 1
20180313 1027 16615 16615 16615 16615 309
20180313 1035 16600 16600 16600 16600 10
20180313 1050 16600 16615 16600 16615 2
20180313 1107 16565 16565 16565 16565 100
20180313 1109 16541 16541 16531 16531 70
20180313 1110 16531 16531 16531 16531 70
20180313 1124 16506 16506 16506 16506 60
20180313 1130 16506 16506 16506 16506 18
20180313 1139 16506 16506 16506 16506 1
20180313 1146 16506 16506 16506 16506 119
20180313 1149 16570 16570 16570 16570 1
20180313 1158 16565 16565 16565 16565 5
20180313 1210 16546 16546 16546 16546 40
20180313 1221 16556 16556 16556 16556 1
20180313 1225 16556 16556 16556 16556 7
20180313 1241 16556 16556 16556 16556 100
20180313 1255 16565 16565 16565 16565 1
20180313 1259 16551 16551 16551 16551 88
20180313 1301 16565 16565 16565 16565 1
20180313 1309 16561 16561 16556 16556 100
20180313 1314 16565 16565 16565 16565 148
20180313 1333 16570 16570 16570 16570 10
20180313 1336 16580 16580 16580 16580 11
20180313 1340 16615 16620 16615 16620 169
20180313 1347 16630 16630 16630 16630 1
20180313 1350 16630 16630 16630 16630 60
20180313 1356 16650 16650 16650 16650 1
20180313 1358 16660 16660 16660 16660 1
20180313 1359 16670 16670 16670 16670 3
20180313 1401 16670 16670 16670 16670 48
20180313 1406 16690 16690 16690 16690 20
20180313 1408 16695 16695 16690 16690 40
20180313 1409 16690 16690 16690 16690 10
20180313 1411 16690 16690 16690 16690 10
20180313 1417 16685 16685 16685 16685 11
20180313 1421 16685 16685 16685 16685 1
20180313 1430 16690 16690 16690 16690 13
20180313 1437 16685 16685 16655 16655 4800
20180313 1451 16670 16670 16660 16660 70
20180313 1457 16700 16705 16700 16705 9
20180313 1458 16710 16715 16710 16715 4
20180313 1459 16715 16750 16715 16750 13
20180313 1500 16750 16750 16750 16750 50
20180313 1503 16750 16750 16750 16750 48
20180313 1505 16750 16750 16750 16750 1
20180313 1511 16740 16740 16740 16740 100
20180313 1530 16730 16730 16730 16730 435
20180314 901 16516 16516 16516 16516 92
20180314 903 16551 16551 16551 16551 1
20180314 904 16501 16501 16501 16501 73
20180314 907 16595 16595 16595 16595 35
20180314 908 16670 16670 16670 16670 60
20180314 910 16655 16655 16655 16655 100
20180314 911 16635 16635 16635 16635 50
20180314 935 16675 16675 16675 16675 1
20180314 1009 16625 16625 16620 16620 381
20180314 1022 16570 16570 16570 16570 25
20180314 1031 16561 16561 16561 16561 1
20180314 1041 16561 16561 16561 16561 10
20180314 1104 16536 16536 16536 16536 158
20180314 1108 16551 16551 16551 16551 102
20180314 1111 16561 16570 16561 16570 310
20180314 1113 16575 16580 16575 16580 133
20180314 1124 16625 16660 16625 16660 2
20180314 1151 16660 16660 16660 16660 6
20180314 1213 16630 16630 16630 16630 1
20180314 1224 16620 16620 16620 16620 2
20180314 1227 16610 16610 16600 16600 2
20180314 1231 16630 16630 16630 16630 1
20180314 1250 16630 16630 16630 16630 11
20180314 1253 16610 16610 16610 16610 10
20180314 1301 16610 16610 16610 16610 50
20180314 1312 16610 16610 16610 16610 30
20180314 1314 16610 16610 16610 16610 1
20180314 1315 16610 16610 16610 16610 30
20180314 1319 16630 16630 16630 16630 88
20180314 1335 16690 16690 16655 16655 151
20180314 1336 16690 16705 16690 16705 104
20180314 1342 16705 16705 16705 16705 16
20180314 1343 16690 16690 16690 16690 1000
20180314 1351 16680 16695 16680 16695 2
20180314 1409 16670 16670 16635 16635 1600
20180314 1412 16680 16680 16680 16680 60
20180314 1447 16680 16710 16680 16710 12
20180314 1449 16660 16660 16660 16660 40
20180314 1453 16710 16710 16710 16710 5
20180314 1454 16705 16705 16705 16705 200
20180314 1455 16715 16775 16715 16775 23
20180314 1516 16760 16760 16760 16760 1
20180314 1530 16730 16730 16730 16730 210
20180315 901 16814 16814 16814 16814 11
20180315 903 16760 16760 16755 16755 200
20180315 904 16735 16735 16735 16735 1
20180315 907 16770 16770 16770 16770 5
20180315 911 16770 16770 16770 16770 50
20180315 912 16814 16814 16814 16814 296
20180315 915 16809 16814 16809 16814 500
20180315 916 16814 16814 16814 16814 41
20180315 917 16814 16814 16814 16814 125
20180315 920 16844 16859 16844 16859 62
20180315 921 16869 16934 16869 16934 104
20180315 923 16924 16929 16924 16924 1013
20180315 924 16924 16924 16924 16924 100
20180315 926 16949 16949 16949 16949 34
20180315 927 16954 16959 16954 16959 2
20180315 928 16939 16939 16939 16939 39
20180315 929 16949 16949 16949 16949 1
20180315 931 16924 16924 16924 16924 531
20180315 933 16904 16904 16904 16904 400
20180315 939 16869 16869 16869 16869 68
20180315 950 16824 16824 16824 16824 57
20180315 1000 16824 16824 16824 16824 5
20180315 1002 16834 16849 16834 16849 400
20180315 1009 16805 16805 16805 16805 600
20180315 1010 16785 16785 16785 16785 1
20180315 1013 16730 16730 16730 16730 57
20180315 1014 16730 16730 16730 16730 239
20180315 1021 16730 16730 16730 16730 100
20180315 1026 16730 16730 16730 16730 1000
20180315 1039 16740 16740 16740 16740 1
20180315 1040 16740 16740 16740 16740 14
20180315 1043 16740 16740 16740 16740 100
20180315 1048 16705 16705 16705 16705 100
20180315 1050 16740 16740 16740 16740 1
20180315 1051 16740 16740 16740 16740 10
20180315 1112 16740 16740 16740 16740 100
20180315 1124 16740 16740 16740 16740 779
20180315 1126 16735 16735 16735 16735 1
20180315 1127 16785 16785 16785 16785 1
20180315 1146 16785 16785 16785 16785 151
20180315 1149 16780 16780 16775 16775 100
20180315 1154 16760 16760 16760 16760 50
20180315 1157 16785 16785 16785 16785 100
20180315 1205 16785 16829 16785 16829 7
20180315 1212 16819 16819 16819 16819 10
20180315 1216 16809 16809 16809 16809 10
20180315 1219 16785 16785 16770 16770 30
20180315 1222 16745 16745 16745 16745 20
20180315 1223 16745 16745 16745 16745 80
20180315 1225 16800 16800 16800 16800 1
20180315 1227 16795 16795 16795 16795 17
20180315 1246 16785 16809 16785 16809 68
20180315 1300 16809 16809 16809 16809 20
20180315 1301 16809 16809 16809 16809 37
20180315 1309 16829 16829 16829 16829 1
20180315 1310 16819 16819 16819 16819 30
20180315 1312 16829 16829 16829 16829 500
20180315 1313 16839 16839 16839 16839 5
20180315 1314 16839 16839 16839 16839 3
20180315 1323 16869 16874 16869 16874 7
20180315 1324 16874 16874 16874 16874 1227
20180315 1325 16884 16889 16884 16889 967
20180315 1326 16899 16899 16899 16899 601
20180315 1329 16919 16919 16919 16919 1
20180315 1332 16919 16919 16919 16919 99
20180315 1334 16954 16959 16954 16959 6
20180315 1343 16949 16949 16949 16949 50
20180315 1347 16919 16919 16919 16919 19
20180315 1349 16939 16939 16939 16939 22
20180315 1350 16939 16939 16939 16939 280
20180315 1351 16949 16964 16949 16964 4191
20180315 1352 16969 16979 16969 16979 102
20180315 1353 16979 16994 16979 16994 4
20180315 1356 16989 17048 16989 17048 111
20180315 1405 17048 17058 17048 17058 14
20180315 1406 17058 17058 17053 17053 102
20180315 1408 17063 17063 17063 17063 1
20180315 1409 17063 17063 17063 17063 10
20180315 1411 17063 17063 17063 17063 4
20180315 1412 17063 17063 17053 17053 12
20180315 1432 17004 17004 16984 16984 52
20180315 1435 17004 17004 17004 17004 9
20180315 1436 17004 17004 17004 17004 49
20180315 1437 16999 16999 16999 16999 50
20180315 1438 16994 16994 16994 16994 100
20180315 1446 17014 17014 17014 17014 1
20180315 1459 17014 17019 17014 17019 674
20180315 1501 17039 17044 17039 17044 2
20180315 1503 16999 16999 16999 16999 50
20180315 1505 16994 16994 16969 16969 1644
20180315 1506 16974 16974 16934 16934 1194
20180315 1511 16899 16899 16809 16809 181
20180315 1512 16740 16740 16735 16735 1936
20180315 1513 16800 16800 16800 16800 1
20180315 1530 16785 16785 16785 16785 260
20180316 901 16919 16919 16919 16919 2
20180316 903 16914 16914 16914 16914 1
20180316 904 16904 16904 16904 16904 1
20180316 905 16949 16949 16949 16949 200
20180316 907 16979 16979 16979 16979 1
20180316 908 16979 16979 16979 16979 20
20180316 909 17009 17009 16994 16994 70
20180316 910 16979 16979 16949 16949 107
20180316 914 16974 16974 16974 16974 1
20180316 918 16919 16919 16919 16919 1900
20180316 919 16919 16919 16919 16919 4
20180316 921 16904 16929 16904 16929 27
20180316 925 16989 16989 16989 16989 1
20180316 927 16959 16959 16959 16959 1
20180316 928 16959 16959 16959 16959 1
20180316 930 16939 16939 16939 16939 20
20180316 933 16934 16934 16934 16934 1
20180316 936 16904 16904 16904 16904 574
20180316 940 16934 16934 16934 16934 1
20180316 942 16909 16909 16909 16909 3
20180316 947 16909 16909 16909 16909 5
20180316 959 16919 16919 16919 16919 7
20180316 1002 16919 16919 16919 16919 3
20180316 1012 16884 16884 16864 16864 77
20180316 1021 16859 16859 16859 16859 386
20180316 1027 16844 16849 16844 16849 693
20180316 1028 16854 16854 16854 16854 99
20180316 1033 16854 16854 16854 16854 10
20180316 1045 16854 16899 16854 16899 398
20180316 1100 16899 16904 16899 16904 124
20180316 1104 16924 16924 16924 16924 1
20180316 1131 16919 16924 16919 16924 587
20180316 1156 16889 16889 16889 16889 40
20180316 1213 16924 16924 16924 16924 1
20180316 1248 16864 16864 16864 16864 100
20180316 1253 16864 16864 16864 16864 450
20180316 1308 16864 16864 16864 16864 1
20180316 1321 16864 16864 16864 16864 20
20180316 1337 16864 16864 16864 16864 1
20180316 1346 16864 16864 16864 16864 28
20180316 1347 16869 16869 16869 16869 680
20180316 1351 16894 16894 16894 16894 4
20180316 1401 16894 16894 16894 16894 1440
20180316 1404 16869 16869 16869 16869 1
20180316 1407 16889 16889 16889 16889 700
20180316 1415 16899 16899 16899 16899 104
20180316 1440 16924 16924 16924 16924 1
20180316 1444 16924 16924 16924 16924 100
20180316 1503 16899 16899 16899 16899 100
20180316 1504 16899 16899 16899 16899 100
20180316 1511 16869 16869 16869 16869 20
20180316 1513 16879 16879 16879 16879 1
20180316 1514 16839 16839 16834 16834 30
20180316 1517 16849 16849 16849 16849 1
20180316 1530 16884 16884 16884 16884 250
20180319 901 16864 16864 16864 16864 27
20180319 902 16864 16864 16864 16864 1
20180319 904 16884 16884 16884 16884 17
20180319 906 16914 16924 16914 16924 799
20180319 910 16969 16969 16969 16969 10
20180319 914 16969 16969 16969 16969 120
20180319 917 16929 16929 16929 16929 131
20180319 919 16924 16924 16924 16924 5
20180319 924 16929 16929 16924 16924 2
20180319 926 16924 16924 16924 16924 10
20180319 928 16924 16924 16924 16924 5
20180319 929 16924 16979 16924 16979 101
20180319 930 16919 16919 16919 16919 1824
20180319 932 16954 16954 16954 16954 880
20180319 937 16954 16954 16954 16954 6
20180319 939 16954 16954 16954 16954 11
20180319 940 16954 16954 16954 16954 1
20180319 948 16934 16934 16929 16929 312
20180319 952 16909 16909 16904 16904 26
20180319 953 16904 16904 16904 16904 29
20180319 954 16899 16899 16899 16899 61
20180319 1002 16884 16884 16884 16884 83
20180319 1003 16879 16879 16864 16864 302
20180319 1004 16849 16849 16849 16849 2
20180319 1005 16834 16834 16834 16834 3
20180319 1006 16829 16829 16819 16819 105
20180319 1007 16809 16809 16805 16805 3
20180319 1020 16760 16760 16760 16760 2
20180319 1021 16785 16785 16785 16785 2
20180319 1025 16770 16770 16770 16770 1
20180319 1026 16785 16785 16785 16785 98
20180319 1027 16795 16795 16795 16795 100
20180319 1040 16814 16814 16814 16814 10
20180319 1042 16824 16824 16819 16819 50
20180319 1105 16834 16834 16834 16834 10
20180319 1106 16829 16829 16829 16829 45
20180319 1113 16800 16800 16790 16790 104
20180319 1116 16780 16780 16780 16780 9
20180319 1119 16770 16770 16760 16760 10
20180319 1143 16819 16819 16819 16819 10
20180319 1148 16819 16819 16819 16819 1
20180319 1152 16819 16819 16819 16819 5
20180319 1225 16819 16819 16819 16819 6
20180319 1226 16819 16819 16819 16819 50
20180319 1236 16819 16819 16819 16819 1
20180319 1245 16819 16819 16819 16819 8
20180319 1305 16809 16809 16809 16809 3
20180319 1317 16809 16809 16805 16805 400
20180319 1332 16829 16849 16829 16849 300
20180319 1335 16849 16849 16849 16849 5
20180319 1349 16874 16874 16874 16874 58
20180319 1350 16874 16879 16874 16879 48
20180319 1400 16879 16904 16879 16904 16
20180319 1411 16849 16849 16849 16849 182
20180319 1419 16839 16839 16839 16839 7
20180319 1424 16829 16829 16829 16829 8
20180319 1431 16864 16864 16864 16864 1
20180319 1440 16844 16844 16844 16844 100
20180319 1450 16805 16805 16790 16790 130
20180319 1452 16790 16790 16790 16790 1
20180319 1455 16859 16859 16859 16859 188
20180319 1501 16795 16795 16795 16795 110
20180319 1506 16829 16829 16829 16829 10
20180319 1508 16819 16819 16819 16819 10
20180319 1509 16785 16785 16785 16785 2
20180319 1511 16780 16780 16735 16735 1600
20180319 1515 16785 16785 16785 16785 10
20180319 1517 16785 16785 16785 16785 10
20180319 1530 16645 16645 16645 16645 200
20180320 901 16511 16526 16511 16526 441
20180320 904 16595 16595 16595 16595 10
20180320 905 16645 16650 16645 16650 3
20180320 907 16630 16630 16620 16620 170
20180320 914 16695 16695 16695 16695 4
20180320 921 16735 16735 16735 16735 61
20180320 923 16805 16809 16805 16809 23
20180320 928 16869 16869 16864 16869 27
20180320 934 16829 16829 16829 16829 50
20180320 936 16869 16869 16869 16869 50
20180320 940 16924 16924 16924 16924 535
20180320 942 16829 16829 16829 16829 3
20180320 943 16839 16839 16839 16839 2
20180320 949 16834 16834 16834 16834 179
20180320 953 16834 16834 16829 16829 50
20180320 1007 16829 16829 16829 16829 545
20180320 1012 16819 16819 16819 16819 5
20180320 1018 16795 16795 16785 16785 14
20180320 1143 16790 16790 16790 16790 305
20180320 1206 16829 16829 16829 16829 3
20180320 1231 16829 16829 16829 16829 2
20180320 1232 16829 16829 16829 16829 27
20180320 1239 16844 16844 16844 16844 100
20180320 1248 16819 16819 16819 16819 163
20180320 1301 16844 16844 16844 16844 1
20180320 1311 16854 16854 16854 16854 30
20180320 1312 16879 16904 16879 16904 300
20180320 1339 16904 16904 16904 16904 5
20180320 1340 16904 16904 16904 16904 1
20180320 1343 16904 16904 16904 16904 3
20180320 1344 16909 16909 16909 16909 1
20180320 1345 16909 16909 16909 16909 9
20180320 1349 16919 16919 16919 16919 8
20180320 1350 16929 16959 16929 16959 350
20180320 1352 16969 16969 16969 16969 340
20180320 1353 16969 16974 16969 16974 1048
20180320 1354 16974 16984 16974 16984 733
20180320 1355 16984 16984 16984 16984 1033
20180320 1356 16984 16984 16984 16984 1555
20180320 1357 16984 17004 16984 17004 1555
20180320 1358 17004 17004 17004 17004 625
20180320 1359 17004 17004 17004 17004 428
20180320 1400 16999 16999 16989 16989 1056
20180320 1401 16989 16989 16989 16989 428
20180320 1402 16989 16994 16939 16994 643
20180320 1403 16989 16994 16989 16994 1070
20180320 1404 16994 16994 16994 16994 458
20180320 1405 16994 16994 16994 16994 552
20180320 1406 16984 16984 16984 16984 184
20180320 1407 16984 16984 16984 16984 552
20180320 1408 16984 16984 16984 16984 184
20180320 1410 16984 16984 16984 16984 157
20180320 1415 17004 17029 17004 17029 50
20180320 1421 16984 16984 16984 16984 157
20180320 1424 17029 17029 17029 17029 187
20180320 1425 17039 17039 17039 17039 20
20180320 1440 17058 17058 17058 17058 2
20180320 1444 17078 17078 17078 17078 152
20180320 1449 17123 17128 17123 17128 525
20180320 1450 17148 17148 17148 17148 61
20180320 1451 17158 17158 17158 17158 5
20180320 1500 17203 17203 17203 17203 4
20180320 1503 17228 17228 17228 17228 50
20180320 1504 17223 17228 17223 17228 3
20180320 1506 17203 17203 17203 17203 10
20180320 1516 17168 17173 17168 17173 8
20180320 1518 17188 17188 17188 17188 3
20180320 1520 17193 17193 17193 17193 687
20180320 1530 17233 17233 17233 17233 513
20180321 901 17312 17312 17312 17312 254
20180321 903 17278 17278 17278 17278 1
20180321 904 17233 17233 17233 17233 3
20180321 906 17233 17233 17233 17233 5
20180321 907 17233 17233 17233 17233 28
20180321 912 17233 17233 17233 17233 2
20180321 913 17233 17233 17233 17233 60
20180321 915 17263 17263 17263 17263 1
20180321 918 17287 17287 17287 17287 1
20180321 922 17382 17382 17382 17382 110
20180321 925 17372 17377 17372 17372 1692
20180321 926 17362 17377 17352 17352 1062
20180321 927 17352 17352 17352 17352 500
20180321 929 17337 17337 17337 17337 7
20180321 930 17337 17337 17337 17337 4
20180321 931 17337 17337 17337 17337 89
20180321 932 17337 17342 17337 17342 7
20180321 934 17337 17347 17337 17347 2
20180321 935 17337 17337 17317 17317 535
20180321 937 17347 17347 17347 17347 101
20180321 938 17347 17347 17347 17347 1
20180321 941 17347 17347 17347 17347 485
20180321 949 17347 17347 17347 17347 1
20180321 954 17362 17362 17362 17362 1
20180321 957 17357 17357 17357 17357 32
20180321 958 17377 17377 17377 17377 3
20180321 1001 17377 17377 17377 17377 100
20180321 1002 17377 17377 17377 17377 110
20180321 1004 17377 17377 17377 17377 10
20180321 1005 17377 17377 17377 17377 68
20180321 1006 17397 17397 17397 17397 1
20180321 1009 17397 17432 17397 17432 1396
20180321 1010 17432 17432 17432 17432 1
20180321 1011 17452 17452 17452 17452 168
20180321 1013 17452 17452 17452 17452 50
20180321 1014 17462 17462 17462 17462 24
20180321 1026 17477 17477 17477 17477 5
20180321 1027 17477 17477 17477 17477 3
20180321 1029 17477 17477 17477 17477 5
20180321 1035 17437 17437 17437 17437 10
20180321 1036 17462 17462 17462 17462 1
20180321 1037 17477 17477 17477 17477 100
20180321 1045 17467 17467 17462 17462 139
20180321 1052 17417 17417 17417 17417 110
20180321 1053 17397 17397 17397 17397 1
20180321 1058 17397 17397 17397 17397 600
20180321 1100 17412 17412 17412 17412 50
20180321 1104 17477 17477 17477 17477 10
20180321 1105 17477 17477 17477 17477 1
20180321 1106 17477 17482 17477 17482 601
20180321 1108 17551 17551 17551 17551 1
20180321 1113 17526 17526 17526 17526 49
20180321 1117 17526 17526 17526 17526 1
20180321 1120 17526 17526 17526 17526 9
20180321 1122 17551 17551 17551 17551 70
20180321 1127 17556 17556 17556 17556 43
20180321 1132 17556 17556 17556 17556 1000
20180321 1133 17556 17556 17556 17556 2
20180321 1135 17556 17556 17556 17556 50
20180321 1142 17576 17576 17576 17576 10
20180321 1145 17576 17576 17576 17576 14
20180321 1150 17576 17576 17576 17576 2
20180321 1151 17576 17576 17576 17576 7
20180321 1153 17596 17596 17596 17596 300
20180321 1157 17581 17581 17581 17581 6
20180321 1204 17591 17591 17591 17591 1420
20180321 1206 17586 17586 17586 17586 100
20180321 1213 17556 17556 17556 17556 5
20180321 1217 17531 17531 17507 17507 6
20180321 1219 17507 17507 17482 17482 1499
20180321 1229 17482 17482 17482 17482 10
20180321 1242 17457 17457 17457 17457 7
20180321 1258 17502 17502 17502 17502 34
20180321 1306 17467 17467 17457 17457 36
20180321 1307 17457 17457 17432 17432 120
20180321 1317 17417 17417 17417 17417 100
20180321 1318 17397 17397 17397 17397 78
20180321 1319 17377 17377 17352 17352 30
20180321 1320 17352 17352 17352 17352 3
20180321 1323 17352 17352 17352 17352 26
20180321 1324 17362 17362 17362 17362 100
20180321 1326 17317 17317 17292 17292 474
20180321 1338 17297 17297 17297 17297 9
20180321 1342 17322 17322 17322 17322 141
20180321 1344 17317 17317 17317 17317 10
20180321 1345 17317 17317 17317 17317 25
20180321 1418 17402 17402 17402 17402 260
20180321 1430 17422 17482 17422 17482 46
20180321 1432 17422 17477 17422 17477 74
20180321 1433 17477 17477 17467 17467 2
20180321 1439 17422 17422 17422 17422 226
20180321 1443 17402 17402 17402 17402 20
20180321 1447 17347 17347 17347 17347 79
20180321 1449 17347 17347 17347 17347 1
20180321 1450 17347 17347 17347 17347 14
20180321 1454 17347 17347 17347 17347 10
20180321 1455 17372 17382 17372 17382 50
20180321 1456 17347 17382 17347 17382 23
20180321 1502 17352 17352 17352 17352 27
20180321 1503 17382 17382 17347 17347 108
20180321 1505 17377 17377 17377 17377 5
20180321 1510 17347 17347 17347 17347 303
20180321 1511 17342 17342 17342 17342 224
20180321 1513 17327 17327 17327 17327 109
20180321 1514 17317 17317 17307 17307 24
20180321 1515 17297 17297 17297 17297 11
20180321 1530 17248 17248 17248 17248 107
20180322 901 17407 17407 17407 17407 5
20180322 902 17417 17417 17417 17417 1
20180322 904 17417 17417 17392 17392 12
20180322 905 17387 17392 17387 17392 300
20180322 906 17407 17407 17367 17367 122
20180322 907 17427 17427 17427 17427 182
20180322 909 17382 17382 17382 17382 200
20180322 910 17382 17382 17377 17377 550
20180322 913 17352 17352 17337 17337 655
20180322 929 17337 17337 17337 17337 256
20180322 934 17427 17427 17427 17427 541
20180322 941 17437 17437 17437 17437 17
20180322 942 17442 17442 17442 17442 291
20180322 1006 17442 17442 17442 17442 9
20180322 1008 17447 17447 17447 17447 5
20180322 1009 17447 17447 17447 17447 5
20180322 1013 17447 17447 17447 17447 24
20180322 1025 17437 17437 17422 17422 100
20180322 1028 17422 17422 17422 17422 6
20180322 1030 17422 17422 17417 17417 32
20180322 1031 17417 17417 17417 17417 12
20180322 1034 17447 17447 17447 17447 1
20180322 1038 17447 17447 17447 17447 966
20180322 1041 17457 17457 17457 17457 1
20180322 1046 17457 17457 17457 17457 1
20180322 1059 17442 17442 17442 17442 10
20180322 1123 17467 17467 17467 17467 29
20180322 1126 17467 17467 17467 17467 3
20180322 1141 17462 17462 17462 17462 1
20180322 1150 17442 17442 17442 17442 1
20180322 1152 17432 17432 17432 17432 13
20180322 1204 17432 17432 17432 17432 2
20180322 1206 17437 17437 17437 17437 20
20180322 1217 17417 17417 17417 17417 606
20180322 1221 17402 17402 17402 17402 1
20180322 1223 17392 17392 17392 17392 50
20180322 1224 17392 17392 17392 17392 464
20180322 1314 17392 17392 17392 17392 5
20180322 1333 17417 17417 17417 17417 2
20180322 1345 17392 17392 17392 17392 95
20180322 1356 17392 17392 17392 17392 5
20180322 1401 17412 17412 17412 17412 6
20180322 1410 17407 17417 17407 17417 10
20180322 1415 17392 17392 17342 17342 469
20180322 1422 17342 17342 17342 17342 1
20180322 1423 17332 17332 17327 17332 5377
20180322 1424 17317 17317 17287 17287 46
20180322 1426 17283 17283 17248 17248 49
20180322 1431 17073 17073 17034 17034 55
20180322 1432 17029 17029 16944 17004 611
20180322 1433 16929 16929 16929 16929 1
20180322 1435 16809 16809 16809 16809 3
20180322 1436 16730 16730 16665 16665 2278
20180322 1437 16645 16665 16575 16575 471
20180322 1438 16561 16595 16556 16595 394
20180322 1439 16909 16909 16844 16844 281
20180322 1443 16924 16924 16924 16924 5
20180322 1445 16949 16989 16949 16989 59
20180322 1446 17039 17039 17039 17039 4
20180322 1448 16929 16929 16844 16844 26
20180322 1449 16829 16829 16730 16730 10
20180322 1450 16680 16680 16680 16680 3
20180322 1453 16839 16839 16839 16839 4
20180322 1455 16879 16884 16879 16884 101
20180322 1456 16874 16874 16874 16874 3
20180322 1458 16839 16839 16790 16790 171
20180322 1459 16760 16760 16760 16760 10
20180322 1500 16750 16750 16745 16745 55
20180322 1502 16735 16735 16735 16735 600
20180322 1506 16745 16745 16745 16745 30
20180322 1507 16720 16720 16720 16720 14
20180322 1508 16720 16720 16720 16720 50
20180322 1509 16720 16720 16720 16720 2
20180322 1511 16710 16720 16710 16720 55
20180322 1512 16720 16720 16720 16720 8
20180322 1513 16720 16720 16720 16720 521
20180322 1514 16800 16800 16795 16795 2
20180322 1515 16790 16790 16780 16785 226
20180322 1516 16780 16780 16780 16780 111
20180322 1517 16770 16770 16755 16755 41
20180322 1518 16750 16755 16750 16755 36
20180322 1519 16750 16750 16730 16730 121
20180322 1520 16730 16730 16710 16710 16
20180322 1530 16675 16675 16675 16675 1313
20180323 901 15963 15963 15868 15903 5577
20180323 902 15958 16058 15958 16058 7784
20180323 904 15918 15918 15918 15918 50
20180323 906 16087 16087 16087 16087 137
20180323 909 16107 16107 16087 16087 513
20180323 911 16083 16083 16033 16033 117
20180323 912 15988 15988 15968 15968 184
20180323 913 15933 15933 15898 15898 50
20180323 916 15898 15898 15898 15898 15
20180323 918 15978 15978 15978 15978 20
20180323 920 16018 16023 16018 16023 31
20180323 922 16008 16008 16008 16008 101
20180323 923 16053 16053 16053 16053 80
20180323 929 16122 16147 16122 16147 140
20180323 930 16227 16227 16227 16227 1
20180323 931 16207 16207 16207 16207 100
20180323 934 16172 16172 16172 16172 18
20180323 935 16167 16167 16132 16132 546
20180323 938 16152 16152 16147 16147 100
20180323 941 16157 16157 16157 16157 100
20180323 944 16277 16277 16277 16277 3
20180323 946 16292 16292 16292 16292 1000
20180323 948 16297 16297 16297 16297 100
20180323 951 16297 16297 16297 16297 150
20180323 955 16297 16297 16282 16282 210
20180323 957 16262 16262 16262 16262 90
20180323 1001 16257 16257 16257 16257 1
20180323 1003 16237 16237 16237 16237 5
20180323 1009 16237 16237 16237 16237 96
20180323 1010 16222 16222 16207 16207 7
20180323 1011 16197 16197 16172 16172 10
20180323 1012 16167 16167 16147 16147 13
20180323 1013 16132 16132 16038 16038 964
20180323 1017 16097 16097 16097 16097 200
20180323 1018 16122 16137 16122 16137 50
20180323 1019 16132 16132 16132 16132 1
20180323 1021 16122 16122 16122 16122 3
20180323 1022 16117 16117 16117 16117 1
20180323 1024 16083 16083 16083 16083 100
20180323 1025 16083 16083 16078 16078 6
20180323 1027 16033 16033 16033 16033 4
20180323 1033 16013 16013 16003 16003 90
20180323 1036 16033 16033 16033 16033 3
20180323 1037 16033 16033 16033 16033 93
20180323 1041 16102 16102 16102 16102 18
20180323 1042 16028 16028 16028 16028 30
20180323 1043 16008 16008 16008 16008 30
20180323 1044 15993 15993 15993 15993 30
20180323 1045 15988 15993 15988 15993 268
20180323 1047 15993 15993 15993 15993 1
20180323 1048 15978 15978 15968 15968 29
20180323 1051 15968 15968 15968 15968 3
20180323 1052 15968 15968 15968 15968 1
20180323 1053 15963 15963 15963 15963 1
20180323 1054 15953 15953 15953 15953 4
20180323 1056 15938 15938 15923 15923 40
20180323 1057 15908 15908 15898 15898 54
20180323 1101 15903 15903 15898 15898 5
20180323 1102 15898 15908 15898 15908 125
20180323 1104 15943 15943 15943 15943 22
20180323 1118 15968 15968 15968 15968 10
20180323 1120 15968 15968 15968 15968 19
20180323 1127 15968 15968 15968 15968 3
20180323 1131 15988 15988 15988 15988 1
20180323 1140 15983 15983 15983 15983 1
20180323 1141 15988 15988 15988 15988 1
20180323 1143 15983 15983 15968 15968 453
20180323 1144 15948 15948 15888 15888 334
20180323 1148 15898 15898 15898 15898 3
20180323 1149 15918 15918 15893 15893 6
20180323 1150 15883 15883 15873 15873 31
20180323 1151 15868 15893 15868 15893 12
20180323 1157 15893 15893 15893 15893 7
20180323 1201 15863 15863 15863 15863 597
20180323 1202 15893 15893 15893 15893 10
20180323 1203 15898 15898 15898 15898 9
20180323 1204 15933 15933 15933 15933 140
20180323 1205 15938 15943 15938 15943 346
20180323 1206 15948 15948 15948 15948 60
20180323 1207 15933 15933 15923 15923 210
20180323 1208 15923 15923 15923 15923 60
20180323 1209 15923 15923 15923 15923 10
20180323 1210 15918 15918 15918 15918 60
20180323 1219 15918 15918 15918 15918 1
20180323 1221 15913 15913 15913 15913 100
20180323 1224 15923 15923 15923 15923 10
20180323 1226 15938 15938 15938 15938 22
20180323 1238 15943 15943 15933 15933 200
20180323 1241 15933 15933 15933 15933 130
20180323 1244 15943 15943 15943 15943 60
20180323 1246 15968 15968 15968 15968 31
20180323 1247 15983 15983 15983 15983 1
20180323 1248 15988 15988 15988 15988 4
20180323 1250 16003 16003 16003 16003 210
20180323 1257 16063 16063 16063 16063 31
20180323 1300 16028 16028 16028 16028 83
20180323 1313 16028 16028 16028 16028 50
20180323 1320 16043 16043 16043 16043 2
20180323 1323 16058 16058 16058 16058 430
20180323 1336 16043 16043 16028 16028 150
20180323 1337 16028 16028 16028 16028 1
20180323 1338 16028 16028 16028 16028 1389
20180323 1341 15993 15993 15993 15993 100
20180323 1346 15953 15953 15953 15953 50
20180323 1350 15933 15933 15933 15933 1300
20180323 1359 15923 15923 15923 15923 6
20180323 1407 15923 15923 15918 15918 2
20180323 1408 15913 15913 15913 15913 1
20180323 1409 15903 15903 15903 15903 1
20180323 1410 15898 15898 15888 15888 13
20180323 1411 15883 15883 15873 15873 14
20180323 1414 15883 15883 15873 15873 2
20180323 1416 15863 15863 15863 15863 122
20180323 1417 15858 15858 15858 15858 9
20180323 1418 15848 15848 15848 15848 32
20180323 1419 15848 15848 15839 15839 82
20180323 1420 15834 15834 15829 15834 126
20180323 1421 15834 15839 15829 15829 6
20180323 1422 15839 15839 15819 15819 40
20180323 1426 15784 15784 15784 15784 1002
20180323 1427 15759 15759 15709 15709 36
20180323 1428 15704 15704 15684 15684 35
20180323 1434 15734 15734 15699 15699 520
20180323 1437 15704 15704 15704 15704 1
20180323 1439 15684 15684 15639 15639 500
20180323 1440 15694 15694 15694 15694 10
20180323 1446 15654 15654 15654 15654 40
20180323 1457 15684 15684 15684 15684 5
20180323 1458 15634 15634 15580 15580 2486
20180323 1501 15580 15580 15580 15580 1
20180323 1502 15580 15580 15580 15580 9
20180323 1504 15605 15605 15605 15605 2
20180323 1505 15585 15585 15575 15580 8
20180323 1506 15565 15565 15535 15535 59
20180323 1510 15445 15445 15435 15435 3
20180323 1513 15465 15465 15465 15465 4
20180323 1514 15435 15435 15435 15435 113
20180323 1515 15420 15420 15420 15420 5
20180323 1517 15375 15380 15375 15375 195
20180323 1518 15336 15336 15281 15281 415
20180323 1520 15311 15331 15311 15331 103
20180323 1530 15286 15286 15286 15286 838
20180326 901 15326 15475 15326 15475 536
20180326 902 15425 15425 15425 15425 1
20180326 903 15555 15555 15555 15555 125
20180326 904 15530 15530 15525 15525 2007
20180326 906 15455 15455 15455 15455 4
20180326 907 15455 15455 15455 15455 20
20180326 908 15445 15445 15445 15445 20
20180326 910 15470 15470 15470 15470 2
20180326 911 15575 15654 15575 15654 3
20180326 913 15669 15669 15669 15669 7
20180326 916 15669 15669 15669 15669 20
20180326 921 15585 15585 15585 15585 1
20180326 923 15505 15505 15505 15505 10
20180326 926 15505 15505 15505 15505 3
20180326 927 15460 15460 15455 15455 36
20180326 929 15370 15370 15370 15370 1
20180326 936 15410 15410 15410 15410 3949
20180326 937 15380 15380 15380 15380 3639
20180326 938 15380 15390 15370 15370 2041
20180326 939 15361 15361 15281 15281 2002
20180326 943 15241 15241 15186 15186 501
20180326 946 15131 15186 15131 15186 25
20180326 948 15336 15336 15336 15336 567
20180326 951 15370 15370 15370 15370 1297
20180326 953 15370 15370 15336 15336 650
20180326 959 15390 15390 15390 15390 4
20180326 1010 15435 15435 15435 15435 1
20180326 1015 15440 15440 15440 15440 22
20180326 1024 15475 15475 15475 15475 320
20180326 1038 15535 15605 15535 15605 166
20180326 1039 15609 15609 15609 15609 160
20180326 1045 15609 15609 15609 15609 1
20180326 1051 15634 15664 15634 15664 31
20180326 1052 15659 15659 15659 15659 1
20180326 1053 15659 15659 15659 15659 25
20180326 1101 15719 15719 15719 15719 200
20180326 1107 15659 15659 15659 15659 3
20180326 1109 15585 15585 15585 15585 100
20180326 1125 15634 15634 15634 15634 6
20180326 1130 15575 15575 15575 15575 1100
20180326 1140 15629 15629 15624 15624 77
20180326 1147 15669 15669 15669 15669 190
20180326 1148 15624 15624 15624 15624 14
20180326 1149 15575 15575 15575 15575 150
20180326 1203 15580 15580 15580 15580 15
20180326 1210 15580 15580 15580 15580 285
20180326 1214 15575 15575 15555 15555 652
20180326 1217 15540 15540 15540 15540 1
20180326 1221 15575 15575 15575 15575 2
20180326 1222 15575 15575 15575 15575 4
20180326 1223 15535 15535 15535 15535 3
20180326 1229 15540 15540 15540 15540 205
20180326 1248 15555 15555 15535 15535 4
20180326 1250 15624 15624 15624 15624 10
20180326 1252 15624 15624 15624 15624 19
20180326 1318 15629 15629 15624 15624 3
20180326 1332 15624 15624 15624 15624 8
20180326 1350 15614 15614 15614 15614 43
20180326 1351 15609 15609 15600 15600 52
20180326 1400 15570 15575 15570 15575 105
20180326 1402 15575 15575 15575 15575 10
20180326 1405 15555 15555 15555 15555 6
20180326 1406 15550 15550 15550 15550 5
20180326 1410 15550 15550 15550 15550 100
20180326 1418 15575 15575 15575 15575 90
20180326 1429 15605 15605 15605 15605 19
20180326 1433 15634 15634 15634 15634 100
20180326 1434 15624 15624 15624 15624 1
20180326 1444 15669 15669 15669 15669 11
20180326 1502 15779 15779 15779 15779 2
20180326 1503 15834 15868 15834 15868 201
20180326 1506 15863 15863 15863 15863 1
20180326 1507 15863 15863 15863 15863 1
20180326 1508 15863 15863 15863 15863 130
20180326 1511 15853 15853 15853 15853 128
20180326 1513 15858 15858 15858 15858 10
20180326 1516 15883 15883 15883 15883 35
20180326 1518 15893 15893 15893 15893 1
20180326 1519 15883 15883 15883 15883 400
20180326 1530 15898 15898 15898 15898 120
20180327 901 16157 16157 16152 16157 181
20180327 903 16117 16117 16117 16117 3
20180327 906 16117 16117 16117 16117 22
20180327 907 16112 16112 16112 16112 1
20180327 908 16112 16112 16112 16112 103
20180327 911 16117 16117 16117 16117 5
20180327 915 16117 16117 16117 16117 4
20180327 916 16107 16107 16107 16107 50
20180327 922 16107 16107 16107 16107 101
20180327 923 16107 16107 16107 16107 100
20180327 925 16073 16073 16073 16073 34
20180327 928 16033 16063 16028 16063 8
20180327 929 16058 16058 16058 16058 2
20180327 930 16058 16058 16058 16058 1
20180327 943 16058 16058 16058 16058 3
20180327 947 16073 16083 16073 16083 7
20180327 953 16058 16058 16048 16048 12
20180327 959 16048 16048 16048 16048 16
20180327 1000 16028 16028 16028 16028 15
20180327 1001 16008 16008 16008 16008 3
20180327 1010 16018 16018 16018 16018 1
20180327 1018 16033 16033 16033 16033 8
20180327 1032 16068 16068 16068 16068 11
20180327 1041 16083 16083 16083 16083 8
20180327 1100 16083 16083 16083 16083 3
20180327 1107 16068 16068 16068 16068 6
20180327 1116 16092 16092 16092 16092 9
20180327 1119 16068 16073 16068 16073 2047
20180327 1121 16078 16078 16078 16078 1
20180327 1124 16068 16068 16068 16068 1
20180327 1130 16053 16053 16053 16053 500
20180327 1134 16083 16083 16083 16083 70
20180327 1143 16083 16083 16083 16083 3
20180327 1148 16083 16083 16083 16083 100
20180327 1200 16073 16073 16073 16073 1
20180327 1217 16073 16073 16073 16073 2
20180327 1233 16083 16083 16083 16083 1
20180327 1241 16083 16083 16073 16073 4
20180327 1244 16083 16083 16083 16083 17
20180327 1246 16083 16152 16073 16152 131
20180327 1254 16137 16137 16137 16137 1
20180327 1257 16117 16117 16117 16117 20
20180327 1300 16073 16073 16063 16063 1100
20180327 1305 16063 16063 16063 16063 500
20180327 1306 16053 16053 16053 16053 2103
20180327 1307 16078 16078 16078 16078 1
20180327 1314 16078 16078 16078 16078 1
20180327 1326 16087 16087 16087 16087 1
20180327 1335 16053 16053 16053 16053 1
20180327 1336 16068 16068 16068 16068 1
20180327 1338 16068 16068 16068 16068 200
20180327 1343 16073 16073 16073 16073 1
20180327 1348 16083 16083 16083 16083 1
20180327 1352 16053 16087 16053 16087 660
20180327 1410 16053 16053 16053 16053 179
20180327 1423 16078 16078 16078 16078 1
20180327 1425 16033 16033 16033 16033 10
20180327 1426 16033 16083 16033 16078 20
20180327 1435 16068 16068 16068 16068 24
20180327 1436 16073 16073 16073 16073 9
20180327 1437 16033 16092 16033 16092 6
20180327 1451 16087 16087 16087 16087 1
20180327 1456 16087 16087 16087 16087 3
20180327 1458 16033 16033 16033 16033 28
20180327 1500 16013 16013 16013 16013 75
20180327 1502 16013 16013 16013 16013 225
20180327 1504 15988 15988 15988 15988 79
20180327 1505 15983 15983 15973 15973 96
20180327 1506 15978 15983 15978 15983 2
20180327 1509 15968 15968 15968 15968 2
20180327 1510 15968 15968 15968 15968 1
20180327 1512 15968 15968 15948 15948 6
20180327 1513 15933 15933 15898 15898 54
20180327 1515 15883 15883 15824 15824 2019
20180327 1530 15819 15819 15819 15819 603
20180328 901 15669 15669 15669 15669 25
20180328 903 15664 15664 15664 15664 200
20180328 904 15634 15634 15634 15634 201
20180328 905 15634 15634 15629 15634 493
20180328 913 15714 15714 15714 15714 100
20180328 920 15734 15734 15734 15734 5
20180328 921 15739 15739 15739 15739 1
20180328 922 15739 15739 15739 15739 1
20180328 925 15744 15744 15744 15744 30
20180328 926 15724 15724 15639 15639 169
20180328 930 15654 15654 15639 15639 4
20180328 931 15639 15639 15639 15639 354
20180328 933 15644 15644 15644 15644 2
20180328 940 15575 15575 15570 15570 2
20180328 941 15565 15565 15545 15545 5
20180328 942 15540 15540 15535 15535 2
20180328 944 15435 15435 15435 15435 3
20180328 945 15425 15425 15425 15425 2
20180328 947 15425 15425 15425 15425 294
20180328 948 15435 15435 15435 15435 100
20180328 949 15510 15510 15510 15510 60
20180328 1004 15495 15495 15495 15495 655
20180328 1006 15510 15510 15510 15510 121
20180328 1007 15510 15510 15510 15510 508
20180328 1010 15510 15510 15440 15510 1505
20180328 1018 15445 15445 15445 15445 1
20180328 1026 15445 15445 15445 15445 1
20180328 1035 15490 15490 15490 15490 3
20180328 1044 15535 15535 15535 15535 1
20180328 1050 15535 15535 15535 15535 1
20180328 1054 15535 15535 15535 15535 415
20180328 1100 15525 15525 15520 15520 2
20180328 1112 15485 15485 15485 15485 2
20180328 1116 15485 15485 15485 15485 1
20180328 1126 15475 15475 15470 15470 80
20180328 1211 15619 15619 15619 15619 1
20180328 1229 15585 15585 15585 15585 7
20180328 1233 15495 15495 15495 15495 3
20180328 1236 15570 15570 15570 15570 1
20180328 1248 15560 15560 15475 15475 15
20180328 1348 15525 15525 15525 15525 1
20180328 1350 15540 15540 15540 15540 100
20180328 1400 15515 15515 15515 15515 5000
20180328 1401 15515 15515 15515 15515 5049
20180328 1407 15480 15480 15480 15480 2
20180328 1408 15475 15475 15475 15475 504
20180328 1409 15470 15470 15470 15470 3
20180328 1410 15465 15465 15465 15465 22
20180328 1430 15485 15485 15485 15485 1
20180328 1431 15485 15485 15485 15485 1
20180328 1436 15485 15485 15485 15485 4
20180328 1444 15510 15510 15510 15510 1
20180328 1455 15485 15485 15485 15485 4
20180328 1516 15515 15515 15515 15515 1
20180328 1517 15515 15515 15515 15515 15
20180328 1518 15515 15515 15515 15515 203
20180328 1520 15540 15570 15540 15570 4
20180328 1530 15699 15699 15699 15699 711
20180329 901 15779 15779 15779 15779 21
20180329 906 15784 15784 15784 15784 370
20180329 907 15769 15769 15769 15769 1
20180329 909 15794 15794 15794 15794 10
20180329 912 15799 15799 15799 15799 10
20180329 913 15819 15819 15819 15819 4
20180329 914 15829 15829 15829 15829 11
20180329 916 15853 15853 15853 15853 12
20180329 919 15928 15928 15928 15928 1
20180329 921 15943 15943 15943 15943 500
20180329 922 15933 15933 15933 15933 6
20180329 929 15953 15953 15953 15953 20
20180329 932 15973 15973 15973 15973 50
20180329 937 15958 15958 15958 15958 100
20180329 938 15953 15953 15953 15953 80
20180329 1003 15953 15953 15953 15953 1
20180329 1008 15953 15953 15953 15953 186
20180329 1016 15933 15933 15933 15933 200
20180329 1018 15883 15883 15883 15883 1
20180329 1028 15948 15948 15948 15948 1
20180329 1029 15953 15953 15953 15953 1
20180329 1031 15963 15963 15963 15963 17
20180329 1036 15978 15978 15978 15978 1
20180329 1038 15978 15978 15978 15978 6
20180329 1041 16018 16018 16018 16018 100
20180329 1054 16018 16018 16018 16018 100
20180329 1124 15978 15978 15978 15978 16
20180329 1137 15978 15978 15978 15978 20
20180329 1144 15978 15978 15978 15978 100
20180329 1208 16018 16018 16018 16018 55
20180329 1217 16018 16018 16018 16018 4
20180329 1236 16043 16043 16043 16043 1
20180329 1249 16043 16043 16043 16043 1
20180329 1250 16068 16068 16068 16068 1
20180329 1257 16068 16068 16068 16068 103
20180329 1258 16073 16073 16073 16073 1
20180329 1315 16078 16078 16073 16073 704
20180329 1359 16038 16038 16038 16038 2
20180329 1402 16018 16018 16018 16018 1
20180329 1405 15978 15978 15973 15973 9
20180329 1435 15978 15978 15978 15978 504
20180329 1450 16053 16053 16053 16053 2760
20180329 1452 16063 16063 16063 16063 286
20180329 1458 16073 16087 16073 16087 8
20180329 1503 16087 16087 16087 16087 1
20180329 1504 16087 16087 16087 16087 3
20180329 1515 16177 16177 16177 16177 50
20180329 1520 16227 16227 16227 16227 331
20180329 1530 16247 16247 16247 16247 34
20180330 901 16416 16416 16416 16416 98
20180330 903 16371 16386 16371 16386 50
20180330 908 16331 16331 16331 16331 1
20180330 909 16361 16361 16361 16361 1
20180330 918 16336 16336 16331 16331 7
20180330 924 16292 16292 16292 16292 201
20180330 925 16267 16267 16247 16247 257
20180330 954 16262 16262 16262 16262 115
20180330 956 16297 16297 16297 16297 10
20180330 957 16322 16322 16322 16322 5
20180330 1000 16326 16326 16326 16326 30
20180330 1004 16351 16351 16351 16351 5
20180330 1006 16366 16366 16366 16366 5
20180330 1007 16376 16376 16376 16376 5
20180330 1009 16386 16386 16386 16386 8
20180330 1017 16386 16391 16386 16391 75
20180330 1023 16401 16401 16401 16401 5
20180330 1025 16411 16476 16411 16476 1008
20180330 1027 16481 16486 16481 16486 500
20180330 1034 16476 16476 16476 16476 103
20180330 1043 16406 16406 16406 16406 1
20180330 1114 16436 16436 16431 16431 67
20180330 1115 16431 16431 16431 16431 24
20180330 1130 16431 16431 16431 16431 17
20180330 1143 16431 16431 16431 16431 13
20180330 1226 16406 16406 16406 16406 1
20180330 1236 16406 16406 16406 16406 50
20180330 1237 16406 16406 16406 16406 1
20180330 1252 16406 16406 16406 16406 3
20180330 1308 16406 16406 16406 16406 11
20180330 1311 16406 16406 16406 16406 1
20180330 1327 16401 16401 16401 16401 1
20180330 1339 16396 16396 16391 16391 2
20180330 1340 16386 16386 16381 16381 2
20180330 1341 16376 16376 16376 16376 31
20180330 1343 16366 16366 16366 16366 50
20180330 1347 16351 16351 16346 16346 100
20180330 1417 16336 16336 16336 16336 1
20180330 1418 16331 16331 16331 16331 148
20180330 1438 16331 16331 16331 16331 2
20180330 1510 16366 16366 16331 16331 1080
20180330 1530 16331 16331 16331 16331 138
