날짜 시간 시가 고가 저가 종가 거래량
20181101 901 8678 8678 8678 8678 17
20181101 903 8678 8678 8655 8655 37
20181101 904 8655 8655 8655 8655 1
20181101 905 8655 8655 8655 8655 1
20181101 909 8655 8655 8655 8655 6
20181101 910 8655 8655 8655 8655 5274
20181101 912 8655 8655 8655 8655 3
20181101 913 8655 8655 8655 8655 1
20181101 914 8655 8655 8655 8655 1
20181101 923 8655 8655 8655 8655 2
20181101 925 8655 8655 8655 8655 20
20181101 929 8655 8655 8655 8655 10
20181101 937 8655 8655 8655 8655 1
20181101 948 8655 8655 8655 8655 1
20181101 957 8651 8651 8651 8651 2
20181101 958 8655 8655 8655 8655 2
20181101 1001 8651 8651 8646 8646 4
20181101 1004 8646 8646 8646 8646 1
20181101 1006 8655 8655 8655 8655 1
20181101 1011 8655 8655 8655 8655 2
20181101 1021 8655 8655 8655 8655 11
20181101 1025 8655 8655 8655 8655 2
20181101 1026 8655 8655 8655 8655 12
20181101 1031 8655 8655 8655 8655 4683
20181101 1032 8655 8655 8655 8655 5
20181101 1033 8655 8655 8655 8655 1
20181101 1034 8646 8646 8646 8646 3
20181101 1036 8655 8655 8655 8655 1
20181101 1037 8655 8655 8655 8655 10
20181101 1049 8655 8655 8655 8655 74
20181101 1052 8655 8655 8655 8655 35
20181101 1058 8655 8655 8655 8655 1
20181101 1106 8655 8655 8655 8655 1
20181101 1107 8655 8655 8655 8655 1
20181101 1109 8655 8655 8655 8655 4
20181101 1120 8646 8646 8646 8646 6
20181101 1121 8651 8651 8642 8642 7
20181101 1122 8642 8655 8637 8655 532
20181101 1123 8637 8637 8637 8637 5
20181101 1124 8637 8637 8637 8637 11
20181101 1125 8637 8637 8637 8637 6
20181101 1126 8637 8637 8637 8637 5
20181101 1127 8637 8637 8637 8637 6
20181101 1128 8637 8637 8637 8637 11
20181101 1129 8637 8637 8637 8637 6
20181101 1130 8637 8637 8637 8637 6
20181101 1131 8637 8637 8637 8637 6
20181101 1132 8637 8637 8637 8637 12
20181101 1133 8637 8637 8637 8637 6
20181101 1134 8637 8637 8637 8637 6
20181101 1135 8637 8637 8637 8637 12
20181101 1159 8646 8646 8646 8646 32
20181101 1205 8646 8646 8646 8646 263
20181101 1213 8655 8655 8655 8655 3
20181101 1216 8655 8655 8655 8655 3
20181101 1219 8655 8655 8655 8655 30
20181101 1227 8655 8655 8655 8655 52
20181101 1231 8655 8655 8655 8655 2
20181101 1232 8655 8655 8655 8655 30
20181101 1238 8655 8655 8655 8655 10
20181101 1239 8651 8651 8651 8651 2
20181101 1303 8655 8655 8655 8655 2
20181101 1311 8655 8655 8655 8655 3
20181101 1316 8651 8651 8646 8646 10
20181101 1321 8655 8655 8655 8655 140
20181101 1325 8655 8655 8655 8655 5
20181101 1326 8655 8655 8655 8655 21
20181101 1337 8655 8655 8655 8655 74
20181101 1342 8655 8655 8655 8655 280
20181101 1345 8655 8655 8655 8655 216
20181101 1352 8655 8655 8655 8655 10
20181101 1359 8655 8655 8655 8655 2
20181101 1400 8655 8655 8655 8655 6
20181101 1401 8655 8655 8655 8655 5
20181101 1405 8655 8655 8655 8655 11
20181101 1406 8655 8655 8655 8655 2
20181101 1407 8655 8655 8655 8655 3
20181101 1409 8655 8655 8655 8655 55
20181101 1410 8655 8655 8655 8655 3
20181101 1414 8655 8655 8655 8655 3
20181101 1415 8655 8655 8655 8655 5
20181101 1423 8655 8655 8655 8655 3
20181101 1445 8655 8655 8655 8655 10
20181101 1453 8655 8655 8655 8655 9137
20181101 1454 8655 8655 8655 8655 1
20181101 1455 8655 8655 8655 8655 8057
20181101 1458 8655 8655 8655 8655 17323
20181101 1500 8655 8655 8655 8655 8661
20181101 1502 8655 8655 8655 8655 3615
20181101 1504 8655 8655 8655 8655 20086
20181101 1505 8655 8655 8655 8655 3490
20181101 1508 8655 8655 8655 8655 14521
20181101 1509 8655 8655 8655 8655 11
20181101 1512 8655 8660 8655 8660 23699
20181101 1514 8660 8664 8660 8664 10209
20181101 1516 8664 8664 8664 8664 20
20181101 1517 8655 8655 8655 8655 2
20181101 1519 8655 8655 8655 8655 2
20181101 1520 8655 8655 8655 8655 80
20181101 1530 8655 8655 8655 8655 491
20181102 901 8774 8774 8774 8774 1
20181102 907 8683 8683 8683 8683 7
20181102 908 8683 8683 8683 8683 6
20181102 909 8683 8683 8683 8683 12
20181102 910 8683 8683 8683 8683 6
20181102 911 8683 8683 8683 8683 6
20181102 912 8683 8683 8683 8683 13
20181102 913 8683 8683 8683 8683 6
20181102 914 8687 8687 8683 8683 7
20181102 915 8683 8683 8683 8683 12
20181102 916 8683 8683 8683 8683 6
20181102 917 8683 8683 8683 8683 6
20181102 918 8683 8683 8683 8683 7
20181102 919 8737 8737 8683 8683 14
20181102 920 8687 8687 8687 8687 6
20181102 921 8687 8687 8687 8687 6
20181102 922 8687 8687 8687 8687 6
20181102 942 8687 8687 8687 8687 36
20181102 943 8687 8687 8687 8687 14
20181102 957 8705 8705 8705 8705 10
20181102 1010 8701 8701 8701 8701 11
20181102 1013 8701 8701 8701 8701 13
20181102 1016 8696 8696 8696 8696 20
20181102 1017 8696 8696 8696 8696 9
20181102 1020 8696 8715 8696 8715 46
20181102 1021 8715 8715 8715 8715 3
20181102 1024 8715 8715 8715 8715 42
20181102 1025 8715 8715 8715 8715 13
20181102 1026 8719 8719 8719 8719 2
20181102 1031 8719 8719 8719 8719 52
20181102 1037 8719 8719 8719 8719 11
20181102 1042 8715 8715 8715 8715 1
20181102 1043 8715 8715 8715 8715 1
20181102 1045 8715 8715 8715 8715 1
20181102 1046 8719 8728 8719 8728 42
20181102 1047 8715 8715 8715 8715 1
20181102 1048 8715 8715 8715 8715 1
20181102 1050 8715 8715 8715 8715 1
20181102 1052 8715 8715 8692 8692 122
20181102 1053 8692 8692 8687 8687 121
20181102 1054 8687 8687 8683 8683 120
20181102 1055 8683 8683 8683 8683 121
20181102 1056 8683 8683 8678 8678 241
20181102 1057 8683 8687 8683 8683 121
20181102 1058 8687 8687 8687 8687 120
20181102 1059 8687 8687 8683 8683 241
20181102 1100 8683 8683 8683 8683 120
20181102 1101 8683 8683 8683 8683 120
20181102 1102 8687 8687 8687 8687 121
20181102 1103 8687 8687 8678 8678 240
20181102 1104 8678 8678 8678 8678 120
20181102 1105 8683 8728 8678 8728 131
20181102 1106 8683 8683 8678 8678 120
20181102 1107 8678 8728 8678 8678 246
20181102 1131 8719 8719 8719 8719 4
20181102 1132 8715 8715 8715 8715 328
20181102 1133 8715 8715 8715 8715 238
20181102 1134 8715 8715 8715 8715 95
20181102 1136 8715 8715 8715 8715 67
20181102 1137 8715 8715 8715 8715 267
20181102 1138 8715 8715 8683 8683 368
20181102 1139 8683 8683 8683 8683 17
20181102 1140 8715 8715 8683 8683 351
20181102 1141 8683 8683 8683 8683 18
20181102 1142 8683 8705 8683 8705 36
20181102 1143 8705 8705 8678 8678 455
20181102 1144 8678 8705 8678 8678 892
20181102 1145 8678 8678 8678 8678 455
20181102 1146 8678 8678 8678 8678 473
20181102 1147 8705 8705 8673 8673 788
20181102 1148 8673 8673 8673 8673 892
20181102 1149 8673 8701 8673 8673 685
20181102 1150 8673 8673 8673 8673 455
20181102 1151 8673 8701 8673 8701 455
20181102 1152 8701 8701 8673 8673 892
20181102 1153 8673 8673 8673 8673 437
20181102 1154 8701 8701 8673 8673 771
20181102 1155 8673 8673 8673 8673 874
20181102 1156 8701 8701 8673 8673 770
20181102 1157 8673 8673 8673 8673 437
20181102 1158 8673 8701 8673 8701 770
20181102 1200 8678 8701 8678 8701 334
20181102 1203 8701 8701 8701 8701 333
20181102 1206 8696 8696 8696 8696 347
20181102 1208 8696 8696 8696 8696 277
20181102 1209 8696 8696 8696 8696 58
20181102 1212 8705 8705 8705 8705 50
20181102 1220 8701 8701 8701 8701 67
20181102 1227 8705 8705 8705 8705 1
20181102 1235 8705 8705 8705 8705 5
20181102 1237 8705 8705 8705 8705 4
20181102 1238 8705 8705 8705 8705 30
20181102 1241 8705 8705 8705 8705 2
20181102 1243 8705 8705 8705 8705 2
20181102 1245 8705 8705 8705 8705 51
20181102 1246 8705 8705 8705 8705 1
20181102 1247 8705 8715 8705 8715 109
20181102 1248 8719 8719 8719 8719 100
20181102 1249 8719 8737 8719 8737 278
20181102 1250 8737 8747 8737 8747 7920
20181102 1251 8747 8747 8747 8747 25
20181102 1252 8747 8747 8747 8747 46
20181102 1253 8747 8747 8747 8747 23
20181102 1254 8747 8747 8747 8747 23
20181102 1255 8747 8747 8747 8747 689
20181102 1256 8747 8747 8747 8747 10
20181102 1302 8742 8742 8742 8742 10
20181102 1305 8747 8747 8747 8747 1955
20181102 1307 8747 8747 8747 8747 1
20181102 1319 8747 8747 8747 8747 2436
20181102 1321 8747 8747 8747 8747 32
20181102 1327 8747 8747 8742 8742 153
20181102 1338 8747 8747 8747 8747 3117
20181102 1345 8747 8747 8747 8747 214
20181102 1347 8747 8747 8747 8747 1
20181102 1348 8747 8747 8747 8747 1942
20181102 1351 8747 8747 8747 8747 16
20181102 1353 8747 8747 8747 8747 15
20181102 1354 8747 8747 8747 8747 200
20181102 1356 8747 8747 8747 8747 1111
20181102 1357 8747 8747 8747 8747 21
20181102 1400 8747 8747 8747 8747 1
20181102 1402 8747 8747 8747 8747 1117
20181102 1404 8747 8747 8747 8747 31
20181102 1407 8747 8747 8747 8747 747
20181102 1411 8747 8747 8747 8747 2
20181102 1412 8747 8747 8747 8747 2
20181102 1416 8747 8747 8747 8747 5
20181102 1417 8747 8747 8747 8747 105
20181102 1418 8747 8747 8747 8747 1988
20181102 1426 8747 8747 8747 8747 1
20181102 1427 8747 8747 8747 8747 1498
20181102 1433 8747 8747 8747 8747 1176
20181102 1437 8742 8742 8742 8742 40
20181102 1441 8747 8747 8747 8747 2
20181102 1442 8747 8747 8747 8747 1597
20181102 1443 8747 8747 8747 8747 1
20181102 1445 8742 8742 8742 8742 100
20181102 1454 8747 8747 8747 8747 1764
20181102 1457 8747 8747 8747 8747 2
20181102 1459 8747 8747 8747 8747 962
20181102 1503 8747 8747 8747 8747 810
20181102 1504 8747 8747 8747 8747 2
20181102 1511 8747 8747 8747 8747 490
20181102 1513 8747 8747 8747 8747 11
20181102 1514 8747 8747 8747 8747 1837
20181102 1517 8747 8747 8747 8747 100
20181102 1518 8747 8747 8747 8747 561
20181102 1530 8747 8747 8747 8747 2824
20181105 901 8778 8778 8778 8778 1
20181105 915 8751 8751 8751 8751 52
20181105 940 8751 8751 8751 8751 3
20181105 946 8751 8751 8751 8751 2
20181105 948 8747 8747 8747 8747 157
20181105 951 8747 8747 8747 8747 18
20181105 954 8747 8747 8747 8747 19
20181105 956 8742 8742 8742 8742 1
20181105 1011 8747 8747 8747 8747 200
20181105 1014 8747 8747 8747 8747 100
20181105 1018 8747 8747 8747 8747 6
20181105 1023 8747 8747 8747 8747 30
20181105 1036 8747 8747 8747 8747 1
20181105 1042 8751 8751 8751 8751 19
20181105 1101 8751 8751 8751 8751 4
20181105 1102 8751 8751 8751 8751 2
20181105 1105 8747 8747 8747 8747 4
20181105 1118 8747 8747 8747 8747 2
20181105 1126 8747 8747 8747 8747 1
20181105 1129 8747 8747 8724 8724 57
20181105 1130 8724 8751 8719 8751 60
20181105 1136 8728 8728 8701 8701 122
20181105 1137 8701 8701 8692 8692 242
20181105 1138 8692 8692 8692 8692 121
20181105 1139 8692 8692 8692 8692 122
20181105 1140 8692 8747 8687 8687 262
20181105 1141 8747 8747 8683 8683 122
20181105 1142 8683 8683 8683 8683 122
20181105 1143 8687 8687 8683 8683 221
20181105 1144 8687 8687 8683 8683 242
20181105 1145 8683 8683 8683 8683 122
20181105 1146 8683 8683 8683 8683 121
20181105 1147 8683 8683 8683 8683 121
20181105 1148 8683 8683 8683 8683 243
20181105 1149 8683 8683 8683 8683 121
20181105 1150 8683 8683 8683 8683 121
20181105 1151 8683 8683 8683 8683 121
20181105 1207 8692 8692 8692 8692 7
20181105 1217 8692 8692 8683 8683 3
20181105 1218 8724 8724 8724 8724 1
20181105 1235 8715 8715 8715 8715 2
20181105 1238 8715 8715 8715 8715 11
20181105 1239 8696 8696 8696 8696 1
20181105 1242 8692 8692 8692 8692 1
20181105 1243 8692 8692 8692 8692 1
20181105 1244 8692 8692 8692 8692 42
20181105 1245 8692 8692 8692 8692 12
20181105 1246 8692 8692 8692 8692 8
20181105 1251 8692 8692 8692 8692 2
20181105 1254 8687 8687 8687 8687 4
20181105 1257 8687 8687 8687 8687 4
20181105 1300 8687 8687 8687 8687 4
20181105 1303 8692 8692 8692 8692 1
20181105 1304 8687 8687 8687 8687 4
20181105 1307 8687 8687 8687 8687 4
20181105 1310 8687 8687 8687 8687 4
20181105 1312 8692 8696 8692 8696 2
20181105 1313 8696 8710 8696 8710 13
20181105 1314 8705 8710 8705 8710 8
20181105 1315 8710 8710 8710 8710 5
20181105 1316 8710 8710 8710 8710 12
20181105 1317 8705 8710 8705 8710 9
20181105 1318 8710 8710 8710 8710 5
20181105 1319 8710 8710 8710 8710 10
20181105 1320 8705 8705 8705 8705 4
20181105 1321 8710 8710 8710 8710 11
20181105 1322 8710 8710 8710 8710 5
20181105 1323 8705 8705 8701 8701 9
20181105 1325 8705 8705 8705 8705 2
20181105 1326 8705 8705 8705 8705 1
20181105 1329 8687 8687 8683 8683 149
20181105 1331 8692 8696 8692 8696 14
20181105 1335 8683 8683 8683 8683 126
20181105 1342 8683 8683 8683 8683 4
20181105 1356 8687 8687 8687 8687 10
20181105 1359 8687 8687 8687 8687 26
20181105 1403 8692 8692 8692 8692 50
20181105 1406 8692 8692 8692 8692 98
20181105 1408 8692 8692 8692 8692 426
20181105 1420 8692 8692 8692 8692 1
20181105 1422 8692 8692 8692 8692 43
20181105 1423 8692 8692 8692 8692 71
20181105 1424 8692 8724 8692 8692 70
20181105 1425 8724 8724 8692 8724 72
20181105 1426 8724 8724 8724 8724 61
20181105 1427 8724 8724 8724 8724 72
20181105 1428 8724 8724 8696 8724 73
20181105 1429 8724 8724 8724 8724 64
20181105 1430 8724 8724 8724 8724 16
20181105 1432 8696 8696 8696 8696 3
20181105 1433 8696 8696 8696 8696 3
20181105 1434 8696 8696 8696 8696 6
20181105 1439 8696 8696 8696 8696 5
20181105 1443 8696 8696 8696 8696 1
20181105 1445 8696 8696 8696 8696 4
20181105 1446 8696 8696 8696 8696 4
20181105 1447 8696 8696 8696 8696 4
20181105 1448 8696 8696 8696 8696 4
20181105 1449 8696 8696 8696 8696 4
20181105 1450 8696 8696 8696 8696 479
20181105 1452 8696 8696 8696 8696 1
20181105 1456 8696 8696 8696 8696 24
20181105 1500 8692 8692 8692 8692 40
20181105 1504 8692 8692 8692 8692 2
20181105 1514 8696 8696 8696 8696 11
20181105 1516 8692 8692 8692 8692 19
20181105 1517 8696 8696 8696 8696 3
20181105 1530 8696 8696 8696 8696 658
20181106 901 8833 8833 8833 8833 101
20181106 920 8747 8747 8747 8747 3
20181106 922 8747 8747 8747 8747 146
20181106 929 8751 8751 8747 8747 78
20181106 931 8747 8751 8747 8751 129
20181106 936 8747 8747 8747 8747 144
20181106 939 8747 8747 8747 8747 15
20181106 942 8747 8747 8747 8747 6
20181106 944 8747 8747 8747 8747 6
20181106 946 8747 8747 8747 8747 13
20181106 949 8747 8747 8747 8747 10
20181106 955 8747 8747 8747 8747 25
20181106 956 8747 8747 8747 8747 5
20181106 1001 8747 8747 8747 8747 2
20181106 1003 8747 8747 8747 8747 373
20181106 1006 8747 8747 8747 8747 4
20181106 1007 8747 8747 8747 8747 24
20181106 1009 8747 8747 8747 8747 113
20181106 1010 8747 8747 8747 8747 1
20181106 1011 8742 8742 8742 8742 4
20181106 1026 8742 8742 8742 8742 1490
20181106 1032 8747 8747 8747 8747 1
20181106 1035 8747 8747 8747 8747 7
20181106 1036 8747 8747 8747 8747 4
20181106 1040 8742 8742 8737 8737 100
20181106 1046 8747 8747 8747 8747 28
20181106 1047 8747 8747 8747 8747 44
20181106 1049 8747 8747 8747 8747 1
20181106 1051 8747 8747 8747 8747 716
20181106 1058 8747 8747 8747 8747 2
20181106 1100 8747 8747 8747 8747 2
20181106 1103 8747 8747 8747 8747 142
20181106 1104 8742 8742 8742 8742 148
20181106 1121 8742 8742 8742 8742 12
20181106 1123 8747 8747 8747 8747 142
20181106 1142 8742 8742 8742 8742 105
20181106 1143 8747 8747 8747 8747 53
20181106 1148 8747 8747 8747 8747 2
20181106 1200 8747 8747 8747 8747 397
20181106 1208 8747 8747 8747 8747 2
20181106 1219 8747 8747 8747 8747 2
20181106 1239 8747 8747 8747 8747 104
20181106 1242 8747 8747 8747 8747 1
20181106 1243 8747 8747 8747 8747 20
20181106 1246 8747 8747 8747 8747 818
20181106 1252 8747 8747 8747 8747 83
20181106 1314 8747 8747 8747 8747 397
20181106 1317 8747 8747 8747 8747 29
20181106 1318 8747 8747 8747 8747 56
20181106 1319 8747 8747 8747 8747 28
20181106 1320 8747 8747 8742 8747 328
20181106 1321 8747 8747 8747 8747 56
20181106 1322 8747 8747 8747 8747 28
20181106 1323 8747 8747 8747 8747 28
20181106 1324 8747 8747 8747 8747 57
20181106 1325 8747 8747 8747 8747 38
20181106 1326 8747 8747 8742 8747 82
20181106 1327 8747 8747 8747 8747 27
20181106 1328 8747 8747 8747 8747 38
20181106 1329 8747 8747 8747 8747 47
20181106 1330 8747 8747 8747 8747 27
20181106 1331 8747 8747 8747 8747 38
20181106 1332 8747 8747 8747 8747 61
20181106 1333 8747 8747 8747 8747 27
20181106 1334 8747 8747 8747 8747 205
20181106 1335 8747 8747 8747 8747 47
20181106 1336 8747 8747 8747 8747 27
20181106 1337 8747 8747 8747 8747 39
20181106 1338 8747 8747 8747 8747 47
20181106 1339 8747 8747 8747 8747 28
20181106 1340 8747 8747 8747 8747 39
20181106 1341 8747 8747 8747 8747 47
20181106 1342 8747 8747 8747 8747 27
20181106 1343 8747 8747 8747 8747 39
20181106 1344 8747 8747 8747 8747 47
20181106 1345 8747 8747 8747 8747 27
20181106 1346 8747 8747 8747 8747 58
20181106 1347 8747 8747 8747 8747 29
20181106 1348 8747 8747 8747 8747 57
20181106 1349 8747 8747 8747 8747 28
20181106 1350 8747 8747 8747 8747 29
20181106 1351 8747 8747 8747 8747 57
20181106 1352 8747 8747 8747 8747 284
20181106 1353 8747 8747 8747 8747 29
20181106 1354 8747 8747 8747 8747 58
20181106 1355 8747 8747 8747 8747 28
20181106 1356 8747 8747 8747 8747 85
20181106 1357 8747 8747 8747 8747 86
20181106 1358 8742 8747 8742 8747 228
20181106 1359 8747 8747 8747 8747 57
20181106 1400 8747 8747 8747 8747 86
20181106 1401 8747 8747 8747 8747 29
20181106 1402 8747 8747 8747 8747 29
20181106 1403 8747 8747 8747 8747 57
20181106 1404 8747 8747 8747 8747 28
20181106 1405 8747 8747 8747 8747 30
20181106 1406 8747 8747 8747 8747 57
20181106 1407 8747 8747 8747 8747 28
20181106 1408 8747 8747 8747 8747 29
20181106 1409 8747 8747 8747 8747 58
20181106 1410 8747 8747 8747 8747 57
20181106 1412 8747 8747 8747 8747 57
20181106 1413 8747 8747 8747 8747 57
20181106 1415 8747 8747 8747 8747 57
20181106 1416 8747 8747 8747 8747 58
20181106 1418 8747 8747 8747 8747 57
20181106 1419 8747 8747 8747 8747 57
20181106 1421 8747 8747 8747 8747 57
20181106 1422 8747 8747 8747 8747 57
20181106 1424 8747 8747 8747 8747 58
20181106 1425 8747 8747 8747 8747 207
20181106 1427 8747 8747 8747 8747 57
20181106 1428 8747 8747 8747 8747 58
20181106 1430 8747 8747 8747 8747 58
20181106 1431 8747 8747 8747 8747 6
20181106 1435 8742 8742 8742 8742 500
20181106 1436 8742 8742 8742 8742 500
20181106 1437 8742 8742 8742 8742 35
20181106 1441 8747 8747 8747 8747 3
20181106 1453 8747 8747 8742 8742 51
20181106 1530 8742 8742 8742 8742 506
20181107 901 8874 8874 8874 8874 1
20181107 903 8792 8792 8792 8792 1
20181107 904 8797 8797 8797 8797 500
20181107 905 8792 8792 8792 8792 10
20181107 906 8797 8797 8797 8797 40
20181107 910 8801 8801 8801 8801 10
20181107 916 8792 8792 8792 8792 1125
20181107 917 8792 8792 8792 8792 490
20181107 920 8797 8797 8797 8797 518
20181107 925 8797 8797 8797 8797 2
20181107 926 8797 8797 8797 8797 2
20181107 929 8797 8797 8797 8797 2
20181107 930 8797 8797 8797 8797 5
20181107 934 8797 8797 8797 8797 10
20181107 937 8797 8797 8797 8797 45
20181107 938 8792 8792 8792 8792 3
20181107 954 8797 8797 8797 8797 50
20181107 957 8797 8797 8797 8797 2
20181107 959 8797 8797 8797 8797 95
20181107 1000 8797 8797 8797 8797 2
20181107 1002 8797 8797 8797 8797 105
20181107 1009 8797 8797 8797 8797 14
20181107 1013 8797 8797 8797 8797 100
20181107 1016 8797 8797 8797 8797 100
20181107 1023 8797 8797 8797 8797 18
20181107 1026 8797 8797 8797 8797 1000
20181107 1031 8797 8797 8797 8797 100
20181107 1032 8792 8792 8792 8792 173
20181107 1033 8797 8797 8797 8797 52
20181107 1035 8797 8797 8797 8797 48
20181107 1042 8810 8810 8810 8810 400
20181107 1044 8810 8810 8810 8810 52
20181107 1050 8797 8797 8797 8797 20
20181107 1052 8801 8806 8801 8806 1000
20181107 1102 8806 8806 8806 8806 30
20181107 1123 8806 8806 8806 8806 1
20181107 1131 8806 8806 8806 8806 3
20181107 1135 8806 8806 8806 8806 2
20181107 1139 8806 8806 8806 8806 2
20181107 1142 8806 8806 8806 8806 3
20181107 1146 8806 8806 8806 8806 2
20181107 1149 8806 8806 8806 8806 2
20181107 1153 8806 8810 8806 8810 3
20181107 1156 8810 8810 8810 8810 1
20181107 1157 8810 8810 8810 8810 2
20181107 1200 8810 8810 8810 8810 2
20181107 1204 8810 8810 8810 8810 14
20181107 1208 8810 8810 8810 8810 7
20181107 1211 8810 8810 8810 8810 2
20181107 1215 8810 8815 8810 8815 53
20181107 1219 8815 8815 8815 8815 2
20181107 1222 8815 8815 8815 8815 2
20181107 1226 8815 8815 8815 8815 3
20181107 1227 8815 8815 8815 8815 10
20181107 1228 8815 8815 8815 8815 1
20181107 1229 8810 8810 8810 8810 2
20181107 1233 8810 8810 8797 8797 32
20181107 1237 8810 8810 8810 8810 3
20181107 1240 8810 8810 8810 8810 2
20181107 1244 8810 8810 8810 8810 2
20181107 1248 8810 8810 8810 8810 3
20181107 1251 8810 8810 8810 8810 2
20181107 1255 8810 8810 8810 8810 2
20181107 1259 8810 8810 8810 8810 3
20181107 1301 8810 8810 8810 8810 1
20181107 1302 8810 8810 8810 8810 2
20181107 1304 8810 8810 8810 8810 1
20181107 1305 8810 8810 8810 8810 1
20181107 1306 8810 8815 8810 8815 5
20181107 1307 8815 8815 8815 8815 20
20181107 1308 8815 8815 8815 8815 19
20181107 1309 8824 8833 8824 8833 15
20181107 1310 8833 8833 8833 8833 1
20181107 1311 8833 8833 8833 8833 1
20181107 1313 8833 8833 8833 8833 4
20181107 1314 8833 8833 8833 8833 1
20181107 1315 8833 8833 8833 8833 1
20181107 1317 8833 8833 8833 8833 2
20181107 1320 8833 8833 8833 8833 3
20181107 1324 8833 8833 8833 8833 2
20181107 1328 8842 8842 8842 8842 2
20181107 1331 8842 8842 8842 8842 3
20181107 1332 8842 8842 8842 8842 1
20181107 1335 8842 8842 8842 8842 3
20181107 1339 8842 8842 8842 8842 106
20181107 1342 8842 8842 8842 8842 3
20181107 1344 8842 8842 8842 8842 52
20181107 1346 8842 8842 8842 8842 2
20181107 1349 8842 8842 8842 8842 2
20181107 1353 8842 8842 8842 8842 3
20181107 1357 8842 8842 8842 8842 2
20181107 1359 8842 8842 8842 8842 9
20181107 1400 8842 8842 8842 8842 2
20181107 1404 8842 8842 8842 8842 3
20181107 1408 8842 8842 8842 8842 3
20181107 1411 8842 8842 8842 8842 3
20181107 1414 8829 8829 8829 8829 2
20181107 1415 8842 8842 8842 8842 3
20181107 1418 8833 8833 8833 8833 1
20181107 1419 8833 8833 8833 8833 3
20181107 1422 8833 8838 8833 8838 3
20181107 1423 8838 8838 8838 8838 57
20181107 1426 8842 8842 8842 8842 3
20181107 1430 8842 8842 8842 8842 3
20181107 1442 8806 8806 8801 8801 42
20181107 1500 8806 8806 8797 8797 247
20181107 1502 8797 8797 8797 8797 11
20181107 1507 8797 8797 8797 8797 34
20181107 1509 8806 8806 8806 8806 9
20181107 1510 8806 8806 8806 8806 1
20181107 1512 8797 8797 8797 8797 26
20181107 1513 8797 8797 8797 8797 10
20181107 1520 8797 8797 8797 8797 274
20181107 1530 8833 8833 8833 8833 246
20181108 901 8861 8861 8861 8861 515
20181108 902 8929 8929 8929 8929 10
20181108 903 8925 8929 8925 8929 19
20181108 907 8925 8925 8925 8925 10
20181108 910 8925 8925 8925 8925 10
20181108 911 8929 8929 8929 8929 5
20181108 912 8929 8929 8897 8897 616
20181108 916 8902 8902 8902 8902 7
20181108 917 8911 8911 8911 8911 211
20181108 918 8911 8911 8911 8911 312
20181108 919 8911 8911 8906 8906 124
20181108 920 8911 8911 8906 8906 201
20181108 921 8906 8906 8906 8906 121
20181108 923 8906 8906 8906 8906 20
20181108 930 8911 8911 8911 8911 102
20181108 943 8911 8911 8911 8911 20
20181108 949 8902 8902 8902 8902 20
20181108 950 8902 8902 8902 8902 70
20181108 951 8902 8902 8902 8902 19
20181108 953 8911 8911 8911 8911 10
20181108 1001 8902 8902 8902 8902 16
20181108 1005 8902 8902 8902 8902 4
20181108 1007 8902 8902 8902 8902 50
20181108 1010 8902 8902 8902 8902 866
20181108 1012 8902 8902 8902 8902 720
20181108 1018 8902 8902 8902 8902 8
20181108 1021 8897 8897 8897 8897 16
20181108 1022 8897 8897 8897 8897 20
20181108 1029 8906 8906 8906 8906 1
20181108 1034 8902 8902 8902 8902 513
20181108 1049 8902 8902 8902 8902 1
20181108 1053 8902 8902 8902 8902 17
20181108 1059 8902 8902 8902 8902 1
20181108 1102 8902 8902 8902 8902 2
20181108 1106 8902 8902 8902 8902 10
20181108 1108 8902 8902 8902 8902 1
20181108 1110 8902 8902 8902 8902 2
20181108 1111 8902 8902 8902 8902 13
20181108 1113 8902 8902 8902 8902 6
20181108 1124 8897 8897 8897 8897 5
20181108 1136 8897 8897 8897 8897 3
20181108 1138 8897 8897 8897 8897 100
20181108 1140 8897 8897 8897 8897 236
20181108 1141 8897 8897 8897 8897 1
20181108 1207 8897 8897 8897 8897 5
20181108 1208 8897 8897 8897 8897 4
20181108 1209 8897 8897 8897 8897 10
20181108 1210 8897 8897 8897 8897 5
20181108 1211 8897 8897 8897 8897 5
20181108 1212 8897 8897 8897 8897 5
20181108 1213 8897 8897 8897 8897 10
20181108 1214 8897 8897 8897 8897 5
20181108 1215 8897 8897 8897 8897 5
20181108 1216 8897 8897 8897 8897 5
20181108 1217 8897 8897 8897 8897 10
20181108 1218 8897 8897 8897 8897 5
20181108 1219 8897 8897 8897 8897 5
20181108 1220 8897 8897 8897 8897 10
20181108 1221 8897 8897 8897 8897 5
20181108 1222 8897 8897 8897 8897 5
20181108 1224 8897 8897 8897 8897 870
20181108 1229 8902 8902 8902 8902 9
20181108 1233 8902 8902 8902 8902 2
20181108 1234 8902 8902 8902 8902 5
20181108 1237 8902 8902 8902 8902 2
20181108 1240 8902 8902 8902 8902 12
20181108 1242 8902 8902 8902 8902 1
20181108 1243 8897 8897 8897 8897 3
20181108 1257 8902 8902 8902 8902 5
20181108 1306 8902 8902 8902 8902 1
20181108 1308 8902 8902 8902 8902 3
20181108 1311 8902 8902 8902 8902 16
20181108 1325 8906 8906 8906 8906 10
20181108 1332 8906 8906 8906 8906 5
20181108 1334 8906 8906 8906 8906 1
20181108 1335 8902 8902 8902 8902 1
20181108 1343 8906 8906 8906 8906 11
20181108 1344 8906 8906 8906 8906 2
20181108 1345 8906 8906 8906 8906 2
20181108 1346 8906 8906 8906 8906 3
20181108 1353 8906 8906 8906 8906 10
20181108 1354 8906 8906 8906 8906 5
20181108 1355 8906 8906 8906 8906 4
20181108 1356 8906 8906 8906 8906 9
20181108 1357 8906 8906 8906 8906 10
20181108 1358 8906 8906 8906 8906 4
20181108 1359 8906 8906 8906 8906 9
20181108 1400 8902 8906 8902 8906 172
20181108 1401 8906 8906 8906 8906 56
20181108 1402 8906 8906 8906 8906 10
20181108 1403 8906 8906 8906 8906 5
20181108 1404 8906 8906 8906 8906 5
20181108 1405 8906 8906 8906 8906 10
20181108 1406 8906 8906 8906 8906 5
20181108 1407 8906 8906 8906 8906 5
20181108 1408 8906 8906 8906 8906 10
20181108 1409 8906 8906 8906 8906 5
20181108 1410 8906 8906 8906 8906 10
20181108 1411 8906 8906 8906 8906 10
20181108 1412 8906 8906 8906 8906 5
20181108 1413 8906 8906 8906 8906 5
20181108 1414 8906 8906 8906 8906 10
20181108 1415 8906 8906 8906 8906 5
20181108 1416 8906 8906 8906 8906 5
20181108 1417 8906 8906 8906 8906 10
20181108 1418 8906 8906 8906 8906 5
20181108 1419 8906 8906 8906 8906 7
20181108 1420 8906 8906 8906 8906 10
20181108 1421 8906 8906 8906 8906 5
20181108 1422 8906 8906 8906 8906 5
20181108 1423 8906 8906 8906 8906 10
20181108 1424 8906 8906 8906 8906 5
20181108 1425 8906 8906 8906 8906 5
20181108 1426 8906 8906 8906 8906 5
20181108 1427 8906 8906 8906 8906 10
20181108 1428 8906 8906 8906 8906 5
20181108 1429 8906 8906 8906 8906 5
20181108 1430 8906 8906 8906 8906 5
20181108 1436 8906 8906 8906 8906 2
20181108 1439 8902 8902 8902 8902 150
20181108 1442 8902 8902 8902 8902 117
20181108 1443 8902 8906 8902 8902 18
20181108 1446 8902 8902 8902 8902 3
20181108 1448 8902 8902 8902 8902 2
20181108 1452 8902 8902 8902 8902 5
20181108 1454 8902 8902 8902 8902 5
20181108 1459 8902 8902 8902 8902 1
20181108 1518 8902 8902 8902 8902 4
20181108 1530 8897 8897 8897 8897 452
20181109 901 8929 8929 8929 8929 1
20181109 903 8925 8925 8925 8925 150
20181109 904 8925 8925 8925 8925 60
20181109 907 8934 8934 8934 8934 20
20181109 910 8929 8929 8929 8929 617
20181109 913 8925 8925 8925 8925 361
20181109 921 8925 8925 8925 8925 1
20181109 923 8925 8929 8925 8929 19
20181109 928 8929 8929 8929 8929 1
20181109 930 8925 8925 8925 8925 23
20181109 941 8929 8929 8929 8929 31
20181109 954 8929 8929 8929 8929 98
20181109 956 8929 8929 8929 8929 214
20181109 1001 8929 8929 8929 8929 1
20181109 1007 8929 8929 8929 8929 8
20181109 1011 8929 8929 8929 8929 3
20181109 1016 8929 8929 8929 8929 2
20181109 1019 8925 8925 8925 8925 2
20181109 1026 8929 8929 8929 8929 1
20181109 1029 8929 8929 8929 8929 1
20181109 1036 8929 8929 8929 8929 15
20181109 1040 8925 8925 8925 8925 20
20181109 1041 8925 8925 8925 8925 2
20181109 1043 8929 8929 8929 8929 1
20181109 1044 8929 8929 8929 8929 8
20181109 1050 8929 8929 8929 8929 2
20181109 1110 8925 8925 8925 8925 1
20181109 1144 8929 8929 8929 8929 3
20181109 1151 8929 8929 8929 8929 2
20181109 1158 8929 8929 8929 8929 9
20181109 1202 8925 8925 8925 8925 3
20181109 1203 8925 8925 8925 8925 1
20181109 1209 8929 8929 8929 8929 10
20181109 1218 8929 8929 8929 8929 10
20181109 1221 8929 8929 8929 8929 10
20181109 1227 8929 8929 8929 8929 10
20181109 1240 8929 8929 8929 8929 3
20181109 1250 8929 8929 8929 8929 2
20181109 1303 8925 8925 8925 8925 1
20181109 1306 8929 8929 8929 8929 21
20181109 1311 8925 8925 8925 8925 24
20181109 1312 8925 8925 8925 8925 500
20181109 1313 8925 8925 8925 8925 1000
20181109 1326 8929 8929 8929 8929 1
20181109 1332 8925 8925 8925 8925 5000
20181109 1333 8925 8925 8925 8925 1
20181109 1336 8925 8925 8925 8925 3000
20181109 1347 8929 8929 8929 8929 102
20181109 1402 8929 8929 8929 8929 2
20181109 1403 8929 8929 8929 8929 1
20181109 1413 8929 8929 8929 8929 2
20181109 1426 8929 8929 8929 8929 102
20181109 1438 8929 8929 8929 8929 10
20181109 1444 8929 8929 8929 8929 26
20181109 1445 8929 8929 8929 8929 3
20181109 1447 8929 8929 8929 8929 1
20181109 1456 8929 8929 8929 8929 10
20181109 1458 8929 8929 8929 8929 1
20181109 1507 8929 8929 8929 8929 10
20181109 1508 8929 8929 8929 8929 5
20181109 1510 8929 8929 8929 8929 10
20181109 1512 8929 8929 8929 8929 2
20181109 1530 8925 8925 8925 8925 1176
20181112 901 8879 8879 8879 8879 77
20181112 904 8975 8984 8975 8984 6
20181112 925 8966 8966 8966 8966 5
20181112 929 8966 8966 8966 8966 1
20181112 930 8970 8970 8970 8970 1
20181112 936 8970 8970 8970 8970 1
20181112 938 8920 8920 8920 8920 7
20181112 939 8920 8920 8920 8920 12
20181112 940 8920 8920 8920 8920 6
20181112 941 8920 8920 8915 8915 6
20181112 942 8915 8915 8915 8915 7
20181112 943 8915 8915 8915 8915 12
20181112 944 8915 8915 8915 8915 6
20181112 945 8915 8915 8915 8915 16
20181112 946 8915 8915 8915 8915 13
20181112 947 8915 8915 8915 8915 6
20181112 948 8915 8915 8915 8915 6
20181112 949 8915 8915 8915 8915 6
20181112 950 8915 8915 8915 8915 13
20181112 951 8915 8915 8915 8915 6
20181112 952 8915 8915 8915 8915 6
20181112 953 8915 8915 8915 8915 6
20181112 955 8911 8911 8911 8911 957
20181112 1000 8911 8911 8911 8911 1
20181112 1002 8911 8911 8911 8911 5
20181112 1004 8911 8911 8911 8911 10
20181112 1006 8911 8911 8911 8911 3
20181112 1008 8911 8911 8911 8911 7
20181112 1013 8906 8906 8906 8906 54
20181112 1015 8911 8911 8911 8911 1
20181112 1016 8911 8911 8911 8911 216
20181112 1018 8911 8911 8911 8911 1
20181112 1019 8911 8911 8911 8911 5
20181112 1020 8911 8911 8906 8906 205
20181112 1036 8911 8911 8911 8911 800
20181112 1054 8947 8947 8947 8947 1
20181112 1055 8906 8906 8906 8906 313
20181112 1104 8911 8911 8911 8911 18
20181112 1105 8911 8911 8911 8911 18
20181112 1106 8906 8906 8906 8906 18
20181112 1107 8906 8906 8906 8906 36
20181112 1108 8906 8906 8906 8906 18
20181112 1109 8906 8906 8906 8906 18
20181112 1110 8906 8906 8906 8906 1721
20181112 1111 8906 8906 8906 8906 36
20181112 1112 8906 8906 8906 8906 18
20181112 1113 8906 8906 8906 8906 18
20181112 1114 8906 8906 8906 8906 18
20181112 1115 8906 8906 8906 8906 36
20181112 1116 8906 8906 8906 8906 18
20181112 1117 8906 8906 8906 8906 18
20181112 1118 8906 8906 8906 8906 36
20181112 1119 8906 8906 8906 8906 18
20181112 1122 8906 8906 8906 8906 98
20181112 1123 8906 8906 8906 8906 194
20181112 1124 8906 8906 8906 8906 97
20181112 1125 8906 8906 8906 8906 117
20181112 1126 8906 8906 8906 8906 97
20181112 1127 8906 8906 8906 8906 214
20181112 1128 8906 8906 8906 8906 97
20181112 1129 8906 8906 8906 8906 97
20181112 1130 8906 8906 8906 8906 195
20181112 1131 8906 8906 8906 8906 97
20181112 1132 8906 8906 8906 8906 97
20181112 1133 8906 8906 8906 8906 97
20181112 1134 8906 8906 8906 8906 194
20181112 1135 8906 8906 8906 8906 97
20181112 1136 8906 8906 8906 8906 97
20181112 1137 8906 8906 8906 8906 97
20181112 1218 8911 8911 8911 8911 2
20181112 1219 8911 8911 8911 8911 2
20181112 1220 8911 8911 8911 8911 1
20181112 1233 8915 8915 8915 8915 3
20181112 1239 8915 8915 8915 8915 6
20181112 1240 8915 8915 8915 8915 5
20181112 1241 8915 8915 8915 8915 186
20181112 1245 8915 8915 8915 8915 1
20181112 1306 8920 8929 8920 8929 3
20181112 1307 8934 8934 8934 8934 1
20181112 1308 8943 8943 8943 8943 4
20181112 1309 8943 8952 8943 8952 3
20181112 1310 8952 8952 8952 8952 2
20181112 1311 8952 8961 8952 8961 3
20181112 1312 8961 8961 8961 8961 3
20181112 1313 8961 8961 8961 8961 2
20181112 1314 8961 8961 8957 8957 3
20181112 1315 8957 8957 8957 8957 3
20181112 1316 8957 8957 8957 8957 3
20181112 1317 8957 8957 8943 8943 6
20181112 1318 8943 8943 8943 8943 4
20181112 1319 8943 8943 8934 8934 5
20181112 1320 8920 8929 8920 8929 4
20181112 1321 8925 8925 8925 8925 1
20181112 1322 8929 8938 8929 8938 108
20181112 1323 8938 8938 8938 8938 1
20181112 1324 8938 8938 8938 8938 1
20181112 1325 8938 8938 8938 8938 3
20181112 1326 8938 8938 8938 8938 2
20181112 1327 8938 8938 8938 8938 1
20181112 1328 8938 8938 8938 8938 1
20181112 1329 8938 8947 8938 8947 2
20181112 1330 8957 8957 8957 8957 1
20181112 1336 8915 8915 8915 8915 1
20181112 1337 8915 8915 8915 8915 1
20181112 1339 8915 8915 8915 8915 1
20181112 1341 8915 8915 8915 8915 1
20181112 1342 8915 8915 8915 8915 1
20181112 1344 8915 8915 8915 8915 1
20181112 1346 8915 8915 8915 8915 1
20181112 1347 8915 8915 8915 8915 1
20181112 1349 8915 8915 8915 8915 1
20181112 1350 8934 8934 8934 8934 1
20181112 1351 8915 8915 8915 8915 1
20181112 1359 8915 8915 8915 8915 3
20181112 1402 8915 8915 8915 8915 3
20181112 1405 8915 8915 8915 8915 3
20181112 1406 8920 8920 8920 8920 1
20181112 1407 8920 8920 8920 8920 7
20181112 1408 8920 8920 8915 8915 347
20181112 1410 8915 8915 8915 8915 3
20181112 1413 8915 8915 8915 8915 3
20181112 1416 8915 8915 8915 8915 3
20181112 1418 8915 8915 8915 8915 3
20181112 1421 8915 8915 8915 8915 3
20181112 1424 8915 8915 8915 8915 3
20181112 1427 8920 8920 8920 8920 3
20181112 1429 8929 8929 8929 8929 55
20181112 1432 8929 8929 8929 8929 3
20181112 1435 8929 8929 8929 8929 3
20181112 1438 8929 8929 8929 8929 2
20181112 1439 8929 8929 8920 8920 75
20181112 1440 8915 8915 8915 8915 3
20181112 1443 8915 8915 8915 8915 3
20181112 1445 8915 8915 8915 8915 1
20181112 1446 8915 8915 8915 8915 3
20181112 1448 8915 8915 8915 8915 3
20181112 1451 8915 8915 8915 8915 8
20181112 1454 8915 8915 8915 8915 3
20181112 1457 8915 8915 8915 8915 3
20181112 1459 8915 8915 8915 8915 3
20181112 1502 8915 8915 8915 8915 3
20181112 1505 8915 8915 8915 8915 3
20181112 1508 8915 8915 8915 8915 3
20181112 1510 8915 8915 8915 8915 3
20181112 1513 8915 8915 8915 8915 3
20181112 1515 8915 8915 8915 8915 2
20181112 1517 8915 8915 8915 8915 3
20181112 1530 8938 8938 8938 8938 1031
20181113 901 8925 8925 8925 8925 11
20181113 910 8820 8820 8820 8820 10
20181113 913 8820 8820 8820 8820 150
20181113 914 8824 8824 8824 8824 4
20181113 928 8824 8824 8824 8824 47
20181113 938 8829 8829 8829 8829 50
20181113 941 8824 8824 8824 8824 73
20181113 947 8824 8824 8815 8815 5521
20181113 951 8815 8815 8815 8815 63
20181113 1003 8820 8861 8815 8861 212
20181113 1007 8820 8820 8820 8820 1
20181113 1013 8856 8856 8856 8856 1
20181113 1017 8861 8861 8861 8861 1
20181113 1019 8861 8861 8861 8861 30
20181113 1025 8861 8861 8861 8861 2
20181113 1028 8861 8861 8861 8861 5
20181113 1029 8820 8820 8820 8820 6
20181113 1046 8856 8856 8856 8856 1
20181113 1047 8856 8856 8856 8856 1
20181113 1048 8856 8856 8856 8856 1
20181113 1109 8856 8856 8856 8856 1
20181113 1112 8856 8856 8856 8856 40
20181113 1113 8856 8856 8856 8856 2
20181113 1114 8856 8856 8856 8856 1
20181113 1125 8856 8856 8856 8856 1
20181113 1132 8856 8856 8856 8856 30
20181113 1134 8856 8856 8856 8856 5
20181113 1152 8856 8856 8856 8856 5
20181113 1155 8856 8856 8856 8856 5
20181113 1214 8856 8856 8856 8856 1
20181113 1222 8856 8856 8856 8856 2
20181113 1229 8829 8829 8829 8829 1
20181113 1242 8829 8829 8829 8829 1
20181113 1250 8833 8833 8829 8829 2
20181113 1254 8833 8833 8833 8833 1
20181113 1300 8838 8838 8838 8838 1
20181113 1301 8842 8842 8842 8842 1
20181113 1311 8842 8842 8820 8820 189
20181113 1312 8820 8824 8820 8824 26
20181113 1313 8820 8820 8820 8820 4
20181113 1314 8820 8820 8820 8820 49
20181113 1315 8820 8820 8820 8820 4
20181113 1316 8820 8820 8820 8820 4
20181113 1317 8820 8820 8820 8820 4
20181113 1318 8820 8824 8820 8820 8
20181113 1319 8820 8820 8820 8820 5
20181113 1320 8820 8820 8820 8820 4
20181113 1321 8824 8824 8820 8820 4
20181113 1322 8820 8820 8820 8820 8
20181113 1323 8820 8820 8820 8820 4
20181113 1324 8820 8820 8820 8820 4
20181113 1325 8820 8861 8820 8820 38
20181113 1326 8824 8824 8824 8824 4
20181113 1329 8856 8856 8856 8856 3
20181113 1330 8856 8856 8856 8856 1
20181113 1348 8856 8856 8856 8856 10
20181113 1428 8856 8856 8856 8856 5
20181113 1430 8856 8856 8856 8856 25
20181113 1431 8856 8856 8856 8856 49
20181113 1432 8856 8856 8852 8852 86
20181113 1433 8852 8856 8852 8856 68
20181113 1434 8856 8856 8856 8856 105
20181113 1435 8856 8856 8856 8856 87
20181113 1436 8856 8870 8856 8870 87
20181113 1437 8870 8870 8870 8870 87
20181113 1438 8870 8870 8870 8870 87
20181113 1439 8870 8888 8870 8888 69
20181113 1440 8888 8888 8888 8888 44
20181113 1442 8865 8865 8865 8865 11
20181113 1449 8883 8883 8883 8883 1
20181113 1503 8856 8856 8856 8856 1
20181113 1513 8888 8893 8888 8893 103
20181113 1530 8893 8893 8893 8893 179
20181114 901 8911 8911 8911 8911 1
20181114 904 8888 8888 8888 8888 20
20181114 914 8888 8888 8888 8888 20
20181114 948 8861 8861 8856 8856 49
20181114 949 8856 8856 8847 8847 48
20181114 950 8847 8847 8838 8838 49
20181114 951 8838 8838 8829 8829 48
20181114 952 8829 8829 8824 8824 97
20181114 953 8824 8824 8824 8824 49
20181114 954 8824 8824 8824 8824 48
20181114 955 8870 8870 8824 8824 50
20181114 956 8824 8870 8820 8820 98
20181114 957 8820 8820 8820 8820 48
20181114 958 8870 8870 8820 8820 50
20181114 959 8820 8865 8820 8865 49
20181114 1000 8820 8820 8820 8820 97
20181114 1001 8865 8865 8820 8820 50
20181114 1002 8820 8861 8820 8861 49
20181114 1003 8820 8820 8820 8820 98
20181114 1004 8861 8861 8861 8861 1
20181114 1005 8856 8856 8856 8856 1
20181114 1007 8842 8842 8842 8842 1
20181114 1008 8833 8833 8833 8833 1
20181114 1011 8833 8833 8833 8833 1
20181114 1013 8833 8833 8833 8833 8
20181114 1014 8829 8829 8829 8829 1
20181114 1015 8829 8829 8829 8829 1
20181114 1017 8829 8829 8829 8829 1
20181114 1019 8829 8829 8829 8829 5
20181114 1029 8824 8824 8820 8820 98
20181114 1030 8824 8824 8820 8820 97
20181114 1031 8820 8833 8820 8833 98
20181114 1032 8820 8833 8820 8833 196
20181114 1033 8820 8820 8820 8820 97
20181114 1034 8833 8833 8820 8820 99
20181114 1035 8820 8833 8820 8820 195
20181114 1036 8820 8820 8820 8820 98
20181114 1037 8833 8833 8820 8820 98
20181114 1038 8820 8833 8820 8833 98
20181114 1039 8820 8820 8820 8820 195
20181114 1040 8833 8833 8820 8820 98
20181114 1041 8820 8833 8820 8833 99
20181114 1042 8820 8820 8820 8820 97
20181114 1043 8820 8833 8815 8815 201
20181114 1044 8815 8833 8815 8833 99
20181114 1105 8833 8833 8833 8833 3
20181114 1109 8829 8829 8829 8829 5
20181114 1134 8829 8829 8829 8829 1
20181114 1135 8829 8829 8829 8829 2
20181114 1136 8829 8829 8829 8829 5
20181114 1139 8829 8829 8829 8829 1
20181114 1204 8829 8829 8829 8829 8
20181114 1235 8829 8829 8829 8829 17
20181114 1239 8824 8824 8824 8824 12
20181114 1244 8829 8829 8829 8829 1
20181114 1249 8824 8824 8824 8824 7
20181114 1250 8824 8824 8824 8824 4
20181114 1251 8824 8824 8820 8820 45
20181114 1252 8820 8820 8820 8820 8
20181114 1253 8820 8820 8820 8820 4
20181114 1254 8820 8820 8820 8820 4
20181114 1255 8820 8820 8820 8820 4
20181114 1256 8820 8820 8820 8820 8
20181114 1257 8820 8820 8820 8820 4
20181114 1258 8820 8820 8820 8820 4
20181114 1259 8820 8820 8820 8820 4
20181114 1300 8820 8820 8820 8820 8
20181114 1301 8829 8829 8820 8820 10
20181114 1302 8820 8820 8820 8820 4
20181114 1303 8820 8820 8820 8820 4
20181114 1304 8820 8820 8820 8820 4
20181114 1314 8829 8829 8829 8829 1
20181114 1315 8829 8829 8829 8829 1
20181114 1320 8829 8829 8829 8829 3
20181114 1321 8824 8824 8824 8824 10
20181114 1354 8824 8824 8815 8815 191
20181114 1355 8815 8815 8815 8815 1
20181114 1412 8820 8820 8815 8815 80
20181114 1415 8829 8829 8829 8829 1
20181114 1416 8829 8829 8829 8829 1
20181114 1417 8829 8829 8829 8829 51
20181114 1419 8829 8829 8829 8829 1
20181114 1420 8829 8829 8829 8829 1
20181114 1422 8829 8829 8829 8829 1
20181114 1423 8829 8829 8829 8829 1
20181114 1425 8829 8829 8829 8829 1
20181114 1426 8829 8829 8829 8829 1
20181114 1428 8829 8829 8829 8829 1
20181114 1431 8829 8838 8829 8838 565
20181114 1432 8838 8852 8838 8852 282
20181114 1433 8852 8861 8852 8861 282
20181114 1434 8861 8870 8861 8870 282
20181114 1435 8870 8883 8870 8883 564
20181114 1436 8883 8888 8883 8888 282
20181114 1437 8888 8888 8888 8888 282
20181114 1438 8888 8888 8888 8888 564
20181114 1439 8888 8888 8888 8888 282
20181114 1440 8888 8888 8888 8888 282
20181114 1441 8888 8888 8888 8888 282
20181114 1442 8888 8888 8888 8888 564
20181114 1443 8888 8888 8888 8888 282
20181114 1444 8888 8888 8888 8888 327
20181114 1448 8883 8883 8883 8883 10
20181114 1454 8883 8883 8883 8883 2
20181114 1455 8883 8883 8883 8883 1
20181114 1456 8883 8883 8883 8883 2
20181114 1457 8883 8883 8883 8883 3
20181114 1458 8883 8883 8883 8883 1
20181114 1459 8883 8883 8883 8883 2
20181114 1500 8883 8883 8883 8883 17
20181114 1501 8883 8883 8883 8883 22
20181114 1502 8883 8883 8883 8883 2
20181114 1503 8883 8883 8883 8883 1
20181114 1504 8824 8883 8824 8883 3
20181114 1505 8883 8883 8879 8883 14
20181114 1506 8883 8883 8883 8883 2
20181114 1507 8883 8883 8883 8883 2
20181114 1508 8883 8883 8883 8883 2
20181114 1530 8888 8888 8888 8888 410
20181115 1001 8883 8883 8883 8883 1
20181115 1004 8861 8861 8861 8861 29
20181115 1005 8861 8861 8861 8861 28
20181115 1006 8861 8861 8861 8861 29
20181115 1007 8861 8861 8861 8861 57
20181115 1008 8861 8861 8861 8861 28
20181115 1009 8861 8861 8861 8861 29
20181115 1010 8861 8861 8861 8861 57
20181115 1011 8861 8861 8861 8861 28
20181115 1012 8861 8861 8861 8861 29
20181115 1013 8861 8861 8861 8861 28
20181115 1014 8861 8861 8861 8861 57
20181115 1015 8861 8861 8861 8861 29
20181115 1016 8861 8861 8861 8861 28
20181115 1017 8861 8861 8861 8861 57
20181115 1018 8824 8824 8824 8824 1
20181115 1022 8856 8856 8856 8856 1
20181115 1025 8861 8861 8861 8861 1
20181115 1029 8824 8824 8824 8824 5
20181115 1032 8856 8856 8856 8856 1
20181115 1033 8856 8856 8856 8856 1
20181115 1034 8856 8856 8856 8856 1
20181115 1035 8861 8861 8861 8861 1
20181115 1036 8861 8861 8861 8861 1
20181115 1038 8861 8861 8861 8861 1
20181115 1039 8861 8861 8861 8861 1
20181115 1041 8861 8861 8861 8861 1
20181115 1042 8861 8861 8861 8861 1
20181115 1044 8861 8861 8861 8861 1
20181115 1045 8861 8861 8861 8861 1
20181115 1048 8861 8861 8861 8861 2
20181115 1049 8861 8861 8861 8861 31
20181115 1050 8861 8861 8861 8861 2
20181115 1102 8861 8861 8861 8861 11
20181115 1141 8861 8861 8861 8861 10
20181115 1147 8856 8856 8856 8856 1
20181115 1159 8856 8856 8856 8856 110
20181115 1200 8852 8852 8852 8852 3
20181115 1204 8847 8847 8847 8847 1000
20181115 1231 8847 8847 8847 8847 3
20181115 1248 8856 8856 8856 8856 1
20181115 1316 8861 8861 8861 8861 1
20181115 1318 8861 8861 8861 8861 1
20181115 1319 8861 8861 8861 8861 1
20181115 1320 8861 8861 8861 8861 1
20181115 1321 8861 8861 8861 8861 1
20181115 1322 8861 8861 8861 8861 1
20181115 1323 8861 8861 8861 8861 15
20181115 1325 8861 8861 8861 8861 1
20181115 1326 8861 8861 8861 8861 1
20181115 1328 8861 8861 8861 8861 1
20181115 1329 8861 8861 8861 8861 1
20181115 1344 8856 8856 8856 8856 12
20181115 1355 8856 8856 8856 8856 20
20181115 1415 8856 8856 8856 8856 9
20181115 1418 8856 8856 8856 8856 49
20181115 1419 8861 8861 8861 8861 67
20181115 1420 8861 8861 8861 8861 70
20181115 1421 8861 8861 8861 8861 67
20181115 1422 8861 8861 8861 8861 40
20181115 1423 8861 8861 8861 8861 53
20181115 1424 8861 8861 8861 8861 66
20181115 1425 8861 8861 8861 8861 53
20181115 1426 8861 8861 8861 8861 39
20181115 1427 8861 8861 8861 8861 68
20181115 1428 8861 8861 8861 8861 115
20181115 1429 8861 8861 8861 8861 68
20181115 1430 8861 8861 8861 8861 39
20181115 1431 8861 8861 8861 8861 52
20181115 1432 8861 8861 8861 8861 67
20181115 1433 8861 8861 8861 8861 39
20181115 1434 8861 8861 8861 8861 84
20181115 1435 8861 8861 8861 8861 66
20181115 1436 8861 8861 8861 8861 53
20181115 1437 8861 8861 8861 8861 66
20181115 1438 8861 8861 8861 8861 41
20181115 1439 8861 8861 8861 8861 51
20181115 1440 8861 8861 8861 8861 68
20181115 1441 8861 8861 8861 8861 39
20181115 1442 8861 8861 8861 8861 57
20181115 1443 8861 8861 8861 8861 67
20181115 1444 8861 8861 8861 8861 52
20181115 1445 8861 8861 8861 8861 91
20181115 1446 8861 8861 8861 8861 39
20181115 1447 8861 8861 8861 8861 53
20181115 1448 8861 8861 8861 8861 66
20181115 1449 8861 8861 8861 8861 41
20181115 1450 8861 8861 8861 8861 51
20181115 1451 8861 8861 8861 8861 68
20181115 1452 8861 8861 8861 8861 39
20181115 1453 8861 8861 8861 8861 80
20181115 1454 8861 8861 8861 8861 39
20181115 1455 8861 8861 8861 8861 52
20181115 1456 8861 8861 8861 8861 67
20181115 1457 8861 8861 8861 8861 39
20181115 1458 8861 8861 8861 8861 53
20181115 1459 8861 8861 8861 8861 66
20181115 1500 8861 8861 8861 8861 41
20181115 1501 8861 8861 8861 8861 78
20181115 1502 8861 8861 8861 8861 41
20181115 1503 8861 8861 8861 8861 51
20181115 1504 8861 8861 8861 8861 68
20181115 1505 8861 8861 8861 8861 39
20181115 1506 8861 8861 8861 8861 52
20181115 1507 8861 8861 8861 8861 67
20181115 1508 8861 8861 8861 8861 39
20181115 1509 8861 8861 8861 8861 80
20181115 1510 8861 8861 8861 8861 39
20181115 1511 8861 8861 8861 8861 41
20181115 1512 8861 8861 8861 8861 78
20181115 1513 8861 8861 8861 8861 105
20181115 1514 8861 8861 8861 8861 51
20181115 1515 8861 8861 8861 8861 68
20181115 1516 8861 8861 8861 8861 39
20181115 1517 8861 8861 8861 8861 80
20181115 1518 8861 8861 8861 8861 39
20181115 1519 8861 8861 8861 8861 39
20181115 1520 8861 8861 8861 8861 80
20181115 1521 8861 8861 8861 8861 39
20181115 1522 8861 8861 8861 8861 53
20181115 1523 8861 8861 8861 8861 66
20181115 1524 8861 8861 8861 8861 41
20181115 1525 8861 8861 8861 8861 78
20181115 1526 8861 8861 8861 8861 43
20181115 1527 8861 8861 8861 8861 40
20181115 1528 8861 8861 8861 8861 82
20181115 1529 8861 8861 8861 8861 40
20181115 1530 8861 8861 8861 8861 40
20181115 1531 8861 8861 8861 8861 81
20181115 1542 8861 8861 8861 8861 1000
20181115 1601 8861 8861 8861 8861 5
20181115 1630 8861 8861 8861 8861 1045
20181116 901 8893 8893 8893 8893 16
20181116 907 8893 8893 8893 8893 1
20181116 910 8874 8874 8874 8874 1
20181116 912 8874 8874 8874 8874 50
20181116 913 8874 8874 8874 8874 30
20181116 926 8893 8893 8893 8893 10
20181116 949 8893 8893 8893 8893 2
20181116 958 8920 8920 8920 8920 1
20181116 1022 8920 8920 8920 8920 8
20181116 1023 8920 8920 8920 8920 2
20181116 1038 8915 8915 8915 8915 1
20181116 1059 8915 8915 8915 8915 16
20181116 1113 8915 8915 8915 8915 1
20181116 1115 8915 8915 8915 8915 1
20181116 1136 8902 8902 8902 8902 9
20181116 1137 8902 8902 8902 8902 8
20181116 1138 8902 8902 8897 8897 18
20181116 1139 8897 8897 8897 8897 9
20181116 1140 8897 8897 8897 8897 9
20181116 1141 8897 8897 8897 8897 18
20181116 1142 8897 8897 8893 8893 9
20181116 1143 8893 8893 8893 8893 9
20181116 1144 8893 8893 8893 8893 9
20181116 1145 8893 8893 8893 8893 18
20181116 1146 8893 8893 8893 8893 9
20181116 1147 8893 8893 8893 8893 9
20181116 1148 8893 8893 8893 8893 9
20181116 1149 8893 8893 8893 8893 18
20181116 1150 8893 8893 8893 8893 9
20181116 1151 8893 8893 8893 8893 9
20181116 1224 8915 8915 8915 8915 10
20181116 1231 8915 8915 8915 8915 18
20181116 1245 8915 8915 8915 8915 9
20181116 1330 8915 8915 8915 8915 1
20181116 1402 8915 8915 8915 8915 17
20181116 1406 8915 8915 8915 8915 3
20181116 1414 8915 8915 8915 8915 2
20181116 1420 8915 8915 8915 8915 1
20181116 1423 8915 8915 8915 8915 26
20181116 1424 8920 8920 8920 8920 44
20181116 1432 8915 8915 8915 8915 30
20181116 1433 8920 8920 8920 8920 9
20181116 1436 8920 8920 8920 8920 30
20181116 1445 8920 8920 8920 8920 2
20181116 1447 8920 8920 8920 8920 4
20181116 1454 8920 8920 8920 8920 99
20181116 1455 8920 8920 8920 8920 74
20181116 1456 8920 8934 8920 8934 147
20181116 1457 8934 8934 8934 8934 73
20181116 1458 8934 8934 8934 8934 74
20181116 1459 8934 8934 8934 8934 147
20181116 1500 8934 8934 8934 8934 73
20181116 1501 8934 8934 8934 8934 75
20181116 1502 8934 8934 8934 8934 73
20181116 1503 8934 8934 8934 8934 147
20181116 1504 8934 8934 8934 8934 74
20181116 1505 8934 8934 8934 8934 73
20181116 1506 8934 8934 8934 8934 74
20181116 1507 8934 8934 8934 8934 147
20181116 1510 8934 8934 8934 8934 64
20181116 1514 8915 8915 8915 8915 1
20181116 1518 8934 8934 8934 8934 21
20181116 1530 8934 8934 8934 8934 95
20181119 901 9016 9016 9016 9016 1
20181119 903 8938 8938 8920 8920 243
20181119 904 8920 8920 8915 8915 242
20181119 905 8915 8915 8915 8915 242
20181119 906 8915 8915 8911 8911 485
20181119 907 8911 8911 8911 8911 242
20181119 908 8911 8911 8911 8911 243
20181119 909 8915 8915 8911 8911 484
20181119 910 8911 8911 8911 8911 293
20181119 911 8911 8911 8911 8911 242
20181119 912 8911 8911 8911 8911 490
20181119 913 8915 8915 8911 8911 244
20181119 914 8915 8915 8911 8915 244
20181119 915 8915 8915 8911 8911 490
20181119 916 8911 8911 8911 8911 244
20181119 917 8911 8915 8911 8915 255
20181119 918 8911 8911 8911 8911 246
20181119 919 8911 8915 8911 8911 44
20181119 920 8911 8911 8911 8911 2
20181119 921 8911 8911 8911 8911 3
20181119 922 8911 8915 8911 8915 52
20181119 923 8911 8911 8911 8911 4
20181119 924 8911 8911 8911 8911 3
20181119 925 8911 8915 8911 8915 94
20181119 926 8915 8915 8915 8915 2
20181119 927 8915 8920 8915 8920 14
20181119 933 8920 8920 8920 8920 1
20181119 942 8920 8920 8920 8920 3
20181119 945 8920 8920 8920 8920 185
20181119 948 8925 8925 8925 8925 16
20181119 949 8925 8925 8925 8925 10
20181119 950 8925 8925 8925 8925 74
20181119 958 8925 8925 8925 8925 467
20181119 1000 8925 8925 8925 8925 15
20181119 1001 8925 8925 8925 8925 14
20181119 1002 8925 8929 8925 8929 28
20181119 1003 8929 8929 8929 8929 14
20181119 1004 8929 8929 8929 8929 14
20181119 1005 8929 8929 8929 8929 29
20181119 1006 8929 8929 8929 8929 14
20181119 1007 8929 8934 8929 8934 16
20181119 1008 8934 8934 8934 8934 14
20181119 1009 8934 8934 8934 8934 28
20181119 1010 8934 8934 8934 8934 14
20181119 1011 8934 8934 8934 8934 15
20181119 1012 8934 8934 8934 8934 14
20181119 1013 8934 8934 8934 8934 6
20181119 1016 8934 8938 8934 8938 2
20181119 1017 8938 8938 8938 8938 22
20181119 1028 8938 8938 8938 8938 50
20181119 1033 8934 8934 8934 8934 1
20181119 1037 8934 8934 8934 8934 16
20181119 1104 8934 8934 8934 8934 1
20181119 1118 8934 8934 8934 8934 1
20181119 1120 8934 8934 8934 8934 1
20181119 1122 8934 8934 8934 8934 9
20181119 1138 8934 8934 8934 8934 1
20181119 1150 8938 8938 8938 8938 5
20181119 1156 8938 8938 8938 8938 10
20181119 1231 8934 8934 8934 8934 5
20181119 1249 8934 8934 8934 8934 21
20181119 1311 8938 8938 8938 8938 1
20181119 1312 8938 8938 8938 8938 1
20181119 1313 8938 8938 8938 8938 1
20181119 1314 8938 8938 8938 8938 1
20181119 1315 8938 8938 8938 8938 1
20181119 1317 8938 8938 8938 8938 1
20181119 1318 8938 8938 8938 8938 1
20181119 1319 8938 8938 8938 8938 1
20181119 1320 8938 8938 8938 8938 1
20181119 1321 8938 8938 8938 8938 1
20181119 1331 8934 8934 8934 8934 10
20181119 1339 8934 8934 8934 8934 1
20181119 1342 8934 8934 8934 8934 31
20181119 1359 8929 8929 8929 8929 7
20181119 1409 8934 8934 8934 8934 1
20181119 1411 8934 8934 8934 8934 1
20181119 1412 8934 8934 8934 8934 1
20181119 1414 8934 8934 8934 8934 1
20181119 1415 8934 8934 8934 8934 1
20181119 1416 8934 8934 8934 8934 9
20181119 1417 8938 8938 8938 8938 1
20181119 1418 8938 8943 8938 8943 193
20181119 1420 8947 8947 8947 8947 1
20181119 1426 8957 8957 8957 8957 2
20181119 1429 8957 8957 8957 8957 50
20181119 1433 8961 8961 8961 8961 1
20181119 1506 8957 8957 8957 8957 13
20181119 1507 8957 8957 8938 8938 28
20181119 1508 8938 8938 8934 8934 100
20181119 1509 8934 8934 8934 8934 13
20181119 1510 8934 8934 8934 8934 13
20181119 1511 8934 8934 8934 8934 13
20181119 1512 8934 8934 8934 8934 14
20181119 1513 8934 8934 8934 8934 14
20181119 1514 8934 8934 8934 8934 14
20181119 1515 8934 8934 8929 8929 140
20181119 1516 8929 8929 8929 8929 7
20181119 1530 8979 8979 8979 8979 293
20181120 901 8957 8957 8957 8957 2
20181120 933 8925 8925 8925 8925 3
20181120 943 8925 8925 8925 8925 5
20181120 945 8925 8925 8925 8925 20
20181120 946 8920 8920 8920 8920 2
20181120 947 8920 8920 8906 8906 19
20181120 948 8893 8906 8883 8883 81
20181120 951 8883 8883 8879 8879 13
20181120 952 8879 8879 8879 8879 6
20181120 953 8879 8879 8879 8879 6
20181120 954 8879 8879 8879 8879 6
20181120 955 8879 8879 8874 8874 13
20181120 956 8874 8874 8874 8874 6
20181120 957 8874 8874 8874 8874 6
20181120 958 8874 8920 8874 8920 7
20181120 959 8874 8874 8874 8874 13
20181120 1000 8874 8874 8874 8874 6
20181120 1001 8874 8874 8874 8874 6
20181120 1002 8874 8874 8874 8874 33
20181120 1003 8874 8874 8874 8874 6
20181120 1004 8874 8874 8874 8874 6
20181120 1005 8874 8874 8874 8874 6
20181120 1006 8920 8920 8874 8874 11
20181120 1026 8915 8915 8915 8915 5
20181120 1028 8915 8915 8915 8915 1
20181120 1031 8874 8874 8874 8874 1
20181120 1035 8874 8874 8874 8874 129
20181120 1039 8915 8915 8915 8915 10
20181120 1131 8911 8911 8911 8911 1
20181120 1133 8911 8911 8911 8911 1
20181120 1134 8911 8911 8911 8911 1
20181120 1136 8911 8911 8911 8911 1
20181120 1137 8911 8911 8911 8911 1
20181120 1139 8911 8911 8911 8911 1
20181120 1140 8883 8911 8883 8883 6
20181120 1141 8879 8879 8879 8879 2
20181120 1142 8911 8911 8879 8879 4
20181120 1143 8879 8911 8879 8911 3
20181120 1144 8879 8879 8879 8879 5
20181120 1145 8911 8911 8879 8879 3
20181120 1146 8879 8879 8879 8879 2
20181120 1147 8879 8879 8879 8879 3
20181120 1148 8879 8879 8879 8879 4
20181120 1149 8879 8879 8879 8879 3
20181120 1150 8902 8902 8902 8902 2
20181120 1151 8902 8902 8902 8902 5
20181120 1152 8902 8902 8902 8902 2
20181120 1153 8902 8902 8902 8902 3
20181120 1154 8902 8902 8902 8902 3
20181120 1155 8902 8902 8902 8902 15
20181120 1220 8879 8879 8874 8874 20
20181120 1236 8883 8883 8883 8883 1
20181120 1256 8883 8883 8883 8883 4
20181120 1258 8883 8883 8883 8883 2
20181120 1304 8888 8897 8883 8897 8
20181120 1305 8883 8897 8883 8897 6
20181120 1306 8897 8897 8883 8897 7
20181120 1307 8883 8897 8879 8879 12
20181120 1308 8897 8897 8879 8897 7
20181120 1309 8897 8897 8879 8879 7
20181120 1310 8897 8897 8879 8879 12
20181120 1311 8897 8897 8879 8897 9
20181120 1312 8879 8897 8879 8897 6
20181120 1313 8897 8897 8879 8897 7
20181120 1314 8879 8897 8879 8879 12
20181120 1315 8897 8897 8879 8897 7
20181120 1316 8879 8879 8879 8879 6
20181120 1317 8879 8879 8879 8879 5
20181120 1318 8879 8879 8879 8879 12
20181120 1319 8879 8879 8874 8874 6
20181120 1340 8897 8897 8897 8897 9
20181120 1348 8893 8893 8893 8893 9
20181120 1349 8893 8893 8893 8893 1
20181120 1350 8897 8897 8897 8897 1
20181120 1351 8897 8897 8897 8897 33
20181120 1358 8902 8902 8902 8902 1
20181120 1404 8902 8902 8902 8902 58
20181120 1405 8911 8911 8911 8911 146
20181120 1428 8911 8911 8911 8911 1
20181120 1431 8911 8915 8911 8915 257
20181120 1434 8915 8915 8915 8915 15
20181120 1441 8915 8915 8915 8915 30
20181120 1449 8915 8915 8915 8915 1
20181120 1501 8915 8915 8915 8915 1
20181120 1509 8915 8915 8915 8915 45
20181120 1519 8911 8911 8902 8902 21
20181120 1530 8934 8934 8934 8934 690
20181121 901 8829 8829 8829 8829 25
20181121 903 8824 8824 8788 8788 2622
20181121 905 8788 8788 8788 8788 10
20181121 906 8788 8788 8783 8783 69
20181121 907 8783 8783 8783 8783 48
20181121 908 8783 8783 8774 8774 97
20181121 909 8774 8774 8774 8774 49
20181121 910 8774 8774 8774 8774 48
20181121 911 8774 8774 8774 8774 446
20181121 912 8769 8769 8765 8769 97
20181121 913 8769 8769 8765 8765 48
20181121 914 8765 8765 8756 8756 49
20181121 915 8756 8760 8756 8756 97
20181121 916 8756 8756 8742 8742 48
20181121 917 8747 8747 8728 8728 49
20181121 918 8728 8728 8719 8719 48
20181121 919 8719 8719 8719 8719 97
20181121 920 8719 8719 8710 8710 1675
20181121 921 8715 8715 8715 8715 49
20181121 925 8719 8719 8719 8719 45
20181121 926 8719 8719 8719 8719 105
20181121 927 8719 8719 8715 8715 658
20181121 928 8733 8733 8733 8733 10
20181121 930 8728 8728 8728 8728 2
20181121 937 8724 8724 8724 8724 1
20181121 938 8724 8724 8724 8724 1
20181121 939 8724 8724 8724 8724 1
20181121 944 8719 8719 8719 8719 100
20181121 945 8719 8719 8719 8719 25
20181121 951 8719 8719 8719 8719 104
20181121 953 8724 8724 8724 8724 10
20181121 957 8724 8724 8724 8724 10
20181121 959 8724 8724 8724 8724 10
20181121 1003 8724 8724 8724 8724 32
20181121 1010 8724 8724 8724 8724 25
20181121 1012 8724 8724 8724 8724 5
20181121 1021 8724 8724 8724 8724 21
20181121 1033 8719 8719 8719 8719 3
20181121 1034 8719 8719 8719 8719 2
20181121 1035 8719 8719 8719 8719 3
20181121 1036 8719 8719 8719 8719 2
20181121 1037 8719 8719 8719 8719 6
20181121 1038 8719 8719 8719 8719 3
20181121 1039 8719 8719 8719 8719 103
20181121 1040 8719 8719 8719 8719 174
20181121 1041 8715 8715 8715 8715 6
20181121 1042 8724 8724 8724 8724 3
20181121 1043 8724 8724 8724 8724 101
20181121 1044 8724 8724 8715 8715 4
20181121 1045 8715 8715 8715 8715 6
20181121 1046 8715 8715 8715 8715 3
20181121 1047 8715 8715 8715 8715 3
20181121 1048 8719 8719 8719 8719 6
20181121 1103 8719 8719 8719 8719 1
20181121 1125 8728 8728 8728 8728 2
20181121 1127 8728 8756 8728 8756 15
20181121 1128 8756 8756 8756 8756 1
20181121 1131 8765 8765 8765 8765 5
20181121 1141 8765 8765 8765 8765 3
20181121 1144 8728 8728 8728 8728 2
20181121 1149 8765 8765 8765 8765 36
20181121 1213 8765 8765 8765 8765 1
20181121 1216 8765 8765 8765 8765 72
20181121 1219 8760 8760 8760 8760 2
20181121 1220 8756 8756 8751 8751 4
20181121 1221 8747 8747 8742 8742 5
20181121 1229 8742 8742 8742 8742 94
20181121 1231 8760 8760 8760 8760 1
20181121 1234 8760 8760 8760 8760 1
20181121 1240 8760 8760 8760 8760 478
20181121 1241 8760 8760 8760 8760 44
20181121 1256 8765 8765 8765 8765 17
20181121 1309 8769 8769 8769 8769 1
20181121 1310 8769 8769 8769 8769 1
20181121 1311 8769 8769 8769 8769 1
20181121 1312 8769 8774 8769 8774 52
20181121 1313 8774 8774 8774 8774 52
20181121 1314 8774 8774 8774 8774 2
20181121 1316 8774 8774 8774 8774 2
20181121 1317 8774 8774 8774 8774 2
20181121 1318 8774 8774 8774 8774 2
20181121 1320 8774 8774 8774 8774 2
20181121 1321 8774 8774 8774 8774 2
20181121 1322 8774 8774 8774 8774 1
20181121 1328 8774 8774 8774 8774 16
20181121 1336 8774 8774 8774 8774 1
20181121 1344 8765 8765 8765 8765 1
20181121 1353 8765 8765 8765 8765 10
20181121 1406 8769 8769 8769 8769 1
20181121 1408 8769 8769 8769 8769 1
20181121 1412 8769 8769 8769 8769 62
20181121 1426 8765 8769 8765 8769 13
20181121 1433 8760 8760 8760 8760 1
20181121 1451 8760 8760 8756 8756 33
20181121 1501 8765 8765 8765 8765 17
20181121 1510 8765 8765 8765 8765 1
20181121 1516 8769 8769 8769 8769 50
20181121 1519 8756 8756 8756 8756 1
20181121 1520 8751 8751 8737 8737 21
20181121 1530 8774 8774 8774 8774 324
20181122 901 8824 8824 8824 8824 1
20181122 908 8806 8806 8806 8806 1
20181122 946 8806 8806 8806 8806 50
20181122 1030 8806 8806 8806 8806 21
20181122 1031 8806 8806 8806 8806 1
20181122 1033 8806 8806 8806 8806 1
20181122 1034 8806 8806 8806 8806 1
20181122 1036 8806 8806 8806 8806 1
20181122 1037 8806 8806 8806 8806 1
20181122 1038 8806 8806 8806 8806 5
20181122 1039 8806 8806 8806 8806 1
20181122 1040 8806 8806 8806 8806 1
20181122 1042 8806 8806 8806 8806 1
20181122 1043 8806 8806 8806 8806 1
20181122 1052 8806 8806 8806 8806 1
20181122 1117 8806 8806 8806 8806 10
20181122 1143 8801 8801 8801 8801 4
20181122 1204 8806 8806 8806 8806 16
20181122 1210 8806 8806 8806 8806 60
20181122 1305 8806 8806 8806 8806 1
20181122 1309 8806 8806 8806 8806 3
20181122 1327 8801 8801 8801 8801 5
20181122 1328 8801 8801 8801 8801 4
20181122 1331 8801 8801 8788 8788 5
20181122 1332 8788 8788 8788 8788 9
20181122 1333 8788 8788 8788 8788 4
20181122 1334 8788 8788 8788 8788 9
20181122 1335 8788 8788 8788 8788 5
20181122 1336 8788 8788 8783 8783 9
20181122 1337 8806 8810 8783 8783 17
20181122 1338 8783 8783 8778 8778 9
20181122 1339 8778 8778 8778 8778 5
20181122 1340 8778 8778 8778 8778 9
20181122 1341 8778 8778 8778 8778 4
20181122 1342 8778 8778 8778 8778 9
20181122 1344 8792 8792 8792 8792 21
20181122 1345 8792 8792 8774 8774 41
20181122 1346 8774 8774 8774 8774 20
20181122 1347 8774 8774 8774 8774 21
20181122 1348 8774 8774 8774 8774 20
20181122 1349 8774 8774 8769 8769 41
20181122 1350 8769 8769 8765 8765 21
20181122 1351 8765 8765 8765 8765 20
20181122 1352 8765 8765 8765 8765 21
20181122 1353 8765 8765 8765 8765 41
20181122 1354 8765 8765 8765 8765 20
20181122 1355 8765 8765 8765 8765 21
20181122 1356 8765 8765 8765 8765 41
20181122 1357 8765 8765 8765 8765 20
20181122 1358 8765 8765 8765 8765 21
20181122 1359 8765 8765 8765 8765 20
20181122 1400 8806 8810 8806 8810 160
20181122 1401 8810 8810 8810 8810 288
20181122 1402 8810 8810 8806 8810 182
20181122 1403 8810 8810 8810 8810 307
20181122 1404 8810 8810 8810 8810 289
20181122 1405 8810 8810 8810 8810 171
20181122 1406 8810 8810 8810 8810 306
20181122 1407 8810 8810 8810 8810 288
20181122 1408 8810 8810 8810 8810 170
20181122 1409 8810 8810 8810 8810 306
20181122 1410 8810 8810 8810 8810 289
20181122 1411 8810 8810 8810 8810 171
20181122 1412 8810 8810 8810 8810 306
20181122 1413 8810 8810 8810 8810 372
20181122 1414 8810 8810 8810 8810 152
20181122 1415 8810 8810 8810 8810 307
20181122 1416 8810 8810 8810 8810 306
20181122 1417 8810 8810 8810 8810 154
20181122 1418 8810 8810 8810 8810 306
20181122 1419 8810 8810 8810 8810 306
20181122 1420 8810 8810 8810 8810 152
20181122 1421 8810 8810 8810 8810 306
20181122 1422 8810 8810 8810 8810 306
20181122 1423 8810 8810 8810 8810 154
20181122 1424 8810 8810 8810 8810 388
20181122 1425 8810 8810 8810 8810 307
20181122 1426 8810 8810 8810 8810 154
20181122 1427 8810 8810 8810 8810 308
20181122 1428 8810 8810 8810 8810 328
20181122 1429 8810 8810 8810 8810 154
20181122 1430 8810 8810 8810 8810 154
20181122 1431 8810 8810 8810 8810 20
20181122 1442 8810 8810 8810 8810 6
20181122 1503 8810 8810 8810 8810 2
20181122 1512 8769 8769 8737 8737 500
20181122 1530 8801 8801 8801 8801 159
20181123 901 8829 8829 8829 8829 1
20181123 904 8810 8810 8810 8810 1
20181123 907 8810 8810 8810 8810 2
20181123 910 8810 8810 8810 8810 1
20181123 928 8810 8810 8810 8810 31
20181123 933 8810 8810 8810 8810 9
20181123 957 8810 8810 8810 8810 1
20181123 959 8810 8810 8810 8810 1
20181123 1000 8810 8810 8810 8810 1
20181123 1002 8810 8810 8810 8810 1
20181123 1003 8810 8810 8810 8810 1
20181123 1005 8810 8810 8810 8810 1
20181123 1006 8810 8810 8810 8810 1
20181123 1008 8810 8810 8810 8810 1
20181123 1009 8810 8810 8810 8810 1
20181123 1011 8810 8810 8810 8810 1
20181123 1018 8810 8810 8810 8810 42
20181123 1023 8810 8810 8810 8810 1
20181123 1024 8810 8810 8810 8810 4
20181123 1025 8810 8810 8810 8810 10
20181123 1028 8810 8810 8810 8810 1
20181123 1034 8810 8810 8810 8810 2
20181123 1041 8806 8806 8806 8806 2
20181123 1045 8810 8810 8810 8810 5
20181123 1053 8810 8810 8810 8810 5
20181123 1118 8810 8810 8810 8810 50
20181123 1119 8810 8810 8810 8810 50
20181123 1143 8810 8810 8810 8810 5
20181123 1216 8806 8806 8806 8806 1
20181123 1238 8810 8810 8810 8810 20
20181123 1243 8810 8810 8810 8810 5
20181123 1257 8810 8810 8810 8810 1
20181123 1301 8810 8810 8810 8810 1
20181123 1302 8810 8810 8810 8810 10
20181123 1304 8806 8806 8806 8806 2
20181123 1323 8810 8810 8810 8810 1
20181123 1324 8810 8810 8810 8810 4
20181123 1348 8810 8810 8810 8810 31
20181123 1356 8810 8810 8810 8810 5
20181123 1358 8810 8810 8810 8810 1
20181123 1359 8810 8810 8810 8810 2
20181123 1401 8810 8810 8810 8810 50
20181123 1414 8810 8810 8810 8810 50
20181123 1424 8810 8810 8810 8810 1
20181123 1437 8806 8806 8806 8806 30
20181123 1438 8806 8806 8806 8806 7
20181123 1454 8810 8810 8810 8810 5
20181123 1508 8810 8810 8810 8810 2
20181123 1530 8810 8810 8810 8810 96
20181126 901 8815 8815 8815 8815 1
20181126 902 8810 8810 8810 8810 11
20181126 915 8783 8783 8783 8783 1
20181126 916 8783 8783 8783 8783 1
20181126 918 8783 8783 8783 8783 1
20181126 919 8783 8783 8783 8783 1
20181126 921 8783 8783 8783 8783 1
20181126 922 8783 8783 8783 8783 1
20181126 924 8783 8783 8783 8783 1
20181126 925 8783 8783 8783 8783 1
20181126 926 8783 8783 8783 8783 5
20181126 927 8783 8783 8783 8783 6
20181126 928 8783 8783 8783 8783 1
20181126 937 8783 8783 8783 8783 10
20181126 941 8783 8783 8783 8783 100
20181126 945 8783 8783 8783 8783 5
20181126 947 8778 8778 8765 8765 29
20181126 957 8765 8765 8765 8765 1
20181126 1008 8783 8783 8783 8783 75
20181126 1013 8783 8783 8783 8783 2
20181126 1022 8783 8783 8783 8783 100
20181126 1023 8783 8783 8783 8783 5
20181126 1024 8769 8769 8769 8769 1
20181126 1028 8769 8769 8765 8765 154
20181126 1215 8783 8783 8783 8783 1
20181126 1216 8783 8783 8783 8783 5
20181126 1305 8774 8774 8774 8774 3
20181126 1307 8778 8778 8778 8778 1
20181126 1308 8778 8778 8778 8778 1
20181126 1309 8778 8778 8778 8778 1
20181126 1311 8783 8783 8783 8783 1
20181126 1312 8783 8783 8783 8783 1
20181126 1313 8783 8783 8783 8783 1
20181126 1314 8783 8783 8783 8783 1
20181126 1316 8783 8783 8778 8778 2
20181126 1317 8778 8778 8778 8778 2
20181126 1318 8778 8778 8778 8778 3
20181126 1319 8778 8778 8778 8778 1
20181126 1320 8778 8778 8778 8778 1
20181126 1321 8778 8778 8778 8778 2
20181126 1322 8778 8778 8778 8778 7
20181126 1323 8778 8778 8778 8778 13
20181126 1324 8778 8778 8778 8778 10
20181126 1325 8778 8778 8778 8778 7
20181126 1326 8778 8778 8778 8778 10
20181126 1327 8778 8778 8778 8778 10
20181126 1328 8778 8778 8778 8778 5
20181126 1329 8778 8778 8778 8778 9
20181126 1330 8778 8778 8778 8778 19
20181126 1331 8783 8783 8783 8783 12
20181126 1332 8783 8783 8783 8783 7
20181126 1333 8783 8783 8783 8783 15
20181126 1334 8783 8783 8783 8783 1
20181126 1335 8783 8783 8783 8783 10
20181126 1336 8783 8783 8783 8783 1
20181126 1337 8783 8783 8783 8783 4
20181126 1338 8783 8783 8783 8783 1
20181126 1339 8783 8783 8783 8783 1
20181126 1340 8783 8783 8783 8783 2
20181126 1341 8783 8783 8783 8783 2
20181126 1342 8783 8783 8783 8783 3
20181126 1343 8783 8783 8783 8783 1
20181126 1344 8783 8783 8783 8783 2
20181126 1347 8783 8783 8783 8783 1
20181126 1355 8783 8783 8783 8783 1
20181126 1401 8783 8783 8783 8783 1
20181126 1418 8783 8783 8783 8783 48
20181126 1426 8783 8783 8783 8783 5
20181126 1427 8783 8783 8783 8783 3
20181126 1438 8783 8783 8783 8783 10
20181126 1448 8783 8783 8783 8783 12
20181126 1456 8778 8778 8774 8774 9
20181126 1457 8774 8774 8774 8774 8
20181126 1458 8774 8774 8774 8774 8
20181126 1459 8774 8783 8769 8769 29
20181126 1500 8769 8769 8769 8769 8
20181126 1501 8783 8783 8765 8765 11
20181126 1502 8765 8765 8765 8765 17
20181126 1503 8765 8765 8765 8765 8
20181126 1504 8765 8765 8765 8765 8
20181126 1505 8765 8765 8765 8765 8
20181126 1506 8769 8769 8769 8769 16
20181126 1507 8769 8769 8769 8769 9
20181126 1508 8769 8769 8769 8769 8
20181126 1509 8769 8769 8769 8769 8
20181126 1510 8769 8769 8769 8769 16
20181126 1511 8769 8769 8769 8769 8
20181126 1530 8783 8783 8783 8783 1561
20181127 901 8847 8847 8847 8847 10
20181127 907 8847 8847 8847 8847 99
20181127 912 8847 8847 8847 8847 2
20181127 938 8852 8852 8852 8852 10
20181127 946 8852 8852 8852 8852 3
20181127 1018 8847 8847 8847 8847 3
20181127 1020 8847 8847 8847 8847 1
20181127 1033 8847 8847 8847 8847 7
20181127 1041 8847 8847 8847 8847 9
20181127 1042 8847 8847 8847 8847 16
20181127 1043 8847 8847 8847 8847 8
20181127 1044 8847 8847 8847 8847 9
20181127 1045 8847 8847 8847 8847 8
20181127 1046 8847 8847 8847 8847 16
20181127 1047 8847 8847 8847 8847 9
20181127 1048 8847 8847 8847 8847 8
20181127 1049 8847 8847 8847 8847 8
20181127 1050 8847 8847 8847 8847 17
20181127 1051 8847 8847 8847 8847 8
20181127 1052 8847 8847 8847 8847 8
20181127 1053 8847 8847 8847 8847 17
20181127 1054 8847 8847 8847 8847 8
20181127 1055 8847 8847 8847 8847 8
20181127 1056 8847 8847 8847 8847 8
20181127 1105 8852 8852 8852 8852 2
20181127 1106 8852 8852 8852 8852 1
20181127 1121 8852 8852 8852 8852 1
20181127 1128 8852 8852 8852 8852 1
20181127 1133 8852 8852 8852 8852 10
20181127 1143 8852 8852 8852 8852 10
20181127 1153 8852 8852 8852 8852 10
20181127 1156 8852 8852 8852 8852 1
20181127 1159 8852 8852 8852 8852 20
20181127 1215 8852 8852 8852 8852 10
20181127 1218 8852 8852 8852 8852 10
20181127 1243 8852 8852 8852 8852 16
20181127 1250 8852 8852 8852 8852 39
20181127 1254 8852 8852 8852 8852 2
20181127 1257 8852 8852 8852 8852 1
20181127 1258 8852 8852 8852 8852 1
20181127 1300 8852 8852 8852 8852 1
20181127 1301 8852 8852 8852 8852 1
20181127 1303 8852 8852 8852 8852 1
20181127 1304 8852 8852 8852 8852 1
20181127 1306 8852 8852 8852 8852 1
20181127 1307 8852 8852 8852 8852 1
20181127 1309 8852 8852 8852 8852 1
20181127 1310 8852 8852 8852 8852 1
20181127 1312 8852 8852 8852 8852 1
20181127 1344 8852 8852 8852 8852 1
20181127 1346 8852 8852 8852 8852 7
20181127 1347 8852 8852 8852 8852 1
20181127 1349 8852 8852 8852 8852 1
20181127 1350 8852 8852 8852 8852 1
20181127 1352 8852 8852 8852 8852 1
20181127 1353 8852 8852 8852 8852 1
20181127 1354 8852 8852 8852 8852 1
20181127 1355 8852 8852 8852 8852 1
20181127 1356 8852 8852 8852 8852 22
20181127 1358 8852 8852 8852 8852 1
20181127 1419 8852 8852 8852 8852 28
20181127 1420 8852 8852 8852 8852 28
20181127 1422 8852 8852 8852 8852 145
20181127 1428 8852 8852 8852 8852 488
20181127 1431 8852 8852 8852 8852 175
20181127 1432 8852 8852 8852 8852 2
20181127 1442 8852 8852 8852 8852 18
20181127 1446 8847 8847 8847 8847 5
20181127 1454 8852 8852 8852 8852 51
20181127 1459 8852 8852 8852 8852 10
20181127 1501 8852 8852 8852 8852 1
20181127 1505 8852 8852 8852 8852 3
20181127 1507 8852 8852 8852 8852 1
20181127 1530 8852 8852 8852 8852 425
20181128 901 8893 8893 8893 8893 3
20181128 902 8879 8879 8852 8852 11
20181128 907 8852 8852 8852 8852 1
20181128 919 8852 8852 8852 8852 1
20181128 924 8852 8852 8852 8852 2
20181128 925 8852 8852 8852 8852 2
20181128 929 8852 8852 8852 8852 5
20181128 954 8870 8870 8870 8870 18
20181128 1009 8870 8870 8870 8870 2500
20181128 1013 8870 8870 8870 8870 3
20181128 1036 8861 8861 8861 8861 1
20181128 1052 8861 8861 8861 8861 1
20181128 1053 8856 8856 8856 8856 24
20181128 1058 8852 8852 8852 8852 2
20181128 1100 8852 8852 8852 8852 8
20181128 1101 8847 8847 8847 8847 11
20181128 1102 8847 8847 8847 8847 5
20181128 1103 8842 8842 8838 8838 22
20181128 1104 8838 8838 8829 8829 47
20181128 1105 8824 8824 8820 8820 54
20181128 1106 8820 8820 8820 8820 52
20181128 1107 8820 8820 8810 8810 285
20181128 1108 8810 8810 8810 8810 15
20181128 1146 8820 8820 8820 8820 18
20181128 1248 8870 8870 8870 8870 1
20181128 1250 8824 8824 8824 8824 1
20181128 1316 8865 8865 8865 8865 1
20181128 1328 8865 8865 8865 8865 2
20181128 1329 8865 8865 8865 8865 4
20181128 1401 8865 8865 8865 8865 10
20181128 1427 8865 8865 8865 8865 50
20181128 1451 8870 8870 8870 8870 4
20181128 1519 8870 8870 8870 8870 1
20181128 1530 8870 8870 8870 8870 90
20181129 901 9016 9016 9016 9016 1
20181129 911 8984 8988 8984 8988 6
20181129 917 8988 8988 8957 8957 63
20181129 921 8947 8947 8947 8947 1
20181129 922 8934 8934 8934 8934 1
20181129 925 8929 8929 8929 8929 10
20181129 926 8938 8938 8938 8938 10
20181129 927 8938 8938 8915 8915 2000
20181129 929 8943 8943 8943 8943 1
20181129 934 8920 8920 8915 8915 311
20181129 935 8920 8920 8920 8920 100
20181129 936 8920 8920 8920 8920 210
20181129 945 8929 8929 8929 8929 3
20181129 949 8929 8929 8929 8929 57
20181129 1015 8920 8920 8920 8920 31
20181129 1020 8920 8920 8920 8920 48
20181129 1036 8920 8920 8920 8920 101
20181129 1040 8915 8915 8915 8915 900
20181129 1121 8915 8915 8911 8911 579
20181129 1123 8920 8920 8920 8920 2
20181129 1124 8925 8925 8925 8925 38
20181129 1126 8911 8911 8911 8911 10
20181129 1128 8925 8925 8925 8925 11
20181129 1132 8925 8925 8925 8925 1
20181129 1212 8920 8920 8920 8920 15
20181129 1241 8920 8920 8920 8920 5
20181129 1306 8925 8925 8925 8925 20
20181129 1307 8920 8920 8920 8920 15
20181129 1317 8920 8920 8920 8920 50
20181129 1328 8915 8915 8915 8915 3
20181129 1329 8915 8915 8915 8915 2
20181129 1330 8915 8915 8915 8915 2
20181129 1331 8915 8915 8915 8915 2
20181129 1332 8915 8915 8915 8915 4
20181129 1333 8915 8915 8915 8915 2
20181129 1334 8915 8915 8915 8915 2
20181129 1335 8915 8915 8915 8915 4
20181129 1336 8915 8915 8915 8915 2
20181129 1337 8920 8920 8920 8920 2
20181129 1338 8920 8920 8920 8920 2
20181129 1339 8920 8920 8920 8920 4
20181129 1340 8920 8920 8920 8920 2
20181129 1341 8920 8920 8915 8915 2
20181129 1342 8915 8915 8915 8915 2
20181129 1343 8915 8915 8915 8915 4
20181129 1356 8925 8925 8925 8925 27
20181129 1357 8925 8925 8920 8925 45
20181129 1358 8925 8925 8925 8925 65
20181129 1359 8925 8925 8925 8925 53
20181129 1400 8925 8925 8925 8925 54
20181129 1401 8925 8925 8925 8925 43
20181129 1402 8925 8925 8925 8925 55
20181129 1403 8925 8925 8925 8925 44
20181129 1404 8925 8925 8925 8925 54
20181129 1405 8925 8925 8925 8925 43
20181129 1406 8925 8925 8925 8925 55
20181129 1407 8925 8925 8925 8925 32
20181129 1408 8925 8925 8925 8925 43
20181129 1409 8925 8925 8925 8925 55
20181129 1410 8925 8925 8925 8925 43
20181129 1411 8925 8925 8925 8925 54
20181129 1412 8925 8925 8925 8925 43
20181129 1413 8925 8934 8925 8934 247
20181129 1414 8934 8938 8929 8934 78
20181129 1415 8934 8934 8929 8929 81
20181129 1416 8934 8934 8934 8934 33
20181129 1417 8934 8934 8934 8934 65
20181129 1418 8934 8938 8934 8938 32
20181129 1419 8938 8938 8934 8938 91
20181129 1420 8938 8938 8938 8938 55
20181129 1421 8938 8938 8938 8938 43
20181129 1422 8938 8943 8938 8938 102
20181129 1423 8943 8943 8915 8915 36
20181129 1424 8943 8943 8938 8943 68
20181129 1425 8938 8943 8938 8938 40
20181129 1426 8943 8943 8938 8943 69
20181129 1427 8938 8943 8938 8943 36
20181129 1428 8943 8943 8938 8943 130
20181129 1429 8915 8943 8915 8938 53
20181129 1430 8943 8943 8915 8943 52
20181129 1431 8943 8943 8915 8915 36
20181129 1432 8915 8915 8915 8915 7
20181129 1433 8915 8915 8915 8915 3
20181129 1434 8915 8915 8915 8915 3
20181129 1435 8915 8915 8915 8915 4
20181129 1436 8915 8915 8915 8915 6
20181129 1437 8915 8915 8915 8915 3
20181129 1514 8915 8915 8915 8915 50
20181129 1530 8915 8915 8915 8915 424
20181130 901 9016 9016 9016 9016 1
20181130 902 9011 9011 9011 9011 1
20181130 904 8970 8970 8970 8970 1
20181130 907 8952 8952 8952 8952 1
20181130 913 8952 8952 8952 8952 3
20181130 918 8947 8947 8947 8947 2
20181130 935 8947 8947 8947 8947 1
20181130 939 8947 8947 8947 8947 2
20181130 958 8929 8929 8929 8929 1
20181130 1000 8925 8925 8925 8925 30
20181130 1003 8925 8925 8920 8920 12
20181130 1016 8920 8920 8920 8920 434
20181130 1028 8920 8920 8920 8920 354
20181130 1033 8920 8920 8920 8920 22
20181130 1035 8920 8920 8920 8920 16
20181130 1038 8920 8920 8915 8915 51
20181130 1047 8915 8915 8915 8915 10
20181130 1108 8920 8920 8920 8920 10
20181130 1128 8920 8920 8920 8920 30
20181130 1150 8925 8925 8925 8925 10
20181130 1214 8920 8920 8915 8915 70
20181130 1235 8915 8915 8915 8915 1
20181130 1237 8915 8915 8915 8915 1
20181130 1238 8915 8915 8915 8915 1
20181130 1240 8915 8915 8915 8915 1
20181130 1241 8920 8920 8920 8920 1
20181130 1242 8915 8915 8915 8915 1
20181130 1243 8915 8915 8915 8915 1
20181130 1245 8915 8915 8915 8915 1
20181130 1246 8920 8920 8920 8920 99
20181130 1247 8915 8920 8915 8920 6
20181130 1248 8920 8920 8915 8915 6
20181130 1249 8920 8920 8920 8920 5
20181130 1250 8920 8920 8915 8920 87
20181130 1254 8920 8920 8920 8920 3
20181130 1255 8920 8920 8920 8920 3
20181130 1307 8920 8920 8920 8920 1
20181130 1308 8920 8920 8920 8920 1
20181130 1309 8920 8920 8920 8920 1
20181130 1311 8920 8920 8920 8920 4
20181130 1312 8920 8920 8920 8920 1
20181130 1313 8920 8920 8920 8920 1
20181130 1314 8920 8925 8920 8925 86
20181130 1316 8925 8929 8925 8929 42
20181130 1317 8929 8929 8929 8929 1
20181130 1318 8920 8920 8920 8920 1
20181130 1325 8915 8915 8915 8915 297
20181130 1326 8915 8915 8915 8915 149
20181130 1327 8915 8915 8915 8915 148
20181130 1328 8915 8920 8915 8920 169
20181130 1329 8915 8920 8915 8915 328
20181130 1330 8915 8915 8915 8915 148
20181130 1331 8915 8915 8915 8915 149
20181130 1332 8915 8915 8915 8915 297
20181130 1333 8915 8915 8915 8915 148
20181130 1334 8915 8915 8915 8915 149
20181130 1335 8915 8915 8915 8915 148
20181130 1336 8915 8915 8915 8915 297
20181130 1337 8915 8920 8915 8920 303
20181130 1338 8920 8920 8920 8920 148
20181130 1339 8920 8920 8920 8920 149
20181130 1340 8920 8920 8920 8920 148
20181130 1345 8925 8925 8925 8925 10
20181130 1346 8925 8925 8925 8925 50
20181130 1411 8925 8925 8925 8925 10
20181130 1413 8925 8925 8925 8925 9
20181130 1419 8925 8925 8925 8925 20
20181130 1430 8925 8925 8925 8925 12
20181130 1435 8920 8920 8920 8920 1611
20181130 1436 8925 8925 8925 8925 1
20181130 1440 8925 8925 8925 8925 10
20181130 1446 8925 8925 8925 8925 1
20181130 1501 8925 8925 8925 8925 1
20181130 1502 8925 8947 8925 8947 1279
20181130 1503 8947 8947 8947 8947 335
20181130 1505 8947 8947 8947 8947 102
20181130 1530 8966 8966 8966 8966 360
