날짜 시간 시가 고가 저가 종가 거래량
20190502 901 7675 7675 7655 7655 17
20190502 902 7650 7650 7650 7650 1
20190502 925 7680 7680 7680 7680 159
20190502 927 7670 7670 7670 7670 261
20190502 929 7690 7695 7690 7695 19
20190502 934 7705 7705 7705 7705 12
20190502 935 7705 7705 7705 7705 210
20190502 942 7710 7710 7710 7710 11
20190502 1008 7715 7715 7715 7715 5
20190502 1044 7740 7740 7740 7740 1
20190502 1101 7740 7740 7740 7740 9
20190502 1108 7740 7740 7740 7740 94
20190502 1136 7740 7740 7740 7740 10
20190502 1153 7725 7725 7725 7725 11
20190502 1216 7730 7730 7730 7730 2
20190502 1217 7720 7720 7720 7720 2
20190502 1230 7750 7750 7750 7750 3
20190502 1234 7750 7750 7750 7750 8
20190502 1258 7755 7755 7755 7755 1
20190502 1303 7760 7760 7760 7760 21
20190502 1305 7770 7770 7770 7770 110
20190502 1306 7775 7775 7775 7775 10
20190502 1308 7780 7780 7780 7780 111
20190502 1314 7785 7785 7785 7785 10
20190502 1317 7790 7790 7790 7790 16
20190502 1349 7790 7790 7790 7790 5
20190502 1350 7790 7790 7790 7790 2
20190502 1404 7790 7790 7790 7790 1
20190502 1501 7770 7770 7770 7770 5
20190502 1502 7770 7770 7770 7770 6
20190502 1514 7770 7770 7770 7770 34
20190502 1517 7785 7785 7785 7785 690
20190502 1530 7770 7770 7770 7770 1
20190503 901 7780 7780 7780 7780 6
20190503 902 7790 7815 7790 7815 398
20190503 906 7825 7825 7825 7825 1
20190503 909 7830 7830 7825 7825 20
20190503 913 7810 7810 7810 7810 3
20190503 914 7810 7810 7810 7810 10
20190503 928 7820 7820 7820 7820 51
20190503 931 7815 7815 7815 7815 52
20190503 944 7805 7805 7805 7805 19
20190503 1010 7760 7760 7760 7760 387
20190503 1047 7740 7740 7740 7740 1
20190503 1210 7760 7760 7760 7760 400
20190503 1216 7765 7765 7765 7765 3
20190503 1421 7795 7795 7795 7795 37
20190503 1456 7800 7800 7800 7800 4
20190503 1512 7805 7805 7805 7805 14
20190503 1515 7795 7795 7795 7795 4
20190503 1530 7810 7810 7810 7810 1
20190507 901 7710 7710 7710 7710 6
20190507 902 7690 7690 7690 7690 1
20190507 908 7690 7690 7690 7690 21
20190507 917 7690 7690 7690 7690 12
20190507 934 7695 7695 7695 7695 1300
20190507 941 7710 7710 7710 7710 4
20190507 1011 7730 7730 7730 7730 104
20190507 1044 7720 7720 7720 7720 24
20190507 1141 7715 7715 7715 7715 100
20190507 1203 7690 7690 7690 7690 57
20190507 1240 7695 7695 7695 7695 10
20190507 1349 7700 7700 7700 7700 2
20190507 1350 7700 7700 7700 7700 2
20190507 1355 7720 7720 7720 7720 20
20190508 901 7630 7630 7615 7615 5
20190508 935 7665 7665 7665 7665 11
20190508 946 7695 7695 7695 7695 14
20190508 1018 7675 7675 7675 7675 4
20190508 1038 7685 7685 7685 7685 28
20190508 1108 7725 7725 7725 7725 4
20190508 1118 7740 7740 7740 7740 101
20190508 1150 7760 7760 7760 7760 11
20190508 1216 7755 7755 7755 7755 49
20190508 1247 7730 7730 7730 7730 1
20190508 1400 7735 7740 7735 7740 4
20190508 1430 7740 7745 7740 7745 20
20190508 1432 7745 7745 7745 7745 9
20190508 1437 7750 7750 7750 7750 10
20190508 1447 7735 7735 7735 7735 9
20190509 902 7755 7775 7755 7775 2
20190509 903 7790 7790 7790 7790 1
20190509 907 7785 7785 7785 7785 9
20190509 911 7755 7755 7755 7755 1
20190509 913 7755 7755 7755 7755 2
20190509 917 7760 7760 7760 7760 1
20190509 921 7750 7750 7745 7745 11
20190509 923 7745 7745 7745 7745 1
20190509 925 7740 7740 7740 7740 1
20190509 935 7735 7735 7725 7725 3
20190509 937 7710 7710 7710 7710 12
20190509 942 7700 7700 7695 7695 4
20190509 948 7695 7695 7695 7695 2
20190509 1024 7695 7695 7695 7695 20
20190509 1033 7710 7710 7710 7710 2
20190509 1040 7705 7705 7705 7705 1
20190509 1052 7695 7695 7695 7695 3
20190509 1115 7665 7665 7665 7665 11
20190509 1119 7650 7650 7650 7650 13
20190509 1123 7650 7650 7650 7650 6
20190509 1135 7670 7670 7670 7670 4
20190509 1252 7630 7630 7630 7630 1
20190509 1305 7630 7630 7630 7630 5
20190509 1314 7620 7620 7620 7620 7
20190509 1325 7620 7630 7620 7620 3
20190509 1326 7615 7615 7615 7615 131
20190509 1329 7610 7610 7610 7610 65
20190509 1330 7605 7605 7605 7605 20
20190509 1333 7595 7595 7595 7595 1
20190509 1400 7590 7590 7590 7590 35
20190509 1455 7590 7590 7585 7585 75
20190509 1504 7580 7580 7580 7580 5
20190509 1506 7560 7560 7560 7560 1
20190509 1507 7555 7555 7555 7555 3
20190509 1530 7520 7520 7520 7520 68
20190510 901 7520 7540 7515 7540 391
20190510 912 7540 7540 7540 7540 13
20190510 931 7585 7585 7585 7585 36
20190510 1009 7645 7645 7645 7645 5
20190510 1021 7650 7650 7650 7650 4
20190510 1053 7710 7710 7710 7710 6
20190510 1114 7700 7700 7700 7700 11
20190510 1116 7675 7675 7675 7675 5
20190510 1211 7645 7645 7645 7645 2
20190510 1215 7655 7655 7655 7655 1
20190510 1243 7685 7685 7685 7685 1
20190510 1245 7685 7685 7685 7685 1
20190510 1304 7665 7665 7665 7665 1
20190510 1311 7670 7670 7670 7670 4262
20190510 1334 7615 7615 7615 7615 10
20190510 1344 7610 7610 7610 7610 1
20190510 1448 7670 7670 7670 7670 5
20190510 1451 7650 7650 7650 7650 2
20190510 1452 7650 7650 7650 7650 3
20190513 910 7685 7685 7685 7685 1
20190513 912 7680 7680 7680 7680 1
20190513 915 7700 7700 7700 7700 19
20190513 916 7720 7720 7720 7720 1
20190513 928 7740 7740 7740 7740 13
20190513 930 7755 7755 7755 7755 21
20190513 938 7770 7770 7770 7770 100
20190513 948 7790 7790 7790 7790 6
20190513 950 7800 7800 7800 7800 3
20190513 952 7775 7775 7775 7775 4261
20190513 956 7775 7775 7775 7775 1
20190513 959 7775 7775 7775 7775 1
20190513 1011 7800 7800 7765 7765 8
20190513 1054 7755 7755 7755 7755 1378
20190513 1117 7730 7730 7730 7730 502
20190513 1120 7700 7700 7700 7700 6
20190513 1137 7700 7700 7700 7700 222
20190513 1214 7740 7740 7740 7740 3696
20190513 1224 7740 7740 7740 7740 1
20190513 1244 7700 7700 7700 7700 1
20190513 1328 7675 7675 7675 7675 1
20190513 1415 7665 7665 7665 7665 130
20190513 1418 7675 7675 7675 7675 9
20190513 1437 7660 7660 7660 7660 1
20190513 1530 7690 7690 7690 7690 1
20190514 902 7630 7630 7630 7630 1
20190514 904 7620 7620 7620 7620 11
20190514 906 7615 7615 7615 7615 1
20190514 1003 7645 7645 7645 7645 1
20190514 1010 7660 7660 7660 7660 3692
20190514 1025 7655 7655 7655 7655 3
20190514 1110 7625 7625 7625 7625 21
20190514 1111 7645 7645 7645 7645 1303
20190514 1112 7620 7620 7620 7620 14
20190514 1123 7645 7645 7645 7645 2632
20190514 1243 7660 7660 7660 7660 4131
20190514 1318 7670 7670 7670 7670 1
20190514 1319 7660 7660 7660 7660 1
20190514 1328 7645 7645 7645 7645 1
20190514 1404 7635 7635 7635 7635 125
20190514 1405 7630 7630 7630 7630 200
20190514 1438 7625 7625 7625 7625 15
20190514 1514 7655 7655 7655 7655 325
20190514 1530 7670 7670 7670 7670 1
20190515 901 7690 7690 7680 7680 35
20190515 908 7640 7640 7640 7640 200
20190515 909 7640 7640 7640 7640 1
20190515 918 7630 7630 7630 7630 100
20190515 953 7685 7685 7685 7685 128
20190515 1027 7700 7700 7700 7700 200
20190515 1040 7700 7700 7700 7700 11
20190515 1054 7730 7730 7730 7730 72
20190515 1058 7700 7700 7700 7700 69
20190515 1104 7680 7680 7680 7680 1
20190515 1129 7665 7665 7665 7665 1
20190515 1140 7660 7660 7660 7660 1
20190515 1223 7650 7650 7650 7650 16
20190515 1347 7650 7650 7650 7650 10
20190515 1359 7630 7630 7630 7630 1
20190515 1403 7630 7630 7630 7630 1
20190515 1416 7605 7605 7605 7605 5
20190515 1419 7605 7605 7605 7605 10
20190515 1422 7625 7625 7625 7625 1
20190515 1427 7635 7635 7635 7635 886
20190515 1435 7605 7605 7605 7605 1
20190515 1530 7645 7645 7645 7645 1
20190516 901 7635 7635 7635 7635 2
20190516 910 7650 7650 7650 7650 2
20190516 942 7645 7645 7645 7645 885
20190516 1014 7625 7625 7625 7625 4775
20190516 1041 7610 7610 7610 7610 1
20190516 1105 7625 7625 7625 7625 1
20190516 1220 7620 7620 7620 7620 6
20190516 1309 7640 7640 7640 7640 1689
20190516 1334 7620 7620 7620 7620 2
20190516 1530 7640 7640 7640 7640 1
20190517 906 7635 7635 7635 7635 100
20190517 908 7600 7600 7600 7600 1
20190517 916 7580 7580 7580 7580 2
20190517 1118 7620 7620 7620 7620 1102
20190517 1315 7590 7590 7590 7590 200
20190517 1326 7580 7580 7580 7580 101
20190517 1452 7575 7575 7575 7575 1
20190517 1501 7560 7560 7560 7560 20
20190517 1506 7550 7550 7540 7540 200
20190517 1512 7545 7545 7545 7545 1
20190517 1530 7555 7555 7555 7555 1
20190520 901 7565 7565 7565 7565 1
20190520 906 7585 7585 7585 7585 1
20190520 912 7585 7585 7585 7585 1
20190520 926 7530 7530 7530 7530 185
20190520 941 7525 7525 7525 7525 442
20190520 949 7525 7525 7525 7525 1
20190520 951 7535 7545 7535 7545 4
20190520 952 7545 7545 7545 7545 291
20190520 1003 7545 7545 7545 7545 1
20190520 1006 7570 7570 7570 7570 847
20190520 1007 7570 7570 7570 7570 357
20190520 1013 7540 7540 7540 7540 296
20190520 1021 7540 7540 7540 7540 69
20190520 1022 7530 7530 7530 7530 72
20190520 1029 7530 7530 7530 7530 415
20190520 1031 7555 7555 7555 7555 212
20190520 1108 7525 7525 7525 7525 14
20190520 1116 7510 7510 7510 7510 1
20190520 1215 7525 7525 7525 7525 327
20190520 1246 7505 7505 7505 7505 1
20190520 1304 7505 7505 7505 7505 2187
20190520 1305 7505 7505 7505 7505 43
20190520 1306 7505 7505 7505 7505 215
20190520 1317 7505 7505 7505 7505 327
20190520 1335 7490 7490 7490 7490 6
20190520 1401 7490 7490 7490 7490 2188
20190520 1420 7485 7485 7485 7485 8
20190520 1431 7480 7480 7480 7480 2
20190520 1452 7480 7480 7480 7480 2
20190520 1503 7470 7470 7470 7470 1
20190521 901 7435 7435 7435 7435 353
20190521 904 7475 7475 7475 7475 1
20190521 914 7485 7490 7485 7490 602
20190521 922 7495 7495 7495 7495 1
20190521 929 7495 7495 7495 7495 14
20190521 1031 7475 7475 7475 7475 46
20190521 1145 7480 7480 7480 7480 3
20190521 1301 7475 7475 7475 7475 1
20190521 1425 7435 7435 7435 7435 200
20190521 1428 7435 7435 7435 7435 493
20190521 1459 7415 7415 7410 7410 2
20190521 1500 7415 7425 7415 7420 6
20190521 1504 7430 7440 7430 7435 3
20190521 1505 7440 7440 7440 7440 1
20190521 1506 7435 7435 7435 7435 1
20190521 1507 7430 7430 7425 7425 2
20190521 1512 7420 7420 7420 7420 1
20190521 1517 7425 7425 7425 7425 1
20190521 1519 7420 7420 7415 7415 2
20190521 1530 7430 7430 7430 7430 1
20190522 901 7450 7450 7450 7450 1
20190522 909 7405 7405 7405 7405 20
20190522 910 7400 7400 7400 7400 1
20190522 915 7390 7390 7390 7390 693
20190522 919 7420 7420 7415 7415 3
20190522 920 7410 7415 7410 7415 2
20190522 921 7410 7415 7410 7410 3
20190522 925 7410 7410 7410 7410 1
20190522 926 7405 7405 7395 7395 3
20190522 941 7390 7390 7380 7380 3
20190522 943 7375 7375 7375 7375 708
20190522 953 7370 7370 7370 7370 3
20190522 1001 7340 7340 7340 7340 2
20190522 1007 7355 7355 7350 7350 2
20190522 1011 7355 7360 7350 7350 4
20190522 1014 7355 7355 7355 7355 4
20190522 1015 7350 7350 7350 7350 1
20190522 1020 7370 7370 7365 7365 2
20190522 1025 7380 7380 7375 7375 2
20190522 1027 7375 7380 7375 7380 2
20190522 1028 7375 7375 7375 7375 1
20190522 1036 7375 7375 7370 7370 2
20190522 1037 7375 7375 7370 7370 3
20190522 1038 7365 7365 7365 7365 1
20190522 1039 7360 7360 7350 7350 3
20190522 1044 7345 7345 7345 7345 1
20190522 1047 7340 7340 7340 7340 1
20190522 1055 7370 7370 7360 7360 4
20190522 1056 7355 7355 7355 7355 1
20190522 1057 7360 7360 7355 7355 2
20190522 1058 7350 7350 7345 7345 2
20190522 1106 7360 7365 7355 7355 3
20190522 1107 7350 7350 7350 7350 1
20190522 1109 7355 7360 7355 7360 2
20190522 1110 7365 7365 7355 7355 3
20190522 1111 7350 7350 7350 7350 1
20190522 1120 7345 7345 7345 7345 708
20190522 1121 7370 7370 7365 7365 2
20190522 1122 7360 7360 7360 7360 1
20190522 1123 7355 7355 7350 7350 2
20190522 1127 7345 7345 7345 7345 1
20190522 1134 7350 7350 7345 7345 2
20190522 1135 7350 7350 7345 7345 3
20190522 1136 7345 7345 7345 7345 1
20190522 1137 7345 7355 7345 7345 4
20190522 1159 7360 7365 7360 7360 3
20190522 1201 7370 7370 7370 7370 1
20190522 1213 7375 7375 7375 7375 1
20190522 1308 7415 7415 7415 7415 4
20190522 1356 7430 7440 7430 7430 4
20190522 1402 7445 7445 7440 7440 2
20190522 1404 7435 7435 7435 7435 1
20190522 1405 7430 7430 7430 7430 1
20190522 1429 7455 7455 7450 7450 2
20190522 1430 7455 7455 7450 7450 2
20190522 1432 7455 7455 7455 7455 2
20190522 1435 7450 7450 7450 7450 1
20190522 1439 7470 7470 7465 7465 2
20190522 1440 7460 7460 7460 7460 1
20190522 1441 7460 7460 7460 7460 400
20190522 1444 7455 7455 7455 7455 1
20190522 1445 7450 7450 7450 7450 1
20190522 1446 7445 7445 7440 7440 2
20190522 1448 7450 7450 7450 7450 1
20190522 1449 7445 7445 7445 7445 1
20190522 1451 7440 7440 7440 7440 1
20190522 1452 7440 7450 7440 7445 3
20190522 1454 7440 7440 7440 7440 1
20190522 1458 7450 7450 7450 7450 1
20190522 1459 7460 7460 7450 7450 3
20190522 1519 7455 7460 7455 7460 2
20190522 1520 7450 7450 7450 7450 1
20190522 1530 7445 7445 7445 7445 11
20190523 901 7430 7430 7430 7430 1
20190523 902 7415 7415 7415 7415 1
20190523 925 7385 7385 7385 7385 1
20190523 944 7355 7355 7355 7355 1
20190523 1001 7370 7370 7365 7365 2
20190523 1003 7365 7365 7355 7355 8
20190523 1006 7350 7350 7350 7350 1
20190523 1015 7340 7340 7340 7340 1
20190523 1020 7355 7355 7355 7355 1
20190523 1021 7350 7350 7350 7350 1
20190523 1035 7345 7345 7345 7345 1
20190523 1036 7340 7340 7340 7340 1
20190523 1041 7350 7350 7350 7350 2
20190523 1047 7350 7350 7350 7350 1
20190523 1048 7345 7345 7345 7345 1
20190523 1050 7340 7345 7340 7340 3
20190523 1052 7350 7350 7350 7350 1
20190523 1053 7345 7345 7345 7345 1
20190523 1102 7355 7355 7355 7355 1
20190523 1129 7390 7390 7385 7390 4
20190523 1130 7385 7385 7385 7385 1
20190523 1132 7405 7405 7395 7395 4
20190523 1133 7390 7400 7390 7390 6
20190523 1134 7400 7400 7395 7395 2
20190523 1140 7390 7390 7390 7390 1
20190523 1142 7385 7385 7385 7385 2
20190523 1156 7400 7415 7400 7405 5
20190523 1157 7400 7400 7400 7400 1
20190523 1204 7415 7415 7410 7410 2
20190523 1206 7405 7405 7405 7405 1
20190523 1207 7420 7420 7415 7415 2
20190523 1208 7410 7410 7410 7410 1
20190523 1211 7405 7405 7405 7405 1
20190523 1244 7400 7400 7400 7400 1
20190523 1328 7425 7425 7420 7420 2
20190523 1337 7415 7415 7415 7415 1
20190523 1339 7410 7410 7410 7410 1
20190523 1345 7405 7405 7405 7405 1
20190523 1346 7405 7410 7390 7390 502
20190523 1347 7405 7405 7400 7400 3
20190523 1349 7415 7415 7410 7410 5
20190523 1350 7410 7410 7410 7410 1
20190523 1351 7415 7415 7405 7405 4
20190523 1403 7400 7400 7400 7400 1
20190523 1427 7410 7410 7410 7410 3
20190523 1440 7420 7420 7420 7420 2
20190523 1441 7415 7415 7405 7405 3
20190523 1448 7400 7400 7400 7400 2
20190523 1449 7410 7410 7405 7405 4
20190523 1451 7410 7410 7405 7405 5
20190523 1456 7405 7405 7405 7405 1
20190523 1457 7410 7410 7405 7405 3
20190523 1509 7400 7400 7400 7400 1
20190523 1512 7410 7410 7400 7400 3
20190523 1515 7395 7395 7390 7390 3
20190523 1516 7385 7385 7385 7385 1
20190523 1530 7400 7400 7400 7400 1
20190524 901 7370 7370 7360 7360 12
20190524 1118 7310 7310 7310 7310 40
20190524 1120 7315 7315 7315 7315 3
20190524 1124 7315 7315 7315 7315 1
20190524 1233 7300 7300 7300 7300 1
20190524 1347 7310 7310 7310 7310 14
20190524 1350 7320 7320 7320 7320 15
20190524 1358 7320 7320 7320 7320 1
20190524 1427 7310 7310 7310 7310 1
20190524 1459 7310 7310 7310 7310 1
20190524 1500 7305 7305 7305 7305 1
20190524 1501 7305 7310 7305 7310 5
20190524 1502 7305 7305 7305 7305 1
20190524 1504 7305 7305 7305 7305 2
20190524 1505 7320 7320 7315 7315 3
20190524 1506 7315 7320 7310 7315 5
20190524 1509 7325 7325 7310 7310 4
20190524 1513 7320 7325 7320 7320 11
20190524 1514 7330 7330 7320 7320 3
20190524 1517 7330 7330 7325 7325 3
20190524 1518 7320 7320 7320 7320 1
20190524 1530 7335 7335 7335 7335 1
20190527 901 7270 7270 7250 7250 187
20190527 902 7245 7245 7245 7245 50
20190527 903 7215 7215 7215 7215 1
20190527 905 7225 7230 7225 7225 3
20190527 907 7230 7230 7220 7220 3
20190527 915 7255 7260 7250 7250 3
20190527 916 7260 7260 7260 7260 1
20190527 918 7280 7280 7270 7270 3
20190527 926 7295 7295 7295 7295 1
20190527 927 7295 7300 7290 7295 4
20190527 928 7290 7290 7290 7290 1
20190527 931 7310 7310 7300 7300 3
20190527 932 7295 7295 7295 7295 1
20190527 938 7320 7320 7310 7310 4
20190527 940 7320 7320 7320 7320 2
20190527 943 7325 7325 7325 7325 2
20190527 944 7320 7320 7320 7320 1
20190527 945 7340 7340 7325 7325 4
20190527 950 7320 7320 7320 7320 1
20190527 952 7325 7325 7315 7315 4
20190527 956 7310 7310 7310 7310 1
20190527 958 7310 7320 7310 7320 3
20190527 959 7310 7310 7310 7310 2
20190527 1002 7305 7305 7305 7305 1
20190527 1018 7315 7315 7305 7305 3
20190527 1037 7300 7300 7300 7300 1
20190527 1101 7315 7315 7310 7310 3
20190527 1113 7305 7305 7305 7305 325
20190527 1114 7300 7300 7300 7300 1
20190527 1115 7295 7295 7290 7290 626
20190527 1118 7295 7305 7295 7295 5
20190527 1119 7290 7290 7290 7290 1
20190527 1120 7300 7300 7295 7300 4
20190527 1121 7290 7290 7290 7290 2
20190527 1122 7285 7285 7285 7285 1
20190527 1123 7285 7285 7285 7285 1
20190527 1131 7295 7295 7290 7290 3
20190527 1132 7285 7285 7285 7285 1
20190527 1133 7290 7295 7285 7285 3
20190527 1135 7280 7280 7280 7280 1
20190527 1139 7285 7285 7285 7285 1
20190527 1140 7285 7285 7285 7285 1
20190527 1141 7280 7280 7280 7280 3
20190527 1147 7275 7275 7275 7275 1
20190527 1148 7270 7270 7270 7270 1
20190527 1157 7275 7275 7275 7275 200
20190527 1201 7275 7275 7275 7275 486
20190527 1204 7265 7265 7265 7265 1
20190527 1205 7260 7260 7260 7260 1
20190527 1208 7255 7255 7255 7255 1
20190527 1348 7250 7250 7250 7250 14
20190527 1352 7250 7250 7250 7250 128
20190527 1353 7245 7245 7240 7240 104
20190527 1356 7235 7235 7235 7235 1
20190527 1403 7230 7230 7230 7230 1
20190527 1406 7225 7225 7225 7225 1
20190527 1407 7220 7220 7220 7220 285
20190527 1408 7220 7220 7220 7220 200
20190527 1410 7225 7225 7225 7225 200
20190527 1456 7250 7250 7245 7250 3
20190527 1458 7255 7255 7250 7250 3
20190527 1501 7255 7260 7255 7255 4
20190527 1505 7250 7250 7250 7250 1
20190527 1506 7250 7250 7245 7245 4
20190527 1510 7255 7260 7250 7260 3
20190527 1511 7245 7245 7245 7245 1
20190527 1512 7255 7255 7250 7250 16
20190527 1513 7255 7255 7250 7250 8
20190527 1515 7255 7260 7255 7260 6
20190527 1516 7265 7270 7260 7260 12
20190527 1517 7270 7270 7260 7260 12
20190527 1520 7265 7265 7265 7265 9
20190527 1530 7275 7275 7275 7275 9
20190528 901 7250 7250 7250 7250 4
20190528 907 7295 7295 7285 7285 3
20190528 908 7280 7280 7280 7280 1
20190528 909 7275 7285 7275 7285 2
20190528 910 7280 7280 7280 7280 1
20190528 911 7275 7275 7275 7275 1
20190528 915 7275 7275 7275 7275 500
20190528 916 7295 7300 7290 7290 4
20190528 917 7285 7285 7285 7285 1
20190528 918 7290 7295 7285 7285 5
20190528 925 7295 7295 7290 7290 3
20190528 927 7300 7300 7290 7290 3
20190528 928 7285 7285 7285 7285 1
20190528 929 7285 7285 7280 7280 3
20190528 931 7295 7295 7290 7290 2
20190528 932 7285 7285 7285 7285 1
20190528 934 7280 7280 7270 7270 47
20190528 940 7280 7280 7270 7270 3
20190528 941 7265 7265 7265 7265 1
20190528 943 7275 7275 7275 7275 1
20190528 944 7275 7275 7275 7275 1
20190528 949 7285 7285 7280 7280 2
20190528 957 7295 7295 7290 7290 2
20190528 958 7290 7290 7290 7290 1
20190528 959 7285 7285 7285 7285 2
20190528 1007 7280 7280 7280 7280 1
20190528 1008 7285 7285 7275 7275 3
20190528 1019 7285 7285 7285 7285 1
20190528 1043 7295 7300 7295 7300 2
20190528 1045 7290 7290 7290 7290 1
20190528 1107 7290 7290 7290 7290 14
20190528 1124 7285 7285 7285 7285 1
20190528 1133 7305 7305 7295 7295 3
20190528 1134 7290 7290 7290 7290 1
20190528 1340 7300 7305 7300 7305 2
20190528 1351 7295 7295 7295 7295 1
20190528 1406 7295 7295 7295 7295 16
20190528 1426 7325 7325 7325 7325 10
20190528 1431 7335 7335 7330 7330 2
20190528 1433 7335 7335 7335 7335 1
20190528 1434 7330 7330 7325 7325 2
20190528 1444 7325 7325 7320 7320 2
20190528 1501 7315 7315 7315 7315 1
20190528 1504 7310 7310 7310 7310 1
20190528 1515 7325 7325 7325 7325 13
20190528 1530 7265 7265 7265 7265 32
20190529 901 7270 7275 7270 7275 5000
20190529 941 7225 7225 7225 7225 1
20190529 1002 7225 7225 7225 7225 2
20190529 1114 7230 7230 7230 7230 126
20190529 1440 7315 7315 7305 7305 3
20190529 1441 7300 7300 7295 7295 2
20190529 1442 7300 7305 7300 7300 3
20190529 1443 7295 7295 7290 7290 2
20190529 1446 7315 7315 7305 7305 4
20190529 1447 7300 7300 7300 7300 1
20190529 1448 7295 7295 7295 7295 1
20190529 1449 7290 7290 7290 7290 1
20190529 1453 7285 7285 7280 7280 2
20190529 1454 7275 7275 7275 7275 1
20190529 1501 7270 7270 7270 7270 1
20190529 1530 7265 7265 7265 7265 9
20190530 901 7290 7290 7270 7270 2
20190530 909 7335 7335 7335 7335 1
20190530 911 7330 7330 7330 7330 1
20190530 912 7325 7325 7325 7325 1
20190530 913 7320 7325 7315 7315 4
20190530 919 7310 7310 7310 7310 1
20190530 936 7325 7325 7325 7325 1
20190530 959 7320 7320 7320 7320 1
20190530 1001 7315 7315 7310 7310 2
20190530 1141 7315 7315 7315 7315 3
20190530 1244 7330 7330 7330 7330 2
20190530 1314 7350 7350 7350 7350 1
20190530 1406 7360 7360 7360 7360 60
20190530 1431 7340 7340 7340 7340 13
20190530 1450 7365 7365 7365 7365 1
20190530 1451 7360 7360 7360 7360 1
20190530 1453 7355 7355 7355 7355 1
20190530 1454 7350 7350 7350 7350 1
20190530 1455 7345 7345 7345 7345 29
20190530 1457 7335 7335 7335 7335 1
20190530 1502 7355 7355 7345 7345 4
20190530 1510 7360 7360 7355 7355 3
20190530 1516 7375 7375 7365 7365 4
20190530 1519 7365 7370 7365 7370 3
20190530 1530 7370 7370 7370 7370 9
20190531 901 7330 7330 7330 7330 1
20190531 902 7310 7310 7310 7310 13
20190531 919 7375 7375 7375 7375 1
20190531 920 7370 7370 7370 7370 1
20190531 923 7380 7380 7375 7375 2
20190531 924 7370 7370 7360 7360 3
20190531 935 7365 7370 7360 7360 3
20190531 940 7375 7375 7365 7365 3
20190531 941 7360 7360 7360 7360 1
20190531 944 7355 7355 7350 7350 17
20190531 946 7375 7375 7370 7370 2
20190531 949 7380 7380 7375 7375 3
20190531 955 7390 7390 7380 7380 3
20190531 958 7375 7375 7375 7375 1
20190531 959 7370 7370 7370 7370 1
20190531 1000 7365 7365 7365 7365 1
20190531 1002 7360 7360 7350 7350 3
20190531 1003 7345 7345 7340 7340 2
20190531 1040 7385 7390 7375 7375 5
20190531 1045 7400 7400 7395 7395 2
20190531 1046 7400 7400 7400 7400 1
20190531 1047 7390 7390 7390 7390 1
20190531 1050 7400 7400 7395 7395 3
20190531 1051 7390 7390 7390 7390 1
20190531 1053 7385 7385 7385 7385 51
20190531 1055 7380 7390 7380 7390 4
20190531 1056 7395 7395 7380 7380 4
20190531 1059 7390 7390 7375 7375 4
20190531 1110 7385 7385 7385 7385 1
20190531 1111 7390 7390 7385 7385 2
20190531 1112 7380 7380 7380 7380 1
20190531 1116 7385 7385 7380 7380 5
20190531 1119 7380 7380 7380 7380 50
20190531 1121 7375 7375 7375 7375 1
20190531 1124 7380 7380 7375 7375 4
20190531 1126 7370 7370 7370 7370 52
20190531 1128 7375 7375 7370 7375 5
20190531 1132 7365 7365 7360 7360 2
20190531 1142 7370 7375 7370 7375 3
20190531 1143 7370 7370 7370 7370 1
20190531 1145 7365 7365 7365 7365 1
20190531 1151 7380 7380 7370 7370 3
20190531 1152 7365 7365 7365 7365 1
20190531 1203 7360 7360 7360 7360 1
20190531 1209 7360 7360 7360 7360 50
20190531 1212 7355 7355 7355 7355 51
20190531 1220 7370 7370 7360 7360 3
20190531 1227 7355 7355 7355 7355 1
20190531 1238 7350 7350 7350 7350 1
20190531 1325 7375 7375 7365 7365 3
20190531 1329 7365 7365 7360 7360 2
20190531 1330 7370 7370 7365 7365 2
20190531 1331 7360 7360 7360 7360 1
20190531 1332 7355 7355 7355 7355 1
20190531 1338 7365 7365 7365 7365 500
20190531 1344 7355 7355 7355 7355 1
20190531 1348 7360 7360 7360 7360 24
20190531 1351 7350 7350 7350 7350 3
20190531 1359 7345 7345 7345 7345 51
20190531 1401 7355 7355 7355 7355 109
20190531 1410 7340 7340 7340 7340 1
20190531 1416 7335 7335 7335 7335 1
20190531 1422 7330 7330 7330 7330 1
20190531 1430 7345 7345 7340 7340 2
20190531 1431 7335 7335 7335 7335 1
20190531 1436 7350 7350 7345 7345 24
20190531 1437 7355 7355 7345 7345 12
20190531 1438 7340 7340 7340 7340 4
20190531 1441 7345 7345 7345 7345 4
20190531 1442 7340 7340 7340 7340 8
20190531 1443 7340 7340 7340 7340 4
20190531 1444 7335 7335 7335 7335 8
20190531 1447 7345 7345 7335 7335 24
20190531 1453 7345 7345 7340 7340 12
20190531 1454 7345 7345 7340 7340 12
20190531 1456 7335 7335 7335 7335 4
20190531 1502 7345 7345 7340 7340 54
20190531 1504 7335 7335 7335 7335 9
20190531 1508 7345 7345 7345 7345 49
20190531 1510 7330 7330 7330 7330 22
20190531 1530 7360 7360 7360 7360 1
