날짜 시간 시가 고가 저가 종가 거래량
20200601 901 29700 29700 29500 29550 73648
20200601 902 29550 29650 29350 29650 22714
20200601 903 29650 29800 29600 29800 19726
20200601 904 29800 29900 29750 29800 25083
20200601 905 29850 29850 29650 29750 18046
20200601 906 29750 29850 29750 29850 10815
20200601 907 29850 29950 29800 29850 35106
20200601 908 29800 29900 29800 29850 10587
20200601 909 29850 29900 29800 29850 15345
20200601 910 29900 29900 29800 29800 14867
20200601 911 29850 29850 29800 29800 9271
20200601 912 29800 29850 29800 29800 5482
20200601 913 29800 29800 29750 29750 13105
20200601 914 29750 29800 29700 29700 24322
20200601 915 29750 29750 29650 29650 7444
20200601 916 29650 29650 29550 29600 21859
20200601 917 29650 29650 29450 29450 32236
20200601 918 29450 29550 29400 29500 18420
20200601 919 29550 29550 29450 29500 10194
20200601 920 29500 29550 29450 29450 11197
20200601 921 29450 29550 29450 29500 7869
20200601 922 29500 29600 29500 29600 9657
20200601 923 29550 29550 29500 29500 9636
20200601 924 29500 29550 29500 29550 11285
20200601 925 29500 29550 29450 29500 26067
20200601 926 29450 29550 29450 29500 10642
20200601 927 29500 29550 29450 29450 10784
20200601 928 29450 29500 29450 29450 11079
20200601 929 29450 29500 29450 29500 5921
20200601 930 29450 29550 29450 29550 4542
20200601 931 29550 29600 29500 29550 23696
20200601 932 29550 29600 29500 29550 2805
20200601 933 29550 29550 29500 29500 10938
20200601 934 29500 29500 29450 29500 11430
20200601 935 29500 29500 29450 29450 5513
20200601 936 29450 29500 29400 29450 19468
20200601 937 29450 29450 29350 29400 18739
20200601 938 29350 29400 29300 29350 12489
20200601 939 29350 29350 29300 29300 27673
20200601 940 29300 29350 29250 29250 15438
20200601 941 29300 29350 29250 29250 19526
20200601 942 29250 29300 29250 29250 10776
20200601 943 29300 29300 29200 29250 37248
20200601 944 29250 29300 29200 29250 23864
20200601 945 29250 29300 29200 29300 9383
20200601 946 29300 29300 29250 29300 2569
20200601 947 29250 29300 29250 29300 3752
20200601 948 29300 29300 29250 29250 5400
20200601 949 29250 29400 29250 29400 13827
20200601 950 29350 29450 29350 29400 8162
20200601 951 29400 29400 29300 29300 6847
20200601 952 29300 29400 29300 29400 4923
20200601 953 29350 29400 29350 29350 1938
20200601 954 29400 29400 29350 29400 3595
20200601 955 29400 29400 29300 29400 5321
20200601 956 29350 29400 29350 29350 1146
20200601 957 29350 29400 29350 29400 587
20200601 958 29400 29400 29350 29400 1000
20200601 959 29400 29400 29350 29400 8388
20200601 1000 29400 29400 29350 29350 1432
20200601 1001 29400 29400 29350 29350 1417
20200601 1002 29350 29400 29350 29400 2285
20200601 1003 29350 29400 29350 29350 2958
20200601 1004 29350 29450 29350 29450 14351
20200601 1005 29450 29500 29400 29500 4389
20200601 1006 29450 29550 29450 29550 7851
20200601 1007 29550 29600 29550 29550 5719
20200601 1008 29550 29600 29500 29550 11447
20200601 1009 29550 29600 29500 29600 10452
20200601 1010 29600 29700 29600 29700 6079
20200601 1011 29700 29700 29650 29650 2537
20200601 1012 29700 29750 29700 29750 17900
20200601 1013 29750 29800 29700 29750 11207
20200601 1014 29750 29750 29700 29700 13580
20200601 1015 29700 29800 29700 29750 3598
20200601 1016 29750 29800 29750 29800 4546
20200601 1017 29800 29800 29750 29750 1321
20200601 1018 29800 29800 29750 29800 7880
20200601 1019 29800 29800 29750 29800 1523
20200601 1020 29750 29800 29750 29750 952
20200601 1021 29750 29800 29750 29800 1353
20200601 1022 29750 29800 29750 29800 1823
20200601 1023 29750 29800 29750 29800 16680
20200601 1024 29800 29850 29800 29850 3982
20200601 1025 29800 29850 29800 29850 3053
20200601 1026 29800 29850 29800 29800 809
20200601 1027 29800 29850 29800 29800 893
20200601 1028 29800 29900 29800 29900 36860
20200601 1029 29850 29900 29850 29900 4138
20200601 1030 29850 29900 29850 29850 4950
20200601 1031 29900 29900 29850 29900 4279
20200601 1032 29850 29900 29800 29850 13684
20200601 1033 29850 29850 29800 29800 836
20200601 1034 29800 29850 29800 29800 1660
20200601 1035 29850 29850 29800 29850 4077
20200601 1036 29850 29900 29800 29900 13767
20200601 1037 29850 29950 29850 29900 15147
20200601 1038 29900 29950 29850 29850 25443
20200601 1039 29900 29900 29850 29850 927
20200601 1040 29900 29900 29850 29850 1991
20200601 1041 29900 29900 29850 29900 1621
20200601 1042 29850 29900 29850 29900 1363
20200601 1043 29850 29900 29850 29850 3336
20200601 1044 29850 29900 29800 29800 21528
20200601 1045 29800 29850 29800 29800 1965
20200601 1046 29800 29850 29800 29850 3805
20200601 1047 29850 29850 29800 29800 629
20200601 1048 29800 29850 29800 29850 740
20200601 1049 29800 29850 29800 29800 7540
20200601 1050 29800 29850 29800 29800 1558
20200601 1051 29850 29850 29800 29800 9751
20200601 1052 29800 29850 29800 29850 314
20200601 1053 29850 29850 29800 29800 2320
20200601 1054 29800 29850 29800 29800 1193
20200601 1055 29850 29850 29800 29850 4824
20200601 1056 29800 29850 29800 29850 804
20200601 1057 29850 29850 29800 29850 2578
20200601 1058 29800 29850 29800 29800 946
20200601 1059 29850 29850 29750 29800 30929
20200601 1100 29750 29800 29750 29750 1727
20200601 1101 29750 29800 29750 29750 3786
20200601 1102 29750 29800 29750 29750 952
20200601 1103 29750 29800 29750 29800 1380
20200601 1104 29750 29800 29750 29750 1445
20200601 1105 29800 29800 29750 29750 1254
20200601 1106 29750 29800 29750 29750 3413
20200601 1107 29800 29800 29700 29700 19342
20200601 1108 29700 29750 29700 29750 967
20200601 1109 29750 29750 29700 29750 2709
20200601 1110 29700 29750 29700 29700 578
20200601 1111 29700 29750 29700 29700 1785
20200601 1112 29750 29750 29700 29750 2864
20200601 1113 29700 29750 29700 29750 2881
20200601 1114 29700 29800 29700 29800 7272
20200601 1115 29800 29800 29750 29750 489
20200601 1116 29750 29800 29750 29800 5753
20200601 1117 29800 29800 29750 29750 458
20200601 1118 29750 29800 29700 29700 14114
20200601 1119 29750 29750 29700 29750 1229
20200601 1120 29700 29750 29700 29750 802
20200601 1121 29750 29750 29700 29700 803
20200601 1122 29700 29750 29700 29700 1273
20200601 1123 29750 29750 29700 29750 1416
20200601 1124 29700 29750 29700 29750 458
20200601 1125 29750 29750 29700 29750 2718
20200601 1126 29700 29800 29700 29750 7323
20200601 1127 29800 29800 29750 29800 373
20200601 1128 29750 29800 29750 29750 1133
20200601 1129 29750 29800 29750 29800 1749
20200601 1130 29800 29800 29750 29750 1231
20200601 1131 29750 29800 29750 29750 706
20200601 1132 29750 29800 29750 29800 903
20200601 1133 29750 29800 29750 29750 616
20200601 1134 29800 29800 29750 29750 416
20200601 1135 29750 29800 29750 29750 852
20200601 1136 29800 29800 29750 29750 1292
20200601 1137 29800 29800 29750 29800 1210
20200601 1138 29750 29800 29750 29800 1690
20200601 1139 29800 29800 29750 29750 948
20200601 1140 29800 29800 29750 29800 1141
20200601 1141 29800 29800 29750 29800 1179
20200601 1142 29750 29800 29750 29750 2520
20200601 1143 29750 29800 29750 29750 3187
20200601 1144 29750 29800 29750 29800 463
20200601 1145 29800 29800 29750 29800 1899
20200601 1146 29800 29800 29750 29800 787
20200601 1147 29750 29800 29750 29750 1372
20200601 1148 29800 29800 29750 29750 1134
20200601 1149 29800 29800 29750 29800 1270
20200601 1150 29750 29800 29750 29800 722
20200601 1151 29800 29800 29750 29750 867
20200601 1152 29750 29800 29750 29800 418
20200601 1153 29800 29800 29750 29750 2767
20200601 1154 29800 29800 29750 29800 662
20200601 1155 29800 29800 29750 29800 312
20200601 1156 29750 29800 29750 29750 928
20200601 1157 29750 29800 29750 29800 879
20200601 1158 29800 29800 29750 29800 1953
20200601 1159 29800 29800 29750 29800 754
20200601 1200 29750 29800 29750 29800 1459
20200601 1201 29800 29800 29750 29800 22990
20200601 1202 29800 29850 29800 29850 504
20200601 1203 29850 29850 29800 29850 1084
20200601 1204 29850 29850 29800 29850 1151
20200601 1205 29800 29900 29800 29850 10478
20200601 1206 29850 29900 29850 29900 2157
20200601 1207 29850 29900 29850 29900 1136
20200601 1208 29850 29900 29850 29900 572
20200601 1209 29850 29900 29850 29900 968
20200601 1210 29900 29900 29850 29850 1006
20200601 1211 29850 29900 29850 29900 2731
20200601 1212 29850 29900 29800 29850 21328
20200601 1213 29800 29900 29800 29900 4216
20200601 1214 29850 29900 29850 29900 1642
20200601 1215 29900 29900 29850 29900 485
20200601 1216 29900 29900 29850 29900 3740
20200601 1217 29900 29900 29800 29850 5497
20200601 1218 29850 29850 29800 29850 13322
20200601 1219 29800 29850 29800 29850 735
20200601 1220 29800 29850 29800 29850 734
20200601 1221 29850 29850 29800 29850 340
20200601 1222 29850 29850 29750 29750 7653
20200601 1223 29800 29800 29750 29750 1310
20200601 1224 29750 29800 29750 29800 1396
20200601 1225 29800 29800 29750 29750 614
20200601 1226 29750 29800 29750 29800 817
20200601 1227 29800 29800 29750 29750 1485
20200601 1228 29750 29800 29750 29750 1237
20200601 1229 29800 29800 29750 29800 2021
20200601 1230 29800 29800 29750 29750 1081
20200601 1231 29800 29800 29750 29750 4114
20200601 1232 29750 29800 29750 29800 1554
20200601 1233 29800 29800 29750 29750 1547
20200601 1234 29750 29800 29750 29800 894
20200601 1235 29800 29800 29750 29750 881
20200601 1236 29750 29800 29750 29750 1390
20200601 1237 29800 29800 29750 29800 940
20200601 1238 29750 29800 29750 29800 3322
20200601 1239 29800 29800 29750 29800 729
20200601 1240 29750 29800 29750 29750 630
20200601 1241 29750 29800 29750 29800 789
20200601 1242 29800 29800 29750 29800 3539
20200601 1243 29800 29800 29750 29800 2614
20200601 1244 29750 29850 29750 29800 13729
20200601 1245 29850 29900 29800 29850 10892
20200601 1246 29900 29900 29850 29850 1470
20200601 1247 29850 29900 29850 29900 727
20200601 1248 29850 29900 29850 29850 2808
20200601 1249 29850 29900 29850 29850 361
20200601 1250 29850 29900 29850 29850 1470
20200601 1251 29850 29900 29850 29900 1107
20200601 1252 29900 29900 29850 29850 2044
20200601 1253 29850 29900 29850 29900 815
20200601 1254 29900 29900 29850 29900 2200
20200601 1255 29850 29900 29800 29800 11568
20200601 1256 29800 29850 29800 29800 1905
20200601 1257 29800 29850 29800 29850 1194
20200601 1258 29850 29850 29800 29850 942
20200601 1259 29850 29850 29800 29850 1014
20200601 1300 29850 29850 29800 29850 342
20200601 1301 29850 29850 29800 29800 1458
20200601 1302 29800 29850 29800 29800 6205
20200601 1303 29800 29850 29800 29800 5847
20200601 1304 29800 29850 29800 29800 787
20200601 1305 29800 29900 29800 29900 10101
20200601 1306 29850 29900 29850 29900 555
20200601 1307 29900 29900 29850 29900 1445
20200601 1308 29850 29900 29850 29900 1005
20200601 1309 29900 29900 29850 29900 521
20200601 1310 29900 29900 29850 29900 437
20200601 1311 29900 29900 29850 29900 821
20200601 1312 29900 29900 29850 29900 2495
20200601 1313 29900 29900 29850 29850 8788
20200601 1314 29850 29900 29850 29850 384
20200601 1315 29850 29900 29850 29900 677
20200601 1316 29900 29900 29850 29900 537
20200601 1317 29850 29900 29850 29850 357
20200601 1318 29900 29900 29850 29850 1533
20200601 1319 29900 29900 29850 29900 6560
20200601 1320 29850 29900 29850 29900 520
20200601 1321 29850 29900 29850 29900 2064
20200601 1322 29900 29900 29850 29900 789
20200601 1323 29900 29900 29850 29850 1410
20200601 1324 29900 29900 29850 29850 3671
20200601 1325 29850 29900 29850 29900 1107
20200601 1326 29850 29900 29850 29850 2410
20200601 1327 29850 29900 29850 29850 3395
20200601 1328 29900 29900 29850 29900 11590
20200601 1329 29900 29950 29850 29950 3390
20200601 1330 29950 29950 29900 29900 478
20200601 1331 29950 29950 29900 29900 649
20200601 1332 29900 29950 29900 29950 5563
20200601 1333 29950 29950 29900 29900 699
20200601 1334 29950 29950 29900 29900 251
20200601 1335 29900 29950 29900 29900 501
20200601 1336 29950 29950 29900 29950 2384
20200601 1337 29950 29950 29900 29900 1942
20200601 1338 29900 29950 29900 29950 494
20200601 1339 29950 29950 29900 29900 3272
20200601 1340 29950 29950 29900 29900 2690
20200601 1341 29900 29950 29900 29900 1058
20200601 1342 29900 29950 29900 29900 1639
20200601 1343 29950 29950 29900 29950 1548
20200601 1344 29900 29950 29900 29950 1733
20200601 1345 29900 30050 29900 30050 59013
20200601 1346 30050 30050 30000 30050 10147
20200601 1347 30100 30150 30050 30100 9546
20200601 1348 30100 30200 30100 30150 17490
20200601 1349 30150 30150 30000 30050 9232
20200601 1350 30000 30050 30000 30050 9368
20200601 1351 30000 30050 30000 30000 562
20200601 1352 30050 30050 30000 30000 9530
20200601 1353 30000 30000 29950 29950 1357
20200601 1354 29950 30000 29950 29950 2927
20200601 1355 29950 30000 29950 29950 12068
20200601 1356 29950 30050 29950 30050 3657
20200601 1357 30050 30050 30000 30050 1666
20200601 1358 30050 30050 30000 30050 1702
20200601 1359 30050 30050 30000 30050 942
20200601 1400 30050 30050 30000 30000 779
20200601 1401 30000 30050 30000 30000 892
20200601 1402 30000 30100 30000 30100 11734
20200601 1403 30050 30100 30050 30050 908
20200601 1404 30100 30100 30050 30050 789
20200601 1405 30050 30100 30050 30100 17427
20200601 1406 30100 30100 30050 30050 4557
20200601 1407 30100 30100 30000 30000 13396
20200601 1408 30000 30050 30000 30050 805
20200601 1409 30050 30050 30000 30000 1773
20200601 1410 30050 30050 30000 30050 3202
20200601 1411 30050 30050 30000 30000 1536
20200601 1412 30000 30050 30000 30000 1342
20200601 1413 30000 30050 30000 30000 923
20200601 1414 30000 30050 30000 30000 826
20200601 1415 30000 30050 30000 30000 1413
20200601 1416 30050 30050 30000 30000 1014
20200601 1417 30000 30050 30000 30000 836
20200601 1418 30000 30050 30000 30050 388
20200601 1419 30050 30050 30000 30050 2016
20200601 1420 30000 30050 30000 30050 1189
20200601 1421 30000 30050 30000 30050 5427
20200601 1422 30050 30050 30000 30050 768
20200601 1423 30050 30050 30000 30050 1637
20200601 1424 30000 30050 30000 30050 1450
20200601 1425 30050 30050 30000 30050 1174
20200601 1426 30000 30050 30000 30050 1992
20200601 1427 30000 30050 30000 30050 1285
20200601 1428 30000 30050 30000 30050 1438
20200601 1429 30050 30050 30000 30050 1079
20200601 1430 30050 30050 30000 30050 1102
20200601 1431 30050 30150 30000 30100 22916
20200601 1432 30100 30150 30100 30150 5386
20200601 1433 30100 30150 30100 30150 1476
20200601 1434 30150 30150 30100 30150 1581
20200601 1435 30100 30150 30100 30150 1929
20200601 1436 30150 30150 30100 30150 10816
20200601 1437 30150 30150 30100 30150 2230
20200601 1438 30100 30150 30100 30150 1379
20200601 1439 30150 30150 30100 30150 3081
20200601 1440 30150 30150 30100 30150 1201
20200601 1441 30150 30150 30100 30150 1698
20200601 1442 30150 30150 30100 30150 1190
20200601 1443 30150 30150 30100 30100 2495
20200601 1444 30100 30150 30100 30150 1359
20200601 1445 30100 30150 30100 30150 1866
20200601 1446 30150 30150 30100 30150 2437
20200601 1447 30150 30150 30100 30150 880
20200601 1448 30100 30150 30100 30150 2796
20200601 1449 30150 30150 30100 30150 1527
20200601 1450 30100 30150 30100 30150 1333
20200601 1451 30150 30150 30100 30100 2785
20200601 1452 30100 30150 30100 30150 1494
20200601 1453 30150 30150 30100 30150 4248
20200601 1454 30100 30150 30100 30100 2185
20200601 1455 30100 30150 30100 30150 2150
20200601 1456 30100 30150 30100 30150 3425
20200601 1457 30150 30150 30100 30150 2438
20200601 1458 30150 30150 30100 30150 6500
20200601 1459 30150 30150 30100 30150 2545
20200601 1500 30100 30200 30100 30200 3918
20200601 1501 30150 30200 30150 30200 6448
20200601 1502 30200 30200 30100 30150 17756
20200601 1503 30150 30150 30100 30150 1734
20200601 1504 30100 30150 30100 30150 5634
20200601 1505 30150 30150 30100 30150 1792
20200601 1506 30100 30150 30100 30150 10993
20200601 1507 30150 30150 30100 30150 1107
20200601 1508 30150 30150 30050 30100 4987
20200601 1509 30050 30100 30050 30100 3229
20200601 1510 30100 30100 30050 30100 2168
20200601 1511 30100 30100 30050 30100 2497
20200601 1512 30100 30100 30050 30100 2063
20200601 1513 30100 30100 30050 30100 2360
20200601 1514 30100 30100 30050 30100 13272
20200601 1515 30100 30100 30000 30050 3888
20200601 1516 30050 30100 30000 30100 4004
20200601 1517 30050 30100 30050 30100 2470
20200601 1518 30100 30100 30000 30000 3296
20200601 1519 30050 30050 30000 30050 5858
20200601 1520 30000 30050 30000 30050 5608
20200601 1530 30100 30100 30100 30100 96159
20200602 901 30050 30100 30000 30000 34906
20200602 902 30000 30050 29850 30000 13160
20200602 903 30050 30150 30000 30000 28516
20200602 904 30000 30200 30000 30200 11204
20200602 905 30200 30400 30200 30400 24926
20200602 906 30350 30450 30350 30400 19765
20200602 907 30400 30550 30400 30550 17301
20200602 908 30500 30600 30500 30550 12598
20200602 909 30600 30600 30400 30450 13128
20200602 910 30400 30550 30400 30400 14499
20200602 911 30400 30500 30400 30450 15683
20200602 912 30450 30600 30450 30550 12601
20200602 913 30600 30600 30500 30500 5553
20200602 914 30500 30650 30500 30600 20506
20200602 915 30650 30700 30600 30700 18305
20200602 916 30700 30800 30700 30750 9801
20200602 917 30750 30800 30700 30700 9781
20200602 918 30700 30750 30650 30650 14042
20200602 919 30650 30700 30600 30650 6092
20200602 920 30600 30650 30550 30600 5565
20200602 921 30600 30650 30550 30650 11198
20200602 922 30650 30700 30600 30650 4538
20200602 923 30650 30750 30650 30750 6877
20200602 924 30750 30800 30700 30750 15877
20200602 925 30800 30800 30700 30750 6001
20200602 926 30750 30800 30750 30800 7219
20200602 927 30750 30900 30750 30850 18948
20200602 928 30900 30950 30850 30950 10033
20200602 929 30950 31000 30900 31000 19871
20200602 930 31000 31100 30950 31050 40610
20200602 931 31050 31150 31050 31150 18687
20200602 932 31150 31200 31100 31200 13445
20200602 933 31150 31250 31150 31200 6227
20200602 934 31250 31350 31200 31350 23031
20200602 935 31350 31400 31300 31300 23005
20200602 936 31300 31350 31150 31200 26256
20200602 937 31200 31200 31050 31100 11333
20200602 938 31150 31150 31000 31050 11542
20200602 939 31100 31150 31050 31100 18949
20200602 940 31150 31150 31100 31100 3302
20200602 941 31100 31150 31100 31100 3637
20200602 942 31150 31300 31100 31300 17660
20200602 943 31300 31350 31250 31350 5564
20200602 944 31300 31350 31200 31200 17464
20200602 945 31250 31300 31200 31200 4255
20200602 946 31250 31250 31200 31200 3253
20200602 947 31250 31250 31150 31200 7419
20200602 948 31150 31200 31150 31200 3472
20200602 949 31200 31200 31150 31200 4254
20200602 950 31200 31200 31150 31150 10218
20200602 951 31150 31200 31050 31100 9111
20200602 952 31100 31150 31000 31050 7407
20200602 953 31050 31050 30900 30900 31452
20200602 954 30950 31100 30950 31100 14553
20200602 955 31100 31100 31050 31100 1360
20200602 956 31100 31100 31000 31050 10042
20200602 957 31100 31150 31050 31100 16333
20200602 958 31100 31100 31050 31100 3943
20200602 959 31050 31100 31050 31100 1408
20200602 1000 31100 31100 31050 31100 6245
20200602 1001 31100 31200 31100 31150 10921
20200602 1002 31150 31150 31100 31100 2297
20200602 1003 31150 31150 31000 31100 14413
20200602 1004 31100 31100 31050 31100 5410
20200602 1005 31150 31150 31100 31150 1652
20200602 1006 31150 31150 31100 31150 2546
20200602 1007 31100 31150 31100 31150 2871
20200602 1008 31150 31250 31100 31250 17703
20200602 1009 31200 31250 31200 31250 1197
20200602 1010 31250 31250 31200 31250 4089
20200602 1011 31250 31300 31200 31250 7561
20200602 1012 31300 31300 31250 31250 4046
20200602 1013 31300 31300 31250 31300 1663
20200602 1014 31250 31350 31250 31350 9873
20200602 1015 31350 31450 31300 31450 46855
20200602 1016 31450 31500 31450 31500 16282
20200602 1017 31500 31500 31450 31450 17149
20200602 1018 31450 31500 31350 31500 20295
20200602 1019 31450 31500 31450 31500 5583
20200602 1020 31500 31500 31350 31450 9349
20200602 1021 31450 31500 31400 31450 16542
20200602 1022 31450 31500 31400 31450 5393
20200602 1023 31450 31450 31400 31450 3371
20200602 1024 31450 31450 31400 31450 4349
20200602 1025 31450 31450 31400 31450 4541
20200602 1026 31450 31450 31350 31400 8359
20200602 1027 31400 31400 31300 31350 14635
20200602 1028 31350 31350 31250 31300 10471
20200602 1029 31300 31350 31250 31350 4974
20200602 1030 31300 31350 31250 31350 4480
20200602 1031 31350 31350 31300 31350 1100
20200602 1032 31350 31400 31300 31350 6691
20200602 1033 31350 31400 31300 31350 5623
20200602 1034 31300 31350 31150 31250 18122
20200602 1035 31250 31250 31200 31250 2325
20200602 1036 31250 31250 31150 31150 3971
20200602 1037 31150 31250 31150 31250 16966
20200602 1038 31250 31250 31200 31250 3973
20200602 1039 31200 31250 31200 31250 4243
20200602 1040 31250 31250 31150 31200 8140
20200602 1041 31250 31250 31150 31200 2164
20200602 1042 31200 31200 31150 31200 1471
20200602 1043 31150 31200 31150 31150 1322
20200602 1044 31200 31200 31150 31150 2115
20200602 1045 31200 31200 31150 31200 2742
20200602 1046 31150 31200 31150 31200 3162
20200602 1047 31200 31200 31100 31150 1457
20200602 1048 31150 31150 31100 31100 5443
20200602 1049 31100 31150 31050 31100 10124
20200602 1050 31100 31100 31050 31050 3541
20200602 1051 31050 31100 30950 30950 33929
20200602 1052 30950 31000 30900 30950 3609
20200602 1053 30950 30950 30900 30900 1608
20200602 1054 30950 30950 30900 30900 3037
20200602 1055 30950 30950 30900 30950 3500
20200602 1056 30900 31050 30900 30950 8284
20200602 1057 31000 31100 30950 31050 7653
20200602 1058 31100 31150 31050 31100 6598
20200602 1059 31100 31100 31000 31100 2687
20200602 1100 31050 31100 31000 31050 12985
20200602 1101 31050 31100 31000 31050 2486
20200602 1102 31050 31100 31000 31000 6994
20200602 1103 31000 31050 31000 31050 770
20200602 1104 31050 31200 31050 31200 28305
20200602 1105 31200 31200 31150 31200 1178
20200602 1106 31200 31200 31150 31200 565
20200602 1107 31200 31200 31150 31150 5724
20200602 1108 31100 31150 31100 31150 1958
20200602 1109 31150 31200 31100 31200 5775
20200602 1110 31200 31250 31200 31250 704
20200602 1111 31200 31250 31100 31150 1832
20200602 1112 31150 31150 31000 31050 6856
20200602 1113 31050 31050 31000 31050 854
20200602 1114 31000 31100 31000 31100 1483
20200602 1115 31100 31100 31000 31050 3147
20200602 1116 31050 31050 31000 31000 1241
20200602 1117 31050 31050 31000 31050 3103
20200602 1118 31050 31050 31000 31050 747
20200602 1119 31050 31100 31000 31100 2650
20200602 1120 31100 31100 31050 31100 952
20200602 1121 31100 31100 31050 31100 1101
20200602 1122 31100 31100 31050 31050 1079
20200602 1123 31100 31100 31050 31100 1630
20200602 1124 31100 31100 31050 31100 1887
20200602 1125 31100 31150 31050 31150 2069
20200602 1126 31150 31150 31100 31150 591
20200602 1127 31100 31150 31100 31150 3462
20200602 1128 31200 31200 31150 31200 9599
20200602 1129 31250 31250 31200 31250 4652
20200602 1130 31250 31250 31200 31250 1222
20200602 1131 31200 31250 31150 31200 1719
20200602 1132 31200 31250 31150 31250 6694
20200602 1133 31250 31250 31200 31250 789
20200602 1134 31250 31300 31200 31300 15134
20200602 1135 31300 31300 31250 31300 1328
20200602 1136 31250 31300 31250 31300 3149
20200602 1137 31250 31300 31250 31300 1218
20200602 1138 31300 31350 31250 31350 6342
20200602 1139 31350 31350 31300 31350 1738
20200602 1140 31300 31350 31300 31350 7377
20200602 1141 31350 31350 31300 31350 1149
20200602 1142 31350 31350 31300 31350 4226
20200602 1143 31300 31350 31300 31350 893
20200602 1144 31350 31400 31300 31400 14684
20200602 1145 31400 31400 31350 31400 2137
20200602 1146 31400 31400 31350 31400 1159
20200602 1147 31400 31400 31350 31350 1987
20200602 1148 31400 31400 31350 31400 894
20200602 1149 31350 31400 31350 31400 987
20200602 1150 31400 31400 31350 31400 2291
20200602 1151 31400 31400 31300 31350 8957
20200602 1152 31350 31400 31300 31400 5204
20200602 1153 31400 31400 31350 31400 2641
20200602 1154 31400 31400 31350 31400 1614
20200602 1155 31400 31400 31350 31400 3492
20200602 1156 31400 31400 31350 31400 5043
20200602 1157 31400 31400 31350 31400 1437
20200602 1158 31400 31400 31350 31400 1522
20200602 1159 31350 31400 31350 31400 1772
20200602 1200 31400 31400 31350 31400 569
20200602 1201 31350 31400 31350 31350 3822
20200602 1202 31400 31400 31350 31400 1587
20200602 1203 31400 31400 31350 31350 934
20200602 1204 31400 31400 31350 31350 1394
20200602 1205 31400 31400 31350 31400 1026
20200602 1206 31400 31400 31350 31400 5347
20200602 1207 31400 31400 31350 31400 1619
20200602 1208 31400 31400 31350 31400 3039
20200602 1209 31400 31400 31350 31400 1938
20200602 1210 31400 31400 31350 31400 1195
20200602 1211 31400 31400 31350 31350 1023
20200602 1212 31350 31400 31350 31400 732
20200602 1213 31400 31400 31350 31400 1790
20200602 1214 31400 31400 31350 31400 843
20200602 1215 31400 31400 31350 31400 709
20200602 1216 31400 31450 31350 31450 21313
20200602 1217 31450 31450 31400 31450 1186
20200602 1218 31450 31450 31400 31400 1297
20200602 1219 31450 31450 31400 31400 3342
20200602 1220 31400 31450 31400 31450 3501
20200602 1221 31450 31450 31400 31450 955
20200602 1222 31450 31450 31400 31450 3788
20200602 1223 31400 31450 31400 31400 1451
20200602 1224 31400 31450 31400 31400 1581
20200602 1225 31450 31450 31400 31450 818
20200602 1226 31450 31450 31400 31450 1158
20200602 1227 31400 31450 31400 31450 2831
20200602 1228 31450 31450 31400 31450 1103
20200602 1229 31450 31450 31400 31400 1025
20200602 1230 31450 31500 31400 31500 33369
20200602 1231 31450 31500 31450 31500 4769
20200602 1232 31500 31500 31450 31500 1335
20200602 1233 31500 31500 31450 31450 2404
20200602 1234 31450 31500 31450 31500 1006
20200602 1235 31500 31500 31450 31450 4218
20200602 1236 31500 31500 31400 31450 936
20200602 1237 31450 31450 31400 31450 2180
20200602 1238 31450 31450 31400 31450 6597
20200602 1239 31450 31450 31400 31450 1121
20200602 1240 31400 31450 31400 31450 4932
20200602 1241 31400 31450 31350 31400 2230
20200602 1242 31400 31450 31350 31400 1395
20200602 1243 31350 31400 31350 31400 1746
20200602 1244 31350 31400 31350 31350 1647
20200602 1245 31400 31400 31350 31400 5361
20200602 1246 31350 31400 31300 31400 5738
20200602 1247 31400 31400 31350 31350 2514
20200602 1248 31350 31400 31350 31400 930
20200602 1249 31400 31400 31350 31350 1537
20200602 1250 31400 31400 31350 31400 5303
20200602 1251 31400 31400 31350 31400 1362
20200602 1252 31400 31400 31350 31400 981
20200602 1253 31400 31400 31350 31350 3970
20200602 1254 31350 31400 31350 31400 1013
20200602 1255 31400 31400 31350 31400 1045
20200602 1256 31400 31400 31350 31400 651
20200602 1257 31400 31400 31350 31350 1065
20200602 1258 31400 31400 31350 31400 4452
20200602 1259 31400 31400 31350 31400 1173
20200602 1300 31400 31400 31350 31400 937
20200602 1301 31400 31400 31350 31350 1695
20200602 1302 31400 31400 31350 31400 771
20200602 1303 31400 31400 31350 31350 4311
20200602 1304 31400 31400 31350 31400 1190
20200602 1305 31400 31400 31300 31350 23070
20200602 1306 31350 31350 31300 31300 1111
20200602 1307 31350 31350 31300 31300 5394
20200602 1308 31350 31350 31300 31350 1975
20200602 1309 31300 31350 31300 31350 12647
20200602 1310 31350 31350 31300 31350 4853
20200602 1311 31350 31400 31300 31400 11831
20200602 1312 31400 31400 31350 31400 864
20200602 1313 31400 31400 31350 31400 1747
20200602 1314 31400 31400 31350 31400 1473
20200602 1315 31350 31400 31350 31400 6047
20200602 1316 31400 31400 31350 31350 1067
20200602 1317 31400 31400 31350 31400 1413
20200602 1318 31350 31400 31350 31350 3340
20200602 1319 31400 31400 31350 31400 10922
20200602 1320 31400 31400 31350 31400 3274
20200602 1321 31400 31400 31350 31400 2088
20200602 1322 31400 31400 31350 31400 2723
20200602 1323 31350 31400 31350 31400 780
20200602 1324 31350 31400 31350 31400 1974
20200602 1325 31400 31400 31350 31350 1830
20200602 1326 31400 31400 31350 31400 892
20200602 1327 31400 31400 31250 31300 9551
20200602 1328 31350 31350 31300 31350 2434
20200602 1329 31350 31350 31250 31300 3358
20200602 1330 31300 31300 31250 31250 1015
20200602 1331 31250 31300 31250 31250 1303
20200602 1332 31300 31300 31250 31250 2240
20200602 1333 31300 31350 31250 31300 3909
20200602 1334 31350 31350 31300 31350 2517
20200602 1335 31350 31400 31350 31350 2278
20200602 1336 31350 31400 31350 31400 2018
20200602 1337 31400 31400 31350 31400 1792
20200602 1338 31400 31400 31350 31400 8031
20200602 1339 31400 31450 31400 31450 1836
20200602 1340 31450 31450 31400 31450 1424
20200602 1341 31400 31450 31350 31400 4944
20200602 1342 31400 31400 31350 31350 1291
20200602 1343 31400 31400 31350 31400 1651
20200602 1344 31350 31450 31350 31450 1348
20200602 1345 31450 31450 31400 31450 3297
20200602 1346 31400 31450 31400 31400 3865
20200602 1347 31450 31450 31400 31450 1508
20200602 1348 31450 31450 31400 31450 1461
20200602 1349 31450 31450 31400 31450 3852
20200602 1350 31450 31450 31400 31450 2029
20200602 1351 31400 31450 31400 31450 1268
20200602 1352 31450 31450 31400 31400 9988
20200602 1353 31450 31500 31450 31450 4236
20200602 1354 31500 31500 31450 31450 1745
20200602 1355 31500 31500 31450 31500 2025
20200602 1356 31500 31500 31450 31500 3339
20200602 1357 31500 31500 31450 31500 3590
20200602 1358 31450 31500 31450 31500 6041
20200602 1359 31450 31500 31450 31500 3302
20200602 1400 31500 31500 31450 31500 2510
20200602 1401 31450 31500 31450 31500 5337
20200602 1402 31450 31500 31450 31450 3541
20200602 1403 31500 31500 31450 31500 2577
20200602 1404 31500 31500 31450 31500 2322
20200602 1405 31500 31500 31450 31500 6463
20200602 1406 31500 31500 31450 31500 2444
20200602 1407 31500 31500 31450 31450 2086
20200602 1408 31450 31500 31450 31450 1771
20200602 1409 31500 31500 31450 31500 2747
20200602 1410 31500 31500 31450 31450 2181
20200602 1411 31500 31500 31450 31500 4817
20200602 1412 31500 31500 31450 31450 4381
20200602 1413 31450 31500 31450 31500 1969
20200602 1414 31500 31550 31450 31500 46793
20200602 1415 31500 31600 31500 31550 18534
20200602 1416 31600 31700 31550 31700 23424
20200602 1417 31700 31700 31650 31700 5203
20200602 1418 31700 31700 31600 31600 11986
20200602 1419 31650 31650 31600 31650 2670
20200602 1420 31650 31650 31550 31550 15577
20200602 1421 31550 31600 31550 31550 5790
20200602 1422 31600 31600 31500 31550 4551
20200602 1423 31500 31550 31500 31550 3299
20200602 1424 31500 31550 31500 31550 4277
20200602 1425 31500 31550 31500 31550 1370
20200602 1426 31550 31550 31500 31500 3044
20200602 1427 31500 31550 31500 31500 2992
20200602 1428 31500 31550 31500 31550 2351
20200602 1429 31550 31550 31500 31550 3686
20200602 1430 31550 31600 31500 31550 12619
20200602 1431 31600 31600 31550 31600 4163
20200602 1432 31550 31650 31550 31650 9995
20200602 1433 31600 31650 31600 31650 3339
20200602 1434 31600 31650 31600 31650 1749
20200602 1435 31650 31650 31600 31600 3524
20200602 1436 31650 31650 31600 31650 2098
20200602 1437 31650 31650 31600 31650 4597
20200602 1438 31600 31650 31550 31600 11955
20200602 1439 31600 31600 31550 31550 1510
20200602 1440 31600 31600 31550 31550 2955
20200602 1441 31600 31600 31500 31500 23713
20200602 1442 31550 31550 31500 31550 6221
20200602 1443 31550 31550 31500 31550 7566
20200602 1444 31550 31550 31500 31550 2333
20200602 1445 31550 31600 31500 31600 5888
20200602 1446 31600 31600 31550 31600 5092
20200602 1447 31600 31600 31500 31550 5219
20200602 1448 31550 31550 31500 31500 2151
20200602 1449 31550 31600 31500 31550 12850
20200602 1450 31550 31600 31550 31600 3688
20200602 1451 31600 31600 31550 31600 2896
20200602 1452 31600 31600 31500 31550 7228
20200602 1453 31550 31600 31500 31550 8615
20200602 1454 31550 31600 31550 31600 5457
20200602 1455 31550 31600 31550 31600 2989
20200602 1456 31600 31600 31550 31550 4819
20200602 1457 31600 31600 31550 31550 2415
20200602 1458 31550 31600 31550 31600 5505
20200602 1459 31600 31600 31550 31600 5573
20200602 1500 31600 31650 31550 31650 2247
20200602 1501 31650 31650 31550 31600 7157
20200602 1502 31550 31600 31550 31600 3017
20200602 1503 31600 31600 31550 31600 4751
20200602 1504 31550 31600 31500 31550 9345
20200602 1505 31600 31600 31550 31550 3460
20200602 1506 31600 31600 31500 31600 6352
20200602 1507 31500 31600 31500 31550 5777
20200602 1508 31550 31600 31500 31550 6088
20200602 1509 31550 31600 31500 31550 5739
20200602 1510 31500 31550 31450 31550 21051
20200602 1511 31550 31550 31500 31500 4932
20200602 1512 31550 31550 31500 31500 4792
20200602 1513 31500 31550 31450 31450 27973
20200602 1514 31450 31500 31450 31450 6806
20200602 1515 31450 31500 31450 31450 7413
20200602 1516 31500 31500 31450 31500 5776
20200602 1517 31450 31500 31450 31500 5378
20200602 1518 31500 31500 31450 31500 5709
20200602 1519 31500 31500 31450 31450 6782
20200602 1520 31500 31500 31450 31450 5377
20200602 1530 31600 31600 31600 31600 118129
