날짜 시간 시가 고가 저가 종가 거래량
20190201 1001 10599 10599 10599 10599 1
20190201 1047 10589 10589 10589 10589 3
20190201 1203 10589 10589 10589 10589 10
20190201 1222 10564 10564 10564 10564 10
20190207 1241 10599 10599 10599 10599 1
20190208 1118 10364 10364 10364 10364 453
20190208 1119 10364 10364 10364 10364 452
20190208 1124 10354 10364 10354 10364 5705
20190208 1127 10374 10374 10374 10374 1865
20190208 1137 10374 10374 10374 10374 3195
20190208 1140 10379 10379 10379 10379 452
20190208 1143 10383 10383 10383 10383 3195
20190208 1147 10383 10383 10383 10383 2326
20190208 1149 10383 10383 10383 10383 198
20190208 1150 10383 10383 10383 10383 198
20190208 1152 10388 10388 10388 10388 701
20190208 1154 10383 10383 10383 10383 198
20190208 1157 10374 10374 10374 10374 197
20190208 1158 10379 10379 10379 10379 898
20190208 1159 10374 10374 10374 10374 198
20190208 1201 10379 10383 10379 10383 898
20190208 1204 10388 10388 10388 10388 899
20190208 1206 10398 10398 10398 10398 198
20190208 1210 10393 10393 10393 10393 502
20190208 1211 10393 10398 10393 10398 1097
20190208 1212 10388 10388 10388 10388 197
20190208 1215 10388 10388 10388 10388 701
20190208 1216 10388 10388 10388 10388 396
20190208 1219 10388 10388 10388 10388 899
20190208 1221 10388 10388 10388 10388 197
20190208 1225 10383 10383 10379 10379 701
20190208 1226 10379 10379 10379 10379 198
20190208 1228 10379 10379 10379 10379 197
20190208 1229 10379 10379 10379 10379 198
20190208 1231 10379 10379 10379 10379 198
20190208 1232 10379 10379 10379 10379 198
20190208 1233 10379 10379 10379 10379 198
20190208 1234 10383 10383 10383 10383 10
20190208 1235 10379 10379 10379 10379 198
20190208 1236 10379 10379 10379 10379 197
20190208 1237 10383 10383 10383 10383 2092
20190208 1239 10383 10383 10383 10383 503
20190208 1242 10383 10383 10383 10383 198
20190208 1243 10383 10383 10383 10383 197
20190208 1244 10388 10388 10388 10388 1097
20190208 1248 10388 10388 10388 10388 1095
20190208 1253 10388 10388 10388 10388 198
20190208 1255 10388 10388 10388 10388 198
20190208 1256 10383 10383 10383 10383 198
20190208 1258 10383 10383 10383 10383 198
20190208 1259 10383 10383 10383 10383 197
20190208 1300 10388 10388 10388 10388 2103
20190208 1303 10393 10393 10393 10393 899
20190208 1304 10398 10398 10398 10398 197
20190208 1329 10413 10413 10413 10413 1
20190208 1342 10379 10379 10379 10379 198
20190208 1344 10374 10374 10374 10374 198
20190208 1345 10374 10374 10374 10374 197
20190208 1347 10374 10374 10374 10374 1603
20190208 1348 10374 10374 10374 10374 198
20190208 1349 10374 10374 10374 10374 198
20190208 1350 10374 10374 10374 10374 198
20190208 1351 10374 10374 10374 10374 198
20190208 1352 10379 10379 10379 10379 905
20190208 1354 10379 10379 10379 10379 198
20190208 1355 10383 10383 10379 10379 652
20190208 1356 10379 10383 10379 10383 742
20190208 1357 10379 10379 10379 10379 197
20190208 1358 10379 10379 10379 10379 198
20190208 1401 10374 10374 10374 10374 198
20190208 1402 10374 10374 10374 10374 198
20190208 1403 10374 10374 10374 10374 396
20190208 1404 10374 10374 10374 10374 197
20190208 1405 10374 10374 10374 10374 198
20190208 1406 10374 10374 10374 10374 198
20190208 1408 10364 10364 10364 10364 198
20190208 1409 10364 10364 10364 10364 198
20190208 1410 10364 10364 10364 10364 2611
20190208 1411 10369 10369 10369 10369 395
20190208 1413 10369 10369 10369 10369 500
20190208 1414 10364 10369 10364 10369 500
20190208 1415 10369 10369 10369 10369 301
20190208 1417 10364 10369 10364 10369 500
20190208 1418 10369 10369 10369 10369 198
20190208 1419 10369 10369 10369 10369 395
20190208 1420 10369 10369 10369 10369 198
20190208 1421 10369 10369 10369 10369 396
20190208 1422 10374 10374 10374 10374 905
20190208 1424 10374 10374 10374 10374 198
20190208 1426 10374 10374 10374 10374 395
20190208 1427 10374 10374 10374 10374 396
20190208 1428 10379 10383 10379 10383 905
20190208 1431 10383 10383 10379 10379 697
20190208 1432 10383 10383 10383 10383 395
20190208 1433 10383 10383 10383 10383 198
20190208 1434 10388 10388 10383 10383 802
20190208 1435 10388 10388 10388 10388 395
20190208 1436 10393 10393 10393 10393 301
20190208 1437 10398 10398 10398 10398 198
20190208 1439 10398 10398 10398 10398 802
20190208 1440 10393 10393 10393 10393 198
20190208 1441 10388 10393 10388 10393 498
20190208 1443 10388 10388 10388 10388 396
20190208 1444 10388 10388 10388 10388 198
20190208 1445 10383 10383 10383 10383 198
20190208 1446 10383 10383 10383 10383 198
20190208 1447 10383 10383 10383 10383 197
20190208 1448 10383 10383 10383 10383 1603
20190208 1450 10383 10383 10383 10383 198
20190208 1452 10383 10383 10383 10383 198
20190208 1453 10383 10383 10383 10383 396
20190208 1454 10383 10383 10383 10383 197
20190208 1455 10383 10383 10383 10383 198
20190208 1456 10383 10383 10383 10383 1207
20190208 1458 10383 10383 10383 10383 198
20190208 1459 10383 10383 10379 10379 801
20190208 1500 10383 10383 10383 10383 198
20190208 1501 10383 10383 10383 10383 198
20190208 1502 10383 10383 10383 10383 499
20190208 1503 10388 10388 10388 10388 499
20190208 1504 10383 10383 10383 10383 198
20190208 1505 10383 10383 10383 10383 198
20190208 1507 10374 10374 10374 10374 1000
20190208 1509 10374 10374 10374 10374 695
20190208 1511 10369 10369 10369 10369 698
20190208 1530 10403 10403 10403 10403 1
20190211 903 10359 10359 10359 10359 91
20190211 905 10364 10364 10364 10364 449
20190211 908 10369 10369 10369 10369 269
20190211 911 10369 10369 10369 10369 270
20190211 913 10374 10374 10374 10374 270
20190211 915 10374 10374 10374 10374 269
20190211 917 10374 10374 10374 10374 270
20190211 921 10364 10364 10364 10364 270
20190211 925 10364 10364 10364 10364 539
20190211 929 10364 10364 10364 10364 540
20190211 932 10369 10369 10369 10369 269
20190211 933 10374 10374 10374 10374 133
20190211 935 10369 10369 10369 10369 535
20190211 940 10369 10369 10369 10369 1071
20190211 942 10369 10369 10369 10369 535
20190211 948 10374 10374 10374 10374 1070
20190211 949 10379 10379 10379 10379 536
20190211 1001 10364 10364 10364 10364 2490
20190211 1004 10359 10364 10359 10364 1196
20190211 1005 10364 10364 10364 10364 128
20190211 1006 10364 10364 10364 10364 654
20190211 1007 10364 10364 10364 10364 256
20190211 1010 10369 10369 10369 10369 910
20190211 1015 10364 10364 10364 10364 1565
20190211 1028 10349 10349 10349 10349 4408
20190211 1030 10349 10349 10349 10349 1032
20190211 1031 10349 10349 10349 10349 778
20190211 1033 10349 10349 10349 10349 269
20190211 1034 10349 10349 10349 10349 1016
20190211 1036 10339 10339 10339 10339 778
20190211 1038 10339 10339 10339 10339 1286
20190211 1039 10344 10344 10344 10344 508
20190211 1051 10330 10330 10330 10330 5920
20190211 1052 10330 10330 10330 10330 524
20190211 1053 10330 10330 10330 10330 254
20190211 1054 10330 10330 10330 10330 254
20190211 1057 10335 10335 10335 10335 1540
20190211 1059 10339 10339 10339 10339 1032
20190211 1100 10339 10339 10339 10339 523
20190211 1101 10344 10344 10344 10344 508
20190211 1102 10354 10354 10354 10354 254
20190211 1105 10354 10354 10354 10354 1810
20190211 1107 10354 10354 10354 10354 1032
20190211 1108 10354 10354 10354 10354 254
20190211 1109 10354 10354 10354 10354 254
20190211 1110 10354 10359 10354 10359 1031
20190211 1111 10359 10359 10359 10359 254
20190211 1112 10359 10359 10359 10359 254
20190211 1113 10359 10359 10359 10359 524
20190211 1114 10359 10359 10359 10359 1032
20190211 1115 10359 10359 10359 10359 254
20190211 1117 10359 10359 10359 10359 777
20190211 1118 10354 10354 10354 10354 762
20190211 1119 10354 10354 10354 10354 254
20190211 1120 10354 10354 10354 10354 524
20190211 1121 10354 10354 10354 10354 254
20190211 1123 10354 10354 10354 10354 1032
20190211 1129 10354 10354 10354 10354 3349
20190211 1134 10349 10349 10349 10349 1047
20190211 1136 10354 10354 10354 10354 270
20190211 1145 10364 10364 10364 10364 809
20190211 1146 10364 10364 10364 10364 270
20190211 1150 10369 10369 10369 10369 270
20190211 1156 10374 10374 10374 10374 809
20190211 1201 10374 10374 10374 10374 539
20190211 1204 10374 10374 10374 10374 270
20190211 1206 10369 10369 10369 10369 270
20190211 1216 10369 10369 10369 10369 1079
20190211 1220 10369 10369 10369 10369 269
20190211 1224 10369 10369 10369 10369 540
20190211 1235 10364 10364 10359 10364 1348
20190211 1244 10364 10364 10364 10364 810
20190211 1245 10359 10359 10359 10359 269
20190211 1247 10359 10359 10359 10359 270
20190211 1250 10359 10359 10359 10359 270
20190211 1258 10364 10364 10364 10364 809
20190211 1259 10369 10369 10369 10369 270
20190211 1303 10369 10369 10369 10369 269
20190211 1305 10369 10369 10369 10369 270
20190211 1307 10379 10379 10379 10379 270
20190211 1315 10379 10379 10379 10379 809
20190211 1317 10379 10379 10379 10379 270
20190211 1322 10374 10374 10374 10374 539
20190211 1329 10379 10379 10379 10379 809
20190211 1334 10379 10379 10379 10379 270
20190211 1335 10379 10379 10379 10379 270
20190211 1351 10374 10374 10374 10374 1005
20190211 1353 10374 10374 10374 10374 1152
20190211 1359 10369 10369 10369 10369 90
20190211 1401 10374 10374 10374 10374 449
20190211 1402 10374 10374 10374 10374 270
20190211 1417 10388 10388 10388 10388 1
20190212 927 10437 10437 10437 10437 1
20190212 958 10462 10462 10462 10462 1
20190212 1447 10501 10501 10501 10501 500
20190213 1016 10511 10511 10511 10511 1
20190213 1017 10525 10525 10525 10525 31
20190213 1019 10530 10530 10530 10530 9
20190213 1023 10535 10535 10535 10535 31
20190213 1024 10535 10535 10535 10535 7
20190213 1026 10535 10535 10535 10535 9
20190213 1027 10535 10535 10535 10535 8
20190213 1028 10535 10535 10530 10530 22
20190213 1029 10530 10530 10530 10530 15
20190213 1030 10530 10530 10530 10530 16
20190213 1031 10525 10525 10525 10525 21
20190213 1032 10525 10525 10525 10525 7
20190213 1034 10525 10525 10525 10525 8
20190213 1037 10530 10530 10530 10530 26
20190213 1038 10530 10530 10530 10530 7
20190213 1040 10530 10530 10530 10530 8
20190213 1042 10535 10535 10535 10535 17
20190213 1044 10535 10535 10535 10535 15
20190213 1046 10530 10530 10530 10530 21
20190213 1047 10530 10530 10525 10525 31
20190213 1048 10525 10525 10525 10525 7
20190213 1049 10525 10525 10525 10525 8
20190213 1054 10535 10535 10535 10535 17
20190213 1056 10535 10535 10535 10535 38
20190213 1058 10540 10540 10540 10540 9
20190213 1059 10535 10535 10535 10535 8
20190213 1100 10535 10535 10535 10535 37
20190213 1101 10535 10535 10535 10535 8
20190213 1102 10535 10535 10535 10535 14
20190213 1103 10535 10535 10535 10535 9
20190213 1104 10535 10535 10535 10535 14
20190213 1106 10535 10535 10530 10530 59
20190213 1109 10530 10530 10530 10530 16
20190213 1110 10535 10535 10535 10535 8
20190213 1111 10530 10530 10530 10530 7
20190213 1112 10530 10530 10530 10530 29
20190213 1115 10535 10535 10530 10530 25
20190213 1116 10530 10530 10530 10530 7
20190213 1118 10525 10525 10520 10520 383
20190213 1119 10525 10525 10525 10525 807
20190213 1120 10525 10525 10525 10525 322
20190213 1121 10525 10525 10525 10525 16
20190213 1122 10515 10515 10515 10515 16
20190213 1123 10511 10511 10511 10511 323
20190213 1124 10506 10506 10506 10506 1136
20190213 1125 10506 10506 10506 10506 9
20190213 1126 10506 10506 10506 10506 7
20190213 1127 10506 10506 10501 10501 352
20190213 1129 10506 10506 10506 10506 322
20190213 1131 10511 10511 10511 10511 1139
20190213 1132 10511 10511 10511 10511 15
20190213 1133 10511 10511 10511 10511 322
20190213 1136 10525 10525 10520 10520 1146
20190213 1138 10520 10520 10520 10520 346
20190213 1139 10520 10520 10520 10520 8
20190213 1140 10520 10520 10515 10515 360
20190213 1142 10520 10520 10520 10520 1167
20190213 1145 10520 10520 10520 10520 345
20190213 1146 10525 10525 10520 10520 339
20190213 1147 10520 10520 10520 10520 807
20190213 1148 10520 10525 10520 10520 338
20190213 1149 10515 10515 10515 10515 21
20190213 1150 10515 10515 10515 10515 7
20190213 1151 10515 10515 10515 10515 9
20190213 1152 10515 10515 10515 10515 814
20190213 1153 10515 10515 10515 10515 331
20190213 1154 10511 10511 10511 10511 322
20190213 1155 10515 10515 10515 10515 9
20190213 1156 10515 10515 10515 10515 7
20190213 1157 10515 10515 10515 10515 323
20190213 1158 10515 10515 10511 10511 368
20190213 1200 10511 10515 10511 10511 1166
20190213 1202 10511 10511 10511 10511 331
20190213 1204 10511 10511 10511 10511 1145
20190213 1206 10511 10511 10511 10511 338
20190213 1208 10511 10511 10511 10511 16
20190213 1209 10515 10515 10515 10515 807
20190213 1210 10515 10515 10511 10511 661
20190213 1212 10515 10515 10515 10515 9
20190213 1213 10511 10511 10511 10511 351
20190213 1215 10515 10515 10515 10515 331
20190213 1216 10515 10515 10515 10515 814
20190213 1217 10515 10515 10515 10515 331
20190213 1218 10515 10515 10515 10515 8
20190213 1219 10520 10520 10520 10520 323
20190213 1220 10520 10520 10520 10520 16
20190213 1221 10520 10520 10520 10520 1129
20190213 1222 10520 10520 10520 10520 15
20190213 1224 10520 10520 10520 10520 337
20190213 1225 10515 10515 10515 10515 31
20190213 1226 10525 10525 10525 10525 815
20190213 1227 10520 10520 10520 10520 322
20190213 1229 10525 10525 10520 10520 339
20190213 1231 10525 10525 10520 10520 337
20190213 1232 10525 10525 10525 10525 1130
20190213 1233 10520 10520 10520 10520 7
20190213 1234 10520 10520 10520 10520 17
20190213 1235 10520 10520 10520 10520 322
20190213 1236 10520 10520 10520 10520 23
20190213 1237 10520 10525 10520 10525 1130
20190213 1238 10525 10525 10525 10525 7
20190213 1239 10525 10525 10525 10525 31
20190213 1240 10520 10520 10520 10520 329
20190213 1242 10520 10520 10515 10515 384
20190213 1243 10525 10525 10520 10520 1137
20190213 1246 10525 10525 10525 10525 339
20190213 1247 10520 10520 10520 10520 7
20190213 1248 10530 10530 10520 10520 338
20190213 1249 10520 10520 10520 10520 807
20190213 1250 10520 10520 10520 10520 340
20190213 1251 10515 10515 10515 10515 43
20190213 1253 10520 10520 10520 10520 8
20190213 1254 10520 10520 10515 10515 1144
20190213 1255 10520 10520 10515 10515 354
20190213 1256 10515 10515 10515 10515 7
20190213 1257 10515 10515 10515 10515 323
20190213 1258 10515 10515 10515 10515 16
20190213 1300 10520 10520 10520 10520 16
20190213 1302 10525 10525 10525 10525 9
20190213 1303 10520 10520 10520 10520 1492
20190213 1304 10525 10525 10525 10525 8
20190213 1305 10520 10520 10520 10520 7
20190213 1306 10520 10520 10520 10520 1138
20190213 1307 10520 10520 10520 10520 9
20190213 1308 10520 10520 10520 10520 7
20190213 1310 10520 10520 10520 10520 338
20190213 1311 10520 10520 10520 10520 807
20190213 1312 10520 10520 10520 10520 16
20190213 1313 10515 10515 10515 10515 1012
20190213 1314 10520 10520 10520 10520 8
20190213 1316 10520 10520 10515 10515 338
20190213 1318 10520 10520 10520 10520 816
20190213 1319 10525 10525 10520 10520 338
20190213 1320 10520 10520 10520 10520 7
20190213 1321 10525 10525 10525 10525 9
20190213 1322 10525 10525 10520 10520 1138
20190213 1323 10525 10525 10525 10525 9
20190213 1324 10520 10520 10515 10515 675
20190213 1325 10520 10520 10520 10520 323
20190213 1326 10520 10520 10515 10515 37
20190213 1328 10520 10520 10520 10520 339
20190213 1330 10520 10520 10520 10520 8
20190213 1331 10520 10520 10520 10520 837
20190213 1332 10520 10520 10520 10520 7
20190213 1333 10525 10525 10525 10525 9
20190213 1334 10525 10525 10525 10525 7
20190213 1335 10520 10520 10520 10520 1461
20190213 1336 10520 10520 10520 10520 330
20190213 1338 10520 10520 10520 10520 17
20190213 1339 10520 10520 10520 10520 1130
20190213 1340 10520 10520 10515 10515 360
20190213 1341 10515 10515 10515 10515 323
20190213 1342 10520 10520 10520 10520 9
20190213 1343 10515 10515 10515 10515 330
20190213 1344 10515 10515 10515 10515 7
20190213 1345 10515 10515 10515 10515 1139
20190213 1346 10515 10515 10515 10515 8
20190213 1348 10515 10515 10515 10515 338
20190213 1349 10515 10515 10515 10515 323
20190213 1350 10515 10515 10515 10515 823
20190213 1352 10520 10520 10520 10520 8
20190213 1354 10520 10520 10520 10520 17
20190213 1356 10520 10520 10520 10520 814
20190213 1357 10520 10520 10520 10520 8
20190213 1358 10520 10520 10520 10520 7
20190213 1359 10520 10520 10520 10520 9
20190213 1400 10520 10520 10520 10520 7
20190213 1401 10525 10525 10525 10525 8
20190213 1402 10525 10525 10520 10520 844
20190213 1404 10520 10520 10520 10520 16
20190213 1406 10520 10520 10515 10515 2342
20190213 1409 10520 10520 10520 10520 8
20190213 1410 10520 10520 10520 10520 8
20190213 1411 10520 10520 10520 10520 816
20190213 1412 10520 10520 10520 10520 7
20190213 1413 10520 10520 10520 10520 815
20190213 1414 10520 10520 10520 10520 7
20190213 1416 10520 10520 10520 10520 16
20190213 1418 10525 10525 10520 10520 1153
20190213 1420 10520 10520 10520 10520 16
20190213 1423 10520 10520 10520 10520 382
20190213 1424 10520 10525 10520 10525 2752
20190213 1425 10525 10525 10525 10525 8
20190213 1426 10525 10525 10520 10520 353
20190213 1428 10520 10520 10520 10520 16
20190213 1430 10520 10520 10520 10520 1145
20190213 1432 10520 10520 10520 10520 16
20190213 1433 10515 10515 10515 10515 733
20190213 1435 10520 10520 10520 10520 8
20190213 1436 10520 10520 10515 10515 1468
20190213 1438 10515 10515 10515 10515 37
20190213 1440 10515 10515 10515 10515 15
20190213 1441 10515 10515 10515 10515 807
20190213 1442 10515 10515 10515 10515 17
20190213 1444 10515 10515 10515 10515 16
20190213 1446 10515 10515 10515 10515 814
20190213 1447 10515 10515 10515 10515 1623
20190213 1448 10515 10515 10515 10515 7
20190213 1449 10515 10515 10515 10515 9
20190213 1450 10515 10515 10515 10515 8
20190213 1451 10515 10515 10515 10515 331
20190213 1452 10515 10515 10515 10515 7
20190213 1454 10520 10520 10520 10520 9
20190213 1455 10520 10520 10520 10520 646
20190213 1456 10520 10520 10520 10520 1189
20190213 1458 10520 10520 10520 10520 8
20190213 1459 10520 10520 10520 10520 816
20190213 1500 10520 10520 10520 10520 7
20190213 1502 10520 10520 10520 10520 15
20190213 1504 10525 10525 10525 10525 30
20190213 1506 10530 10530 10525 10525 24
20190213 1508 10525 10525 10525 10525 15
20190213 1510 10525 10525 10525 10525 60
20190213 1512 10525 10525 10525 10525 7
20190213 1513 10525 10525 10525 10525 8
20190213 1514 10525 10525 10525 10525 14
20190213 1516 10525 10525 10525 10525 8
20190213 1517 10520 10520 10520 10520 30
20190213 1519 10520 10520 10520 10520 9
20190214 948 10486 10486 10486 10486 30
20190214 1451 10525 10525 10525 10525 1
20190214 1516 10564 10564 10564 10564 1
20190214 1530 10628 10628 10628 10628 3001
20190215 1310 10471 10471 10471 10471 1
20190215 1355 10476 10476 10476 10476 1
20190215 1430 10462 10462 10462 10462 2
20190215 1530 10496 10496 10496 10496 10
20190218 945 10530 10530 10530 10530 1
20190219 1024 10545 10545 10545 10545 30
20190219 1315 10530 10530 10530 10530 5
20190220 1016 10594 10594 10594 10594 10
20190220 1442 10638 10638 10638 10638 1
20190220 1443 10638 10638 10638 10638 1
20190221 1046 10603 10603 10603 10603 1
20190221 1201 10638 10638 10638 10638 5
20190221 1322 10667 10667 10667 10667 1
20190221 1323 10667 10667 10667 10667 99
20190221 1327 10662 10662 10662 10662 10
20190222 1314 10628 10628 10628 10628 1
20190222 1514 10647 10647 10647 10647 1
20190222 1530 10667 10667 10667 10667 1
20190226 912 10647 10647 10647 10647 211
20190226 913 10652 10652 10652 10652 422
20190226 915 10652 10652 10652 10652 211
20190226 919 10638 10638 10638 10638 211
20190226 920 10638 10638 10638 10638 211
20190226 921 10638 10638 10638 10638 211
20190226 925 10643 10643 10643 10643 1055
20190226 926 10647 10647 10647 10647 211
20190226 930 10643 10643 10643 10643 211
20190226 934 10638 10638 10638 10638 844
20190226 935 10643 10643 10643 10643 422
20190226 942 10643 10643 10643 10643 211
20190226 949 10647 10647 10647 10647 1688
20190226 950 10647 10647 10647 10647 211
20190226 956 10638 10638 10638 10638 211
20190226 957 10638 10638 10638 10638 211
20190226 1000 10638 10638 10638 10638 211
20190226 1010 10643 10643 10643 10643 1688
20190226 1016 10647 10647 10647 10647 1266
20190226 1017 10652 10652 10652 10652 422
20190226 1019 10652 10652 10652 10652 423
20190226 1022 10652 10652 10652 10652 422
20190226 1029 10643 10643 10643 10643 422
20190226 1035 10628 10628 10608 10608 211
20190226 1036 10613 10613 10613 10613 422
20190226 1038 10618 10618 10618 10618 422
20190226 1040 10623 10623 10623 10623 211
20190226 1042 10623 10623 10623 10623 211
20190226 1047 10618 10618 10618 10618 2743
20190226 1052 10618 10618 10618 10618 2110
20190226 1056 10623 10623 10623 10623 633
20190226 1100 10628 10633 10628 10633 1056
20190226 1107 10628 10628 10628 10628 1266
20190226 1108 10628 10628 10628 10628 211
20190226 1115 10633 10633 10633 10633 1899
20190226 1132 10623 10623 10623 10623 2110
20190226 1145 10613 10613 10613 10613 211
20190226 1149 10608 10608 10608 10608 211
20190226 1155 10613 10613 10613 10613 422
20190226 1204 10613 10613 10613 10613 422
20190226 1207 10618 10618 10618 10618 1055
20190226 1212 10618 10618 10618 10618 211
20190226 1220 10618 10618 10618 10618 422
20190226 1221 10623 10623 10623 10623 2110
20190226 1229 10623 10623 10623 10623 211
20190226 1233 10623 10623 10623 10623 211
20190226 1235 10623 10623 10623 10623 211
20190226 1243 10623 10623 10623 10623 211
20190226 1247 10623 10623 10623 10623 211
20190226 1249 10623 10623 10623 10623 211
20190226 1259 10623 10623 10623 10623 1477
20190226 1300 10623 10623 10623 10623 211
20190226 1302 10623 10623 10623 10623 211
20190226 1305 10623 10623 10623 10623 211
20190226 1309 10623 10623 10623 10623 211
20190226 1317 10613 10613 10613 10613 211
20190226 1321 10613 10613 10613 10613 211
20190226 1323 10613 10613 10613 10613 211
20190226 1410 10608 10608 10608 10608 4009
20190226 1417 10608 10613 10608 10613 422
20190226 1418 10613 10613 10613 10613 211
20190226 1429 10608 10608 10608 10608 422
20190226 1432 10613 10613 10613 10613 211
20190226 1442 10608 10608 10608 10608 211
20190226 1449 10608 10608 10608 10608 1477
20190226 1451 10608 10608 10608 10608 211
20190226 1454 10613 10613 10613 10613 211
20190226 1457 10613 10613 10613 10613 211
20190226 1500 10613 10613 10613 10613 212
20190228 906 10623 10623 10623 10623 100
20190228 1359 10589 10589 10589 10589 102
20190228 1453 10584 10584 10584 10584 1
20190228 1530 10530 10530 10530 10530 10
