날짜 시간 시가 고가 저가 종가 거래량
20200901 901 12500 12550 12500 12550 1536
20200901 902 12600 12650 12550 12550 563
20200901 903 12600 12650 12600 12650 53
20200901 904 12650 12650 12600 12650 82
20200901 905 12650 12650 12600 12600 229
20200901 906 12650 12650 12600 12650 115
20200901 907 12650 12650 12600 12600 152
20200901 908 12650 12650 12550 12550 926
20200901 909 12550 12600 12550 12600 376
20200901 910 12550 12550 12550 12550 1727
20200901 911 12600 12600 12450 12500 2698
20200901 912 12500 12600 12500 12600 866
20200901 913 12600 12650 12600 12650 2667
20200901 914 12650 12650 12600 12600 125
20200901 915 12650 12650 12600 12600 662
20200901 916 12600 12600 12550 12600 257
20200901 917 12600 12650 12600 12650 823
20200901 918 12600 12650 12600 12600 1177
20200901 919 12600 12600 12550 12550 1198
20200901 920 12500 12600 12450 12600 2047
20200901 921 12600 12600 12450 12450 1429
20200901 922 12550 12550 12450 12450 846
20200901 923 12500 12500 12450 12450 1444
20200901 924 12450 12500 12450 12500 1314
20200901 925 12450 12450 12400 12450 733
20200901 926 12500 12500 12450 12500 1062
20200901 927 12500 12500 12500 12500 539
20200901 928 12500 12550 12500 12550 108
20200901 929 12550 12550 12450 12500 2526
20200901 930 12550 12650 12550 12650 4779
20200901 931 12600 12650 12600 12650 380
20200901 932 12650 12650 12600 12650 702
20200901 933 12600 12600 12600 12600 941
20200901 934 12600 12600 12600 12600 200
20200901 935 12600 12650 12600 12650 238
20200901 936 12650 12650 12650 12650 2835
20200901 937 12700 12700 12600 12600 146
20200901 938 12700 12700 12600 12650 287
20200901 939 12700 12700 12650 12700 405
20200901 940 12700 12700 12700 12700 690
20200901 941 12700 12700 12650 12700 2969
20200901 942 12700 12700 12700 12700 14
20200901 943 12700 12700 12650 12700 1194
20200901 944 12700 12750 12700 12750 2280
20200901 945 12750 12750 12700 12750 354
20200901 946 12750 12750 12700 12750 1621
20200901 947 12750 12800 12750 12800 3526
20200901 948 12800 12800 12750 12750 1684
20200901 949 12800 12800 12800 12800 915
20200901 950 12800 12850 12800 12850 3546
20200901 951 12850 12850 12750 12750 2366
20200901 952 12750 12750 12700 12750 2964
20200901 953 12750 12750 12700 12750 670
20200901 954 12750 12800 12750 12750 175
20200901 955 12750 12800 12750 12750 455
20200901 956 12750 12800 12750 12800 344
20200901 957 12750 12800 12750 12800 139
20200901 958 12800 12800 12800 12800 106
20200901 959 12800 12800 12700 12700 314
20200901 1000 12700 12800 12700 12800 369
20200901 1001 12750 12750 12750 12750 4
20200901 1002 12750 12750 12750 12750 125
20200901 1003 12750 12750 12750 12750 805
20200901 1004 12750 12800 12750 12800 1146
20200901 1005 12750 12800 12750 12800 281
20200901 1006 12750 12800 12750 12750 276
20200901 1007 12700 12750 12700 12700 484
20200901 1008 12700 12800 12700 12800 1010
20200901 1009 12750 12800 12750 12750 101
20200901 1010 12800 12800 12800 12800 104
20200901 1011 12800 12800 12750 12750 600
20200901 1012 12750 12800 12750 12800 194
20200901 1013 12750 12800 12750 12750 640
20200901 1014 12750 12750 12700 12750 921
20200901 1015 12750 12750 12700 12700 81
20200901 1016 12700 12800 12700 12750 1558
20200901 1017 12750 12750 12750 12750 358
20200901 1018 12750 12750 12700 12750 33
20200901 1019 12750 12750 12700 12700 1759
20200901 1020 12700 12750 12650 12700 308
20200901 1021 12700 12750 12700 12750 148
20200901 1022 12700 12750 12700 12700 39
20200901 1023 12700 12700 12650 12700 916
20200901 1024 12750 12750 12750 12750 7
20200901 1025 12750 12750 12700 12750 113
20200901 1026 12750 12750 12700 12750 156
20200901 1027 12750 12750 12700 12700 268
20200901 1028 12750 12750 12750 12750 846
20200901 1029 12700 12750 12700 12700 339
20200901 1030 12750 12750 12700 12700 190
20200901 1031 12700 12800 12700 12800 1858
20200901 1032 12800 12800 12750 12750 2260
20200901 1033 12800 12800 12800 12800 86
20200901 1034 12800 12800 12800 12800 989
20200901 1035 12750 12800 12750 12800 1191
20200901 1036 12800 12800 12750 12800 1561
20200901 1037 12800 12800 12800 12800 126
20200901 1038 12750 12800 12750 12750 392
20200901 1039 12750 12800 12750 12800 151
20200901 1040 12800 12800 12750 12800 24
20200901 1041 12800 12800 12800 12800 63
20200901 1042 12800 12800 12750 12750 757
20200901 1043 12750 12800 12750 12800 8
20200901 1044 12800 12800 12800 12800 23
20200901 1045 12800 12800 12750 12800 107
20200901 1046 12800 12800 12800 12800 120
20200901 1047 12800 12800 12750 12750 65
20200901 1048 12750 12750 12750 12750 595
20200901 1049 12750 12800 12750 12750 746
20200901 1050 12750 12750 12700 12750 3014
20200901 1051 12750 12750 12700 12750 27
20200901 1052 12750 12750 12750 12750 165
20200901 1053 12750 12750 12750 12750 21
20200901 1054 12700 12750 12700 12750 424
20200901 1055 12700 12800 12700 12750 1474
20200901 1056 12700 12750 12700 12750 1093
20200901 1057 12700 12700 12700 12700 4
20200901 1058 12750 12750 12700 12750 38
20200901 1059 12700 12750 12700 12750 308
20200901 1100 12750 12750 12700 12750 124
20200901 1101 12750 12800 12750 12800 147
20200901 1102 12750 12800 12750 12800 41
20200901 1103 12800 12800 12800 12800 206
20200901 1104 12800 12800 12800 12800 24
20200901 1105 12800 12800 12750 12800 48
20200901 1106 12800 12800 12750 12750 13
20200901 1107 12800 12800 12800 12800 137
20200901 1108 12800 12800 12750 12750 5
20200901 1109 12800 12800 12800 12800 24
20200901 1110 12800 12800 12800 12800 1739
20200901 1111 12800 12800 12800 12800 46
20200901 1112 12800 12800 12800 12800 5
20200901 1113 12800 12800 12800 12800 24
20200901 1114 12800 12800 12750 12750 612
20200901 1115 12750 12800 12750 12800 17
20200901 1116 12800 12800 12750 12800 930
20200901 1117 12750 12800 12700 12750 289
20200901 1118 12750 12800 12750 12800 332
20200901 1119 12800 12800 12700 12700 441
20200901 1120 12700 12750 12700 12700 123
20200901 1121 12700 12750 12700 12750 17
20200901 1122 12750 12750 12700 12700 331
20200901 1123 12750 12750 12700 12750 24
20200901 1124 12750 12750 12700 12750 320
20200901 1125 12700 12750 12700 12750 134
20200901 1126 12750 12750 12750 12750 4
20200901 1127 12700 12750 12700 12750 322
20200901 1128 12750 12750 12650 12650 1069
20200901 1129 12700 12700 12650 12650 386
20200901 1130 12650 12700 12650 12700 501
20200901 1131 12700 12700 12650 12700 90
20200901 1132 12650 12700 12650 12700 405
20200901 1133 12700 12700 12650 12700 31
20200901 1134 12650 12700 12650 12650 1136
20200901 1135 12700 12700 12650 12700 172
20200901 1136 12700 12700 12650 12650 250
20200901 1137 12650 12700 12650 12700 621
20200901 1138 12650 12700 12650 12700 21
20200901 1139 12700 12700 12650 12700 313
20200901 1140 12700 12750 12650 12750 1637
20200901 1141 12700 12750 12700 12750 262
20200901 1142 12700 12750 12700 12750 71
20200901 1143 12750 12750 12700 12700 134
20200901 1144 12700 12700 12650 12700 311
20200901 1145 12700 12750 12700 12750 30
20200901 1146 12700 12700 12650 12650 32
20200901 1147 12650 12700 12650 12700 92
20200901 1148 12700 12700 12700 12700 354
20200901 1149 12650 12700 12650 12700 378
20200901 1150 12700 12700 12650 12700 36
20200901 1151 12700 12700 12650 12650 358
20200901 1152 12700 12700 12700 12700 352
20200901 1154 12700 12750 12700 12750 327
20200901 1155 12750 12750 12700 12750 29
20200901 1156 12750 12750 12700 12700 523
20200901 1157 12700 12750 12700 12750 102
20200901 1158 12700 12750 12700 12700 421
20200901 1159 12700 12750 12700 12750 279
20200901 1200 12750 12750 12700 12700 94
20200901 1201 12700 12750 12700 12700 434
20200901 1202 12750 12750 12700 12700 328
20200901 1203 12700 12750 12700 12750 234
20200901 1204 12700 12700 12700 12700 107
20200901 1205 12700 12700 12700 12700 21
20200901 1206 12700 12700 12650 12650 313
20200901 1207 12700 12700 12650 12650 131
20200901 1208 12650 12700 12650 12700 304
20200901 1209 12650 12700 12650 12700 121
20200901 1210 12650 12700 12650 12700 226
20200901 1211 12650 12700 12650 12650 373
20200901 1212 12700 12700 12700 12700 20
20200901 1213 12700 12700 12600 12600 354
20200901 1214 12600 12650 12600 12650 93
20200901 1215 12650 12650 12650 12650 112
20200901 1216 12650 12650 12600 12600 430
20200901 1217 12600 12700 12600 12700 522
20200901 1218 12700 12700 12600 12600 266
20200901 1219 12600 12700 12600 12700 154
20200901 1220 12700 12700 12650 12650 207
20200901 1221 12650 12700 12650 12700 1132
20200901 1222 12700 12700 12700 12700 17
20200901 1223 12700 12700 12600 12600 305
20200901 1224 12650 12700 12650 12700 40
20200901 1225 12700 12700 12650 12650 143
20200901 1226 12600 12650 12600 12650 120
20200901 1227 12650 12700 12650 12700 74
20200901 1228 12650 12650 12600 12600 232
20200901 1229 12650 12650 12600 12650 5
20200901 1230 12650 12650 12600 12650 228
20200901 1231 12600 12600 12600 12600 274
20200901 1232 12600 12650 12600 12650 47
20200901 1233 12600 12600 12600 12600 304
20200901 1234 12650 12650 12550 12600 2671
20200901 1235 12600 12600 12550 12600 300
20200901 1236 12600 12650 12600 12650 70
20200901 1237 12600 12650 12600 12650 525
20200901 1238 12600 12600 12550 12550 354
20200901 1239 12550 12650 12550 12650 128
20200901 1240 12650 12650 12550 12550 84
20200901 1241 12600 12600 12550 12600 125
20200901 1242 12600 12650 12600 12600 412
20200901 1243 12600 12650 12600 12600 133
20200901 1244 12650 12650 12650 12650 24
20200901 1245 12650 12650 12600 12600 292
20200901 1246 12650 12650 12600 12600 101
20200901 1247 12650 12650 12550 12650 1806
20200901 1248 12600 12650 12600 12600 319
20200901 1249 12600 12650 12600 12650 298
20200901 1250 12600 12700 12600 12650 249
20200901 1251 12700 12700 12650 12650 14
20200901 1252 12650 12650 12550 12600 804
20200901 1253 12600 12650 12550 12650 217
20200901 1254 12600 12650 12550 12650 255
20200901 1255 12650 12650 12550 12600 185
20200901 1256 12550 12600 12550 12600 167
20200901 1257 12600 12600 12550 12550 300
20200901 1258 12550 12600 12550 12600 2602
20200901 1259 12600 12650 12600 12650 178
20200901 1300 12600 12600 12550 12550 300
20200901 1301 12600 12600 12550 12600 62
20200901 1302 12600 12650 12550 12600 253
20200901 1303 12650 12650 12550 12600 22
20200901 1304 12600 12600 12550 12550 227
20200901 1305 12550 12650 12550 12600 311
20200901 1306 12650 12650 12650 12650 24
20200901 1307 12650 12650 12600 12600 267
20200901 1308 12600 12650 12600 12650 418
20200901 1309 12650 12650 12600 12650 216
20200901 1310 12650 12650 12600 12650 169
20200901 1311 12650 12650 12600 12650 385
20200901 1312 12650 12650 12600 12650 248
20200901 1313 12650 12650 12600 12650 322
20200901 1314 12650 12650 12600 12650 256
20200901 1315 12600 12650 12600 12600 124
20200901 1316 12600 12650 12600 12650 5
20200901 1317 12650 12650 12600 12650 266
20200901 1318 12600 12650 12600 12600 968
20200901 1319 12650 12650 12600 12600 234
20200901 1320 12600 12650 12600 12650 439
20200901 1321 12650 12650 12600 12600 273
20200901 1322 12600 12650 12600 12650 1714
20200901 1323 12600 12600 12600 12600 70
20200901 1324 12650 12650 12600 12650 237
20200901 1325 12600 12650 12600 12600 105
20200901 1326 12650 12650 12600 12600 228
20200901 1327 12600 12650 12600 12600 82
20200901 1328 12600 12650 12600 12650 190
20200901 1329 12650 12650 12600 12600 257
20200901 1330 12600 12650 12600 12600 87
20200901 1331 12650 12650 12600 12650 231
20200901 1332 12650 12650 12600 12600 536
20200901 1333 12600 12650 12600 12650 1139
20200901 1334 12650 12650 12600 12600 242
20200901 1335 12600 12650 12550 12600 245
20200901 1336 12600 12650 12600 12650 255
20200901 1337 12650 12650 12600 12650 229
20200901 1338 12650 12650 12650 12650 19
20200901 1339 12650 12650 12550 12550 1279
20200901 1340 12600 12600 12550 12600 92
20200901 1341 12650 12650 12600 12600 213
20200901 1342 12600 12650 12600 12600 119
20200901 1343 12600 12650 12600 12600 77
20200901 1344 12650 12650 12600 12600 309
20200901 1345 12600 12600 12600 12600 1089
20200901 1346 12650 12650 12550 12600 336
20200901 1347 12650 12650 12600 12650 121
20200901 1348 12650 12650 12600 12600 206
20200901 1349 12650 12650 12600 12650 65
20200901 1350 12650 12650 12600 12650 169
20200901 1351 12650 12650 12600 12650 394
20200901 1352 12650 12650 12600 12650 203
20200901 1353 12650 12650 12600 12650 270
20200901 1354 12650 12650 12600 12650 109
20200901 1355 12650 12650 12600 12650 162
20200901 1356 12600 12650 12600 12650 232
20200901 1357 12600 12600 12600 12600 638
20200901 1358 12600 12600 12550 12600 1381
20200901 1359 12550 12600 12550 12550 153
20200901 1400 12550 12600 12550 12600 2797
20200901 1401 12550 12600 12550 12550 359
20200901 1402 12550 12600 12550 12600 139
20200901 1403 12600 12600 12550 12600 310
20200901 1404 12600 12600 12550 12550 52
20200901 1405 12550 12600 12550 12600 94
20200901 1406 12550 12600 12550 12600 255
20200901 1407 12600 12600 12550 12550 1819
20200901 1408 12600 12650 12600 12600 94
20200901 1409 12550 12600 12550 12550 155
20200901 1410 12600 12600 12550 12600 156
20200901 1411 12600 12650 12600 12600 224
20200901 1412 12650 12650 12600 12600 125
20200901 1413 12600 12600 12550 12600 227
20200901 1414 12550 12600 12550 12600 131
20200901 1415 12600 12600 12550 12550 308
20200901 1416 12600 12600 12600 12600 98
20200901 1417 12600 12650 12600 12600 186
20200901 1418 12600 12600 12550 12600 230
20200901 1419 12550 12650 12550 12550 705
20200901 1420 12600 12650 12600 12600 93
20200901 1421 12600 12650 12600 12650 311
20200901 1422 12650 12650 12600 12600 91
20200901 1423 12600 12650 12600 12650 316
20200901 1424 12600 12650 12600 12600 120
20200901 1425 12600 12600 12600 12600 3392
20200901 1426 12600 12600 12550 12600 280
20200901 1427 12600 12650 12600 12650 89
20200901 1428 12600 12700 12600 12700 2557
20200901 1429 12650 12750 12600 12600 4207
20200901 1430 12700 12750 12650 12750 1231
20200901 1431 12750 12850 12750 12850 7728
20200901 1432 12850 12850 12800 12850 2941
20200901 1433 12850 12850 12800 12850 446
20200901 1434 12800 12800 12750 12800 645
20200901 1435 12800 12800 12750 12750 385
20200901 1436 12800 12850 12800 12850 637
20200901 1437 12850 12850 12800 12800 1507
20200901 1438 12850 12850 12750 12750 2986
20200901 1439 12800 12850 12750 12800 541
20200901 1440 12850 12850 12800 12800 984
20200901 1441 12800 12800 12750 12800 486
20200901 1442 12750 12800 12750 12800 276
20200901 1443 12750 12800 12750 12800 1166
20200901 1444 12750 12800 12700 12750 448
20200901 1445 12700 12750 12700 12750 362
20200901 1446 12700 12750 12700 12700 132
20200901 1447 12750 12750 12700 12750 292
20200901 1448 12750 12750 12700 12750 403
20200901 1449 12800 12800 12750 12800 293
20200901 1450 12750 12800 12750 12800 212
20200901 1451 12800 12800 12750 12750 120
20200901 1452 12800 12800 12750 12750 229
20200901 1453 12750 12800 12750 12750 43
20200901 1454 12800 12800 12750 12750 114
20200901 1455 12750 12800 12750 12750 249
20200901 1456 12800 12800 12750 12800 181
20200901 1457 12750 12850 12750 12850 2564
20200901 1458 12850 12850 12800 12850 161
20200901 1459 12850 12850 12800 12850 3210
20200901 1500 12850 12850 12800 12850 495
20200901 1501 12850 12850 12800 12850 1221
20200901 1502 12900 12900 12850 12900 1526
20200901 1503 12900 12900 12850 12900 86
20200901 1504 12850 12900 12850 12850 2329
20200901 1505 12850 12900 12800 12850 743
20200901 1506 12850 12850 12800 12800 733
20200901 1507 12850 12850 12800 12850 432
20200901 1508 12850 12850 12800 12850 305
20200901 1509 12850 12850 12800 12850 579
20200901 1510 12850 12850 12800 12850 154
20200901 1511 12850 12850 12800 12800 326
20200901 1512 12850 12850 12800 12850 2284
20200901 1513 12850 12850 12800 12850 1324
20200901 1514 12850 12850 12750 12800 447
20200901 1515 12800 12850 12800 12850 1199
20200901 1516 12850 12850 12800 12800 164
20200901 1517 12850 12850 12800 12850 375
20200901 1518 12850 12850 12800 12800 947
20200901 1519 12800 12850 12800 12850 247
20200901 1520 12800 12850 12800 12800 580
20200901 1530 12800 12800 12800 12800 3190
