날짜 시간 시가 고가 저가 종가 거래량
20200401 901 7725 7725 7700 7700 51
20200401 902 7700 7720 7700 7720 2640
20200401 903 7695 7695 7690 7690 1763
20200401 904 7720 7720 7720 7720 2200
20200401 909 7720 7720 7720 7720 40
20200401 916 7740 7740 7740 7740 30
20200401 918 7765 7765 7765 7765 20
20200401 919 7790 7790 7780 7780 2
20200401 924 7790 7790 7790 7790 1
20200401 925 7780 7780 7780 7780 1
20200401 927 7780 7780 7780 7780 214
20200401 928 7770 7770 7750 7750 181
20200401 930 7750 7750 7750 7750 13
20200401 931 7770 7770 7770 7770 70
20200401 933 7790 7800 7790 7800 94
20200401 936 7810 7810 7810 7810 11
20200401 944 7870 7870 7860 7860 3
20200401 946 7845 7845 7830 7830 101
20200401 948 7810 7810 7810 7810 1900
20200401 1000 7825 7825 7825 7825 100
20200401 1006 7800 7800 7800 7800 101
20200401 1009 7800 7800 7800 7800 100
20200401 1010 7795 7795 7795 7795 1
20200401 1012 7770 7770 7760 7760 5
20200401 1014 7740 7740 7740 7740 399
20200401 1018 7725 7725 7725 7725 1
20200401 1026 7790 7790 7790 7790 1290
20200401 1029 7800 7800 7795 7795 2
20200401 1032 7790 7790 7780 7780 3
20200401 1033 7775 7775 7760 7760 103
20200401 1040 7760 7760 7755 7755 152
20200401 1045 7785 7785 7785 7785 1
20200401 1047 7785 7785 7785 7785 29
20200401 1050 7800 7800 7800 7800 100
20200401 1102 7850 7850 7850 7850 1
20200401 1107 7810 7810 7810 7810 1
20200401 1111 7810 7810 7810 7810 119
20200401 1116 7835 7835 7835 7835 20
20200401 1126 7800 7800 7800 7800 1
20200401 1130 7800 7800 7800 7800 1
20200401 1133 7800 7800 7800 7800 2
20200401 1136 7800 7800 7800 7800 1
20200401 1143 7785 7785 7785 7785 20
20200401 1149 7825 7825 7825 7825 1
20200401 1152 7820 7820 7820 7820 1
20200401 1155 7815 7815 7815 7815 1
20200401 1158 7835 7835 7835 7835 200
20200401 1200 7810 7810 7810 7810 10
20200401 1207 7810 7810 7810 7810 1
20200401 1213 7805 7805 7805 7805 10
20200401 1215 7820 7820 7820 7820 24
20200401 1241 7795 7795 7795 7795 1
20200401 1243 7795 7795 7795 7795 1
20200401 1249 7795 7795 7795 7795 7
20200401 1251 7775 7775 7775 7775 20
20200401 1257 7775 7775 7770 7770 1185
20200401 1259 7765 7765 7760 7760 201
20200401 1306 7750 7750 7745 7745 609
20200401 1307 7745 7745 7745 7745 10
20200401 1308 7740 7740 7740 7740 3
20200401 1309 7740 7740 7740 7740 1
20200401 1310 7735 7735 7725 7725 996
20200401 1322 7725 7725 7725 7725 9
20200401 1323 7725 7725 7720 7720 74
20200401 1324 7720 7720 7720 7720 2
20200401 1325 7720 7720 7720 7720 1
20200401 1326 7720 7720 7700 7700 60
20200401 1327 7700 7700 7685 7685 54
20200401 1329 7680 7680 7660 7660 1395
20200401 1333 7680 7680 7665 7665 274
20200401 1335 7675 7675 7675 7675 100
20200401 1337 7710 7710 7710 7710 90
20200401 1338 7725 7740 7700 7700 11
20200401 1341 7680 7680 7680 7680 1
20200401 1356 7725 7725 7725 7725 1
20200401 1400 7740 7740 7740 7740 1
20200401 1401 7740 7740 7740 7740 29
20200401 1404 7740 7740 7740 7740 40
20200401 1409 7720 7720 7720 7720 1
20200401 1410 7700 7700 7695 7695 2
20200401 1412 7715 7715 7715 7715 4
20200401 1414 7715 7715 7715 7715 6
20200401 1424 7685 7685 7675 7675 20
20200401 1425 7670 7670 7655 7655 86
20200401 1427 7655 7655 7645 7645 61
20200401 1428 7655 7655 7655 7655 1
20200401 1429 7650 7650 7625 7625 89
20200401 1430 7625 7625 7620 7620 18
20200401 1431 7625 7625 7600 7600 131
20200401 1432 7590 7590 7590 7590 1
20200401 1433 7595 7595 7580 7585 242
20200401 1434 7595 7595 7595 7595 1
20200401 1435 7595 7610 7595 7605 3
20200401 1436 7600 7600 7600 7600 2
20200401 1437 7605 7605 7605 7605 1
20200401 1438 7600 7600 7580 7580 37
20200401 1439 7570 7570 7560 7560 61
20200401 1440 7555 7555 7545 7545 54
20200401 1441 7525 7525 7515 7515 55
20200401 1442 7515 7515 7505 7505 25
20200401 1443 7505 7505 7500 7500 42
20200401 1444 7480 7480 7475 7475 301
20200401 1445 7465 7465 7465 7465 5
20200401 1447 7470 7470 7460 7460 2041
20200401 1448 7455 7455 7455 7455 1
20200401 1449 7450 7450 7440 7445 34
20200401 1450 7430 7435 7400 7400 65
20200401 1451 7425 7425 7420 7420 28
20200401 1453 7390 7390 7380 7380 3
20200401 1454 7390 7395 7390 7395 38
20200401 1455 7390 7415 7390 7415 20
20200401 1456 7405 7405 7405 7405 10
20200401 1457 7415 7415 7415 7415 18
20200401 1458 7415 7425 7415 7425 55
20200401 1459 7425 7425 7425 7425 300
20200401 1500 7455 7465 7455 7465 637
20200401 1501 7445 7445 7425 7445 5
20200401 1502 7425 7425 7410 7410 6
20200401 1503 7395 7395 7395 7395 1
20200401 1504 7395 7395 7385 7385 313
20200401 1505 7385 7385 7385 7385 80
20200401 1506 7380 7380 7000 7000 20700
20200401 1509 7275 7280 7275 7280 15644
20200401 1510 7300 7300 7285 7285 4
20200401 1511 7305 7305 7285 7285 3
20200401 1512 7280 7280 7230 7235 91
20200401 1513 7220 7225 7210 7215 23
20200401 1514 7200 7200 7190 7190 10
20200401 1515 7180 7180 7170 7170 3
20200401 1516 7170 7170 7170 7170 250
20200401 1517 7185 7205 7170 7205 120
20200401 1518 7205 7205 7205 7205 10
20200401 1520 7190 7190 7190 7190 205
20200401 1530 7130 7130 7130 7130 727
20200402 901 7220 7220 7210 7210 470
20200402 903 7265 7265 7265 7265 3
20200402 904 7285 7285 7285 7285 100
20200402 906 7260 7260 7220 7220 2073
20200402 907 7190 7190 7150 7160 170
20200402 908 7130 7130 7100 7100 160
20200402 909 7055 7055 7040 7040 2374
20200402 910 7065 7065 7065 7065 468
20200402 911 7055 7055 7055 7055 13
20200402 912 7095 7125 7095 7100 31
20200402 913 7100 7100 7100 7100 291
20200402 915 7135 7135 7135 7135 132
20200402 916 7140 7140 7120 7120 29
20200402 917 7120 7120 7115 7115 51
20200402 918 7100 7130 7095 7130 2485
20200402 919 7170 7170 7170 7170 30
20200402 920 7190 7190 7180 7180 16
20200402 921 7155 7155 7155 7155 10
20200402 922 7135 7135 7125 7125 1011
20200402 924 7140 7140 7140 7140 1
20200402 925 7190 7190 7190 7190 100
20200402 926 7190 7195 7185 7185 23
20200402 928 7150 7150 7140 7140 6
20200402 931 7140 7140 7120 7120 184
20200402 932 7115 7115 7110 7110 2
20200402 938 7130 7130 7130 7130 50
20200402 942 7130 7130 7130 7130 130
20200402 944 7125 7130 7125 7130 2
20200402 945 7110 7110 7110 7110 286
20200402 946 7100 7100 7100 7100 12
20200402 947 7100 7100 7100 7100 50
20200402 949 7115 7115 7075 7075 45
20200402 951 7090 7095 7090 7095 761
20200402 953 7130 7130 7130 7130 2054
20200402 956 7135 7135 7135 7135 50
20200402 959 7150 7150 7150 7150 9
20200402 1000 7130 7130 7125 7125 3
20200402 1001 7125 7125 7090 7090 10
20200402 1005 7090 7105 7090 7105 21
20200402 1006 7090 7090 7090 7090 26
20200402 1008 7090 7090 7090 7090 1
20200402 1010 7040 7040 7035 7035 4
20200402 1011 7015 7015 7005 7015 22
20200402 1012 7000 7000 7000 7000 25
20200402 1013 6990 6990 6990 6990 32
20200402 1015 7000 7000 7000 7000 100
20200402 1016 7010 7050 7010 7050 6
20200402 1018 6995 6995 6995 6995 1
20200402 1019 7015 7015 7015 7015 71
20200402 1023 7015 7015 7015 7015 171
20200402 1024 7065 7065 7065 7065 5
20200402 1028 7035 7035 7035 7035 1
20200402 1029 7015 7015 7005 7005 80
20200402 1031 7045 7045 7045 7045 10
20200402 1034 7050 7050 7050 7050 1
20200402 1035 7080 7080 7080 7080 1
20200402 1036 7085 7100 7085 7100 2
20200402 1037 7100 7100 7100 7100 1
20200402 1042 7090 7090 7090 7090 1
20200402 1043 7085 7085 7045 7045 11
20200402 1048 7135 7140 7135 7140 50
20200402 1051 7140 7145 7140 7145 2
20200402 1053 7160 7160 7160 7160 1
20200402 1054 7165 7165 7165 7165 1
20200402 1056 7150 7150 7150 7150 1
20200402 1104 7160 7160 7160 7160 1
20200402 1105 7180 7185 7175 7185 4
20200402 1106 7190 7205 7190 7205 3048
20200402 1107 7220 7235 7220 7235 8
20200402 1109 7235 7235 7235 7235 2
20200402 1110 7235 7235 7235 7235 51
20200402 1112 7210 7210 7210 7210 1
20200402 1113 7235 7240 7235 7240 6
20200402 1116 7265 7285 7265 7285 6
20200402 1117 7240 7240 7240 7240 5
20200402 1121 7280 7285 7280 7285 6
20200402 1122 7300 7300 7300 7300 357
20200402 1123 7285 7285 7285 7285 2
20200402 1124 7285 7285 7285 7285 22
20200402 1126 7285 7285 7285 7285 87
20200402 1128 7255 7255 7255 7255 111
20200402 1129 7240 7240 7240 7240 1
20200402 1134 7240 7240 7240 7240 1
20200402 1140 7240 7240 7240 7240 44
20200402 1152 7285 7285 7285 7285 3
20200402 1153 7300 7300 7300 7300 6
20200402 1154 7305 7305 7305 7305 1
20200402 1205 7345 7345 7345 7345 1
20200402 1206 7345 7345 7345 7345 56
20200402 1207 7335 7335 7290 7290 57
20200402 1210 7335 7335 7335 7335 2
20200402 1212 7345 7345 7345 7345 8
20200402 1213 7340 7340 7330 7330 19
20200402 1215 7320 7320 7320 7320 60
20200402 1220 7340 7340 7340 7340 10
20200402 1223 7345 7350 7345 7350 345
20200402 1226 7350 7350 7350 7350 2
20200402 1227 7350 7350 7350 7350 1
20200402 1229 7350 7350 7345 7345 48
20200402 1232 7365 7365 7365 7365 1
20200402 1233 7365 7365 7355 7355 3
20200402 1235 7370 7370 7370 7370 1
20200402 1236 7370 7375 7370 7375 12
20200402 1238 7375 7375 7375 7375 109
20200402 1240 7390 7410 7390 7410 12
20200402 1241 7410 7410 7395 7395 7
20200402 1244 7410 7410 7410 7410 7
20200402 1247 7430 7430 7430 7430 212
20200402 1251 7410 7410 7410 7410 3
20200402 1252 7400 7400 7395 7395 6
20200402 1301 7370 7370 7355 7360 53
20200402 1302 7360 7360 7360 7360 1
20200402 1308 7375 7375 7375 7375 1
20200402 1309 7355 7355 7340 7340 156
20200402 1310 7335 7335 7300 7300 19
20200402 1311 7300 7300 7290 7290 4
20200402 1312 7275 7275 7270 7270 12
20200402 1313 7270 7270 7270 7270 94
20200402 1314 7295 7295 7295 7295 1
20200402 1315 7310 7310 7310 7310 1
20200402 1316 7325 7325 7325 7325 683
20200402 1319 7295 7295 7240 7275 688
20200402 1320 7275 7300 7275 7300 694
20200402 1322 7310 7310 7310 7310 684
20200402 1323 7295 7295 7290 7290 1371
20200402 1340 7290 7295 7290 7290 132
20200402 1342 7290 7290 7290 7290 1
20200402 1345 7285 7285 7285 7285 7
20200402 1346 7325 7325 7325 7325 12
20200402 1348 7375 7375 7375 7375 7
20200402 1350 7370 7375 7370 7375 132
20200402 1351 7400 7400 7400 7400 1800
20200402 1354 7395 7395 7390 7390 154
20200402 1357 7370 7370 7370 7370 5
20200402 1358 7360 7360 7330 7330 1800
20200402 1415 7260 7260 7260 7260 1
20200402 1419 7270 7270 7270 7270 77
20200402 1429 7270 7270 7270 7270 1
20200402 1433 7330 7330 7330 7330 6
20200402 1436 7395 7395 7395 7395 1
20200402 1437 7375 7375 7360 7360 8
20200402 1438 7375 7375 7370 7370 7
20200402 1440 7375 7375 7360 7360 32
20200402 1441 7365 7365 7360 7360 3
20200402 1442 7360 7360 7355 7355 4
20200402 1443 7350 7350 7340 7340 50
20200402 1445 7350 7355 7350 7355 30
20200402 1449 7360 7360 7360 7360 2
20200402 1451 7415 7415 7415 7415 5
20200402 1454 7395 7395 7395 7395 1
20200402 1456 7415 7415 7415 7415 1
20200402 1459 7420 7425 7420 7425 143
20200402 1500 7430 7440 7430 7440 102
20200402 1501 7450 7470 7450 7470 54
20200402 1502 7480 7480 7480 7480 2
20200402 1503 7480 7480 7480 7480 3
20200402 1505 7490 7500 7490 7500 35
20200402 1506 7510 7510 7505 7505 7
20200402 1508 7505 7520 7505 7520 11
20200402 1509 7520 7545 7520 7545 351
20200402 1510 7545 7545 7545 7545 2000
20200402 1511 7535 7535 7535 7535 77
20200402 1512 7505 7505 7505 7505 20
20200402 1513 7540 7540 7540 7540 5
20200402 1514 7505 7505 7505 7505 1
20200402 1516 7510 7510 7505 7505 6
20200402 1517 7500 7500 7500 7500 4
20200402 1518 7500 7545 7500 7545 101
20200402 1519 7510 7510 7510 7510 10
20200402 1530 7535 7535 7535 7535 55
20200403 901 7535 7535 7525 7525 62
20200403 902 7520 7575 7520 7575 59
20200403 903 7570 7600 7570 7600 52
20200403 904 7610 7680 7610 7670 514
20200403 905 7610 7610 7610 7610 4
20200403 906 7635 7635 7620 7620 103
20200403 907 7615 7620 7610 7610 774
20200403 908 7610 7610 7575 7575 27
20200403 909 7570 7570 7570 7570 2
20200403 910 7565 7575 7565 7575 546
20200403 911 7575 7575 7575 7575 10
20200403 912 7615 7615 7615 7615 10
20200403 913 7620 7650 7620 7650 155
20200403 914 7650 7650 7650 7650 393
20200403 915 7585 7585 7585 7585 20
20200403 917 7600 7605 7600 7600 66
20200403 918 7595 7595 7560 7560 1989
20200403 919 7550 7550 7550 7550 5
20200403 920 7565 7565 7565 7565 3
20200403 921 7565 7565 7565 7565 2
20200403 922 7565 7565 7565 7565 102
20200403 923 7550 7550 7540 7540 16
20200403 928 7610 7610 7610 7610 74
20200403 929 7615 7615 7615 7615 50
20200403 931 7615 7615 7610 7610 16
20200403 933 7605 7605 7605 7605 8
20200403 935 7605 7605 7605 7605 3
20200403 936 7605 7605 7605 7605 27
20200403 938 7615 7625 7615 7625 304
20200403 939 7610 7610 7610 7610 30
20200403 940 7615 7615 7575 7575 134
20200403 941 7585 7585 7575 7575 100
20200403 944 7585 7585 7580 7580 132
20200403 945 7575 7575 7575 7575 77
20200403 946 7565 7565 7565 7565 66
20200403 948 7540 7540 7525 7525 5
20200403 949 7520 7520 7515 7515 2
20200403 955 7510 7510 7510 7510 10
20200403 959 7510 7510 7510 7510 5
20200403 1002 7500 7500 7500 7500 17
20200403 1003 7495 7495 7460 7460 79
20200403 1006 7450 7450 7450 7450 2
20200403 1018 7490 7490 7490 7490 1
20200403 1024 7500 7500 7500 7500 1
20200403 1027 7535 7535 7535 7535 41
20200403 1033 7565 7565 7565 7565 1
20200403 1042 7565 7565 7550 7550 12
20200403 1043 7545 7545 7540 7540 1316
20200403 1045 7535 7535 7520 7520 1255
20200403 1047 7560 7560 7560 7560 1
20200403 1048 7565 7565 7565 7565 1
20200403 1051 7585 7585 7585 7585 11
20200403 1056 7580 7580 7580 7580 1
20200403 1057 7575 7575 7570 7570 2
20200403 1101 7570 7570 7570 7570 5
20200403 1102 7580 7580 7580 7580 16
20200403 1104 7590 7590 7590 7590 3
20200403 1105 7590 7590 7585 7590 5
20200403 1106 7580 7590 7570 7590 93
20200403 1107 7585 7585 7585 7585 11
20200403 1113 7570 7570 7560 7560 5
20200403 1114 7555 7555 7550 7550 5
20200403 1120 7545 7545 7535 7535 3
20200403 1121 7535 7535 7535 7535 1
20200403 1122 7530 7530 7530 7530 5
20200403 1123 7530 7530 7525 7530 46
20200403 1128 7545 7545 7545 7545 1
20200403 1216 7530 7530 7530 7530 2
20200403 1218 7530 7530 7530 7530 1
20200403 1220 7515 7515 7500 7500 322
20200403 1228 7535 7535 7535 7535 1
20200403 1234 7520 7520 7520 7520 1
20200403 1237 7495 7495 7485 7485 105
20200403 1240 7480 7480 7465 7465 50
20200403 1246 7485 7485 7485 7485 1
20200403 1301 7490 7490 7490 7490 10
20200403 1302 7500 7500 7500 7500 1
20200403 1307 7490 7490 7490 7490 1
20200403 1309 7490 7490 7485 7490 5
20200403 1310 7490 7490 7480 7480 3
20200403 1312 7465 7465 7460 7460 6
20200403 1313 7455 7455 7430 7430 115
20200403 1314 7430 7430 7425 7425 12
20200403 1317 7425 7425 7425 7425 116
20200403 1318 7420 7420 7420 7420 3
20200403 1322 7430 7430 7430 7430 1
20200403 1323 7430 7430 7430 7430 18
20200403 1324 7430 7430 7430 7430 8
20200403 1326 7430 7430 7430 7430 8
20200403 1327 7430 7430 7430 7430 7
20200403 1328 7430 7430 7430 7430 1
20200403 1329 7430 7430 7430 7430 2
20200403 1330 7425 7425 7425 7425 1
20200403 1331 7420 7420 7420 7420 1
20200403 1334 7425 7425 7425 7425 4
20200403 1335 7420 7420 7420 7420 10
20200403 1336 7410 7410 7385 7385 20
20200403 1337 7385 7385 7375 7375 9
20200403 1338 7360 7370 7360 7370 34
20200403 1339 7355 7355 7355 7355 4
20200403 1340 7370 7370 7370 7370 1
20200403 1341 7375 7375 7375 7375 2
20200403 1342 7385 7385 7385 7385 3
20200403 1343 7385 7385 7380 7380 7
20200403 1345 7370 7370 7370 7370 12
20200403 1348 7385 7390 7385 7390 116
20200403 1349 7420 7420 7420 7420 938
20200403 1350 7435 7435 7410 7410 149
20200403 1352 7380 7380 7380 7380 3
20200403 1353 7380 7380 7380 7380 2
20200403 1355 7375 7375 7330 7330 163
20200403 1402 7380 7380 7380 7380 1
20200403 1405 7440 7440 7405 7405 2
20200403 1406 7410 7410 7410 7410 1
20200403 1407 7410 7410 7410 7410 49
20200403 1421 7380 7380 7380 7380 10
20200403 1428 7380 7380 7380 7380 938
20200403 1430 7435 7435 7435 7435 1
20200403 1433 7415 7500 7415 7500 125
20200403 1434 7500 7500 7445 7445 995
20200403 1435 7455 7455 7455 7455 1
20200403 1437 7465 7465 7465 7465 1
20200403 1438 7490 7490 7490 7490 1
20200403 1440 7505 7505 7505 7505 1
20200403 1441 7530 7530 7530 7530 999
20200403 1442 7530 7530 7530 7530 1
20200403 1443 7535 7535 7535 7535 255
20200403 1444 7535 7535 7535 7535 1
20200403 1450 7535 7535 7535 7535 1
20200403 1452 7535 7535 7535 7535 20
20200403 1454 7535 7540 7535 7540 70
20200403 1455 7540 7540 7540 7540 52
20200403 1456 7550 7580 7550 7580 192
20200403 1457 7580 7580 7580 7580 42
20200403 1458 7570 7570 7570 7570 1
20200403 1505 7535 7535 7535 7535 59
20200403 1512 7560 7560 7560 7560 1
20200403 1530 7525 7525 7525 7525 100
20200406 901 7675 7700 7675 7690 835
20200406 902 7700 7740 7700 7740 245
20200406 903 7745 7745 7740 7740 11
20200406 904 7720 7720 7720 7720 19
20200406 906 7700 7700 7700 7700 100
20200406 908 7715 7715 7710 7715 106
20200406 909 7715 7720 7715 7720 388
20200406 911 7690 7690 7690 7690 784
20200406 916 7690 7690 7690 7690 100
20200406 917 7715 7715 7715 7715 15
20200406 918 7730 7740 7730 7740 7
20200406 919 7750 7760 7750 7750 916
20200406 920 7765 7790 7765 7790 67
20200406 921 7795 7810 7795 7800 496
20200406 922 7805 7805 7805 7805 200
20200406 923 7805 7805 7805 7805 4
20200406 924 7810 7810 7810 7810 371
20200406 925 7820 7825 7820 7825 11
20200406 926 7825 7825 7825 7825 11
20200406 927 7825 7825 7820 7820 185
20200406 928 7820 7820 7820 7820 90
20200406 929 7810 7810 7810 7810 20
20200406 931 7835 7840 7835 7840 21
20200406 932 7840 7855 7840 7855 150
20200406 933 7860 7870 7860 7870 23
20200406 934 7870 7870 7850 7850 42
20200406 935 7870 7895 7870 7895 45
20200406 936 7900 7925 7900 7925 331
20200406 937 7930 7935 7930 7935 11
20200406 938 7935 7935 7935 7935 492
20200406 941 7930 7940 7930 7940 11
20200406 942 7935 7940 7935 7940 185
20200406 944 7930 7930 7920 7920 60
20200406 945 7875 7875 7875 7875 386
20200406 947 7855 7855 7855 7855 120
20200406 948 7895 7895 7895 7895 510
20200406 952 7895 7895 7880 7880 531
20200406 953 7885 7895 7885 7895 194
20200406 954 7920 7930 7920 7930 123
20200406 955 7905 7905 7895 7895 108
20200406 956 7860 7860 7860 7860 50
20200406 1004 7895 7895 7895 7895 10
20200406 1007 7890 7890 7890 7890 262
20200406 1013 7860 7860 7860 7860 5
20200406 1014 7875 7875 7875 7875 16
20200406 1017 7895 7900 7895 7900 5881
20200406 1030 7870 7870 7860 7860 98
20200406 1032 7855 7855 7845 7845 93
20200406 1036 7830 7830 7785 7785 110
20200406 1039 7785 7785 7785 7785 1
20200406 1044 7785 7785 7785 7785 9
20200406 1048 7780 7780 7765 7765 26
20200406 1051 7765 7765 7765 7765 1
20200406 1055 7765 7765 7760 7760 282
20200406 1103 7820 7820 7820 7820 100
20200406 1104 7820 7820 7815 7815 550
20200406 1106 7850 7850 7850 7850 130
20200406 1107 7850 7850 7850 7850 171
20200406 1116 7860 7860 7860 7860 1
20200406 1119 7860 7860 7860 7860 5
20200406 1122 7850 7850 7850 7850 232
20200406 1133 7820 7820 7820 7820 30
20200406 1134 7800 7800 7800 7800 33
20200406 1146 7815 7815 7815 7815 50
20200406 1149 7855 7855 7855 7855 1
20200406 1205 7855 7855 7855 7855 272
20200406 1212 7865 7865 7865 7865 40
20200406 1223 7875 7875 7875 7875 1
20200406 1226 7875 7875 7875 7875 1
20200406 1230 7875 7875 7875 7875 677
20200406 1232 7895 7900 7895 7900 173
20200406 1236 7905 7910 7905 7910 193
20200406 1238 7915 7915 7915 7915 12
20200406 1239 7920 7920 7920 7920 4
20200406 1240 7925 7925 7925 7925 3
20200406 1242 7915 7915 7915 7915 18
20200406 1245 7915 7915 7915 7915 1
20200406 1248 7910 7910 7910 7910 1
20200406 1300 7910 7910 7910 7910 30
20200406 1313 7910 7930 7910 7930 30
20200406 1314 7930 7935 7930 7935 83
20200406 1315 7940 7945 7940 7945 93
20200406 1316 7950 7950 7950 7950 77
20200406 1320 7960 7960 7960 7960 1
20200406 1323 7960 7965 7960 7965 7
20200406 1329 7960 7960 7960 7960 10
20200406 1330 7960 7960 7960 7960 150
20200406 1333 7950 7950 7945 7945 2
20200406 1345 7940 7940 7940 7940 1
20200406 1346 7935 7935 7935 7935 200
20200406 1348 7930 7930 7930 7930 10
20200406 1350 7925 7925 7920 7920 11
20200406 1351 7910 7910 7900 7900 9
20200406 1357 7925 7925 7925 7925 100
20200406 1401 7945 7945 7945 7945 14
20200406 1402 7940 7940 7940 7940 10
20200406 1403 7940 7940 7940 7940 90
20200406 1404 7940 7940 7940 7940 9
20200406 1409 7945 7945 7945 7945 1
20200406 1418 7940 7940 7940 7940 435
20200406 1429 7950 7970 7950 7970 295
20200406 1430 7975 7975 7975 7975 121
20200406 1431 7980 8000 7970 8000 102
20200406 1433 7995 7995 7990 7990 550
20200406 1434 8000 8025 8000 8025 363
20200406 1435 8030 8035 8030 8030 59
20200406 1436 8025 8025 8020 8020 2
20200406 1437 8030 8040 8030 8035 155
20200406 1440 8045 8045 8040 8040 2
20200406 1441 8035 8045 8025 8045 549
20200406 1442 8045 8080 8045 8080 108
20200406 1443 8075 8090 8075 8090 3047
20200406 1444 8085 8085 8055 8055 601
20200406 1445 8095 8095 8090 8090 2
20200406 1448 8090 8090 8075 8075 4
20200406 1449 8075 8075 8070 8070 51
20200406 1451 8085 8085 8085 8085 1
20200406 1453 8095 8095 8095 8095 1
20200406 1454 8095 8095 8095 8095 10
20200406 1455 8095 8095 8095 8095 100
20200406 1457 8095 8095 8095 8095 49
20200406 1458 8090 8090 8090 8090 1
20200406 1459 8090 8090 8090 8090 541
20200406 1501 8100 8115 8100 8115 315
20200406 1503 8115 8115 8115 8115 1
20200406 1504 8120 8130 8120 8130 4
20200406 1505 8140 8140 8140 8140 100
20200406 1506 8140 8140 8140 8140 186
20200406 1507 8140 8140 8140 8140 229
20200406 1508 8145 8150 8145 8150 14
20200406 1509 8155 8155 8155 8155 6
20200406 1511 8165 8165 8165 8165 1
20200406 1512 8165 8170 8165 8165 500
20200406 1513 8160 8160 8140 8140 15
20200406 1514 8155 8155 8155 8155 50
20200406 1518 8135 8155 8135 8155 7
20200406 1520 8150 8150 8140 8140 3
20200406 1530 8140 8140 8140 8140 152
20200407 901 8435 8435 8405 8430 2146
20200407 902 8430 8430 8430 8430 1128
20200407 903 8425 8435 8425 8435 501
20200407 904 8435 8480 8435 8480 98
20200407 905 8465 8470 8450 8450 1263
20200407 906 8450 8450 8445 8450 389
20200407 908 8480 8505 8480 8500 506
20200407 909 8505 8520 8505 8520 130
20200407 910 8515 8520 8515 8520 1117
20200407 911 8540 8545 8540 8545 106
20200407 912 8560 8560 8550 8550 452
20200407 913 8545 8590 8545 8590 554
20200407 914 8585 8585 8585 8585 1
20200407 915 8585 8585 8545 8545 3042
20200407 916 8540 8545 8485 8485 40
20200407 917 8485 8485 8465 8465 1500
20200407 918 8460 8460 8435 8435 11
20200407 919 8410 8420 8410 8420 397
20200407 921 8435 8445 8420 8420 93
20200407 924 8465 8465 8460 8460 31
20200407 928 8440 8440 8420 8420 364
20200407 929 8410 8410 8410 8410 1
20200407 930 8405 8405 8360 8360 168
20200407 931 8375 8375 8370 8370 270
20200407 932 8385 8390 8385 8390 58
20200407 935 8390 8390 8390 8390 9
20200407 936 8390 8390 8360 8360 128
20200407 937 8350 8350 8350 8350 50
20200407 939 8350 8350 8350 8350 100
20200407 941 8320 8320 8310 8310 6
20200407 942 8300 8300 8300 8300 387
20200407 943 8280 8280 8280 8280 100
20200407 944 8280 8280 8280 8280 1
20200407 946 8300 8345 8300 8300 108
20200407 947 8350 8350 8310 8310 16
20200407 953 8330 8330 8330 8330 1
20200407 1003 8410 8450 8410 8430 33
20200407 1004 8425 8425 8415 8415 3
20200407 1005 8400 8400 8375 8375 55
20200407 1006 8370 8370 8370 8370 1
20200407 1007 8395 8395 8385 8385 21
20200407 1008 8365 8365 8365 8365 1
20200407 1009 8340 8350 8340 8350 115
20200407 1010 8335 8335 8335 8335 20
20200407 1012 8360 8360 8325 8325 337
20200407 1016 8360 8360 8360 8360 20
20200407 1021 8410 8410 8410 8410 50
20200407 1025 8410 8410 8410 8410 13
20200407 1028 8410 8410 8410 8410 1
20200407 1029 8395 8395 8365 8365 110
20200407 1030 8385 8385 8375 8375 2
20200407 1031 8365 8380 8365 8370 3
20200407 1032 8375 8375 8360 8360 3
20200407 1033 8365 8365 8355 8355 2
20200407 1034 8365 8365 8350 8350 2
20200407 1038 8350 8350 8345 8345 148
20200407 1039 8340 8340 8340 8340 1
20200407 1041 8315 8315 8315 8315 400
20200407 1042 8315 8315 8310 8310 2
20200407 1043 8310 8310 8310 8310 3
20200407 1045 8300 8300 8300 8300 100
20200407 1046 8310 8310 8310 8310 350
20200407 1053 8310 8310 8310 8310 10
20200407 1056 8305 8305 8300 8300 1400
20200407 1057 8280 8280 8265 8265 152
20200407 1059 8290 8290 8290 8290 500
20200407 1100 8280 8280 8280 8280 500
20200407 1101 8260 8260 8260 8260 1
20200407 1102 8280 8280 8250 8280 275
20200407 1106 8270 8270 8270 8270 577
20200407 1114 8240 8240 8240 8240 231
20200407 1116 8230 8230 8220 8220 3
20200407 1117 8220 8220 8220 8220 100
20200407 1119 8220 8220 8220 8220 100
20200407 1122 8200 8200 8190 8190 20
20200407 1124 8220 8220 8220 8220 730
20200407 1127 8200 8200 8200 8200 15
20200407 1128 8220 8220 8220 8220 30
20200407 1132 8255 8255 8255 8255 70
20200407 1133 8250 8250 8250 8250 200
20200407 1136 8225 8225 8220 8220 970
20200407 1138 8250 8250 8250 8250 200
20200407 1139 8275 8275 8275 8275 200
20200407 1140 8270 8270 8270 8270 200
20200407 1141 8275 8275 8275 8275 1516
20200407 1157 8270 8270 8270 8270 200
20200407 1159 8300 8300 8300 8300 30
20200407 1202 8305 8305 8305 8305 131
20200407 1205 8315 8315 8315 8315 100
20200407 1213 8315 8315 8315 8315 13
20200407 1220 8290 8290 8290 8290 20
20200407 1223 8255 8255 8255 8255 1
20200407 1233 8190 8190 8190 8190 1
20200407 1245 8190 8190 8190 8190 108
20200407 1246 8180 8180 8170 8170 21
20200407 1250 8160 8160 8160 8160 21
20200407 1253 8160 8160 8155 8155 2
20200407 1254 8150 8150 8150 8150 10
20200407 1255 8130 8130 8115 8115 33
20200407 1256 8115 8115 8115 8115 27
20200407 1259 8185 8185 8185 8185 1
20200407 1300 8200 8200 8200 8200 1
20200407 1301 8200 8200 8200 8200 50
20200407 1307 8200 8200 8200 8200 24
20200407 1311 8200 8200 8180 8180 201
20200407 1313 8200 8200 8200 8200 176
20200407 1320 8200 8200 8200 8200 3
20200407 1327 8235 8235 8235 8235 1
20200407 1328 8230 8230 8215 8215 3
20200407 1329 8210 8210 8200 8200 823
20200407 1332 8190 8190 8180 8180 152
20200407 1351 8245 8250 8245 8250 201
20200407 1358 8280 8280 8280 8280 30
20200407 1359 8300 8300 8300 8300 118
20200407 1400 8325 8335 8325 8335 25
20200407 1401 8335 8345 8335 8345 27
20200407 1402 8345 8345 8340 8340 22
20200407 1405 8325 8325 8325 8325 2
20200407 1410 8345 8345 8345 8345 117
20200407 1416 8325 8325 8315 8315 11
20200407 1417 8305 8305 8305 8305 72
20200407 1432 8290 8290 8290 8290 121
20200407 1438 8340 8355 8340 8355 971
20200407 1441 8425 8425 8425 8425 200
20200407 1442 8430 8430 8430 8430 200
20200407 1443 8420 8420 8420 8420 1
20200407 1458 8390 8390 8390 8390 2
20200407 1459 8390 8390 8380 8380 51
20200407 1502 8370 8370 8370 8370 1
20200407 1506 8390 8400 8390 8400 12
20200407 1507 8410 8415 8410 8415 33
20200407 1508 8420 8420 8420 8420 21
20200407 1509 8425 8430 8425 8430 102
20200407 1511 8420 8420 8420 8420 24
20200407 1512 8430 8445 8430 8445 1036
20200407 1513 8440 8445 8440 8445 200
20200407 1515 8450 8450 8450 8450 23
20200407 1516 8450 8460 8450 8460 36
20200407 1517 8425 8425 8425 8425 46
20200407 1530 8450 8450 8450 8450 129
20200408 901 8370 8370 8340 8340 495
20200408 902 8305 8305 8305 8305 688
20200408 904 8300 8300 8260 8260 56
20200408 905 8265 8300 8260 8300 15
20200408 906 8280 8305 8280 8305 21
20200408 907 8300 8300 8290 8290 3
20200408 908 8305 8305 8295 8295 3
20200408 909 8285 8285 8280 8280 2
20200408 910 8270 8270 8270 8270 1
20200408 911 8260 8260 8250 8250 43
20200408 912 8275 8275 8275 8275 5
20200408 914 8250 8250 8250 8250 50
20200408 915 8280 8280 8280 8280 3
20200408 916 8305 8305 8305 8305 1
20200408 917 8305 8305 8305 8305 2
20200408 920 8310 8310 8300 8300 100
20200408 923 8270 8270 8270 8270 20
20200408 925 8270 8270 8270 8270 250
20200408 926 8260 8260 8250 8250 117
20200408 927 8245 8245 8245 8245 1
20200408 928 8240 8240 8230 8230 8
20200408 929 8220 8220 8220 8220 56
20200408 930 8220 8220 8215 8220 227
20200408 933 8245 8250 8230 8230 186
20200408 934 8210 8210 8210 8210 1
20200408 938 8200 8200 8200 8200 30
20200408 939 8200 8200 8190 8195 136
20200408 941 8180 8180 8180 8180 30
20200408 944 8235 8235 8235 8235 10
20200408 948 8225 8225 8220 8220 1000
20200408 952 8235 8235 8220 8220 130
20200408 954 8250 8250 8250 8250 1
20200408 955 8250 8255 8250 8255 51
20200408 957 8255 8255 8255 8255 28
20200408 1001 8260 8260 8255 8255 123
20200408 1003 8260 8260 8260 8260 1
20200408 1004 8285 8285 8285 8285 50
20200408 1007 8295 8305 8295 8305 74
20200408 1008 8305 8310 8305 8310 2
20200408 1009 8310 8310 8310 8310 100
20200408 1014 8305 8305 8305 8305 1
20200408 1016 8305 8305 8305 8305 7650
20200408 1017 8310 8320 8310 8320 31
20200408 1018 8340 8340 8340 8340 1
20200408 1020 8375 8380 8375 8380 8
20200408 1026 8415 8415 8415 8415 17
20200408 1027 8430 8430 8430 8430 20
20200408 1030 8420 8420 8420 8420 30
20200408 1031 8420 8420 8420 8420 70
20200408 1033 8360 8360 8360 8360 7
20200408 1034 8385 8385 8385 8385 392
20200408 1036 8385 8385 8385 8385 30
20200408 1039 8360 8360 8360 8360 101
20200408 1047 8340 8340 8340 8340 30
20200408 1050 8340 8340 8320 8320 1158
20200408 1052 8320 8320 8320 8320 1
20200408 1058 8300 8300 8300 8300 30
20200408 1102 8300 8300 8300 8300 20
20200408 1105 8320 8320 8320 8320 30
20200408 1107 8335 8335 8335 8335 50
20200408 1116 8360 8360 8360 8360 20
20200408 1126 8360 8360 8360 8360 1
20200408 1140 8335 8335 8335 8335 160
20200408 1143 8325 8325 8320 8320 3
20200408 1200 8300 8300 8285 8285 1110
20200408 1204 8280 8280 8275 8275 120
20200408 1210 8270 8270 8270 8270 20
20200408 1211 8275 8275 8275 8275 20
20200408 1226 8300 8300 8300 8300 30
20200408 1256 8300 8300 8300 8300 10
20200408 1315 8320 8335 8320 8335 90
20200408 1316 8345 8345 8345 8345 40
20200408 1318 8365 8385 8365 8385 1251
20200408 1321 8385 8385 8385 8385 100
20200408 1324 8375 8375 8375 8375 30
20200408 1329 8375 8375 8375 8375 300
20200408 1332 8355 8355 8355 8355 1000
20200408 1333 8370 8370 8370 8370 200
20200408 1334 8385 8385 8385 8385 61
20200408 1344 8390 8405 8390 8405 51
20200408 1345 8405 8405 8405 8405 3
20200408 1348 8405 8405 8405 8405 142
20200408 1349 8445 8445 8445 8445 10
20200408 1350 8445 8460 8445 8460 39
20200408 1351 8450 8460 8450 8460 3
20200408 1352 8460 8460 8460 8460 100
20200408 1355 8465 8480 8465 8480 1746
20200408 1405 8415 8415 8415 8415 1
20200408 1410 8460 8480 8460 8480 358
20200408 1414 8480 8480 8480 8480 130
20200408 1416 8490 8500 8490 8500 412
20200408 1418 8510 8525 8510 8520 373
20200408 1423 8500 8500 8465 8465 288
20200408 1424 8460 8460 8460 8460 20
20200408 1426 8500 8500 8500 8500 1
20200408 1428 8495 8505 8495 8500 5465
20200408 1430 8520 8520 8520 8520 1
20200408 1432 8460 8460 8460 8460 18
20200408 1434 8505 8505 8505 8505 1
20200408 1446 8490 8490 8490 8490 192
20200408 1450 8500 8500 8500 8500 1746
20200408 1451 8505 8505 8505 8505 70
20200408 1452 8530 8530 8530 8530 1
20200408 1455 8525 8540 8525 8540 1158
20200408 1502 8490 8490 8490 8490 200
20200408 1503 8450 8450 8430 8430 121
20200408 1504 8420 8420 8415 8415 61
20200408 1507 8410 8410 8410 8410 50
20200408 1509 8390 8390 8355 8355 210
20200408 1510 8355 8355 8345 8345 102
20200408 1512 8345 8345 8310 8310 240
20200408 1513 8310 8310 8310 8310 100
20200408 1515 8310 8310 8310 8310 50
20200408 1517 8290 8290 8280 8280 152
20200408 1518 8275 8275 8250 8250 308
20200408 1519 8245 8245 8245 8245 300
20200408 1520 8240 8240 8210 8210 700
20200408 1530 8200 8200 8200 8200 808
20200409 901 8465 8470 8465 8470 300
20200409 902 8475 8475 8475 8475 20
20200409 903 8470 8475 8470 8475 144
20200409 904 8475 8475 8470 8470 2264
20200409 906 8445 8445 8445 8445 70
20200409 910 8470 8470 8470 8470 1
20200409 912 8450 8450 8450 8450 1
20200409 913 8430 8430 8430 8430 1
20200409 914 8430 8430 8430 8430 199
20200409 917 8430 8430 8430 8430 100
20200409 919 8430 8430 8430 8430 1500
20200409 920 8440 8440 8440 8440 1
20200409 922 8460 8460 8460 8460 1
20200409 925 8430 8430 8420 8420 12
20200409 927 8405 8405 8405 8405 1
20200409 929 8410 8410 8405 8405 2
20200409 930 8400 8400 8400 8400 10
20200409 933 8400 8420 8400 8420 61
20200409 934 8420 8420 8420 8420 49
20200409 935 8450 8450 8420 8420 50
20200409 941 8450 8460 8425 8460 101
20200409 943 8430 8430 8425 8425 4947
20200409 946 8455 8455 8455 8455 1
20200409 952 8460 8460 8460 8460 1
20200409 958 8425 8425 8425 8425 1
20200409 1006 8405 8405 8405 8405 1
20200409 1012 8440 8440 8440 8440 1
20200409 1020 8390 8390 8385 8385 13
20200409 1021 8385 8385 8385 8385 3000
20200409 1022 8370 8370 8370 8370 1001
20200409 1023 8350 8350 8350 8350 1
20200409 1026 8345 8345 8345 8345 2
20200409 1028 8330 8330 8320 8320 10
20200409 1033 8320 8320 8320 8320 2
20200409 1034 8310 8310 8310 8310 1
20200409 1035 8300 8300 8290 8290 31
20200409 1040 8270 8285 8270 8285 5041
20200409 1042 8300 8300 8300 8300 2
20200409 1043 8295 8295 8285 8285 247
20200409 1047 8320 8320 8320 8320 22
20200409 1050 8320 8320 8320 8320 10
20200409 1053 8320 8340 8320 8340 100
20200409 1129 8335 8335 8335 8335 1
20200409 1130 8310 8310 8310 8310 241
20200409 1134 8310 8310 8310 8310 40
20200409 1137 8310 8310 8310 8310 536
20200409 1142 8290 8290 8290 8290 14
20200409 1145 8275 8275 8270 8270 8
20200409 1159 8265 8265 8265 8265 250
20200409 1200 8285 8285 8285 8285 30
20200409 1222 8345 8345 8345 8345 1
20200409 1223 8350 8350 8350 8350 1
20200409 1227 8355 8360 8355 8360 2
20200409 1230 8360 8360 8360 8360 11
20200409 1244 8365 8365 8365 8365 1
20200409 1248 8365 8370 8365 8370 3
20200409 1249 8375 8380 8375 8380 2
20200409 1254 8380 8385 8380 8385 992
20200409 1306 8385 8385 8385 8385 119
20200409 1334 8295 8295 8295 8295 20
20200409 1338 8325 8325 8320 8320 1200
20200409 1340 8345 8345 8345 8345 6903
20200409 1345 8350 8350 8350 8350 20
20200409 1359 8385 8385 8385 8385 2
20200409 1400 8385 8400 8385 8400 63
20200409 1419 8310 8310 8310 8310 60
20200409 1426 8320 8320 8320 8320 2
20200409 1427 8330 8330 8330 8330 40
20200409 1428 8330 8330 8330 8330 40
20200409 1431 8330 8330 8330 8330 1
20200409 1432 8300 8300 8300 8300 4
20200409 1433 8305 8305 8305 8305 4
20200409 1434 8315 8315 8315 8315 30
20200409 1435 8330 8330 8330 8330 30
20200409 1446 8365 8365 8365 8365 1
20200409 1455 8295 8295 8295 8295 20
20200409 1458 8295 8295 8295 8295 30
20200409 1459 8305 8305 8305 8305 20
20200409 1502 8380 8380 8380 8380 1
20200409 1504 8380 8380 8380 8380 1
20200409 1509 8380 8380 8380 8380 3
20200409 1510 8385 8385 8385 8385 2
20200409 1511 8385 8385 8385 8385 1
20200409 1512 8385 8385 8385 8385 2
20200409 1513 8385 8385 8385 8385 2
20200409 1514 8385 8385 8385 8385 2
20200409 1518 8385 8390 8385 8390 4
20200409 1519 8400 8410 8400 8410 6
20200409 1520 8415 8420 8415 8420 8
20200409 1530 8420 8420 8420 8420 23
20200410 901 8385 8385 8340 8340 16
20200410 906 8395 8395 8395 8395 8
20200410 907 8400 8400 8400 8400 4
20200410 908 8395 8400 8395 8400 500
20200410 918 8360 8360 8360 8360 50
20200410 921 8390 8390 8390 8390 50
20200410 922 8400 8400 8400 8400 70
20200410 924 8400 8430 8400 8430 250
20200410 926 8415 8425 8415 8425 21
20200410 928 8425 8425 8425 8425 5
20200410 929 8425 8425 8425 8425 3
20200410 930 8430 8430 8430 8430 1
20200410 932 8440 8450 8440 8450 25
20200410 933 8450 8455 8450 8455 110
20200410 935 8455 8455 8455 8455 200
20200410 937 8440 8440 8440 8440 10
20200410 939 8440 8440 8440 8440 10
20200410 940 8440 8440 8440 8440 30
20200410 942 8405 8405 8405 8405 30
20200410 943 8415 8415 8415 8415 500
20200410 946 8440 8440 8440 8440 5
20200410 949 8440 8440 8440 8440 5
20200410 950 8445 8445 8445 8445 1
20200410 951 8455 8455 8455 8455 10
20200410 952 8455 8455 8455 8455 10
20200410 953 8460 8460 8460 8460 5
20200410 954 8460 8460 8460 8460 18
20200410 955 8465 8465 8465 8465 70
20200410 957 8460 8465 8460 8465 11
20200410 958 8465 8465 8465 8465 30
20200410 959 8465 8465 8465 8465 1135
20200410 1026 8465 8465 8465 8465 10
20200410 1027 8465 8465 8465 8465 323
20200410 1028 8465 8465 8465 8465 10
20200410 1029 8470 8480 8470 8480 240
20200410 1030 8480 8485 8480 8485 171
20200410 1031 8490 8500 8490 8500 117
20200410 1034 8460 8460 8455 8455 117
20200410 1043 8460 8460 8460 8460 20
20200410 1052 8455 8455 8455 8455 80
20200410 1053 8455 8455 8455 8455 20
20200410 1056 8455 8455 8415 8415 2
20200410 1105 8415 8415 8390 8390 700
20200410 1106 8385 8385 8385 8385 206
20200410 1112 8385 8385 8385 8385 95
20200410 1113 8380 8380 8380 8380 100
20200410 1115 8345 8345 8345 8345 2
20200410 1116 8340 8340 8340 8340 2
20200410 1117 8370 8370 8370 8370 1
20200410 1120 8370 8370 8370 8370 100
20200410 1121 8385 8405 8385 8405 64
20200410 1131 8365 8365 8365 8365 1
20200410 1132 8360 8360 8320 8320 636
20200410 1134 8350 8360 8350 8360 1001
20200410 1143 8390 8390 8390 8390 1
20200410 1144 8385 8385 8380 8380 2
20200410 1148 8375 8375 8370 8370 2
20200410 1152 8385 8385 8385 8385 20
20200410 1153 8365 8365 8350 8350 4
20200410 1224 8375 8375 8355 8355 150
20200410 1243 8390 8390 8390 8390 1
20200410 1251 8405 8405 8405 8405 100
20200410 1326 8430 8430 8430 8430 278
20200410 1327 8430 8430 8430 8430 22
20200410 1336 8440 8440 8440 8440 4
20200410 1339 8440 8440 8440 8440 50
20200410 1342 8445 8450 8445 8450 2
20200410 1346 8455 8460 8455 8460 65
20200410 1348 8440 8440 8440 8440 30
20200410 1350 8440 8440 8440 8440 20
20200410 1418 8450 8450 8450 8450 1
20200410 1426 8470 8470 8470 8470 50
20200410 1433 8475 8475 8475 8475 30
20200410 1440 8500 8510 8500 8510 250
20200410 1446 8510 8510 8510 8510 100
20200410 1447 8505 8505 8505 8505 10
20200410 1452 8505 8520 8505 8520 4
20200410 1457 8500 8500 8500 8500 20
20200410 1507 8510 8510 8510 8510 1
20200410 1511 8515 8520 8510 8515 1718
20200410 1513 8520 8525 8520 8525 2
20200410 1515 8530 8540 8530 8540 103
20200410 1516 8540 8540 8540 8540 1
20200410 1517 8540 8540 8540 8540 7
20200410 1518 8545 8545 8545 8545 1
20200410 1519 8545 8545 8545 8545 50
20200410 1530 8535 8535 8535 8535 60
20200413 901 8495 8495 8495 8495 111
20200413 905 8455 8460 8450 8450 5
20200413 907 8450 8450 8430 8430 13
20200413 908 8420 8420 8410 8410 4
20200413 909 8400 8410 8400 8400 1114
20200413 911 8405 8405 8405 8405 50
20200413 914 8400 8400 8400 8400 162
20200413 917 8400 8400 8400 8400 100
20200413 918 8395 8395 8395 8395 2
20200413 919 8380 8380 8380 8380 48
20200413 924 8385 8385 8385 8385 50
20200413 927 8415 8415 8415 8415 1
20200413 929 8440 8440 8440 8440 1
20200413 930 8405 8405 8405 8405 19
20200413 935 8405 8405 8405 8405 1
20200413 942 8395 8395 8395 8395 20
20200413 944 8395 8395 8380 8380 2
20200413 946 8380 8380 8380 8380 59
20200413 947 8375 8375 8370 8370 160
20200413 948 8370 8370 8370 8370 344
20200413 949 8365 8365 8365 8365 2
20200413 951 8360 8360 8350 8350 210
20200413 953 8345 8345 8330 8330 7
20200413 956 8350 8350 8350 8350 1
20200413 957 8350 8350 8350 8350 19
20200413 1000 8350 8350 8350 8350 5
20200413 1003 8395 8395 8395 8395 10
20200413 1014 8375 8375 8375 8375 3
20200413 1021 8405 8430 8385 8385 200
20200413 1041 8425 8425 8425 8425 70
20200413 1042 8440 8440 8440 8440 3
20200413 1049 8425 8460 8425 8460 2
20200413 1110 8460 8460 8460 8460 1
20200413 1111 8460 8460 8460 8460 1
20200413 1127 8435 8435 8435 8435 20
20200413 1128 8455 8455 8455 8455 200
20200413 1135 8435 8435 8435 8435 482
20200413 1138 8420 8420 8420 8420 2
20200413 1147 8425 8425 8425 8425 1
20200413 1158 8425 8425 8425 8425 593
20200413 1241 8415 8415 8400 8410 98
20200413 1245 8390 8390 8390 8390 25
20200413 1302 8370 8370 8370 8370 103
20200413 1335 8370 8370 8350 8350 70
20200413 1404 8365 8365 8365 8365 1
20200413 1406 8380 8380 8380 8380 1
20200413 1407 8380 8380 8380 8380 249
20200413 1416 8380 8380 8380 8380 3
20200413 1422 8365 8365 8365 8365 105
20200413 1430 8360 8360 8320 8320 985
20200413 1432 8320 8320 8320 8320 2
20200413 1433 8320 8320 8320 8320 98
20200413 1438 8320 8320 8320 8320 402
20200413 1449 8320 8320 8320 8320 900
20200413 1455 8320 8320 8310 8310 21
20200413 1457 8300 8300 8290 8290 9
20200413 1458 8290 8290 8280 8280 213
20200413 1459 8280 8280 8280 8280 200
20200413 1500 8280 8280 8280 8280 8
20200413 1508 8280 8280 8275 8275 30
20200413 1512 8280 8280 8280 8280 31
20200413 1513 8275 8275 8275 8275 21
20200413 1514 8275 8275 8270 8270 59
20200413 1515 8265 8265 8265 8265 1
20200413 1516 8265 8265 8265 8265 1
20200413 1517 8260 8260 8260 8260 1
20200413 1519 8245 8260 8225 8260 180
20200413 1520 8250 8250 8250 8250 1
20200413 1530 8225 8225 8225 8225 100
20200414 901 8430 8430 8415 8415 119
20200414 902 8375 8395 8375 8390 2090
20200414 906 8385 8385 8385 8385 1042
20200414 907 8385 8385 8385 8385 1000
20200414 908 8385 8385 8385 8385 59
20200414 916 8345 8345 8345 8345 5
20200414 917 8335 8335 8335 8335 31
20200414 918 8345 8345 8345 8345 260
20200414 921 8340 8340 8340 8340 30
20200414 922 8355 8355 8345 8345 1040
20200414 924 8345 8345 8345 8345 9
20200414 925 8345 8345 8345 8345 20
20200414 927 8345 8345 8345 8345 1
20200414 930 8325 8325 8325 8325 30
20200414 931 8325 8325 8325 8325 29
20200414 934 8365 8365 8365 8365 40
20200414 935 8370 8370 8370 8370 61
20200414 938 8385 8385 8385 8385 100
20200414 939 8390 8395 8385 8390 306
20200414 940 8395 8395 8395 8395 100
20200414 942 8395 8395 8395 8395 100
20200414 957 8390 8395 8390 8395 2213
20200414 958 8395 8395 8395 8395 2000
20200414 1000 8390 8395 8390 8395 501
20200414 1006 8395 8395 8395 8395 20
20200414 1007 8390 8390 8390 8390 50
20200414 1010 8380 8385 8380 8385 8
20200414 1011 8390 8415 8390 8415 4208
20200414 1012 8420 8420 8420 8420 6
20200414 1014 8435 8435 8435 8435 10
20200414 1015 8440 8440 8440 8440 4
20200414 1016 8445 8445 8445 8445 1
20200414 1017 8435 8435 8435 8435 1
20200414 1020 8460 8460 8460 8460 3
20200414 1023 8450 8450 8450 8450 252
20200414 1026 8455 8455 8455 8455 1
20200414 1029 8460 8490 8460 8490 300
20200414 1032 8440 8440 8440 8440 6
20200414 1034 8470 8470 8470 8470 2
20200414 1037 8495 8495 8495 8495 1
20200414 1038 8485 8485 8485 8485 1
20200414 1041 8490 8490 8490 8490 811
20200414 1042 8495 8495 8495 8495 1
20200414 1048 8495 8495 8495 8495 1
20200414 1054 8495 8495 8495 8495 2
20200414 1055 8500 8520 8500 8520 5185
20200414 1057 8540 8550 8540 8550 1120
20200414 1101 8545 8545 8545 8545 150
20200414 1113 8530 8530 8530 8530 1
20200414 1130 8530 8530 8530 8530 93
20200414 1131 8525 8525 8525 8525 157
20200414 1134 8540 8540 8540 8540 81
20200414 1135 8550 8560 8550 8560 1131
20200414 1155 8520 8560 8520 8560 2
20200414 1158 8560 8560 8560 8560 1
20200414 1203 8560 8560 8560 8560 270
20200414 1229 8505 8505 8505 8505 10
20200414 1300 8540 8540 8540 8540 10
20200414 1302 8555 8560 8555 8560 105
20200414 1310 8570 8570 8570 8570 1
20200414 1312 8570 8580 8570 8580 2
20200414 1315 8580 8580 8580 8580 1
20200414 1316 8590 8590 8590 8590 17
20200414 1317 8595 8600 8595 8600 1987
20200414 1318 8595 8595 8595 8595 270
20200414 1319 8605 8605 8605 8605 1
20200414 1320 8625 8625 8625 8625 1
20200414 1321 8620 8620 8620 8620 1
20200414 1326 8625 8625 8625 8625 1
20200414 1328 8630 8630 8630 8630 8
20200414 1329 8635 8635 8635 8635 5
20200414 1330 8640 8645 8640 8645 256
20200414 1348 8620 8620 8620 8620 10
20200414 1353 8620 8620 8590 8590 300
20200414 1411 8605 8605 8605 8605 47
20200414 1416 8605 8605 8605 8605 15
20200414 1420 8590 8590 8590 8590 37
20200414 1424 8590 8590 8590 8590 118
20200414 1427 8590 8590 8590 8590 10
20200414 1439 8620 8620 8620 8620 4
20200414 1449 8620 8620 8620 8620 3
20200414 1451 8620 8620 8620 8620 7
20200414 1452 8620 8620 8620 8620 334
20200414 1506 8535 8535 8525 8525 593
20200414 1512 8540 8540 8540 8540 13
20200414 1530 8575 8575 8575 8575 2
20200416 901 8425 8425 8425 8425 591
20200416 904 8410 8410 8410 8410 4
20200416 905 8445 8445 8445 8445 4
20200416 906 8450 8450 8450 8450 4
20200416 911 8480 8480 8460 8460 10
20200416 914 8455 8455 8440 8440 130
20200416 915 8445 8445 8445 8445 30
20200416 916 8440 8440 8435 8435 212
20200416 917 8430 8430 8425 8425 4
20200416 919 8420 8420 8410 8410 46
20200416 920 8405 8405 8400 8400 7
20200416 921 8395 8395 8370 8370 348
20200416 922 8370 8370 8370 8370 1
20200416 923 8365 8365 8320 8320 84
20200416 926 8330 8330 8330 8330 95
20200416 928 8325 8325 8325 8325 10
20200416 931 8330 8330 8330 8330 10
20200416 932 8325 8325 8315 8315 31
20200416 933 8310 8310 8305 8305 21
20200416 936 8315 8315 8310 8310 400
20200416 937 8305 8305 8300 8300 278
20200416 938 8290 8290 8290 8290 603
20200416 943 8330 8330 8330 8330 40
20200416 945 8335 8335 8335 8335 60
20200416 947 8340 8340 8335 8335 30
20200416 949 8300 8300 8300 8300 4
20200416 951 8335 8335 8335 8335 4
20200416 959 8340 8340 8340 8340 20
20200416 1001 8340 8350 8340 8350 31
20200416 1002 8385 8390 8385 8385 50
20200416 1004 8400 8405 8400 8405 5147
20200416 1007 8375 8375 8375 8375 50
20200416 1010 8405 8405 8405 8405 112
20200416 1027 8405 8405 8405 8405 7
20200416 1032 8455 8455 8455 8455 204
20200416 1046 8420 8420 8420 8420 1
20200416 1052 8395 8395 8395 8395 4
20200416 1053 8410 8410 8410 8410 100
20200416 1107 8430 8430 8430 8430 4
20200416 1108 8435 8435 8435 8435 4
20200416 1124 8485 8485 8485 8485 7
20200416 1125 8490 8490 8490 8490 2
20200416 1143 8485 8485 8485 8485 1
20200416 1156 8480 8480 8480 8480 77
20200416 1222 8445 8445 8445 8445 1330
20200416 1301 8450 8455 8450 8455 2
20200416 1313 8490 8490 8490 8490 213
20200416 1316 8495 8495 8495 8495 1
20200416 1320 8500 8515 8500 8515 200
20200416 1328 8510 8510 8510 8510 1
20200416 1330 8515 8515 8515 8515 27
20200416 1336 8515 8515 8515 8515 73
20200416 1338 8510 8510 8510 8510 1
20200416 1341 8510 8510 8510 8510 2
20200416 1354 8520 8520 8520 8520 1
20200416 1356 8525 8525 8525 8525 1
20200416 1357 8500 8500 8500 8500 2954
20200416 1408 8490 8490 8490 8490 1
20200416 1416 8490 8490 8490 8490 3
20200416 1417 8530 8530 8530 8530 1
20200416 1420 8525 8525 8525 8525 675
20200416 1425 8535 8540 8535 8540 2
20200416 1427 8575 8575 8575 8575 1
20200416 1429 8540 8540 8540 8540 4
20200416 1431 8575 8575 8575 8575 519
20200416 1434 8555 8555 8555 8555 4
20200416 1443 8545 8550 8545 8550 2
20200416 1444 8550 8555 8550 8555 676
20200416 1446 8560 8580 8560 8580 2
20200416 1450 8540 8540 8540 8540 5
20200416 1454 8565 8575 8565 8575 3
20200416 1500 8570 8570 8570 8570 10
20200416 1503 8540 8540 8540 8540 10
20200416 1506 8540 8540 8540 8540 1
20200416 1509 8500 8500 8500 8500 200
20200416 1513 8520 8520 8520 8520 5
20200416 1514 8535 8535 8535 8535 10
20200416 1520 8525 8525 8525 8525 2
20200416 1530 8535 8535 8535 8535 23
20200417 901 8895 8945 8895 8900 422
20200417 902 8895 8900 8895 8900 370
20200417 903 8905 8925 8905 8925 59
20200417 904 8920 8920 8895 8910 5156
20200417 905 8900 8935 8900 8935 595
20200417 906 8940 8950 8940 8950 67
20200417 907 8970 8980 8970 8980 201
20200417 908 8980 8980 8980 8980 246
20200417 909 9000 9000 9000 9000 564
20200417 910 9010 9065 9010 9045 787
20200417 911 9055 9055 9055 9055 333
20200417 912 9030 9050 9005 9005 30
20200417 913 9005 9035 9005 9005 3
20200417 914 9005 9005 9005 9005 40
20200417 915 9005 9020 9005 9020 50
20200417 916 9015 9030 9015 9030 500
20200417 917 9020 9030 9005 9030 352
20200417 920 9005 9005 9005 9005 162
20200417 922 9005 9005 8960 8960 81
20200417 923 8965 8965 8955 8955 102
20200417 925 8955 8955 8955 8955 200
20200417 926 8965 8975 8960 8975 1133
20200417 927 8980 8980 8980 8980 1
20200417 928 8980 8980 8980 8980 3
20200417 929 8985 8985 8985 8985 20
20200417 930 8985 8985 8985 8985 82
20200417 931 8990 9000 8990 9000 4
20200417 932 9005 9010 9005 9010 5
20200417 933 9015 9015 9015 9015 1
20200417 934 9020 9020 9020 9020 4
20200417 935 9035 9040 9030 9040 1006
20200417 936 9040 9045 9040 9045 1502
20200417 937 9045 9045 9045 9045 400
20200417 938 9045 9050 9045 9050 403
20200417 939 9050 9070 9050 9070 315
20200417 940 9070 9080 9070 9080 415
20200417 945 9080 9080 9080 9080 1
20200417 950 9070 9070 9070 9070 111
20200417 953 9080 9080 9080 9080 3
20200417 959 9065 9065 9020 9020 122
20200417 1003 9065 9070 9065 9070 601
20200417 1004 9050 9050 9045 9045 2
20200417 1005 9040 9040 9040 9040 23
20200417 1008 9080 9080 9080 9080 22
20200417 1015 9075 9075 9075 9075 6
20200417 1018 9075 9075 9075 9075 14
20200417 1020 9080 9080 9080 9080 14
20200417 1023 9085 9090 9085 9090 252
20200417 1025 9090 9090 9090 9090 2
20200417 1026 9090 9090 9090 9090 20
20200417 1027 9095 9100 9095 9100 336
20200417 1028 9105 9105 9105 9105 3
20200417 1030 9110 9120 9110 9120 28
20200417 1031 9120 9125 9120 9125 92
20200417 1032 9115 9120 9115 9120 52
20200417 1033 9115 9115 9110 9110 549
20200417 1035 9120 9130 9120 9130 6
20200417 1036 9135 9140 9135 9140 12
20200417 1040 9145 9145 9145 9145 404
20200417 1041 9150 9150 9150 9150 55
20200417 1042 9150 9150 9150 9150 1
20200417 1043 9155 9155 9155 9155 3
20200417 1044 9160 9160 9160 9160 7
20200417 1045 9165 9170 9165 9170 2
20200417 1046 9175 9180 9175 9180 6
20200417 1047 9190 9230 9190 9230 1219
20200417 1048 9230 9230 9230 9230 3865
20200417 1050 9230 9230 9230 9230 20
20200417 1051 9190 9230 9190 9230 2
20200417 1053 9210 9215 9210 9215 560
20200417 1054 9230 9230 9230 9230 15
20200417 1059 9210 9210 9210 9210 3
20200417 1101 9210 9210 9210 9210 118
20200417 1102 9180 9180 9180 9180 131
20200417 1103 9160 9160 9160 9160 493
20200417 1105 9160 9160 9160 9160 150
20200417 1108 9155 9155 9155 9155 50
20200417 1109 9185 9185 9185 9185 11
20200417 1113 9155 9155 9155 9155 3
20200417 1133 9170 9170 9170 9170 2
20200417 1141 9175 9175 9175 9175 10
20200417 1144 9180 9180 9180 9180 1
20200417 1151 9170 9170 9140 9140 38
20200417 1200 9140 9140 9140 9140 1
20200417 1213 9140 9140 9140 9140 2
20200417 1214 9140 9140 9140 9140 2
20200417 1217 9140 9140 9140 9140 133
20200417 1221 9140 9140 9140 9140 67
20200417 1229 9140 9140 9140 9140 2
20200417 1230 9130 9130 9125 9125 60
20200417 1231 9125 9125 9125 9125 50
20200417 1234 9110 9110 9100 9100 3
20200417 1235 9095 9095 9090 9090 2
20200417 1236 9060 9060 9060 9060 88
20200417 1239 9060 9060 9060 9060 2
20200417 1244 9045 9045 9015 9015 49
20200417 1246 9005 9020 9005 9020 229
20200417 1248 9035 9035 9035 9035 120
20200417 1255 9050 9050 9050 9050 26
20200417 1304 9090 9090 9090 9090 8
20200417 1313 9090 9090 9090 9090 400
20200417 1316 9080 9080 9080 9080 1
20200417 1321 9080 9080 9080 9080 1
20200417 1331 9090 9090 9090 9090 92
20200417 1339 9100 9100 9100 9100 400
20200417 1352 9100 9100 9100 9100 405
20200417 1359 9070 9070 9070 9070 100
20200417 1400 9080 9080 9080 9080 305
20200417 1411 9130 9130 9130 9130 26
20200417 1420 9140 9140 9140 9140 5
20200417 1427 9150 9150 9150 9150 27
20200417 1428 9150 9150 9150 9150 5
20200417 1430 9155 9190 9155 9190 442
20200417 1437 9175 9175 9175 9175 1
20200417 1445 9165 9165 9165 9165 1
20200417 1449 9165 9165 9160 9160 60
20200417 1454 9160 9160 9160 9160 9
20200417 1455 9140 9140 9135 9135 111
20200417 1456 9110 9110 9110 9110 153
20200417 1501 9090 9090 9090 9090 1
20200417 1505 9090 9090 9090 9090 10
20200417 1510 9085 9085 9060 9060 5
20200417 1513 9085 9130 9085 9130 80
20200417 1516 9120 9120 9120 9120 454
20200417 1517 9120 9120 9120 9120 46
20200417 1530 9080 9080 9080 9080 1122
20200420 901 8975 8975 8975 8975 273
20200420 903 8975 8975 8975 8975 1
20200420 904 8975 8975 8975 8975 6
20200420 905 8975 8975 8955 8955 14
20200420 907 8955 8965 8955 8965 17818
20200420 919 8990 8990 8990 8990 98
20200420 923 9025 9025 9025 9025 10
20200420 927 9000 9000 9000 9000 50
20200420 928 9020 9020 9020 9020 100
20200420 929 9020 9020 9020 9020 200
20200420 932 9020 9020 9020 9020 322
20200420 934 9025 9025 9025 9025 212
20200420 936 9050 9050 9045 9045 3
20200420 937 9050 9080 9050 9080 99
20200420 946 9045 9045 9045 9045 302
20200420 947 9045 9045 9045 9045 99
20200420 949 9050 9050 9050 9050 50
20200420 954 9050 9050 9050 9050 36
20200420 1004 9040 9040 9040 9040 22
20200420 1005 9030 9030 9015 9015 4
20200420 1006 9010 9010 9000 9000 51
20200420 1040 8965 8965 8965 8965 1
20200420 1041 8950 8950 8950 8950 1
20200420 1042 8950 8950 8950 8950 1
20200420 1045 8950 8950 8915 8915 569
20200420 1047 8925 8925 8925 8925 100
20200420 1056 8940 8940 8940 8940 100
20200420 1101 8965 8965 8965 8965 333
20200420 1133 9000 9000 9000 9000 1
20200420 1346 9000 9000 9000 9000 12
20200420 1353 8995 8995 8995 8995 121
20200420 1354 8965 8965 8965 8965 3
20200420 1406 8965 8965 8965 8965 561
20200420 1413 8960 8960 8960 8960 4
20200420 1414 8940 8940 8940 8940 6
20200420 1415 8920 8920 8915 8915 47
20200420 1418 8915 8915 8915 8915 1
20200420 1419 8915 8915 8915 8915 100
20200420 1424 8915 8915 8915 8915 9
20200420 1434 8935 8935 8935 8935 61
20200420 1438 8925 8925 8925 8925 1
20200420 1440 8925 8925 8910 8910 1363
20200420 1443 8905 8905 8905 8905 10
20200420 1444 8900 8900 8895 8895 28
20200420 1446 8890 8890 8890 8890 2
20200420 1448 8890 8890 8890 8890 16
20200420 1449 8890 8890 8890 8890 8
20200420 1452 8890 8890 8890 8890 20
20200420 1454 8885 8885 8880 8880 34
20200420 1500 8890 8895 8890 8895 1010
20200420 1503 8860 8860 8860 8860 12
20200420 1504 8850 8850 8850 8850 456
20200420 1505 8840 8840 8830 8830 21
20200420 1506 8825 8825 8825 8825 105
20200420 1507 8825 8825 8820 8820 15
20200420 1508 8825 8825 8820 8820 20
20200420 1509 8815 8815 8800 8800 229
20200420 1511 8800 8800 8800 8800 12
20200420 1512 8800 8800 8800 8800 1
20200420 1513 8800 8800 8800 8800 48
20200420 1516 8800 8800 8800 8800 50
20200420 1517 8800 8800 8800 8800 270
20200420 1518 8835 8840 8835 8840 350
20200420 1520 8840 8840 8840 8840 3
20200420 1530 8860 8860 8860 8860 512
20200421 901 8735 8735 8725 8725 61
20200421 902 8725 8725 8715 8715 29
20200421 905 8715 8715 8715 8715 11
20200421 906 8710 8710 8695 8695 117
20200421 907 8690 8690 8675 8675 175
20200421 908 8670 8670 8670 8670 417
20200421 909 8650 8650 8645 8650 431
20200421 911 8715 8715 8715 8715 10
20200421 912 8700 8700 8700 8700 10
20200421 913 8670 8670 8670 8670 19
20200421 914 8700 8700 8700 8700 1
20200421 916 8675 8675 8640 8640 173
20200421 917 8635 8635 8635 8635 9
20200421 918 8630 8630 8620 8620 21
20200421 919 8620 8620 8620 8620 29
20200421 922 8600 8600 8600 8600 8
20200421 927 8655 8655 8655 8655 10
20200421 937 8675 8675 8675 8675 60
20200421 938 8675 8675 8675 8675 149
20200421 940 8700 8700 8700 8700 30
20200421 942 8700 8700 8700 8700 2
20200421 948 8700 8700 8700 8700 18
20200421 949 8720 8720 8720 8720 7
20200421 950 8720 8720 8720 8720 70
20200421 956 8720 8720 8720 8720 3
20200421 958 8720 8720 8720 8720 2
20200421 1021 8720 8720 8720 8720 71
20200421 1022 8735 8735 8735 8735 3
20200421 1031 8755 8765 8755 8765 21
20200421 1039 8800 8810 8800 8810 200
20200421 1040 8795 8795 8795 8795 1
20200421 1041 8770 8770 8770 8770 1
20200421 1044 8740 8740 8740 8740 1
20200421 1045 8720 8720 8720 8720 60
20200421 1046 8700 8700 8670 8670 8
20200421 1048 8660 8660 8620 8620 70
20200421 1049 8600 8600 8580 8580 121
20200421 1050 8570 8570 8555 8555 205
20200421 1053 8500 8500 8455 8455 106
20200421 1054 8540 8540 8540 8540 30
20200421 1056 8605 8605 8605 8605 1
20200421 1058 8575 8575 8570 8570 113
20200421 1059 8550 8550 8500 8510 212
20200421 1105 8530 8530 8530 8530 100
20200421 1106 8510 8510 8460 8460 120
20200421 1107 8460 8460 8405 8435 407
20200421 1108 8430 8430 8350 8350 492
20200421 1110 8405 8405 8405 8405 63
20200421 1112 8480 8500 8480 8500 60
20200421 1113 8510 8520 8510 8520 45
20200421 1114 8520 8570 8520 8570 396
20200421 1116 8555 8555 8555 8555 200
20200421 1118 8520 8520 8520 8520 1
20200421 1119 8505 8505 8500 8500 30
20200421 1125 8490 8490 8470 8470 42
20200421 1127 8450 8450 8450 8450 30
20200421 1128 8440 8440 8430 8430 131
20200421 1129 8415 8415 8415 8415 1
20200421 1138 8410 8410 8410 8410 131
20200421 1139 8410 8410 8410 8410 10
20200421 1140 8400 8400 8390 8390 227
20200421 1142 8395 8395 8395 8395 9
20200421 1143 8385 8385 8350 8350 256
20200421 1144 8340 8340 8340 8340 3
20200421 1145 8415 8415 8415 8415 1
20200421 1148 8445 8445 8445 8445 1
20200421 1149 8480 8490 8480 8490 40
20200421 1150 8500 8510 8500 8510 40
20200421 1151 8520 8530 8520 8530 40
20200421 1155 8530 8530 8530 8530 10
20200421 1156 8525 8525 8525 8525 20
20200421 1157 8530 8530 8530 8530 5
20200421 1158 8525 8525 8525 8525 11
20200421 1159 8520 8520 8520 8520 16
20200421 1203 8500 8500 8500 8500 1
20200421 1209 8530 8530 8530 8530 573
20200421 1210 8540 8560 8540 8560 43
20200421 1211 8560 8560 8560 8560 20
20200421 1213 8560 8560 8560 8560 10
20200421 1215 8560 8560 8560 8560 21
20200421 1217 8560 8560 8550 8550 239
20200421 1219 8540 8540 8540 8540 30
20200421 1223 8520 8520 8520 8520 15
20200421 1225 8505 8505 8505 8505 1
20200421 1227 8505 8505 8505 8505 29
20200421 1228 8490 8490 8490 8490 1
20200421 1229 8485 8485 8485 8485 20
20200421 1243 8490 8490 8490 8490 10
20200421 1245 8490 8490 8480 8480 60
20200421 1248 8490 8490 8490 8490 25
20200421 1249 8495 8495 8490 8490 6
20200421 1303 8490 8490 8490 8490 406
20200421 1304 8495 8500 8495 8500 152
20200421 1312 8500 8500 8500 8500 686
20200421 1315 8490 8490 8490 8490 10
20200421 1316 8460 8460 8460 8460 2
20200421 1318 8460 8460 8460 8460 10
20200421 1436 8520 8520 8520 8520 40
20200421 1447 8465 8465 8460 8460 10
20200421 1502 8520 8520 8520 8520 100
20200421 1504 8555 8555 8555 8555 1
20200421 1512 8560 8560 8560 8560 1
20200421 1516 8560 8560 8560 8560 303
20200421 1517 8560 8595 8560 8595 329
20200421 1518 8590 8590 8590 8590 333
20200421 1530 8600 8600 8600 8600 147
20200422 901 8440 8440 8440 8440 14
20200422 904 8415 8415 8415 8415 40
20200422 906 8445 8445 8445 8445 200
20200422 907 8420 8420 8405 8405 260
20200422 909 8400 8400 8400 8400 61
20200422 910 8390 8390 8390 8390 1
20200422 911 8390 8390 8390 8390 3
20200422 913 8385 8385 8385 8385 10
20200422 914 8380 8380 8380 8380 101
20200422 915 8365 8365 8350 8350 22
20200422 916 8350 8350 8350 8350 5
20200422 917 8340 8340 8340 8340 5
20200422 918 8330 8330 8315 8315 606
20200422 926 8325 8325 8320 8320 1011
20200422 927 8315 8315 8315 8315 4
20200422 929 8315 8315 8315 8315 5
20200422 931 8350 8350 8350 8350 30
20200422 932 8310 8310 8310 8310 50
20200422 934 8350 8350 8320 8320 442
20200422 935 8325 8325 8325 8325 392
20200422 936 8350 8350 8350 8350 20
20200422 937 8350 8350 8340 8340 70
20200422 938 8350 8350 8350 8350 224
20200422 942 8340 8340 8340 8340 50
20200422 943 8335 8335 8335 8335 50
20200422 945 8345 8345 8340 8340 26
20200422 948 8345 8405 8345 8405 1100
20200422 1003 8400 8400 8385 8385 56
20200422 1004 8380 8380 8380 8380 55
20200422 1006 8340 8340 8335 8335 70
20200422 1007 8355 8355 8355 8355 55
20200422 1015 8340 8340 8340 8340 55
20200422 1016 8335 8335 8335 8335 85
20200422 1018 8320 8320 8320 8320 1
20200422 1022 8380 8380 8380 8380 1
20200422 1033 8375 8380 8375 8380 200
20200422 1037 8380 8380 8380 8380 1
20200422 1039 8370 8370 8370 8370 1
20200422 1055 8350 8350 8310 8310 1200
20200422 1117 8380 8380 8380 8380 94
20200422 1118 8385 8385 8385 8385 335
20200422 1136 8390 8390 8390 8390 57
20200422 1158 8430 8430 8430 8430 55
20200422 1200 8485 8485 8485 8485 77
20200422 1202 8480 8480 8480 8480 200
20200422 1206 8480 8480 8455 8455 78
20200422 1207 8455 8455 8455 8455 524
20200422 1210 8455 8455 8455 8455 561
20200422 1214 8460 8460 8460 8460 40
20200422 1236 8445 8445 8445 8445 1000
20200422 1239 8450 8450 8450 8450 6
20200422 1247 8450 8450 8450 8450 50
20200422 1314 8485 8485 8485 8485 4
20200422 1318 8500 8505 8500 8505 150
20200422 1320 8505 8505 8505 8505 1
20200422 1321 8505 8505 8505 8505 154
20200422 1323 8505 8505 8505 8505 50
20200422 1331 8505 8505 8500 8500 751
20200422 1354 8490 8490 8490 8490 3
20200422 1406 8500 8500 8500 8500 103
20200422 1417 8515 8515 8515 8515 50
20200422 1433 8600 8600 8600 8600 1
20200422 1440 8600 8600 8600 8600 654
20200422 1445 8645 8645 8645 8645 10
20200422 1446 8645 8645 8625 8625 220
20200422 1448 8620 8620 8620 8620 20
20200422 1449 8625 8625 8625 8625 30
20200422 1450 8625 8625 8625 8625 20
20200422 1451 8625 8630 8625 8630 20
20200422 1453 8665 8670 8665 8670 50
20200422 1454 8720 8725 8720 8725 1000
20200422 1457 8715 8720 8715 8720 215
20200422 1500 8720 8720 8720 8720 785
20200422 1502 8710 8710 8710 8710 1
20200422 1513 8670 8670 8670 8670 80
20200422 1515 8700 8735 8700 8735 301
20200422 1516 8750 8825 8750 8825 317
20200422 1518 8780 8780 8780 8780 1020
20200422 1520 8810 8850 8810 8850 50
20200422 1530 8805 8805 8805 8805 602
20200423 901 8910 8910 8880 8880 210
20200423 903 8905 8905 8905 8905 967
20200423 904 8870 8880 8870 8870 90
20200423 905 8850 8850 8850 8850 100
20200423 908 8865 8865 8850 8850 67
20200423 910 8850 8850 8840 8840 101
20200423 911 8840 8870 8830 8870 913
20200423 913 8860 8860 8860 8860 60
20200423 916 8855 8855 8830 8830 278
20200423 920 8835 8835 8835 8835 30
20200423 921 8835 8835 8835 8835 10
20200423 922 8805 8805 8805 8805 10
20200423 926 8795 8795 8795 8795 1
20200423 928 8790 8790 8790 8790 1
20200423 929 8790 8795 8790 8795 21
20200423 930 8795 8795 8795 8795 79
20200423 936 8800 8800 8800 8800 105
20200423 939 8835 8835 8835 8835 10
20200423 940 8835 8835 8835 8835 20
20200423 945 8845 8845 8845 8845 61
20200423 948 8840 8840 8835 8835 967
20200423 949 8855 8855 8855 8855 10
20200423 951 8855 8865 8855 8865 90
20200423 959 8825 8825 8825 8825 5
20200423 1002 8870 8875 8870 8875 264
20200423 1003 8880 8925 8880 8925 274
20200423 1004 8930 8930 8930 8930 12
20200423 1006 8940 8940 8940 8940 35
20200423 1008 8950 9000 8950 8990 1300
20200423 1012 8990 8990 8990 8990 4
20200423 1013 8990 8995 8990 8995 2
20200423 1014 8995 8995 8995 8995 6
20200423 1015 8990 8990 8990 8990 5
20200423 1016 8985 8985 8985 8985 1
20200423 1021 8980 8980 8980 8980 10
20200423 1027 8975 8975 8975 8975 22
20200423 1028 8970 8970 8970 8970 10
20200423 1036 8900 8900 8900 8900 8
20200423 1038 8915 8915 8915 8915 487
20200423 1044 8915 8915 8915 8915 1
20200423 1049 8920 8920 8915 8915 119
20200423 1054 8900 8900 8900 8900 50
20200423 1114 8880 8880 8880 8880 3
20200423 1120 8905 8905 8905 8905 10
20200423 1124 8880 8880 8875 8875 48
20200423 1126 8850 8850 8850 8850 71
20200423 1128 8800 8800 8780 8780 300
20200423 1133 8830 8830 8830 8830 500
20200423 1134 8840 8840 8840 8840 1
20200423 1146 8805 8805 8800 8800 20
20200423 1149 8820 8855 8820 8855 55
20200423 1202 8845 8845 8845 8845 50
20200423 1216 8850 8870 8850 8870 46
20200423 1307 8865 8870 8865 8870 352
20200423 1308 8885 8885 8885 8885 110
20200423 1316 8890 8890 8890 8890 20
20200423 1325 8890 8890 8890 8890 50
20200423 1326 8895 8895 8895 8895 111
20200423 1332 8910 8925 8910 8925 49
20200423 1335 8940 8940 8940 8940 10
20200423 1341 8950 8950 8950 8950 64
20200423 1355 8925 8925 8925 8925 200
20200423 1404 8960 8980 8960 8980 220
20200423 1406 8985 9000 8985 9000 164
20200423 1407 9000 9010 9000 9010 111
20200423 1414 9010 9010 9010 9010 100
20200423 1416 8960 8960 8960 8960 150
20200423 1437 8960 8960 8960 8960 10
20200423 1438 8960 8960 8960 8960 101
20200423 1447 8860 8860 8860 8860 899
20200423 1504 8990 8990 8990 8990 111
20200423 1507 8990 8990 8990 8990 100
20200423 1508 9005 9015 9005 9015 503
20200423 1509 9015 9020 9015 9020 647
20200423 1517 8935 8935 8935 8935 1000
20200423 1530 8925 8925 8925 8925 8
20200424 901 8795 8795 8795 8795 249
20200424 904 8810 8810 8810 8810 1
20200424 905 8830 8830 8830 8830 1
20200424 907 8825 8825 8815 8815 3
20200424 909 8805 8805 8805 8805 1
20200424 912 8840 8840 8820 8820 170
20200424 914 8815 8815 8800 8800 4
20200424 918 8795 8795 8790 8790 2
20200424 919 8785 8785 8780 8780 2
20200424 920 8775 8775 8775 8775 1
20200424 921 8770 8770 8760 8760 3
20200424 924 8750 8750 8750 8750 182
20200424 935 8770 8770 8770 8770 3
20200424 936 8770 8770 8760 8760 12
20200424 937 8755 8755 8755 8755 5
20200424 938 8775 8775 8775 8775 10
20200424 943 8780 8780 8780 8780 4
20200424 950 8780 8780 8780 8780 100
20200424 954 8775 8775 8775 8775 6
20200424 1003 8790 8800 8790 8800 2
20200424 1023 8800 8800 8800 8800 1101
20200424 1026 8795 8795 8795 8795 10
20200424 1031 8795 8795 8790 8790 110
20200424 1032 8785 8785 8785 8785 55
20200424 1142 8810 8810 8810 8810 110
20200424 1149 8790 8790 8790 8790 2
20200424 1206 8770 8770 8770 8770 3
20200424 1238 8755 8755 8755 8755 31
20200424 1321 8755 8755 8755 8755 34
20200424 1322 8805 8805 8805 8805 300
20200424 1335 8815 8815 8815 8815 100
20200424 1345 8755 8755 8730 8730 496
20200424 1346 8730 8730 8730 8730 1
20200424 1350 8760 8760 8760 8760 10
20200424 1356 8700 8700 8700 8700 275
20200424 1400 8670 8670 8670 8670 3
20200424 1401 8660 8660 8660 8660 101
20200424 1402 8650 8650 8650 8650 1
20200424 1404 8640 8640 8630 8630 1202
20200424 1406 8630 8630 8630 8630 1
20200424 1408 8685 8685 8685 8685 20
20200424 1410 8670 8670 8670 8670 1
20200424 1411 8680 8680 8680 8680 13
20200424 1413 8680 8680 8675 8675 140
20200424 1418 8695 8695 8695 8695 1
20200424 1456 8760 8760 8755 8755 20
20200424 1503 8700 8700 8700 8700 100
20200424 1504 8695 8695 8680 8680 146
20200424 1507 8665 8665 8650 8650 100
20200424 1517 8720 8720 8680 8680 51
20200424 1530 8730 8730 8730 8730 17
20200427 901 8775 8785 8740 8785 274
20200427 902 8775 8775 8760 8760 30
20200427 904 8790 8800 8790 8800 3
20200427 910 8795 8835 8795 8835 461
20200427 912 8785 8785 8785 8785 1
20200427 915 8795 8795 8780 8785 303
20200427 916 8790 8810 8790 8810 6
20200427 927 8830 8830 8830 8830 3
20200427 929 8840 8840 8840 8840 1
20200427 934 8820 8820 8820 8820 8
20200427 942 8800 8800 8800 8800 2448
20200427 944 8780 8780 8780 8780 3
20200427 950 8780 8780 8780 8780 97
20200427 956 8845 8850 8845 8850 124
20200427 957 8865 8865 8865 8865 1
20200427 959 8870 8870 8870 8870 3
20200427 1003 8860 8860 8860 8860 1
20200427 1006 8865 8865 8865 8865 1
20200427 1018 8870 8875 8870 8875 2
20200427 1025 8880 8880 8880 8880 1
20200427 1027 8880 8880 8880 8880 1
20200427 1028 8880 8880 8880 8880 1019
20200427 1030 8880 8880 8880 8880 1
20200427 1031 8880 8900 8880 8900 64
20200427 1036 8900 8910 8900 8910 755
20200427 1037 8930 8930 8930 8930 5
20200427 1040 8915 8915 8915 8915 1
20200427 1047 8920 8935 8920 8935 4
20200427 1055 8935 8935 8935 8935 1
20200427 1057 8935 8935 8935 8935 2441
20200427 1058 8940 8940 8940 8940 11
20200427 1059 8945 8945 8945 8945 1
20200427 1100 8950 8950 8950 8950 1360
20200427 1101 8955 8955 8955 8955 1
20200427 1102 8960 8960 8960 8960 1
20200427 1104 8975 8975 8975 8975 1
20200427 1108 8990 9000 8990 9000 1645
20200427 1109 8990 8990 8990 8990 1
20200427 1111 8995 9000 8995 9000 2
20200427 1114 8965 8965 8965 8965 16
20200427 1115 8970 8970 8970 8970 10
20200427 1119 8970 8970 8970 8970 10
20200427 1134 8975 8975 8975 8975 1
20200427 1138 8990 8990 8990 8990 20
20200427 1143 9000 9000 9000 9000 8
20200427 1144 8990 8990 8990 8990 1
20200427 1146 9000 9000 9000 9000 7
20200427 1148 8980 8980 8980 8980 7
20200427 1203 8980 8980 8980 8980 1
20200427 1205 9000 9000 9000 9000 525
20200427 1206 9005 9005 9005 9005 2
20200427 1216 9010 9015 9010 9015 121
20200427 1231 9020 9020 9020 9020 11
20200427 1258 9030 9030 9030 9030 1
20200427 1315 9030 9030 9030 9030 2
20200427 1316 9035 9040 9035 9035 11
20200427 1325 9050 9050 9050 9050 465
20200427 1329 9070 9075 9070 9075 4
20200427 1331 9075 9075 9075 9075 1
20200427 1333 9080 9090 9080 9090 6
20200427 1335 9095 9100 9095 9100 2
20200427 1336 9100 9100 9100 9100 60
20200427 1350 9100 9100 9100 9100 3
20200427 1359 9100 9100 9100 9100 61
20200427 1400 9105 9105 9105 9105 3
20200427 1401 9110 9120 9110 9120 13
20200427 1402 9130 9150 9130 9150 50
20200427 1429 9120 9120 9120 9120 1
20200427 1430 9125 9125 9125 9125 1
20200427 1446 9125 9125 9125 9125 545
20200427 1449 9095 9095 9095 9095 655
20200427 1455 9085 9085 9085 9085 9
20200427 1457 9120 9120 9120 9120 1
20200427 1505 9045 9045 9045 9045 10
20200427 1508 9055 9055 9055 9055 20
20200427 1515 9040 9040 9040 9040 100
20200427 1530 9055 9055 9055 9055 61
