날짜 시간 시가 고가 저가 종가 거래량
20200901 910 15495 15495 15495 15495 1
20200901 912 15515 15515 15515 15515 1
20200901 915 15485 15485 15485 15485 1
20200901 917 15460 15460 15460 15460 1
20200901 919 15420 15420 15420 15420 1
20200901 922 15445 15445 15445 15445 1
20200901 924 15475 15475 15475 15475 1
20200901 926 15510 15510 15510 15510 1
20200901 929 15525 15525 15525 15525 1
20200901 931 15515 15515 15515 15515 1
20200901 933 15525 15525 15525 15525 1
20200901 936 15520 15520 15520 15520 1
20200901 938 15525 15525 15525 15525 1
20200901 940 15520 15520 15520 15520 1
20200901 943 15510 15510 15510 15510 1
20200901 945 15525 15525 15525 15525 1
20200901 947 15560 15560 15560 15560 1
20200901 949 15540 15540 15540 15540 1
20200901 952 15485 15485 15485 15485 1
20200901 954 15500 15500 15500 15500 1
20200901 956 15525 15525 15525 15525 1
20200901 959 15535 15535 15535 15535 1
20200901 1001 15540 15540 15540 15540 1
20200901 1003 15545 15545 15545 15545 1
20200901 1006 15505 15505 15505 15505 1
20200901 1008 15495 15495 15495 15495 1
20200901 1010 15470 15470 15470 15470 1
20200901 1013 15475 15475 15475 15475 1
20200901 1015 15465 15465 15465 15465 1
20200901 1017 15455 15455 15455 15455 1
20200901 1019 15410 15410 15410 15410 1
20200901 1022 15435 15435 15435 15435 1
20200901 1024 15430 15430 15430 15430 1
20200901 1026 15435 15435 15435 15435 1
20200901 1029 15395 15395 15395 15395 1
20200901 1031 15415 15415 15415 15415 1
20200901 1034 15430 15430 15430 15430 1
20200901 1036 15440 15440 15440 15440 1
20200901 1038 15440 15440 15440 15440 1
20200901 1040 15460 15460 15460 15460 1
20200901 1043 15475 15475 15475 15475 1
20200901 1045 15455 15455 15455 15455 1
20200901 1047 15465 15465 15465 15465 1
20200901 1049 15465 15465 15465 15465 1
20200901 1052 15485 15485 15485 15485 1
20200901 1054 15480 15480 15480 15480 1
20200901 1056 15470 15470 15470 15470 1
20200901 1059 15480 15480 15480 15480 1
20200901 1101 15480 15480 15480 15480 1
20200901 1103 15500 15500 15500 15500 1
20200901 1106 15505 15505 15505 15505 1
20200901 1108 15510 15510 15510 15510 1
20200901 1110 15505 15505 15505 15505 1
20200901 1113 15515 15515 15515 15515 1
20200901 1115 15520 15520 15520 15520 1
20200901 1117 15520 15520 15520 15520 1
20200901 1119 15515 15515 15515 15515 1
20200901 1122 15520 15520 15520 15520 1
20200901 1124 15510 15510 15510 15510 1
20200901 1126 15505 15505 15505 15505 1
20200901 1129 15485 15485 15485 15485 1
20200901 1131 15480 15480 15480 15480 1
20200901 1133 15470 15470 15470 15470 1
20200901 1136 15465 15465 15465 15465 1
20200901 1138 15475 15475 15475 15475 1
20200901 1140 15485 15485 15485 15485 1
20200901 1143 15495 15495 15495 15495 1
20200901 1145 15505 15505 15505 15505 1
20200901 1147 15515 15515 15515 15515 1
20200901 1150 15510 15510 15510 15510 1
20200901 1152 15505 15505 15505 15505 1
20200901 1154 15510 15510 15510 15510 1
20200901 1156 15520 15520 15520 15520 1
20200901 1159 15510 15510 15510 15510 1
20200901 1201 15520 15520 15520 15520 1
20200901 1203 15525 15525 15525 15525 1
20200901 1206 15515 15515 15515 15515 1
20200901 1208 15500 15500 15500 15500 1
20200901 1210 15490 15490 15490 15490 1
20200901 1213 15485 15485 15485 15485 1
20200901 1215 15490 15490 15490 15490 1
20200901 1217 15500 15500 15500 15500 1
20200901 1220 15515 15515 15515 15515 1
20200901 1222 15510 15510 15510 15510 1
20200901 1224 15515 15515 15515 15515 1
20200901 1226 15500 15500 15500 15500 1
20200901 1229 15495 15495 15495 15495 1
20200901 1231 15500 15500 15500 15500 1
20200901 1233 15490 15490 15490 15490 1
20200901 1236 15480 15480 15480 15480 1
20200901 1238 15485 15485 15485 15485 1
20200901 1240 15485 15485 15485 15485 1
20200901 1243 15495 15495 15495 15495 1
20200901 1245 15490 15490 15490 15490 1
20200901 1247 15485 15485 15485 15485 1
20200901 1250 15490 15490 15490 15490 1
20200901 1252 15485 15485 15485 15485 1
20200901 1254 15490 15490 15490 15490 1
20200901 1256 15500 15500 15500 15500 1
20200901 1259 15485 15485 15485 15485 1
20200901 1301 15485 15485 15485 15485 1
20200901 1303 15480 15480 15480 15480 1
20200901 1306 15500 15500 15500 15500 1
20200901 1308 15500 15500 15500 15500 1
20200901 1310 15500 15500 15500 15500 1
20200901 1313 15505 15505 15505 15505 1
20200901 1315 15515 15515 15515 15515 1
20200901 1317 15515 15515 15515 15515 1
20200901 1320 15510 15510 15510 15510 1
20200901 1322 15520 15520 15520 15520 1
20200901 1324 15520 15520 15520 15520 1
20200901 1326 15515 15515 15515 15515 1
20200901 1329 15510 15510 15510 15510 1
20200901 1331 15515 15515 15515 15515 1
20200901 1333 15515 15515 15515 15515 1
20200901 1336 15510 15510 15510 15510 1
20200901 1338 15515 15515 15515 15515 1
20200901 1340 15520 15520 15520 15520 1
20200901 1343 15530 15530 15530 15530 1
20200901 1345 15520 15520 15520 15520 1
20200901 1347 15520 15520 15520 15520 1
20200901 1350 15510 15510 15510 15510 1
20200901 1352 15520 15520 15520 15520 1
20200901 1354 15520 15520 15520 15520 1
20200901 1357 15510 15510 15510 15510 1
20200901 1359 15510 15510 15510 15510 1
20200901 1401 15510 15510 15510 15510 1
20200901 1403 15510 15510 15510 15510 1
20200901 1405 15510 15510 15510 15510 44
20200901 1406 15500 15500 15500 15500 1
20200901 1408 15505 15505 15505 15505 1
20200901 1410 15510 15510 15510 15510 1
20200901 1413 15515 15515 15515 15515 1
20200901 1415 15530 15530 15530 15530 1
20200901 1417 15535 15535 15535 15535 1
20200901 1420 15535 15535 15535 15535 1
20200901 1422 15525 15525 15525 15525 1
20200901 1424 15535 15535 15535 15535 1
20200901 1427 15525 15525 15525 15525 1
20200901 1429 15550 15550 15550 15550 1
20200901 1431 15540 15540 15540 15540 1
20200901 1433 15550 15550 15550 15550 1
20200901 1436 15535 15535 15535 15535 1
20200901 1438 15525 15525 15525 15525 1
20200901 1440 15515 15515 15515 15515 1
20200901 1443 15500 15500 15500 15500 1
20200901 1445 15490 15490 15490 15490 1
20200901 1447 15505 15505 15505 15505 1
20200901 1450 15515 15515 15515 15515 1
20200901 1452 15510 15510 15510 15510 1
20200901 1454 15515 15515 15515 15515 1
20200901 1457 15510 15510 15510 15510 1
20200901 1459 15505 15505 15505 15505 1
20200901 1501 15510 15510 15510 15510 1
20200901 1503 15480 15480 15480 15480 1
20200901 1506 15490 15490 15490 15490 1
20200901 1508 15490 15490 15490 15490 1
20200901 1510 15495 15495 15495 15495 1
20200901 1513 15485 15485 15485 15485 1
20200901 1515 15485 15485 15485 15485 1
20200901 1517 15500 15500 15500 15500 1
20200901 1530 15520 15520 15520 15520 5
