날짜 시간 시가 고가 저가 종가 거래량
20180102 1001 24249 24249 24249 24249 15
20180102 1004 24249 24249 24249 24249 183
20180102 1006 24191 24210 24191 24210 529
20180102 1007 24220 24220 24215 24215 530
20180102 1008 24215 24220 24215 24220 530
20180102 1009 24220 24220 24220 24220 265
20180102 1010 24220 24234 24220 24234 795
20180102 1013 24220 24220 24220 24220 265
20180102 1014 24220 24229 24220 24229 1855
20180102 1016 24220 24225 24220 24225 529
20180102 1017 24225 24225 24215 24220 795
20180102 1018 24220 24225 24220 24225 530
20180102 1019 24225 24225 24225 24225 265
20180102 1020 24229 24229 24229 24229 1060
20180102 1021 24229 24229 24229 24229 265
20180102 1022 24229 24229 24229 24229 80
20180102 1024 24215 24215 24215 24215 530
20180102 1025 24210 24210 24205 24205 530
20180102 1026 24200 24205 24200 24200 794
20180102 1027 24191 24195 24191 24195 795
20180102 1028 24195 24195 24191 24191 530
20180102 1029 24200 24205 24200 24205 795
20180102 1031 24186 24186 24186 24186 1060
20180102 1032 24191 24195 24191 24195 1465
20180102 1033 24205 24205 24205 24205 209
20180102 1035 24239 24239 24239 24239 41
20180102 1036 24249 24249 24249 24249 703
20180102 1037 24244 24244 24244 24244 167
20180102 1038 24254 24254 24254 24254 41
20180102 1039 24263 24263 24263 24263 209
20180102 1041 24283 24283 24283 24283 597
20180102 1042 24268 24268 24268 24268 870
20180102 1044 24263 24263 24263 24263 41
20180102 1045 24268 24268 24268 24268 209
20180102 1047 24283 24283 24283 24283 41
20180102 1048 24288 24288 24288 24288 868
20180102 1050 24292 24292 24292 24292 597
20180102 1052 24302 24302 24302 24302 10
20180102 1053 24302 24302 24302 24302 240
20180102 1058 24307 24307 24302 24302 52
20180102 1059 24302 24302 24302 24302 41
20180102 1101 24302 24302 24302 24302 247
20180102 1102 24254 24254 24254 24254 41
20180102 1104 24254 24258 24254 24258 960
20180102 1105 24258 24258 24258 24258 208
20180102 1106 24263 24263 24263 24263 702
20180102 1107 24263 24263 24263 24263 566
20180102 1108 24268 24273 24268 24273 375
20180102 1109 24278 24288 24278 24288 161
20180102 1111 24283 24283 24273 24273 709
20180102 1113 24278 24278 24278 24278 41
20180102 1114 24263 24268 24263 24268 376
20180102 1115 24263 24268 24263 24268 808
20180102 1116 24268 24268 24268 24268 167
20180102 1117 24268 24268 24268 24268 42
20180102 1119 24258 24258 24258 24258 543
20180102 1120 24258 24258 24258 24258 556
20180102 1122 24249 24249 24249 24249 41
20180102 1123 24254 24254 24254 24254 375
20180102 1125 24239 24239 24239 24239 208
20180102 1128 24244 24249 24244 24249 1647
20180102 1130 24244 24244 24244 24244 931
20180102 1131 24239 24244 24239 24244 542
20180102 1132 24249 24249 24249 24249 668
20180102 1133 24239 24239 24239 24239 41
20180102 1136 24229 24239 24229 24239 1244
20180102 1137 24244 24244 24244 24244 209
20180102 1141 24239 24239 24239 24239 493
20180102 1142 24239 24239 24239 24239 208
20180102 1144 24239 24244 24239 24244 1056
20180102 1145 24249 24249 24249 24249 493
20180102 1146 24249 24254 24249 24254 376
20180102 1147 24254 24254 24254 24254 41
20180102 1149 24254 24254 24254 24254 209
20180102 1150 24254 24254 24254 24254 597
20180102 1151 24254 24254 24254 24254 703
20180102 1152 24258 24258 24258 24258 167
20180102 1154 24254 24254 24254 24254 1154
20180102 1156 24244 24244 24244 24244 41
20180102 1157 24244 24244 24239 24239 702
20180102 1158 24244 24249 24244 24249 250
20180102 1200 24254 24254 24254 24254 723
20180102 1201 24249 24249 24249 24249 207
20180102 1202 24249 24249 24249 24249 327
20180102 1203 24249 24249 24249 24249 208
20180102 1204 24254 24254 24254 24254 209
20180102 1205 24258 24258 24258 24258 208
20180102 1209 24258 24258 24258 24258 1509
20180102 1210 24263 24263 24263 24263 208
20180102 1213 24263 24263 24263 24263 416
20180102 1214 24258 24263 24258 24263 536
20180102 1215 24258 24258 24258 24258 166
20180102 1217 24263 24263 24263 24263 417
20180102 1223 24258 24258 24258 24258 41
20180102 1224 24258 24258 24258 24258 209
20180102 1225 24258 24258 24258 24258 167
20180102 1226 24258 24258 24258 24258 695
20180102 1227 24263 24263 24258 24258 1555
20180102 1228 24263 24263 24263 24263 556
20180102 1229 24268 24268 24268 24268 209
20180102 1230 24268 24268 24268 24268 41
20180102 1231 24268 24268 24268 24268 662
20180102 1232 24268 24268 24268 24268 42
20180102 1233 24273 24273 24273 24273 208
20180102 1234 24273 24273 24273 24273 167
20180102 1236 24273 24273 24273 24273 577
20180102 1237 24273 24273 24273 24273 209
20180102 1240 24273 24273 24273 24273 417
20180102 1242 24273 24273 24273 24273 208
20180102 1244 24273 24273 24273 24273 535
20180102 1245 24268 24268 24268 24268 208
20180102 1246 24268 24268 24268 24268 376
20180102 1247 24268 24268 24268 24268 41
20180102 1253 24263 24263 24263 24263 793
20180102 1257 24258 24258 24258 24258 1
20180102 1258 24254 24254 24254 24254 722
20180102 1259 24244 24249 24244 24249 83
20180102 1300 24244 24249 24244 24249 576
20180102 1301 24244 24249 24244 24249 284
20180102 1302 24244 24249 24244 24249 944
20180102 1303 24249 24249 24249 24249 326
20180102 1304 24263 24263 24263 24263 501
20180102 1305 24268 24268 24268 24268 884
20180102 1306 24273 24273 24263 24268 533
20180102 1308 24273 24278 24273 24278 1320
20180102 1309 24268 24273 24268 24273 326
20180102 1310 24273 24273 24273 24273 41
20180102 1311 24268 24268 24268 24268 167
20180102 1312 24263 24273 24263 24273 653
20180102 1314 24273 24278 24273 24278 325
20180102 1315 24273 24273 24273 24273 42
20180102 1316 24278 24283 24278 24283 375
20180102 1317 24288 24292 24283 24292 611
20180102 1319 24288 24292 24288 24292 640
20180102 1320 24278 24278 24278 24278 117
20180102 1321 24278 24283 24278 24283 542
20180102 1322 24278 24278 24278 24278 369
20180102 1323 24278 24283 24278 24283 326
20180102 1325 24283 24283 24278 24278 159
20180102 1326 24283 24283 24283 24283 543
20180102 1328 24278 24283 24278 24283 1042
20180102 1330 24283 24283 24283 24283 209
20180102 1331 24273 24278 24273 24278 449
20180102 1332 24278 24278 24278 24278 209
20180102 1334 24283 24288 24283 24288 201
20180102 1335 24283 24288 24283 24288 536
20180102 1336 24283 24283 24278 24278 284
20180102 1337 24283 24283 24283 24283 765
20180102 1338 24283 24288 24283 24288 208
20180102 1339 24288 24288 24288 24288 444
20180102 1340 24292 24292 24292 24292 42
20180102 1341 24292 24302 24292 24302 376
20180102 1342 24307 24317 24307 24317 158
20180102 1343 24317 24317 24317 24317 167
20180102 1344 24317 24322 24317 24322 209
20180102 1345 24317 24317 24317 24317 117
20180102 1346 24326 24336 24326 24331 745
20180102 1347 24322 24322 24322 24322 117
20180102 1348 24326 24326 24322 24322 765
20180102 1349 24317 24317 24317 24317 209
20180102 1350 24302 24302 24302 24302 117
20180102 1351 24312 24317 24312 24317 536
20180102 1352 24322 24322 24317 24317 209
20180102 1353 24322 24322 24322 24322 117
20180102 1354 24317 24326 24317 24326 209
20180102 1355 24322 24389 24322 24389 237
20180102 1356 24312 24312 24307 24312 653
20180102 1357 24365 24365 24307 24307 628
20180102 1358 24302 24385 24302 24385 281
20180102 1359 24302 24307 24302 24307 84
20180102 1400 24380 24380 24380 24380 71
20180102 1401 24288 24288 24288 24288 752
20180102 1406 24356 24356 24356 24356 42
20180102 1407 24356 24356 24356 24356 245
20180102 1408 24268 24351 24268 24351 1369
20180102 1409 24283 24283 24268 24273 415
20180102 1411 24351 24351 24351 24351 42
20180102 1415 24351 24351 24351 24351 42
20180102 1417 24351 24351 24351 24351 42
20180102 1418 24351 24351 24351 24351 209
20180102 1419 24351 24351 24351 24351 42
20180102 1420 24351 24351 24351 24351 125
20180102 1421 24283 24283 24273 24278 1805
20180102 1422 24346 24346 24346 24346 42
20180102 1424 24346 24346 24346 24346 42
20180102 1426 24346 24346 24341 24341 203
20180102 1427 24288 24292 24288 24292 807
20180102 1428 24336 24336 24336 24336 42
20180102 1429 24336 24336 24336 24336 29
20180102 1430 24331 24331 24331 24331 72
20180102 1431 24297 24302 24288 24288 2432
20180102 1432 24278 24283 24278 24283 539
20180102 1433 24283 24288 24283 24288 49
20180102 1434 24331 24331 24331 24331 42
20180102 1438 24331 24331 24331 24331 209
20180102 1439 24331 24331 24331 24331 35
20180102 1440 24326 24326 24326 24326 42
20180102 1441 24326 24326 24273 24278 1759
20180102 1442 24283 24283 24283 24283 42
20180102 1443 24283 24283 24283 24283 102
20180102 1444 24278 24283 24278 24283 1236
20180102 1447 24283 24283 24283 24283 42
20180102 1450 24283 24283 24283 24283 209
20180102 1451 24283 24283 24283 24283 540
20180102 1452 24283 24283 24283 24283 102
20180102 1453 24273 24278 24273 24278 414
20180102 1454 24268 24273 24268 24273 411
20180102 1455 24278 24278 24278 24278 42
20180102 1456 24278 24278 24278 24278 1132
20180102 1457 24278 24278 24278 24278 297
20180102 1500 24278 24278 24278 24278 42
20180102 1501 24278 24278 24273 24278 1033
20180102 1502 24283 24288 24283 24288 2040
20180102 1503 24360 24360 24360 24360 72
20180102 1504 24278 24360 24278 24278 445
20180102 1505 24273 24273 24273 24273 369
20180102 1506 24273 24351 24273 24351 238
20180102 1507 24278 24278 24273 24278 251
20180102 1513 24351 24351 24351 24351 42
20180102 1514 24351 24351 24351 24351 209
20180102 1516 24351 24351 24278 24283 2150
20180102 1517 24292 24292 24278 24288 1235
20180102 1518 24278 24278 24278 24278 84
20180103 903 24404 24404 24404 24404 500
20180103 918 24404 24404 24404 24404 70
20180103 920 24448 24448 24448 24448 10
20180103 936 24462 24462 24462 24462 40
20180103 951 24409 24409 24394 24394 40
20180103 1004 24472 24472 24472 24472 3
20180103 1100 24467 24467 24467 24467 129
20180103 1111 24399 24399 24399 24399 6
20180103 1137 24399 24399 24399 24399 2058
20180103 1336 24399 24399 24399 24399 1
20180103 1518 24399 24399 24399 24399 1
20180104 907 24516 24516 24516 24516 159
20180104 929 24535 24535 24535 24535 45
20180104 930 24540 24540 24540 24540 90
20180104 931 24535 24535 24535 24535 45
20180104 932 24530 24530 24525 24525 135
20180104 933 24530 24530 24530 24530 45
20180104 934 24525 24525 24525 24525 90
20180104 935 24516 24516 24516 24516 72
20180104 936 24520 24520 24520 24520 45
20180104 937 24525 24525 24525 24525 45
20180104 938 24520 24520 24520 24520 90
20180104 939 24520 24520 24520 24520 90
20180104 940 24516 24525 24516 24525 90
20180104 941 24525 24525 24511 24511 90
20180104 942 24506 24511 24423 24511 190
20180104 943 24511 24511 24511 24511 90
20180104 944 24511 24511 24511 24511 45
20180104 945 24506 24506 24496 24496 90
20180104 947 24487 24487 24482 24482 135
20180104 948 24491 24491 24491 24491 45
20180104 949 24491 24491 24487 24487 135
20180104 950 24487 24487 24487 24487 45
20180104 952 24511 24511 24506 24506 90
20180104 953 24501 24501 24496 24496 135
20180104 954 24482 24482 24477 24477 90
20180104 955 24487 24487 24487 24487 45
20180104 956 24491 24491 24482 24482 90
20180104 957 24482 24482 24482 24482 90
20180104 958 24491 24491 24491 24491 45
20180104 959 24482 24487 24482 24487 90
20180104 1000 24477 24477 24472 24472 90
20180104 1001 24472 24472 24472 24472 45
20180104 1002 24453 24453 24453 24453 90
20180104 1003 24443 24443 24433 24433 90
20180104 1004 24428 24428 24428 24428 45
20180104 1005 24419 24419 24419 24419 90
20180104 1006 24409 24409 24399 24399 47
20180104 1007 24394 24394 24292 24292 91
20180104 1008 24370 24370 24370 24370 45
20180104 1010 24399 24404 24399 24404 90
20180104 1011 24389 24394 24385 24394 100
20180104 1012 24394 24394 24394 24394 45
20180104 1013 24394 24394 24394 24394 190
20180104 1014 24385 24389 24380 24380 235
20180104 1015 24385 24385 24385 24385 45
20180104 1016 24385 24385 24385 24385 45
20180104 1017 24385 24389 24385 24389 90
20180104 1018 24385 24385 24375 24375 90
20180104 1019 24365 24365 24356 24356 135
20180104 1020 24375 24375 24375 24375 45
20180104 1021 24370 24375 24370 24375 90
20180104 1022 24375 24375 24375 24375 45
20180104 1023 24375 24380 24375 24380 90
20180104 1024 24380 24380 24380 24380 45
20180104 1026 24428 24428 24428 24428 45
20180104 1027 24419 24419 24409 24409 135
20180104 1028 24389 24389 24389 24389 90
20180104 1029 24385 24385 24380 24385 135
20180104 1030 24380 24380 24375 24375 90
20180104 1031 24375 24375 24375 24375 45
20180104 1032 24360 24360 24341 24341 90
20180104 1033 24326 24326 24326 24326 45
20180104 1034 24326 24326 24326 24326 45
20180104 1035 24336 24336 24326 24326 135
20180104 1036 24322 24322 24322 24322 44
20180104 1037 24322 24331 24322 24331 88
20180104 1038 24331 24336 24331 24336 88
20180104 1039 24336 24336 24336 24336 44
20180104 1040 24341 24341 24341 24341 44
20180104 1041 24341 24346 24341 24346 132
20180104 1042 24346 24346 24346 24346 44
20180104 1045 24365 24365 24360 24360 132
20180104 1046 24356 24356 24351 24351 88
20180104 1047 24346 24356 24346 24356 88
20180104 1048 24356 24356 24351 24351 88
20180104 1049 24351 24351 24351 24351 44
20180104 1050 24351 24351 24341 24341 132
20180104 1051 24336 24336 24331 24331 88
20180104 1052 24341 24341 24341 24341 44
20180104 1053 24341 24341 24341 24341 44
20180104 1055 24346 24346 24346 24346 44
20180104 1056 24346 24346 24336 24341 176
20180104 1057 24341 24341 24341 24341 88
20180104 1058 24326 24326 24326 24326 88
20180104 1059 24322 24322 24322 24322 88
20180104 1100 24322 24322 24307 24307 88
20180104 1102 24322 24322 24322 24322 44
20180104 1103 24317 24322 24317 24322 132
20180104 1104 24317 24317 24307 24307 88
20180104 1105 24307 24312 24307 24312 88
20180104 1106 24307 24307 24307 24307 44
20180104 1107 24302 24302 24297 24297 88
20180104 1108 24292 24297 24292 24297 88
20180104 1109 24292 24292 24292 24292 44
20180104 1110 24297 24297 24297 24297 44
20180104 1112 24317 24317 24317 24317 44
20180104 1116 24326 24326 24302 24302 440
20180104 1117 24288 24288 24288 24288 44
20180104 1118 24288 24288 24283 24283 90
20180104 1120 24292 24292 24292 24292 44
20180104 1121 24297 24297 24297 24297 44
20180104 1122 24312 24312 24307 24307 88
20180104 1123 24307 24312 24307 24312 88
20180104 1124 24312 24312 24307 24307 45
20180104 1125 24307 24307 24307 24307 43
20180104 1126 24322 24322 24322 24322 88
20180104 1127 24322 24322 24322 24322 44
20180104 1128 24331 24331 24326 24326 88
20180104 1129 24322 24322 24322 24322 44
20180104 1130 24336 24336 24326 24326 132
20180104 1241 24326 24326 24326 24326 1
20180104 1257 24351 24351 24351 24351 100
20180104 1258 24341 24341 24341 24341 150
20180104 1301 24336 24336 24336 24336 46
20180104 1302 24336 24336 24336 24336 46
20180104 1303 24336 24336 24336 24336 46
20180104 1304 24336 24341 24336 24336 138
20180104 1305 24331 24331 24331 24331 46
20180104 1306 24331 24331 24331 24331 92
20180104 1308 24341 24341 24341 24341 46
20180104 1309 24346 24346 24346 24346 46
20180104 1310 24341 24351 24341 24351 92
20180104 1311 24351 24351 24346 24346 92
20180104 1312 24351 24351 24351 24351 46
20180104 1313 24351 24360 24351 24360 92
20180104 1315 24365 24365 24360 24360 92
20180104 1316 24365 24365 24365 24365 46
20180104 1317 24375 24375 24365 24365 92
20180104 1318 24370 24370 24365 24365 92
20180104 1319 24365 24370 24365 24365 138
20180104 1323 24370 24370 24370 24370 46
20180104 1325 24356 24356 24356 24356 46
20180104 1327 24351 24351 24351 24351 46
20180104 1332 24365 24365 24360 24360 92
20180104 1333 24365 24365 24356 24356 138
20180104 1334 24360 24360 24356 24356 184
20180104 1337 24351 24351 24351 24351 45
20180104 1338 24356 24356 24341 24341 271
20180104 1339 24336 24336 24326 24326 91
20180104 1342 24351 24351 24351 24351 45
20180104 1343 24346 24356 24346 24356 90
20180104 1344 24360 24365 24360 24365 90
20180104 1345 24365 24365 24365 24365 90
20180104 1346 24365 24370 24365 24370 244
20180104 1347 24360 24360 24360 24360 90
20180104 1348 24356 24360 24356 24360 90
20180104 1349 24360 24375 24360 24375 90
20180104 1350 24370 24375 24370 24375 90
20180104 1351 24365 24365 24356 24360 180
20180104 1352 24356 24365 24356 24365 135
20180104 1353 24360 24360 24360 24360 45
20180104 1354 24365 24365 24360 24360 135
20180104 1355 24375 24375 24360 24360 135
20180104 1358 24365 24365 24356 24356 46
20180104 1359 24370 24370 24370 24370 90
20180104 1400 24365 24375 24360 24360 270
20180104 1401 24380 24380 24380 24380 44
20180104 1402 24370 24370 24365 24365 90
20180104 1403 24370 24370 24370 24370 45
20180104 1404 24375 24375 24365 24365 135
20180104 1407 24375 24375 24375 24375 90
20180104 1408 24365 24375 24365 24375 135
20180104 1409 24380 24380 24380 24380 45
20180104 1410 24375 24375 24365 24365 270
20180104 1413 24375 24375 24375 24375 45
20180104 1414 24380 24380 24380 24380 90
20180104 1415 24394 24394 24389 24389 90
20180104 1416 24380 24380 24370 24370 270
20180104 1417 24365 24365 24365 24365 45
20180104 1419 24360 24360 24360 24360 45
20180104 1420 24365 24365 24351 24351 180
20180104 1421 24365 24365 24365 24365 45
20180104 1422 24375 24375 24365 24365 90
20180104 1423 24365 24370 24365 24365 180
20180104 1425 24356 24356 24356 24356 45
20180104 1426 24360 24360 24346 24351 180
20180104 1428 24370 24370 24351 24351 180
20180104 1430 24356 24356 24356 24356 45
20180104 1431 24346 24356 24346 24356 135
20180104 1432 24356 24356 24356 24356 135
20180104 1433 24356 24356 24356 24356 64
20180104 1434 24389 24389 24389 24389 26
20180104 1435 24375 24375 24370 24370 225
20180104 1437 24380 24380 24380 24380 45
20180104 1438 24375 24375 24375 24375 45
20180104 1439 24380 24380 24380 24380 90
20180104 1440 24380 24385 24380 24385 90
20180104 1441 24385 24394 24385 24394 90
20180104 1442 24380 24389 24380 24385 180
20180104 1443 24385 24385 24380 24380 90
20180104 1445 24380 24380 24375 24375 90
20180104 1446 24380 24380 24380 24380 90
20180104 1447 24385 24385 24380 24380 90
20180104 1448 24385 24385 24380 24380 135
20180104 1449 24375 24385 24375 24375 135
20180104 1451 24380 24380 24380 24380 45
20180104 1452 24370 24370 24360 24360 90
20180104 1453 24360 24360 24356 24360 180
20180104 1454 24360 24360 24356 24356 90
20180104 1456 24370 24370 24370 24370 90
20180104 1457 24370 24370 24356 24356 180
20180104 1458 24365 24365 24356 24356 90
20180104 1500 24365 24365 24365 24365 135
20180104 1511 24336 24336 24326 24326 101
20180104 1516 24288 24288 24288 24288 1
20180105 950 24331 24331 24331 24331 524
20180105 953 24322 24322 24322 24322 524
20180105 957 24360 24360 24360 24360 524
20180105 1001 24356 24356 24356 24356 524
20180105 1003 24326 24326 24326 24326 524
20180105 1007 24326 24326 24326 24326 524
20180105 1010 24331 24331 24331 24331 524
20180105 1014 24346 24346 24346 24346 524
20180105 1017 24351 24351 24351 24351 524
20180105 1021 24351 24351 24351 24351 524
20180105 1024 24351 24351 24351 24351 524
20180105 1027 24351 24351 24351 24351 524
20180105 1030 24356 24356 24356 24356 524
20180105 1034 24370 24370 24370 24370 524
20180105 1041 24356 24356 24356 24356 524
20180105 1042 24360 24365 24360 24365 2619
20180105 1044 24360 24360 24360 24360 523
20180105 1045 24365 24365 24365 24365 1046
20180105 1047 24370 24370 24370 24370 523
20180105 1048 24375 24375 24375 24375 1046
20180105 1049 24375 24375 24375 24375 523
20180105 1050 24385 24385 24385 24385 523
20180105 1051 24389 24389 24389 24389 523
20180105 1053 24380 24380 24380 24380 523
20180105 1054 24380 24380 24380 24380 523
20180105 1055 24389 24394 24389 24394 1046
20180105 1057 24389 24394 24389 24394 1046
20180105 1058 24404 24404 24399 24399 2218
20180105 1059 24404 24404 24404 24404 523
20180105 1100 24428 24428 24428 24428 523
20180105 1104 24414 24414 24414 24414 523
20180105 1105 24419 24419 24419 24419 1569
20180105 1106 24423 24423 24423 24423 1046
20180105 1107 24419 24419 24419 24419 523
20180105 1108 24419 24419 24419 24419 523
20180105 1109 24404 24404 24404 24404 523
20180105 1110 24409 24409 24409 24409 523
20180105 1111 24414 24414 24414 24414 523
20180105 1112 24404 24404 24404 24404 523
20180105 1113 24414 24414 24414 24414 523
20180105 1114 24414 24414 24414 24414 523
20180105 1116 24404 24404 24404 24404 523
20180105 1117 24399 24399 24399 24399 523
20180105 1118 24394 24394 24394 24394 523
20180105 1119 24394 24399 24394 24399 1046
20180105 1120 24404 24404 24404 24404 523
20180105 1121 24404 24404 24404 24404 523
20180105 1123 24404 24404 24404 24404 523
20180105 1124 24399 24399 24399 24399 523
20180105 1126 24404 24404 24399 24404 1569
20180105 1127 24399 24399 24399 24399 523
20180105 1128 24394 24394 24394 24394 523
20180105 1129 24404 24404 24404 24404 523
20180105 1131 24399 24404 24399 24404 1046
20180105 1132 24404 24414 24404 24414 723
20180105 1133 24409 24409 24409 24409 523
20180105 1135 24409 24409 24409 24409 523
20180105 1136 24409 24409 24409 24409 523
20180105 1137 24414 24414 24414 24414 1054
20180105 1138 24409 24409 24409 24409 523
20180105 1139 24414 24414 24414 24414 523
20180105 1140 24414 24414 24414 24414 523
20180105 1141 24404 24409 24404 24409 528
20180105 1143 24414 24414 24414 24414 1046
20180105 1144 24409 24409 24409 24409 523
20180105 1145 24414 24414 24414 24414 523
20180105 1146 24409 24409 24409 24409 523
20180105 1148 24409 24414 24409 24414 1046
20180105 1150 24414 24414 24414 24414 523
20180105 1151 24409 24409 24409 24409 523
20180105 1152 24409 24409 24409 24409 523
20180105 1153 24414 24414 24414 24414 523
20180105 1154 24409 24409 24409 24409 523
20180105 1155 24409 24409 24409 24409 523
20180105 1156 24414 24414 24414 24414 523
20180105 1157 24414 24414 24414 24414 523
20180105 1201 24409 24414 24409 24414 2615
20180105 1351 24574 24574 24574 24574 1
20180105 1354 24574 24574 24574 24574 40
20180105 1356 24564 24564 24482 24482 197
20180105 1412 24501 24501 24501 24501 40
20180105 1530 24622 24622 24622 24622 145
20180108 901 24763 24763 24666 24666 415
20180108 918 24666 24666 24666 24666 30
20180108 919 24666 24666 24666 24666 20
20180108 936 24647 24647 24647 24647 80
20180108 955 24608 24608 24608 24608 100
20180108 1048 24647 24647 24647 24647 600
20180108 1227 24690 24690 24690 24690 300
20180108 1228 24695 24695 24695 24695 2
20180108 1334 24695 24695 24695 24695 2
20180108 1337 24695 24695 24695 24695 400
20180108 1401 24734 24734 24734 24734 1
20180108 1530 24715 24715 24715 24715 18
20180109 903 24715 24715 24715 24715 100
20180109 910 24710 24710 24710 24710 1
20180109 1013 24787 24787 24787 24787 5
20180109 1018 24841 24841 24841 24841 1
20180109 1037 24763 24763 24763 24763 30
20180109 1118 24715 24715 24715 24715 10
20180109 1437 24715 24715 24715 24715 194
20180109 1440 24676 24676 24676 24676 12
20180109 1445 24661 24661 24661 24661 390
20180109 1456 24622 24622 24613 24613 2
20180109 1459 24608 24608 24608 24608 1
20180109 1501 24598 24598 24598 24598 2
20180109 1510 24506 24506 24506 24506 2
20180109 1530 24613 24613 24613 24613 5
20180110 934 24613 24613 24613 24613 20
20180110 939 24588 24588 24588 24588 1
20180110 1023 24613 24613 24613 24613 1
20180110 1138 24487 24487 24487 24487 4
20180110 1144 24472 24472 24472 24472 100
20180110 1201 24482 24482 24482 24482 1
20180110 1231 24477 24477 24477 24477 1
20180110 1340 24530 24530 24530 24530 1
20180110 1341 24525 24525 24516 24516 4
20180110 1343 24511 24511 24511 24511 1
20180110 1407 24477 24477 24472 24472 22
20180110 1513 24462 24462 24462 24462 20
20180110 1514 24462 24462 24375 24375 21
20180110 1518 24457 24457 24457 24457 1
20180111 904 24356 24356 24356 24356 10
20180111 908 24326 24326 24326 24326 1
20180111 1001 24351 24351 24351 24351 100
20180111 1052 24389 24389 24389 24389 3
20180111 1057 24365 24365 24365 24365 3
20180111 1104 24370 24370 24370 24370 4
20180111 1107 24370 24370 24370 24370 30
20180111 1111 24365 24365 24365 24365 3
20180111 1112 24351 24351 24351 24351 4
20180111 1117 24360 24360 24360 24360 4
20180111 1124 24360 24360 24360 24360 3
20180111 1131 24356 24356 24356 24356 3
20180111 1138 24331 24331 24331 24331 4
20180111 1144 24317 24317 24317 24317 5
20180111 1145 24322 24322 24322 24322 3
20180111 1146 24307 24307 24307 24307 15
20180111 1151 24283 24283 24283 24283 4
20180111 1158 24312 24312 24312 24312 3
20180111 1205 24302 24302 24302 24302 4
20180111 1212 24307 24307 24307 24307 3
20180111 1215 24307 24307 24307 24307 100
20180111 1219 24312 24312 24312 24312 3
20180111 1225 24336 24336 24336 24336 4
20180111 1230 24258 24258 24258 24258 3
20180111 1232 24322 24322 24322 24322 3
20180111 1239 24312 24312 24312 24312 4
20180111 1246 24336 24336 24336 24336 3
20180111 1253 24336 24336 24336 24336 11
20180111 1300 24307 24307 24307 24307 3
20180111 1306 24302 24302 24302 24302 23
20180111 1313 24307 24307 24307 24307 4
20180111 1320 24326 24326 24326 24326 3
20180111 1327 24341 24341 24341 24341 4
20180111 1334 24351 24351 24351 24351 3
20180111 1340 24356 24356 24356 24356 4
20180111 1347 24346 24346 24346 24346 3
20180111 1354 24351 24351 24351 24351 3
20180111 1401 24346 24346 24346 24346 4
20180111 1408 24380 24380 24380 24380 3
20180111 1414 24365 24365 24365 24365 4
20180111 1421 24370 24370 24370 24370 3
20180111 1428 24351 24351 24351 24351 4
20180111 1435 24365 24365 24365 24365 3
20180111 1442 24380 24380 24380 24380 3
20180111 1448 24375 24375 24375 24375 4
20180111 1455 24365 24365 24365 24365 3
20180111 1457 24273 24273 24273 24273 20
20180111 1502 24370 24370 24370 24370 4
20180111 1509 24365 24365 24365 24365 3
20180111 1516 24375 24375 24375 24375 4
20180112 901 24331 24331 24331 24331 11
20180112 920 24331 24331 24331 24331 3
20180112 921 24336 24336 24336 24336 10
20180112 932 24317 24317 24317 24317 50
20180112 941 24258 24258 24258 24258 1
20180112 948 24307 24307 24307 24307 50
20180112 1023 24176 24176 24176 24176 2
20180112 1132 24176 24176 24176 24176 100
20180112 1256 24176 24176 24176 24176 10
20180112 1306 24225 24225 24225 24225 1
20180112 1338 24268 24268 24268 24268 1
20180112 1410 24258 24258 24258 24258 1
20180112 1420 24225 24225 24225 24225 2
20180112 1443 24317 24317 24317 24317 6
20180112 1516 24375 24375 24375 24375 1
20180112 1530 24380 24380 24380 24380 2
20180115 904 24467 24467 24467 24467 990
20180115 908 24409 24409 24409 24409 1
20180115 909 24409 24501 24409 24501 991
20180115 917 24453 24453 24380 24380 51
20180115 934 24433 24433 24433 24433 3
20180115 939 24433 24433 24433 24433 10
20180115 946 24433 24433 24433 24433 10
20180115 955 24438 24438 24433 24433 50
20180115 1001 24380 24380 24356 24356 29
20180115 1031 24453 24453 24453 24453 7
20180115 1034 24360 24360 24360 24360 16
20180115 1037 24438 24438 24438 24438 8
20180115 1043 24409 24409 24409 24409 8
20180115 1049 24404 24404 24404 24404 8
20180115 1055 24399 24399 24399 24399 8
20180115 1101 24385 24385 24385 24385 8
20180115 1104 24360 24360 24360 24360 54
20180115 1106 24346 24346 24346 24346 8
20180115 1107 24346 24346 24346 24346 5
20180115 1112 24380 24380 24380 24380 5
20180115 1113 24380 24380 24380 24380 3
20180115 1118 24365 24365 24365 24365 5
20180115 1124 24385 24385 24385 24385 8
20180115 1130 24399 24399 24399 24399 8
20180115 1136 24404 24419 24404 24419 11
20180115 1141 24414 24414 24414 24414 4
20180115 1142 24409 24409 24409 24409 8
20180115 1147 24419 24419 24419 24419 8
20180115 1153 24423 24423 24423 24423 8
20180115 1159 24419 24419 24419 24419 8
20180115 1205 24419 24419 24419 24419 8
20180115 1211 24419 24419 24419 24419 8
20180115 1217 24419 24419 24419 24419 8
20180115 1220 24419 24419 24419 24419 26
20180115 1222 24443 24443 24443 24443 8
20180115 1228 24457 24457 24457 24457 8
20180115 1234 24457 24457 24457 24457 8
20180115 1240 24472 24472 24472 24472 48
20180115 1242 24457 24457 24457 24457 4
20180115 1246 24472 24472 24472 24472 8
20180115 1252 24472 24472 24472 24472 8
20180115 1257 24462 24462 24462 24462 8
20180115 1258 24462 24462 24462 24462 6
20180115 1303 24438 24438 24438 24438 8
20180115 1309 24453 24453 24453 24453 8
20180115 1310 24419 24419 24365 24365 500
20180115 1315 24443 24443 24443 24443 8
20180115 1321 24467 24467 24467 24467 8
20180115 1327 24462 24462 24462 24462 8
20180115 1333 24467 24467 24467 24467 8
20180115 1338 24453 24453 24453 24453 8
20180115 1344 24438 24438 24438 24438 8
20180115 1350 24433 24433 24433 24433 8
20180115 1356 24438 24438 24438 24438 8
20180115 1402 24433 24433 24433 24433 8
20180115 1408 24443 24443 24443 24443 8
20180115 1413 24438 24438 24438 24438 8
20180115 1419 24433 24433 24433 24433 8
20180115 1425 24433 24433 24433 24433 8
20180115 1431 24428 24428 24428 24428 8
20180115 1437 24423 24423 24423 24423 8
20180115 1443 24423 24423 24423 24423 8
20180115 1452 24419 24419 24419 24419 9
20180115 1454 24438 24438 24438 24438 8
20180115 1500 24423 24423 24423 24423 8
20180115 1506 24438 24438 24438 24438 8
20180115 1512 24428 24428 24428 24428 8
20180115 1518 24423 24423 24423 24423 8
20180116 921 24394 24394 24394 24394 5
20180116 947 24312 24312 24312 24312 60
20180116 948 24312 24312 24312 24312 40
20180116 1022 24394 24394 24394 24394 1
20180116 1040 24389 24389 24389 24389 1
20180116 1048 24389 24389 24389 24389 162
20180116 1056 24389 24389 24389 24389 10
20180116 1059 24389 24389 24389 24389 20
20180116 1100 24389 24389 24389 24389 205
20180116 1103 24419 24419 24419 24419 37
20180116 1125 24414 24414 24414 24414 10
20180116 1128 24394 24394 24394 24394 10
20180116 1205 24506 24506 24506 24506 4
20180116 1249 24530 24530 24530 24530 5
20180116 1252 24530 24530 24530 24530 100
20180116 1259 24423 24423 24423 24423 1
20180116 1348 24462 24462 24462 24462 100
20180116 1351 24554 24554 24554 24554 1
20180116 1416 24593 24593 24593 24593 195
20180116 1435 24525 24525 24525 24525 1
20180116 1441 24545 24545 24545 24545 5
20180116 1447 24588 24588 24588 24588 10
20180116 1449 24637 24651 24637 24651 40
20180116 1451 24656 24656 24656 24656 1
20180116 1457 24637 24637 24637 24637 1
20180116 1458 24647 24647 24647 24647 100
20180116 1518 24574 24574 24574 24574 1
20180116 1530 24637 24637 24637 24637 5
20180117 901 24608 24608 24608 24608 150
20180117 947 24520 24520 24520 24520 5
20180117 1001 24520 24520 24520 24520 20
20180117 1006 24520 24520 24520 24520 2
20180117 1021 24520 24520 24520 24520 1
20180117 1031 24511 24511 24511 24511 5
20180117 1041 24520 24520 24520 24520 1
20180117 1056 24520 24520 24520 24520 16
20180117 1209 24511 24511 24511 24511 2
20180117 1241 24550 24550 24550 24550 80
20180117 1252 24511 24511 24511 24511 30
20180117 1254 24511 24511 24511 24511 1
20180117 1410 24516 24584 24516 24584 7
20180117 1530 24511 24511 24511 24511 6
20180118 904 24618 24618 24618 24618 13
20180118 917 24695 24695 24695 24695 195
20180118 946 24695 24695 24695 24695 179
20180118 958 24666 24666 24666 24666 10
20180118 1002 24666 24666 24666 24666 1
20180118 1018 24666 24666 24666 24666 139
20180118 1023 24666 24666 24666 24666 2
20180118 1134 24622 24622 24622 24622 24
20180118 1203 24622 24622 24622 24622 3
20180118 1215 24622 24622 24622 24622 4
20180118 1227 24622 24622 24622 24622 3
20180118 1239 24622 24622 24622 24622 3
20180118 1240 24627 24705 24627 24705 152
20180118 1241 24622 24622 24613 24613 152
20180118 1247 24622 24622 24622 24622 1
20180118 1313 24681 24710 24681 24710 62
20180118 1317 24622 24622 24613 24613 10
20180118 1328 24613 24613 24613 24613 1
20180118 1451 24598 24598 24598 24598 25
20180118 1530 24496 24496 24496 24496 34
20180119 901 24569 24569 24569 24569 20
20180119 911 24666 24666 24666 24666 100
20180119 923 24540 24540 24540 24540 25
20180119 927 24535 24535 24535 24535 200
20180119 1052 24540 24540 24530 24530 3
20180119 1054 24530 24530 24530 24530 18
20180122 903 24462 24462 24356 24356 28
20180122 912 24453 24453 24453 24453 13
20180122 916 24414 24414 24409 24409 24
20180122 1003 24283 24283 24283 24283 2
20180122 1006 24283 24283 24283 24283 66
20180122 1009 24258 24258 24181 24181 250
20180122 1022 24225 24225 24225 24225 2
20180122 1030 24225 24225 24225 24225 1
20180122 1110 24220 24220 24220 24220 17
20180122 1134 24215 24215 24215 24215 13
20180122 1153 24210 24210 24210 24210 6
20180122 1211 24200 24200 24200 24200 1
20180122 1218 24191 24191 24191 24191 8
20180122 1220 24186 24186 24186 24186 2
20180122 1244 24186 24186 24186 24186 1
20180122 1258 24186 24186 24186 24186 27
20180122 1316 24258 24273 24258 24273 500
20180122 1320 24263 24263 24263 24263 1
20180122 1404 24292 24292 24292 24292 25
20180122 1405 24288 24288 24288 24288 1
20180122 1420 24288 24288 24288 24288 1
20180122 1425 24288 24288 24288 24288 129
20180122 1530 24307 24307 24307 24307 5
20180123 901 24433 24433 24433 24433 39
20180123 910 24453 24453 24453 24453 10
20180123 911 24453 24453 24453 24453 46
20180123 938 24438 24438 24438 24438 2
20180123 951 24428 24428 24428 24428 1
20180123 1009 24428 24428 24428 24428 30
20180123 1013 24428 24428 24428 24428 470
20180123 1019 24428 24428 24428 24428 80
20180123 1026 24428 24428 24428 24428 7
20180123 1032 24511 24511 24511 24511 10
20180123 1042 24511 24511 24511 24511 5
20180123 1127 24487 24487 24487 24487 15
20180123 1132 24487 24487 24487 24487 5
20180123 1213 24511 24550 24511 24550 131
20180123 1235 24550 24550 24545 24545 23
20180123 1258 24550 24550 24550 24550 9
20180123 1352 24579 24579 24579 24579 592
20180123 1418 24550 24550 24550 24550 3
20180123 1432 24598 24598 24593 24593 80
20180123 1507 24593 24593 24593 24593 392
20180123 1511 24579 24579 24579 24579 130
20180123 1530 24676 24676 24676 24676 13
20180124 902 24627 24627 24627 24627 1
20180124 918 24627 24627 24627 24627 1
20180124 1010 24627 24627 24627 24627 1
20180124 1015 24651 24656 24651 24656 4
20180124 1056 24627 24627 24627 24627 12
20180124 1116 24622 24627 24622 24627 4
20180124 1220 24627 24627 24627 24627 1
20180124 1249 24627 24627 24627 24627 1
20180124 1300 24627 24627 24627 24627 1
20180124 1322 24627 24627 24627 24627 1
20180124 1334 24627 24627 24627 24627 1
20180124 1356 24627 24627 24627 24627 1
20180124 1408 24627 24627 24627 24627 1
20180124 1413 24627 24627 24627 24627 1
20180124 1430 24627 24627 24627 24627 1
20180124 1442 24627 24627 24627 24627 1
20180124 1501 24627 24627 24627 24627 198
20180124 1504 24622 24622 24622 24622 2
20180124 1512 24618 24618 24618 24618 4
20180124 1517 24579 24579 24579 24579 1
20180125 901 24637 24637 24637 24637 39
20180125 925 24651 24651 24651 24651 3
20180125 936 24715 24715 24715 24715 1
20180125 941 24715 24715 24715 24715 1
20180125 946 24710 24710 24710 24710 1
20180125 1017 24715 24715 24715 24715 39
20180125 1019 24715 24715 24715 24715 50
20180125 1020 24719 24719 24719 24719 70
20180125 1028 24812 24812 24812 24812 25
20180125 1035 24807 24807 24807 24807 1
20180125 1041 24753 24753 24753 24753 200
20180125 1058 24782 24782 24782 24782 50
20180125 1117 24826 24826 24826 24826 1
20180125 1144 24826 24826 24797 24797 15
20180125 1228 24826 24841 24826 24841 12
20180125 1253 24865 24865 24865 24865 20
20180125 1317 24865 24865 24865 24865 39
20180125 1331 24860 24860 24860 24860 400
20180125 1404 24831 24831 24831 24831 26
20180125 1530 24870 24870 24870 24870 8
20180126 901 24846 24846 24846 24846 3
20180126 933 24816 24816 24816 24816 39
20180126 939 24841 24841 24841 24841 6
20180126 940 24831 24831 24831 24831 1
20180126 945 24807 24807 24807 24807 1
20180126 1014 24744 24744 24744 24744 1
20180126 1017 24749 24749 24749 24749 1
20180126 1018 24787 24787 24787 24787 38
20180126 1021 24744 24744 24695 24695 64
20180126 1029 24749 24749 24749 24749 1
20180126 1030 24807 24807 24807 24807 1
20180126 1114 24807 24807 24807 24807 2
20180126 1118 24841 24841 24841 24841 6
20180126 1125 24841 24841 24841 24841 16
20180126 1153 24841 24841 24841 24841 27
20180126 1156 24846 24846 24846 24846 2
20180126 1211 24884 24884 24884 24884 10
20180126 1214 24899 24899 24899 24899 119
20180126 1216 24899 24899 24899 24899 6
20180126 1236 24899 24899 24899 24899 44
20180126 1257 24846 24846 24841 24841 20
20180126 1303 24841 24841 24841 24841 1
20180126 1304 24899 24904 24899 24904 6
20180126 1335 24889 24889 24889 24889 1
20180126 1343 24889 24889 24889 24889 3
20180126 1359 24841 24841 24841 24841 1
20180126 1409 24841 24841 24841 24841 1
20180126 1431 24846 24846 24846 24846 2
20180126 1453 24846 24846 24846 24846 2
20180126 1516 24846 24846 24846 24846 1
20180126 1530 24880 24880 24880 24880 74
20180129 903 25103 25103 25103 25103 173
20180129 906 25142 25142 25142 25142 33
20180129 910 25132 25132 25132 25132 35
20180129 920 25127 25127 25127 25127 1
20180129 921 25127 25127 25127 25127 4
20180129 1003 25132 25132 25132 25132 10
20180129 1009 25142 25142 25142 25142 18
20180129 1017 25142 25142 25142 25142 12
20180129 1033 25142 25142 25142 25142 40
20180129 1035 25142 25142 25142 25142 319
20180129 1040 25205 25224 25205 25224 50
20180129 1041 25219 25219 25219 25219 40
20180129 1058 25200 25200 25190 25190 200
20180129 1104 25190 25190 25190 25190 10
20180129 1118 25180 25180 25142 25142 28
20180129 1125 25142 25142 25142 25142 19
20180129 1130 25142 25142 25142 25142 16
20180129 1137 25142 25142 25142 25142 184
20180129 1141 25142 25142 25142 25142 35
20180129 1152 25195 25219 25195 25219 6
20180129 1208 25205 25205 25205 25205 1
20180129 1229 25205 25205 25205 25205 190
20180129 1233 25200 25200 25200 25200 10
20180129 1246 25185 25185 25185 25185 40
20180129 1247 25166 25166 25137 25137 56
20180129 1253 25175 25175 25175 25175 20
20180129 1256 25175 25175 25175 25175 1
20180129 1324 25137 25137 25137 25137 1
20180129 1332 25132 25132 25122 25122 35
20180129 1347 25122 25122 25122 25122 5
20180129 1356 25122 25122 25122 25122 3
20180129 1357 25175 25175 25175 25175 6
20180129 1401 25122 25122 25122 25122 1
20180129 1452 25122 25122 25122 25122 9
20180129 1453 25112 25112 25112 25112 101
20180129 1454 25112 25112 25103 25103 3
20180129 1530 25166 25166 25166 25166 3
20180130 901 25030 25030 25030 25030 3
20180130 916 24938 24938 24938 24938 1
20180130 918 25030 25030 25030 25030 4
20180130 921 24977 24977 24977 24977 2
20180130 1001 24986 24986 24986 24986 2
20180130 1021 24986 24986 24986 24986 1
20180130 1031 24981 24981 24981 24981 6
20180130 1059 25049 25049 25049 25049 137
20180130 1111 25049 25049 25049 25049 45
20180130 1113 25049 25049 25049 25049 1
20180130 1115 25059 25059 25059 25059 3
20180130 1117 25059 25059 25059 25059 1161
20180130 1127 25069 25069 25069 25069 14
20180130 1148 25049 25049 25049 25049 3
20180130 1209 25083 25083 25083 25083 2
20180130 1210 25083 25083 25083 25083 3
20180130 1213 25083 25083 25083 25083 2
20180130 1215 25083 25083 25078 25078 4
20180130 1217 25078 25078 25074 25074 6
20180130 1219 25069 25069 25069 25069 2
20180130 1221 25069 25069 25069 25069 2
20180130 1222 25069 25069 25064 25064 4
20180130 1227 25069 25069 25064 25064 5
20180130 1229 25059 25059 25054 25054 7
20180130 1230 25049 25049 25049 25049 2
20180130 1231 25044 25044 25030 25030 15
20180130 1232 25030 25030 25025 25025 5
20180130 1234 25020 25020 25015 25015 7
20180130 1239 25020 25020 25020 25020 3
20180130 1240 25015 25015 25015 25015 2
20180130 1242 25015 25015 25015 25015 2
20180130 1244 25015 25015 25015 25015 2
20180130 1245 25011 25011 25011 25011 2
20180130 1249 24986 24986 24981 24981 105
20180130 1250 24977 24977 24972 24972 530
20180130 1251 24957 24957 24957 24957 2
20180130 1254 24957 24957 24957 24957 3
20180130 1255 24952 24952 24952 24952 3
20180130 1257 24952 24952 24952 24952 2
20180130 1259 24952 24952 24947 24947 399
20180130 1300 24938 24938 24938 24938 49
20180130 1301 24933 24933 24933 24933 23
20180130 1305 24918 24918 24913 24913 4
20180130 1307 24904 24904 24904 24904 2
20180130 1308 24904 24904 24904 24904 3
20180130 1311 24904 24904 24904 24904 2
20180130 1313 24899 24899 24899 24899 80
20180130 1318 24855 24855 24850 24850 8
20180130 1319 24846 24846 24841 24841 3
20180130 1321 24846 24846 24846 24846 2
20180130 1322 24841 24841 24841 24841 490
20180130 1330 24841 24841 24841 24841 103
20180130 1332 24841 24841 24841 24841 4
20180130 1337 24841 24841 24841 24841 14
20180130 1340 24841 24841 24841 24841 10
20180130 1342 24841 24841 24841 24841 1
20180130 1343 24841 24841 24841 24841 2
20180130 1355 24836 24836 24831 24831 5
20180130 1356 24826 24826 24816 24816 7
20180130 1357 24812 24812 24812 24812 4
20180130 1400 24816 24816 24816 24816 3
20180130 1401 24812 24812 24749 24749 387
20180130 1403 24841 24841 24836 24836 6
20180130 1418 24860 24860 24860 24860 14
20180130 1425 24870 24870 24870 24870 7
20180130 1438 24826 24826 24826 24826 5
20180130 1439 24821 24821 24816 24816 4
20180130 1441 24812 24812 24768 24812 9
20180130 1443 24812 24812 24812 24812 3
20180130 1451 24836 24836 24836 24836 11
20180130 1455 24826 24826 24826 24826 1
20180130 1503 24860 24860 24860 24860 15
20180130 1514 24831 24831 24831 24831 12
20180131 901 24758 24758 24758 24758 1
20180131 902 24647 24647 24647 24647 592
20180131 910 24724 24724 24724 24724 2
20180131 921 24816 24831 24816 24831 15162
20180131 945 24899 24899 24899 24899 100
20180131 953 24977 24977 24977 24977 20
20180131 1005 24977 24977 24977 24977 20
20180131 1015 24855 24855 24855 24855 140
20180131 1018 24972 24972 24972 24972 100
20180131 1038 24972 24972 24972 24972 37
20180131 1050 25064 25064 25064 25064 5
20180131 1122 24996 24996 24996 24996 5
20180131 1133 25001 25001 25001 25001 1
20180131 1136 24977 24977 24977 24977 65
20180131 1146 24972 24972 24952 24952 101
20180131 1154 24977 25011 24977 25011 6
20180131 1212 24986 24986 24986 24986 3
20180131 1234 25040 25040 25040 25040 44
20180131 1236 25093 25137 25093 25137 217
20180131 1304 25185 25185 25185 25185 1
20180131 1305 25180 25180 25180 25180 1
20180131 1311 25205 25205 25205 25205 19
20180131 1312 25205 25205 25205 25205 2
20180131 1323 25180 25180 25180 25180 15
20180131 1326 25161 25161 25161 25161 10
20180131 1329 25156 25156 25156 25156 100
20180131 1336 25156 25156 25156 25156 15
20180131 1353 25040 25040 25040 25040 10
20180131 1355 25044 25044 25044 25044 100
20180131 1414 25044 25044 25044 25044 5
20180131 1415 25035 25035 25035 25035 57
20180131 1420 25040 25040 25040 25040 2
20180131 1421 25030 25030 25030 25030 10
20180131 1437 24952 24952 24952 24952 502
20180131 1440 24938 24938 24938 24938 5
20180131 1442 24967 24967 24967 24967 19
20180131 1444 24947 24947 24947 24947 207
20180131 1447 24947 24947 24947 24947 6
20180131 1512 24947 24947 24947 24947 6
20180131 1513 24928 24928 24923 24923 11
20180131 1519 24870 24870 24870 24870 5
20180131 1530 24826 24826 24826 24826 13
