날짜 시간 시가 고가 저가 종가 거래량
20200803 909 8420 8420 8420 8420 16
20200803 924 8430 8430 8430 8430 500
20200803 1034 8410 8410 8410 8410 1
20200803 1225 8405 8405 8405 8405 115
20200803 1340 8400 8400 8400 8400 1
20200803 1445 8400 8400 8400 8400 2
20200803 1450 8395 8395 8395 8395 5
20200803 1518 8395 8395 8395 8395 7
20200804 901 8305 8305 8305 8305 1
20200804 905 8350 8350 8350 8350 1
20200804 931 8305 8305 8305 8305 50
20200804 943 8260 8260 8255 8255 200
20200804 1125 8270 8270 8270 8270 1
20200804 1213 8320 8320 8320 8320 2
20200804 1256 8330 8330 8330 8330 100
20200804 1301 8340 8340 8340 8340 50
20200804 1413 8340 8340 8340 8340 2
20200804 1442 8325 8325 8325 8325 100
20200804 1501 8315 8315 8310 8310 200
20200804 1510 8305 8305 8305 8305 10
20200804 1520 8315 8315 8315 8315 100
20200804 1530 8315 8315 8315 8315 2
20200805 922 8285 8285 8285 8285 200
20200805 940 8280 8280 8280 8280 100
20200805 941 8275 8275 8275 8275 100
20200805 1000 8270 8270 8270 8270 100
20200805 1004 8255 8255 8255 8255 3
20200805 1100 8255 8255 8255 8255 500
20200805 1156 8235 8235 8235 8235 1
20200805 1211 8235 8235 8235 8235 70
20200805 1221 8235 8235 8235 8235 30
20200805 1241 8235 8235 8235 8235 100
20200805 1348 8230 8230 8230 8230 1
20200805 1530 8215 8215 8215 8215 1
20200806 901 8075 8075 8075 8075 7967
20200806 902 8195 8195 8195 8195 500
20200806 919 8130 8130 8130 8130 520
20200806 921 8125 8125 8125 8125 10
20200806 922 8120 8120 8115 8115 20
20200806 923 8110 8110 8110 8110 10
20200806 929 8105 8105 8105 8105 10
20200806 930 8100 8100 8100 8100 10
20200806 932 8095 8095 8095 8095 10
20200806 934 8095 8095 8095 8095 61
20200806 936 8100 8100 8100 8100 100
20200806 939 8090 8090 8090 8090 10
20200806 940 8085 8085 8085 8085 10
20200806 942 8080 8080 8080 8080 10
20200806 944 8075 8075 8070 8070 20
20200806 949 8070 8070 8065 8065 134
20200806 950 8060 8060 8055 8055 100
20200806 952 8055 8055 8055 8055 1
20200806 958 8055 8055 8055 8055 5
20200806 959 8065 8065 8035 8035 250
20200806 1001 8060 8060 8055 8055 20
20200806 1023 8055 8055 8055 8055 10
20200806 1025 8050 8050 8050 8050 45
20200806 1030 8050 8050 8050 8050 26
20200806 1031 8045 8045 8045 8045 35
20200806 1033 8040 8040 8040 8040 98
20200806 1037 8035 8035 8025 8025 100
20200806 1042 8040 8040 8030 8030 30
20200806 1046 8030 8030 8030 8030 50
20200806 1047 8030 8030 8030 8030 300
20200806 1053 8030 8030 8030 8030 120
20200806 1100 8050 8050 8050 8050 74
20200806 1147 8105 8105 8105 8105 4
20200806 1216 8105 8105 8105 8105 8
20200806 1219 8100 8100 8100 8100 11
20200806 1220 8095 8095 8095 8095 11
20200806 1249 8100 8100 8100 8100 1
20200806 1253 8100 8100 8100 8100 1
20200806 1309 8090 8090 8090 8090 30
20200806 1310 8085 8085 8085 8085 10
20200806 1342 8085 8085 8085 8085 5
20200806 1404 8080 8080 8080 8080 10
20200806 1409 8075 8075 8075 8075 10
20200806 1448 8075 8085 8075 8085 95
20200806 1457 8085 8100 8085 8100 4
20200806 1500 8085 8085 8085 8085 2
20200806 1501 8085 8085 8085 8085 1
20200806 1520 8085 8085 8085 8085 20
20200807 905 8025 8025 8025 8025 3
20200807 907 8070 8070 8070 8070 10
20200807 913 8020 8020 8010 8010 85
20200807 915 8045 8050 8040 8040 30
20200807 918 8035 8035 8035 8035 10
20200807 919 8030 8030 8025 8025 20
20200807 923 8020 8020 8020 8020 11
20200807 924 8015 8015 8010 8010 20
20200807 926 8005 8005 8005 8005 10
20200807 942 8035 8035 8035 8035 10
20200807 943 8030 8030 8030 8030 10
20200807 944 8025 8025 8025 8025 10
20200807 945 8020 8020 8020 8020 11
20200807 1031 8040 8040 8035 8035 2
20200807 1037 8050 8050 8040 8040 13
20200807 1157 8075 8075 8075 8075 1
20200807 1208 8085 8085 8085 8085 1
20200807 1300 8095 8095 8095 8095 1
20200807 1418 8075 8075 8075 8075 1
20200807 1432 8055 8055 8055 8055 1
20200807 1434 8065 8065 8065 8065 1
20200807 1437 8050 8050 8050 8050 4
20200807 1452 8060 8060 8060 8060 150
20200810 908 8055 8055 8055 8055 10
20200810 909 8055 8055 8055 8055 4
20200810 911 8050 8050 8050 8050 10
20200810 915 8045 8045 8045 8045 10
20200810 916 8040 8040 8025 8025 42
20200810 919 8020 8020 8020 8020 10
20200810 926 8025 8025 8020 8020 10
20200810 929 8015 8015 8015 8015 11
20200810 951 8010 8010 8005 8005 123
20200810 952 8000 8000 8000 8000 12
20200810 958 8010 8010 8000 8000 2
20200810 1002 8000 8000 8000 8000 1
20200810 1112 7995 7995 7995 7995 13
20200810 1115 7990 7990 7990 7990 33
20200810 1125 7985 7985 7985 7985 13
20200810 1152 7995 7995 7990 7990 30
20200810 1159 7985 7985 7985 7985 516
20200810 1219 7980 7980 7980 7980 18
20200810 1227 7975 7980 7975 7980 33
20200810 1228 7975 7975 7975 7975 10
20200810 1234 7970 7970 7970 7970 13
20200810 1253 7965 7965 7965 7965 13
20200810 1259 7965 7965 7965 7965 2
20200810 1303 7960 7960 7960 7960 13
20200810 1305 7955 7955 7955 7955 13
20200810 1307 7950 7950 7950 7950 13
20200810 1308 7945 7945 7945 7945 23
20200810 1313 7940 7940 7940 7940 22
20200810 1315 7935 7935 7930 7930 50
20200810 1316 7950 7950 7950 7950 1
20200810 1319 7940 7940 7940 7940 1
20200810 1328 7930 7930 7930 7930 485
20200810 1337 7950 7950 7945 7945 20
20200810 1338 7940 7940 7940 7940 10
20200810 1423 7935 7935 7935 7935 10
20200810 1426 7935 7935 7935 7935 10
20200810 1504 7965 7985 7965 7985 2
20200810 1505 7950 7950 7950 7950 1
20200810 1508 7940 7940 7940 7940 3
20200810 1519 7930 7930 7930 7930 5
20200811 901 7930 7930 7930 7930 3
20200811 905 7900 7900 7900 7900 1
20200811 912 7890 7890 7890 7890 1
20200811 913 7890 7890 7890 7890 2
20200811 914 7840 7840 7840 7840 60
20200811 916 7930 7930 7930 7930 3
20200811 922 7855 7855 7855 7855 4
20200811 925 7905 7905 7905 7905 1
20200811 928 7905 7905 7905 7905 20
20200811 930 7910 7910 7910 7910 17
20200811 931 7890 7890 7890 7890 1
20200811 934 7885 7885 7885 7885 1
20200811 945 7900 7945 7900 7945 300
20200811 948 7910 7910 7910 7910 1
20200811 952 7920 7920 7920 7920 1
20200811 954 7910 7910 7910 7910 1
20200811 956 7900 7900 7900 7900 1
20200811 959 7915 7915 7915 7915 300
20200811 1003 7910 7910 7910 7910 20
20200811 1005 7930 7940 7930 7940 100
20200811 1007 7905 7905 7905 7905 13
20200811 1008 7900 7900 7900 7900 10
20200811 1010 7895 7900 7895 7900 11
20200811 1015 7890 7890 7885 7885 21
20200811 1017 7890 7890 7890 7890 1
20200811 1020 7880 7880 7880 7880 10
20200811 1023 7910 7910 7910 7910 1
20200811 1024 7915 7915 7880 7880 9
20200811 1025 7875 7875 7875 7875 18
20200811 1031 7880 7880 7875 7875 31
20200811 1033 7870 7870 7865 7865 25
20200811 1034 7860 7860 7855 7855 25
20200811 1037 7855 7855 7855 7855 1
20200811 1038 7855 7855 7855 7855 127
20200811 1039 7850 7850 7850 7850 11
20200811 1041 7850 7860 7850 7860 14
20200811 1047 7845 7845 7845 7845 10
20200811 1050 7840 7840 7835 7835 125
20200811 1116 7835 7835 7835 7835 1
20200811 1123 7845 7845 7845 7845 1
20200811 1131 7845 7845 7845 7845 5
20200811 1145 7845 7845 7845 7845 10
20200811 1154 7835 7835 7835 7835 10
20200811 1202 7830 7830 7830 7830 24
20200811 1205 7825 7825 7825 7825 10
20200811 1206 7820 7820 7820 7820 10
20200811 1211 7815 7820 7815 7820 32
20200811 1212 7820 7820 7820 7820 10
20200811 1215 7820 7820 7820 7820 20
20200811 1216 7815 7815 7815 7815 13
20200811 1217 7810 7810 7810 7810 162
20200811 1337 7830 7865 7830 7865 30
20200811 1338 7865 7865 7830 7830 32
20200811 1357 7825 7825 7825 7825 1
20200811 1419 7825 7825 7825 7825 3
20200811 1426 7830 7830 7815 7815 11
20200811 1431 7820 7820 7805 7805 70
20200811 1434 7805 7805 7805 7805 7
20200811 1444 7815 7815 7815 7815 100
20200811 1530 7815 7815 7815 7815 15
20200812 901 7825 7825 7825 7825 9
20200812 908 7855 7855 7845 7845 2
20200812 921 7845 7845 7845 7845 1
20200812 933 7845 7845 7845 7845 99
20200812 939 7870 7870 7870 7870 1
20200812 1015 7895 7895 7895 7895 1
20200812 1019 7875 7875 7875 7875 60
20200812 1036 7885 7885 7885 7885 1
20200812 1038 7875 7875 7875 7875 1
20200812 1152 7875 7875 7875 7875 130
20200812 1224 7875 7875 7870 7870 10
20200812 1318 7875 7875 7865 7865 17
20200812 1325 7875 7875 7875 7875 1
20200812 1400 7875 7875 7865 7865 239
20200812 1401 7875 7875 7875 7875 56
20200812 1422 7865 7865 7865 7865 26
20200812 1425 7865 7865 7865 7865 5
20200812 1427 7865 7865 7850 7850 1000
20200812 1433 7845 7845 7845 7845 43
20200812 1444 7850 7850 7850 7850 1
20200812 1454 7840 7840 7840 7840 137
20200812 1455 7840 7840 7840 7840 189
20200812 1501 7840 7840 7840 7840 380
20200812 1510 7835 7835 7820 7820 56
20200813 901 7785 7785 7750 7750 200
20200813 925 7760 7760 7755 7755 20
20200813 946 7755 7755 7755 7755 309
20200813 1021 7755 7755 7755 7755 1
20200813 1034 7755 7755 7755 7755 15
20200813 1036 7750 7750 7750 7750 1
20200813 1042 7750 7750 7750 7750 114
20200813 1133 7750 7750 7750 7750 645
20200813 1134 7745 7745 7745 7745 10
20200813 1144 7740 7740 7740 7740 10
20200813 1145 7735 7765 7735 7765 17
20200813 1146 7760 7760 7735 7735 4
20200813 1147 7760 7760 7760 7760 100
20200813 1148 7765 7775 7765 7775 3
20200813 1219 7735 7735 7735 7735 2
20200813 1229 7730 7740 7730 7740 12
20200813 1247 7745 7745 7745 7745 10
20200813 1248 7740 7740 7740 7740 11
20200813 1304 7735 7735 7735 7735 5
20200813 1419 7745 7745 7735 7735 628
20200813 1420 7730 7735 7730 7735 38
20200813 1452 7755 7755 7755 7755 1
20200813 1453 7765 7765 7765 7765 1
20200813 1505 7810 7810 7810 7810 12
20200813 1506 7810 7810 7785 7785 612
20200813 1509 7820 7820 7820 7820 1
20200813 1510 7840 7865 7840 7865 301
20200813 1511 7830 7830 7810 7810 494
20200813 1513 7845 7850 7845 7850 2
20200813 1514 7850 7850 7850 7850 199
20200813 1515 7845 7845 7845 7845 1
20200814 910 7830 7830 7830 7830 1
20200814 913 7840 7840 7830 7830 101
20200814 914 7820 7820 7820 7820 1
20200814 923 7835 7840 7835 7840 3
20200814 937 7855 7855 7855 7855 1
20200814 956 7870 7870 7870 7870 301
20200814 958 7880 7880 7880 7880 5000
20200814 1000 7885 7885 7885 7885 5000
20200814 1008 7890 7890 7890 7890 5000
20200814 1015 7920 7920 7890 7890 50
20200814 1033 7915 7915 7915 7915 1
20200814 1038 7905 7905 7905 7905 1
20200814 1050 7895 7895 7895 7895 1
20200814 1105 7905 7905 7905 7905 22
20200814 1138 7875 7875 7855 7855 299
20200814 1142 7855 7855 7855 7855 100
20200814 1144 7875 7875 7875 7875 1
20200814 1145 7875 7875 7875 7875 26
20200814 1157 7885 7885 7885 7885 1
20200814 1158 7895 7905 7895 7905 267
20200814 1213 7890 7890 7890 7890 34
20200814 1226 7905 7950 7905 7950 15
20200814 1319 7910 7930 7910 7930 3
20200814 1322 7925 7925 7925 7925 2
20200814 1324 7925 7925 7925 7925 9
20200814 1331 7915 7915 7915 7915 10
20200814 1344 7895 7895 7895 7895 1
20200814 1346 7895 7895 7895 7895 1
20200814 1347 7890 7890 7890 7890 1
20200814 1430 7890 7890 7890 7890 15
20200814 1434 7890 7890 7890 7890 105
20200814 1439 7890 7890 7890 7890 400
20200814 1451 7910 7950 7910 7915 12
20200818 902 7840 7840 7840 7840 30
20200818 906 7865 7865 7865 7865 1000
20200818 907 7860 7860 7860 7860 1000
20200818 909 7880 7880 7880 7880 1
20200818 910 7865 7865 7855 7855 100
20200818 914 7880 7890 7880 7890 152
20200818 917 7915 7915 7915 7915 3
20200818 918 7910 7910 7910 7910 300
20200818 919 7910 7910 7910 7910 38
20200818 923 7905 7905 7900 7900 20
20200818 924 7890 7890 7880 7880 30
20200818 926 7875 7875 7870 7870 20
20200818 929 7865 7865 7865 7865 10
20200818 944 7860 7860 7860 7860 1
20200818 952 7860 7860 7860 7860 9
20200818 953 7855 7855 7855 7855 10
20200818 955 7850 7850 7850 7850 10
20200818 1001 7885 7885 7885 7885 1
20200818 1016 7915 7915 7915 7915 63
20200818 1022 7920 7920 7920 7920 30
20200818 1029 7890 7890 7890 7890 10
20200818 1030 7885 7885 7870 7870 200
20200818 1102 7895 7895 7895 7895 40
20200818 1230 7920 7920 7920 7920 2
20200818 1238 7910 7910 7910 7910 1
20200818 1245 7890 7890 7890 7890 37
20200818 1256 7890 7890 7890 7890 55
20200818 1426 7920 7920 7920 7920 98
20200818 1427 7935 7935 7935 7935 1
20200818 1438 8005 8005 8005 8005 1
20200818 1441 7980 7980 7980 7980 180
20200818 1451 8015 8015 8015 8015 10
20200818 1500 8050 8060 8050 8060 998
20200818 1503 8055 8055 8055 8055 5
20200818 1510 8060 8060 8060 8060 30
20200818 1511 8060 8060 8060 8060 60
20200818 1512 8060 8060 8060 8060 12
20200818 1515 8065 8065 8065 8065 1
20200818 1517 8100 8100 8100 8100 50
20200818 1519 8075 8075 8075 8075 10
20200818 1520 8060 8060 8060 8060 162
20200818 1530 8060 8060 8060 8060 1
20200819 902 7960 7960 7960 7960 100
20200819 904 7960 7960 7960 7960 110
20200819 910 7995 8020 7995 8000 41
20200819 911 7995 7995 7965 7965 60
20200819 912 8000 8000 8000 8000 1
20200819 913 7990 7990 7990 7990 1
20200819 916 7980 7980 7980 7980 10
20200819 917 7975 7975 7970 7970 30
20200819 924 7965 7965 7965 7965 10
20200819 926 7970 7970 7970 7970 10
20200819 927 7965 7965 7965 7965 10
20200819 942 7995 7995 7995 7995 1
20200819 1003 8005 8005 8005 8005 1
20200819 1006 7990 7990 7990 7990 2
20200819 1025 7990 7990 7990 7990 18
20200819 1036 8000 8000 8000 8000 1
20200819 1056 8015 8015 8015 8015 10
20200819 1152 8025 8025 8025 8025 100
20200819 1153 8025 8025 8025 8025 20
20200819 1233 8000 8000 8000 8000 1
20200819 1238 7995 7995 7995 7995 9
20200819 1316 8000 8000 8000 8000 9
20200819 1354 8010 8010 8010 8010 1
20200819 1520 8000 8000 8000 8000 1
20200819 1530 8010 8010 8010 8010 1
20200820 901 8110 8110 8110 8110 60
20200820 902 8130 8130 8130 8130 2000
20200820 903 8130 8130 8100 8100 720
20200820 904 8095 8105 8085 8085 50
20200820 907 8080 8120 8060 8120 4000
20200820 908 8090 8090 8090 8090 1
20200820 909 8085 8085 8085 8085 1
20200820 916 8075 8075 8075 8075 1
20200820 917 8065 8065 8065 8065 1
20200820 919 8065 8070 8065 8070 20
20200820 923 8060 8060 8060 8060 10
20200820 924 8055 8055 8055 8055 10
20200820 927 8055 8055 8055 8055 30
20200820 933 8065 8065 8065 8065 1
20200820 935 8065 8065 8065 8065 1
20200820 946 8085 8085 8085 8085 1
20200820 950 8100 8100 8100 8100 70
20200820 951 8105 8130 8100 8100 601
20200820 952 8120 8125 8120 8125 500
20200820 958 8100 8100 8100 8100 3
20200820 1006 8105 8105 8105 8105 381
20200820 1007 8125 8125 8125 8125 1
20200820 1011 8130 8130 8130 8130 1
20200820 1012 8140 8140 8140 8140 1
20200820 1014 8165 8165 8140 8165 21
20200820 1017 8170 8175 8170 8175 14
20200820 1018 8175 8175 8175 8175 7
20200820 1026 8165 8165 8165 8165 1
20200820 1032 8165 8165 8165 8165 1
20200820 1033 8175 8175 8175 8175 7
20200820 1036 8175 8175 8175 8175 45
20200820 1040 8175 8175 8175 8175 1100
20200820 1041 8175 8175 8170 8170 1100
20200820 1046 8200 8200 8200 8200 810
20200820 1051 8220 8220 8220 8220 1
20200820 1052 8250 8250 8230 8230 569
20200820 1057 8240 8240 8240 8240 1
20200820 1058 8255 8255 8225 8225 80
20200820 1100 8220 8245 8215 8245 146
20200820 1102 8215 8215 8215 8215 32
20200820 1104 8210 8210 8210 8210 50
20200820 1105 8205 8205 8205 8205 50
20200820 1106 8240 8240 8240 8240 1
20200820 1108 8215 8215 8215 8215 10
20200820 1109 8210 8210 8205 8205 20
20200820 1112 8200 8220 8200 8220 3
20200820 1117 8230 8250 8230 8250 10
20200820 1119 8220 8220 8220 8220 1
20200820 1123 8215 8215 8215 8215 1
20200820 1131 8240 8270 8240 8270 10
20200820 1132 8225 8225 8225 8225 12
20200820 1133 8220 8240 8220 8240 89
20200820 1144 8245 8245 8240 8245 3
20200820 1146 8245 8245 8245 8245 2
20200820 1204 8260 8295 8260 8270 11
20200820 1206 8285 8295 8285 8295 14
20200820 1210 8295 8295 8295 8295 5
20200820 1213 8295 8295 8295 8295 1
20200820 1215 8295 8295 8295 8295 1
20200820 1218 8295 8295 8295 8295 1
20200820 1219 8265 8265 8265 8265 1
20200820 1223 8295 8295 8265 8265 8
20200820 1225 8260 8260 8260 8260 2
20200820 1234 8260 8260 8260 8260 1
20200820 1237 8260 8260 8260 8260 1
20200820 1240 8260 8260 8260 8260 4
20200820 1245 8260 8260 8260 8260 10
20200820 1246 8260 8260 8260 8260 15
20200820 1247 8260 8260 8260 8260 5
20200820 1249 8265 8300 8265 8300 80
20200820 1257 8275 8275 8275 8275 1
20200820 1300 8290 8290 8290 8290 2
20200820 1301 8265 8265 8265 8265 1
20200820 1304 8290 8290 8290 8290 3
20200820 1316 8285 8285 8255 8255 23
20200820 1323 8255 8255 8255 8255 6
20200820 1328 8265 8265 8265 8265 1
20200820 1337 8260 8260 8260 8260 4
20200820 1338 8265 8265 8265 8265 2
20200820 1339 8285 8310 8285 8310 200
20200820 1340 8280 8280 8280 8280 1
20200820 1345 8280 8280 8280 8280 1000
20200820 1351 8270 8270 8270 8270 3
20200820 1352 8270 8270 8270 8270 2
20200820 1403 8270 8270 8270 8270 1
20200820 1404 8270 8270 8270 8270 2
20200820 1405 8270 8270 8270 8270 2
20200820 1406 8270 8270 8270 8270 45
20200820 1426 8280 8280 8280 8280 1
20200820 1432 8295 8295 8295 8295 1
20200820 1433 8305 8340 8305 8340 10
20200820 1437 8315 8340 8315 8340 3
20200820 1439 8315 8335 8315 8335 3
20200820 1440 8335 8335 8335 8335 1
20200820 1441 8335 8335 8335 8335 1
20200820 1443 8320 8360 8320 8360 912
20200820 1444 8345 8370 8345 8370 4
20200820 1445 8340 8340 8330 8330 141
20200820 1447 8360 8360 8325 8325 17
20200820 1448 8320 8320 8320 8320 10
20200820 1449 8315 8315 8315 8315 3
20200820 1450 8315 8315 8315 8315 2
20200820 1453 8315 8315 8315 8315 375
20200820 1454 8310 8310 8305 8305 20
20200820 1455 8315 8345 8315 8345 50
20200820 1457 8330 8330 8330 8330 1
20200820 1502 8330 8330 8330 8330 1
20200820 1505 8330 8330 8330 8330 25
20200820 1506 8330 8330 8330 8330 17
20200820 1507 8330 8330 8330 8330 63
20200820 1514 8350 8360 8350 8360 3
20200820 1516 8320 8320 8320 8320 1
20200820 1517 8315 8345 8315 8345 26
20200820 1518 8325 8325 8325 8325 1
20200820 1519 8310 8310 8310 8310 15
20200820 1530 8370 8370 8370 8370 156
20200821 901 8245 8245 8245 8245 314
20200821 902 8020 8020 8020 8020 60
20200821 905 8185 8190 8185 8185 80
20200821 906 8200 8200 8200 8200 1
20200821 911 8210 8210 8210 8210 1
20200821 916 8180 8180 8180 8180 1
20200821 917 8180 8180 8180 8180 49
20200821 919 8180 8180 8180 8180 104
20200821 920 8180 8180 8180 8180 1
20200821 923 8180 8180 8180 8180 1
20200821 925 8185 8185 8185 8185 120
20200821 926 8185 8185 8185 8185 200
20200821 928 8175 8175 8175 8175 11
20200821 930 8195 8195 8195 8195 20
20200821 935 8210 8220 8210 8220 7
20200821 939 8255 8255 8255 8255 1
20200821 942 8265 8265 8265 8265 1
20200821 943 8280 8280 8280 8280 1
20200821 946 8260 8260 8250 8250 11
20200821 947 8280 8280 8280 8280 50
20200821 949 8255 8255 8255 8255 1
20200821 950 8270 8270 8270 8270 40
20200821 955 8240 8240 8240 8240 5
20200821 957 8230 8230 8230 8230 1
20200821 958 8220 8220 8220 8220 2
20200821 1002 8210 8210 8210 8210 1
20200821 1003 8195 8195 8195 8195 33
20200821 1010 8220 8220 8220 8220 1
20200821 1014 8235 8235 8235 8235 1
20200821 1017 8230 8230 8225 8225 6
20200821 1021 8215 8215 8215 8215 1
20200821 1024 8215 8215 8215 8215 1
20200821 1034 8235 8235 8235 8235 1
20200821 1039 8250 8250 8250 8250 29
20200821 1043 8245 8245 8245 8245 53
20200821 1047 8265 8270 8265 8270 2
20200821 1057 8250 8250 8250 8250 80
20200821 1103 8240 8240 8240 8240 80
20200821 1104 8245 8245 8245 8245 1
20200821 1112 8265 8270 8265 8270 50
20200821 1114 8270 8270 8270 8270 260
20200821 1122 8245 8245 8245 8245 1
20200821 1125 8235 8235 8235 8235 10
20200821 1131 8230 8230 8230 8230 12
20200821 1132 8230 8230 8230 8230 1
20200821 1154 8215 8215 8215 8215 8
20200821 1158 8210 8215 8210 8215 9
20200821 1201 8230 8235 8200 8200 61
20200821 1202 8230 8230 8230 8230 120
20200821 1207 8190 8190 8190 8190 50
20200821 1211 8185 8185 8185 8185 10
20200821 1213 8205 8205 8205 8205 1
20200821 1219 8190 8190 8185 8185 27
20200821 1220 8180 8180 8180 8180 10
20200821 1222 8175 8175 8175 8175 43
20200821 1223 8170 8170 8170 8170 11
20200821 1231 8165 8165 8165 8165 11
20200821 1232 8160 8160 8160 8160 11
20200821 1234 8160 8160 8150 8150 30
20200821 1235 8145 8145 8145 8145 10
20200821 1239 8140 8140 8140 8140 13
20200821 1241 8140 8140 8140 8140 50
20200821 1253 8165 8195 8165 8195 50
20200821 1304 8140 8140 8135 8135 53
20200821 1305 8130 8130 8130 8130 10
20200821 1306 8125 8125 8125 8125 10
20200821 1308 8120 8120 8110 8110 257
20200821 1317 8115 8115 8115 8115 1
20200821 1321 8135 8135 8135 8135 5
20200821 1333 8135 8135 8135 8135 10
20200821 1335 8105 8105 8105 8105 13
20200821 1344 8135 8135 8135 8135 4
20200821 1348 8135 8135 8135 8135 59
20200821 1352 8120 8120 8120 8120 5
20200821 1359 8120 8120 8120 8120 10
20200821 1400 8120 8135 8120 8135 100
20200821 1428 8135 8135 8135 8135 50
20200821 1433 8135 8135 8135 8135 151
20200821 1437 8135 8135 8135 8135 1
20200821 1444 8140 8140 8140 8140 1
20200821 1458 8175 8175 8175 8175 1
20200821 1501 8190 8190 8180 8180 2
20200821 1503 8200 8200 8200 8200 1
20200821 1511 8190 8190 8190 8190 1
20200821 1513 8180 8180 8180 8180 1
20200821 1530 8170 8170 8170 8170 5
20200824 907 8275 8280 8275 8280 2
20200824 908 8245 8245 8245 8245 1
20200824 915 8200 8200 8200 8200 1
20200824 918 8185 8185 8185 8185 1
20200824 921 8185 8185 8185 8185 40
20200824 926 8165 8165 8165 8165 108
20200824 933 8165 8165 8165 8165 1
20200824 935 8165 8165 8155 8155 202
20200824 937 8155 8155 8155 8155 98
20200824 940 8180 8180 8180 8180 30
20200824 943 8190 8240 8180 8180 201
20200824 953 8180 8215 8160 8160 22
20200824 1012 8135 8135 8135 8135 22
20200824 1014 8145 8145 8145 8145 1
20200824 1017 8140 8140 8135 8135 2
20200824 1021 8125 8125 8125 8125 1
20200824 1022 8120 8120 8120 8120 1
20200824 1026 8110 8110 8110 8110 1
20200824 1027 8105 8105 8105 8105 1
20200824 1031 8095 8095 8095 8095 1
20200824 1039 8105 8105 8105 8105 800
20200824 1048 8105 8105 8105 8105 10
20200824 1051 8120 8120 8120 8120 1
20200824 1055 8140 8140 8140 8140 10
20200824 1056 8140 8140 8140 8140 10
20200824 1057 8135 8135 8135 8135 10
20200824 1058 8130 8130 8130 8130 10
20200824 1104 8125 8125 8125 8125 10
20200824 1114 8120 8120 8120 8120 10
20200824 1115 8115 8115 8115 8115 10
20200824 1121 8110 8120 8110 8120 12
20200824 1122 8105 8105 8105 8105 10
20200824 1125 8100 8100 8100 8100 368
20200824 1131 8100 8100 8100 8100 1
20200824 1147 8115 8115 8115 8115 20
20200824 1148 8110 8110 8110 8110 10
20200824 1210 8105 8105 8105 8105 10
20200824 1222 8100 8100 8095 8095 20
20200824 1237 8090 8090 8080 8080 2000
20200824 1247 8105 8105 8105 8105 10
20200824 1248 8100 8100 8100 8100 10
20200824 1254 8095 8095 8095 8095 10
20200824 1300 8105 8105 8105 8105 23
20200824 1313 8105 8105 8100 8100 10
20200824 1323 8100 8100 8100 8100 10
20200824 1337 8130 8165 8115 8115 304
20200824 1352 8115 8115 8115 8115 10
20200824 1359 8130 8130 8130 8130 1
20200824 1401 8130 8130 8130 8130 2
20200824 1444 8140 8140 8135 8135 20
20200824 1446 8130 8130 8130 8130 10
20200824 1455 8130 8130 8130 8130 358
20200824 1458 8125 8125 8125 8125 10
20200824 1501 8120 8120 8115 8115 30
20200824 1504 8120 8120 8120 8120 10
20200824 1506 8115 8115 8115 8115 10
20200824 1510 8110 8110 8110 8110 10
20200824 1511 8105 8105 8105 8105 10
20200824 1530 8100 8100 8100 8100 10
20200825 902 8005 8005 8005 8005 200
20200825 907 8055 8055 8050 8050 20
20200825 909 8045 8045 8025 8025 50
20200825 910 8020 8020 8005 8005 50
20200825 913 8045 8045 8045 8045 1
20200825 921 8055 8055 8055 8055 10
20200825 925 8050 8050 8040 8040 30
20200825 931 8035 8035 8035 8035 10
20200825 949 8030 8030 8020 8020 55
20200825 951 8030 8030 8030 8030 1
20200825 953 8040 8040 8040 8040 10
20200825 954 8035 8035 8035 8035 10
20200825 955 8040 8040 8040 8040 20
20200825 956 8030 8030 8030 8030 10
20200825 958 8025 8025 8025 8025 10
20200825 1034 8020 8020 8020 8020 10
20200825 1101 8015 8015 8015 8015 15
20200825 1106 8010 8010 8010 8010 10
20200825 1109 8005 8015 8005 8015 11
20200825 1110 8000 8000 8000 8000 11
20200825 1117 7995 7995 7995 7995 20
20200825 1118 7990 7990 7975 7975 100
20200825 1127 7970 7970 7970 7970 15
20200825 1128 7970 7970 7970 7970 285
20200825 1145 7970 7970 7970 7970 150
20200825 1152 8005 8045 8005 8045 50
20200825 1153 7990 7990 7990 7990 1
20200825 1208 7995 7995 7995 7995 10
20200825 1218 8000 8000 8000 8000 1
20200825 1239 7990 7990 7990 7990 30
20200825 1242 7995 7995 7995 7995 10
20200825 1243 7990 7990 7990 7990 10
20200825 1316 7990 7990 7990 7990 50
20200825 1435 7985 7985 7985 7985 10
20200825 1504 7985 7985 7985 7985 5
20200825 1513 7980 7980 7980 7980 36
20200825 1516 7975 7975 7975 7975 15
20200825 1517 7975 7975 7975 7975 20
20200825 1530 7970 7970 7970 7970 3
20200826 904 7975 7975 7975 7975 10
20200826 907 7980 7980 7980 7980 1
20200826 913 7965 7965 7965 7965 1
20200826 921 7965 7965 7965 7965 1
20200826 925 7980 8050 7980 8000 6
20200826 937 8020 8020 8020 8020 1
20200826 945 8030 8080 8030 8035 203
20200826 946 8020 8020 8020 8020 1
20200826 1016 8020 8020 8020 8020 20
20200826 1018 8025 8025 8025 8025 200
20200826 1019 8035 8035 8035 8035 1
20200826 1024 8055 8055 8055 8055 1
20200826 1036 8050 8050 8050 8050 1
20200826 1041 8040 8040 8040 8040 2
20200826 1059 8040 8040 8040 8040 1
20200826 1118 8025 8025 8025 8025 102
20200826 1125 8015 8015 8015 8015 1
20200826 1126 8020 8020 8020 8020 1
20200826 1135 8020 8020 8020 8020 200
20200826 1312 7995 8000 7995 8000 12
20200826 1315 7985 7985 7985 7985 2
20200826 1400 8000 8000 8000 8000 1
20200826 1407 7975 7975 7975 7975 1
20200826 1426 7965 7965 7965 7965 1
20200826 1431 7955 7955 7955 7955 1
20200826 1432 7950 7950 7950 7950 1
20200826 1436 7965 7965 7965 7965 1
20200826 1447 7970 7970 7970 7970 1
20200826 1509 7985 7985 7985 7985 1
20200827 901 7980 7980 7975 7975 20
20200827 902 7970 7970 7965 7965 20
20200827 907 8005 8005 8005 8005 1
20200827 913 7980 7980 7980 7980 1
20200827 914 7975 7975 7975 7975 1
20200827 928 7995 7995 7995 7995 1
20200827 930 7985 7985 7985 7985 10
20200827 931 7980 7980 7965 7965 190
20200827 951 7980 7980 7980 7980 1
20200827 953 7975 7975 7975 7975 1
20200827 1014 7975 7975 7975 7975 5
20200827 1015 7990 7990 7990 7990 1
20200827 1044 8010 8010 8010 8010 4
20200827 1104 8050 8060 8050 8060 3
20200827 1133 8050 8075 8050 8075 4341
20200827 1141 8030 8030 8030 8030 1
20200827 1143 8030 8030 8030 8030 10
20200827 1145 8030 8030 8030 8030 10
20200827 1149 8020 8025 8020 8025 3
20200827 1221 8010 8010 8010 8010 3
20200827 1222 7995 7995 7980 7980 137
20200827 1346 8015 8015 8015 8015 1
20200827 1419 8030 8070 8030 8070 50
20200827 1432 8010 8010 8010 8010 1
20200827 1504 8025 8025 8025 8025 1
20200828 901 8000 8000 7995 7995 20
20200828 913 8015 8015 8015 8015 1
20200828 934 8040 8040 8040 8040 1
20200828 936 8015 8015 8015 8015 1
20200828 939 8000 8000 8000 8000 10
20200828 1004 7995 7995 7995 7995 10
20200828 1046 7995 7995 7995 7995 3
20200828 1054 7990 7990 7990 7990 11
20200828 1055 7985 7985 7985 7985 10
20200828 1056 7980 7995 7980 7995 11
20200828 1105 7975 7975 7975 7975 10
20200828 1114 7970 7970 7970 7970 10
20200828 1116 7965 7965 7965 7965 10
20200828 1124 7970 7970 7970 7970 10
20200828 1125 7965 7965 7965 7965 1
20200828 1138 7965 7965 7965 7965 9
20200828 1153 7960 7960 7960 7960 10
20200828 1157 7955 7955 7955 7955 10
20200828 1159 7950 7950 7945 7945 20
20200828 1206 7940 7940 7940 7940 10
20200828 1216 7935 7935 7935 7935 10
20200828 1217 7930 7930 7930 7930 10
20200828 1226 7955 7955 7955 7955 1
20200828 1230 7925 7925 7925 7925 60
20200828 1242 7965 8005 7965 8005 130
20200828 1243 7965 7965 7960 7960 20
20200828 1246 7970 7970 7970 7970 1
20200828 1247 7990 7990 7965 7965 2
20200828 1248 7970 7970 7970 7970 1
20200828 1249 7960 7960 7960 7960 1
20200828 1252 7955 7955 7955 7955 10
20200828 1301 7980 7980 7980 7980 1
20200828 1340 7995 7995 7995 7995 1
20200828 1341 8010 8010 8010 8010 1
20200828 1354 8000 8000 8000 8000 1
20200828 1410 8015 8015 8015 8015 1
20200828 1411 8020 8025 8020 8025 5
20200828 1418 8025 8025 8025 8025 20
20200828 1419 8020 8020 8020 8020 1
20200828 1423 8010 8010 8010 8010 1
20200828 1424 8010 8010 8010 8010 1
20200831 914 7920 7920 7920 7920 40
20200831 918 7945 7950 7945 7945 30
20200831 929 7940 7940 7940 7940 10
20200831 931 7935 7935 7930 7930 100
20200831 934 7940 7940 7940 7940 40
20200831 943 7940 7940 7940 7940 50
20200831 949 7965 7965 7965 7965 10
20200831 954 7985 7985 7985 7985 2
20200831 1145 7990 7990 7990 7990 9
20200831 1216 8010 8010 8010 8010 350
20200831 1316 8075 8075 8075 8075 12
20200831 1353 8120 8120 8120 8120 21
20200831 1414 8090 8090 8090 8090 1240
20200831 1415 8090 8090 8085 8085 1000
20200831 1416 8090 8090 8090 8090 620
20200831 1418 8095 8100 8095 8100 1481
20200831 1428 8085 8085 8085 8085 3
20200831 1449 8075 8075 8075 8075 1
20200831 1450 8075 8075 8075 8075 100
20200831 1520 8090 8090 8090 8090 130
