날짜 시간 시가 고가 저가 종가 거래량
20200504 901 6945 6960 6935 6950 1181478
20200504 902 6955 6955 6945 6950 523749
20200504 903 6950 6970 6950 6965 656451
20200504 904 6965 6985 6965 6985 611752
20200504 905 6985 7000 6980 6990 682334
20200504 906 6985 6990 6980 6980 361392
20200504 907 6985 6995 6980 6985 237879
20200504 908 6985 6995 6980 6990 387645
20200504 909 6995 7005 6990 6995 630186
20200504 910 6995 7005 6995 6995 305607
20200504 911 6995 7005 6995 7000 464858
20200504 912 7000 7000 6980 6990 223317
20200504 913 6985 6995 6985 6990 164467
20200504 914 6990 6995 6985 6985 122022
20200504 915 6985 6995 6985 6990 224906
20200504 916 6990 6995 6985 6990 157319
20200504 917 6990 6995 6985 6985 73299
20200504 918 6985 6990 6980 6985 185587
20200504 919 6985 6990 6980 6985 94913
20200504 920 6985 6990 6980 6980 129840
20200504 921 6985 6985 6980 6980 38499
20200504 922 6980 6985 6975 6975 194848
20200504 923 6970 6980 6970 6975 100265
20200504 924 6975 6985 6975 6980 124152
20200504 925 6980 6985 6975 6975 120054
20200504 926 6975 6980 6970 6970 60047
20200504 927 6975 6975 6965 6970 110497
20200504 928 6970 6975 6970 6975 198496
20200504 929 6975 6980 6975 6975 24209
20200504 930 6975 6985 6975 6980 340874
20200504 931 6980 6985 6975 6975 225308
20200504 932 6975 6975 6970 6970 7979
20200504 933 6975 6975 6970 6970 30596
20200504 934 6970 6980 6970 6975 82687
20200504 935 6975 6985 6975 6985 338170
20200504 936 6985 6990 6980 6985 166476
20200504 937 6985 6990 6985 6985 171593
20200504 938 6985 6990 6980 6990 20317
20200504 939 6985 6995 6985 6990 166220
20200504 940 6990 6990 6985 6990 90178
20200504 941 6990 6995 6985 6990 28880
20200504 942 6990 6990 6980 6990 47439
20200504 943 6985 6995 6985 6985 65108
20200504 944 6990 6990 6985 6985 34058
20200504 945 6980 6990 6980 6985 12472
20200504 946 6985 6990 6985 6985 139829
20200504 947 6990 6995 6985 6995 16667
20200504 948 6990 7005 6990 7000 434646
20200504 949 7005 7010 7000 7005 227571
20200504 950 7000 7005 6990 6990 154802
20200504 951 6995 7000 6990 7000 35861
20200504 952 7000 7000 6995 7000 9259
20200504 953 7000 7000 6995 7000 273873
20200504 954 7000 7005 7000 7005 41769
20200504 955 7005 7005 7000 7005 289866
20200504 956 7005 7010 7005 7005 71757
20200504 957 7005 7005 6995 7000 91350
20200504 958 7000 7005 6995 7000 52942
20200504 959 7000 7000 6995 7000 5077
20200504 1000 7000 7000 6990 6995 88892
20200504 1001 6995 6995 6985 6985 57691
20200504 1002 6990 6995 6985 6990 49276
20200504 1003 6985 6990 6980 6985 85940
20200504 1004 6980 6990 6980 6985 44859
20200504 1005 6985 6985 6980 6980 16061
20200504 1006 6980 6985 6975 6980 134256
20200504 1007 6975 6975 6970 6975 63972
20200504 1008 6975 6980 6970 6975 56748
20200504 1009 6975 6975 6970 6970 73212
20200504 1010 6970 6975 6970 6975 267523
20200504 1011 6975 6980 6975 6975 169570
20200504 1012 6975 6980 6970 6975 414765
20200504 1013 6975 6980 6970 6975 27294
20200504 1014 6975 6980 6975 6980 51719
20200504 1015 6980 6980 6970 6975 42371
20200504 1016 6975 6980 6965 6970 70354
20200504 1017 6970 6970 6965 6965 16251
20200504 1018 6965 6970 6960 6960 203617
20200504 1019 6960 6965 6955 6965 175612
20200504 1020 6965 6965 6945 6950 157394
20200504 1021 6950 6955 6945 6950 163290
20200504 1022 6950 6955 6940 6950 141717
20200504 1023 6950 6965 6945 6960 120752
20200504 1024 6965 6965 6955 6960 81615
20200504 1025 6960 6965 6960 6960 254202
20200504 1026 6965 6965 6955 6955 65595
20200504 1027 6955 6960 6950 6955 233608
20200504 1028 6960 6960 6955 6960 20164
20200504 1029 6960 6960 6955 6955 22262
20200504 1030 6955 6955 6950 6950 9376
20200504 1031 6950 6960 6945 6955 71904
20200504 1032 6955 6960 6955 6955 59680
20200504 1033 6955 6955 6945 6950 79138
20200504 1034 6950 6950 6940 6950 166316
20200504 1035 6945 6955 6945 6950 29357
20200504 1036 6950 6960 6950 6955 90323
20200504 1037 6955 6955 6945 6950 76647
20200504 1038 6950 6950 6940 6950 281291
20200504 1039 6945 6950 6945 6950 42894
20200504 1040 6950 6955 6950 6950 47769
20200504 1041 6945 6950 6945 6950 80245
20200504 1042 6945 6950 6945 6945 191341
20200504 1043 6950 6955 6945 6955 118351
20200504 1044 6955 6965 6955 6965 371560
20200504 1045 6965 6965 6960 6965 39475
20200504 1046 6965 6970 6960 6970 443218
20200504 1047 6965 6965 6960 6965 166745
20200504 1048 6960 6970 6960 6970 68704
20200504 1049 6970 6970 6960 6965 22972
20200504 1050 6965 6970 6965 6965 42644
20200504 1051 6965 6965 6960 6965 6079
20200504 1052 6960 6960 6960 6960 96235
20200504 1053 6960 6965 6955 6960 85733
20200504 1054 6960 6960 6950 6955 309413
20200504 1055 6950 6950 6945 6945 189902
20200504 1056 6945 6945 6940 6945 195177
20200504 1057 6945 6950 6940 6950 152410
20200504 1058 6950 6950 6945 6945 17547
20200504 1059 6950 6950 6935 6935 234760
20200504 1100 6935 6945 6935 6940 101760
20200504 1101 6940 6950 6940 6945 347206
20200504 1102 6945 6950 6940 6945 150688
20200504 1103 6945 6945 6940 6945 14110
20200504 1104 6945 6945 6935 6935 44281
20200504 1105 6935 6945 6935 6940 32905
20200504 1106 6940 6940 6935 6940 30177
20200504 1107 6940 6950 6940 6945 32091
20200504 1108 6950 6950 6945 6945 17968
20200504 1109 6945 6950 6945 6950 4727
20200504 1110 6950 6950 6945 6950 41260
20200504 1111 6950 6960 6945 6960 164255
20200504 1112 6960 6965 6955 6960 78391
20200504 1113 6960 6965 6955 6960 66412
20200504 1114 6960 6960 6955 6955 5550
20200504 1115 6955 6960 6955 6955 8862
20200504 1116 6955 6965 6955 6955 94759
20200504 1117 6960 6965 6955 6960 36244
20200504 1118 6960 6960 6955 6955 53005
20200504 1119 6950 6960 6950 6955 72008
20200504 1120 6955 6960 6955 6960 62651
20200504 1121 6960 6960 6950 6955 37380
20200504 1122 6955 6960 6955 6960 1276
20200504 1123 6955 6960 6955 6960 156628
20200504 1124 6960 6960 6955 6960 33157
20200504 1125 6955 6965 6955 6960 68252
20200504 1126 6960 6965 6960 6965 199152
20200504 1127 6965 6965 6955 6960 22502
20200504 1128 6960 6965 6960 6965 5584
20200504 1129 6965 6965 6960 6965 20931
20200504 1130 6965 6970 6960 6965 55942
20200504 1131 6965 6970 6965 6965 26655
20200504 1132 6965 6965 6960 6965 62230
20200504 1133 6965 6970 6960 6965 27539
20200504 1134 6965 6965 6960 6960 1521
20200504 1135 6960 6965 6960 6965 37911
20200504 1136 6965 6965 6960 6965 2388
20200504 1137 6965 6965 6960 6965 2967
20200504 1138 6965 6970 6965 6970 18812
20200504 1139 6970 6970 6960 6965 4953
20200504 1140 6960 6960 6940 6945 1342836
20200504 1141 6945 6955 6945 6955 120998
20200504 1142 6955 6955 6950 6950 48848
20200504 1143 6945 6950 6945 6950 212613
20200504 1144 6955 6955 6950 6950 31106
20200504 1145 6950 6950 6950 6950 21436
20200504 1146 6950 6955 6950 6955 64449
20200504 1147 6955 6960 6955 6955 28697
20200504 1148 6960 6960 6955 6960 39139
20200504 1149 6960 6960 6955 6955 6415
20200504 1150 6955 6960 6955 6955 305
20200504 1151 6955 6960 6955 6955 5554
20200504 1152 6955 6960 6950 6960 84312
20200504 1153 6955 6960 6955 6960 482
20200504 1154 6955 6965 6955 6960 35022
20200504 1155 6960 6965 6960 6960 11509
20200504 1156 6960 6965 6955 6955 121127
20200504 1157 6955 6965 6955 6955 16937
20200504 1158 6955 6960 6955 6955 2023
20200504 1159 6960 6965 6960 6965 13948
20200504 1200 6965 6965 6960 6965 148973
20200504 1201 6960 6960 6950 6955 167388
20200504 1202 6955 6960 6955 6955 4059
20200504 1203 6960 6960 6955 6955 28836
20200504 1204 6950 6955 6950 6955 928
20200504 1205 6950 6955 6950 6950 36077
20200504 1206 6950 6955 6950 6950 34614
20200504 1207 6950 6950 6940 6945 152371
20200504 1208 6945 6945 6935 6945 226711
20200504 1209 6945 6950 6940 6945 210469
20200504 1210 6945 6950 6945 6950 18150
20200504 1211 6950 6950 6945 6945 5837
20200504 1212 6945 6955 6945 6955 40816
20200504 1213 6950 6955 6950 6955 1984
20200504 1214 6955 6955 6955 6955 22412
20200504 1215 6955 6955 6950 6950 404
20200504 1216 6950 6955 6950 6950 6364
20200504 1217 6950 6955 6950 6955 30534
20200504 1218 6950 6955 6950 6950 31730
20200504 1219 6950 6955 6950 6955 6450
20200504 1220 6955 6955 6950 6955 3242
20200504 1221 6950 6950 6945 6945 51956
20200504 1222 6945 6950 6945 6945 5284
20200504 1223 6945 6955 6945 6945 133840
20200504 1224 6950 6950 6945 6945 43349
20200504 1225 6945 6950 6940 6945 51445
20200504 1226 6945 6945 6940 6940 128678
20200504 1227 6940 6940 6935 6940 33848
20200504 1228 6940 6950 6940 6945 81307
20200504 1229 6945 6945 6940 6945 6999
20200504 1230 6945 6950 6945 6945 78044
20200504 1231 6950 6950 6945 6945 23782
20200504 1232 6945 6945 6940 6945 3388
20200504 1233 6940 6945 6940 6945 16041
20200504 1234 6950 6950 6940 6945 46253
20200504 1235 6945 6945 6940 6945 65221
20200504 1236 6945 6945 6945 6945 410
20200504 1237 6940 6945 6940 6940 9419
20200504 1238 6940 6940 6935 6940 23383
20200504 1239 6940 6940 6935 6940 9705
20200504 1240 6940 6940 6930 6930 193637
20200504 1241 6930 6935 6930 6930 87777
20200504 1242 6930 6935 6930 6930 65458
20200504 1243 6930 6935 6930 6935 14809
20200504 1244 6935 6935 6930 6935 55358
20200504 1245 6935 6940 6930 6935 29174
20200504 1246 6935 6935 6930 6930 8270
20200504 1247 6930 6935 6930 6935 7256
20200504 1248 6930 6935 6925 6930 77897
20200504 1249 6930 6930 6925 6930 68787
20200504 1250 6930 6935 6930 6930 31841
20200504 1251 6935 6940 6930 6940 71507
20200504 1252 6940 6940 6930 6935 60890
20200504 1253 6935 6935 6930 6935 14060
20200504 1254 6935 6940 6930 6935 157581
20200504 1255 6935 6935 6930 6935 16936
20200504 1256 6930 6935 6930 6930 244655
20200504 1257 6930 6935 6925 6930 72832
20200504 1258 6930 6935 6930 6935 9704
20200504 1259 6930 6940 6930 6940 16814
20200504 1300 6940 6940 6930 6935 7246
20200504 1301 6935 6940 6935 6935 873
20200504 1302 6935 6940 6935 6940 170731
20200504 1303 6940 6945 6935 6940 11149
20200504 1304 6940 6940 6935 6935 49986
20200504 1305 6935 6940 6935 6935 1329
20200504 1306 6935 6940 6925 6930 144970
20200504 1307 6930 6930 6925 6925 30798
20200504 1308 6930 6930 6920 6920 86177
20200504 1309 6920 6925 6920 6925 16082
20200504 1310 6925 6930 6920 6925 50061
20200504 1311 6925 6930 6920 6930 15072
20200504 1312 6930 6930 6925 6930 33583
20200504 1313 6930 6930 6925 6930 60671
20200504 1314 6930 6935 6925 6935 75397
20200504 1315 6930 6935 6930 6930 2351
20200504 1316 6935 6935 6930 6935 50014
20200504 1317 6935 6940 6930 6940 14394
20200504 1318 6935 6940 6935 6940 1906
20200504 1319 6935 6940 6935 6935 7207
20200504 1320 6935 6940 6935 6940 2804
20200504 1321 6940 6940 6935 6935 2647
20200504 1322 6935 6940 6935 6940 44495
20200504 1323 6940 6945 6940 6940 147443
20200504 1324 6940 6940 6935 6935 9093
20200504 1325 6935 6945 6935 6945 103042
20200504 1326 6945 6945 6940 6940 23523
20200504 1327 6940 6940 6935 6935 1658
20200504 1328 6940 6945 6940 6945 59450
20200504 1329 6945 6950 6940 6950 87617
20200504 1330 6950 6960 6950 6955 439808
20200504 1331 6955 6960 6950 6950 59287
20200504 1332 6950 6955 6950 6955 142913
20200504 1333 6960 6960 6950 6950 61220
20200504 1334 6955 6955 6950 6950 7269
20200504 1335 6955 6960 6955 6960 56684
20200504 1336 6960 6960 6950 6955 12190
20200504 1337 6955 6960 6955 6955 19116
20200504 1338 6955 6965 6955 6965 235793
20200504 1339 6960 6965 6960 6960 38066
20200504 1340 6960 6965 6955 6960 4877
20200504 1341 6960 6965 6960 6960 250564
20200504 1342 6960 6965 6960 6960 36868
20200504 1343 6960 6960 6955 6955 8018
20200504 1344 6960 6960 6955 6960 1231
20200504 1345 6960 6960 6955 6960 232198
20200504 1346 6960 6965 6955 6960 21597
20200504 1347 6960 6960 6955 6955 86232
20200504 1348 6955 6955 6950 6950 14748
20200504 1349 6950 6955 6950 6955 15180
20200504 1350 6955 6960 6950 6950 32709
20200504 1351 6955 6960 6955 6960 213887
20200504 1352 6960 6960 6955 6955 10779
20200504 1353 6960 6960 6955 6955 2164
20200504 1354 6960 6960 6955 6960 2144
20200504 1355 6960 6970 6960 6970 309479
20200504 1356 6965 6965 6960 6960 151256
20200504 1357 6965 6965 6960 6960 2697
20200504 1358 6960 6965 6955 6960 39006
20200504 1359 6960 6965 6960 6960 10323
20200504 1400 6960 6965 6960 6960 208480
20200504 1401 6965 6975 6960 6970 198781
20200504 1402 6965 6970 6960 6960 13755
20200504 1403 6960 6965 6960 6965 47686
20200504 1404 6965 6970 6965 6970 20693
20200504 1405 6970 6970 6960 6965 236856
20200504 1406 6965 6970 6960 6970 78196
20200504 1407 6970 6970 6965 6970 9720
20200504 1408 6970 6975 6970 6970 16658
20200504 1409 6975 6980 6970 6980 183855
20200504 1410 6980 6980 6970 6975 81130
20200504 1411 6975 6975 6970 6975 10407
20200504 1412 6970 6975 6965 6970 308710
20200504 1413 6970 6980 6970 6975 211816
20200504 1414 6975 6975 6965 6970 33408
20200504 1415 6970 6970 6965 6965 27405
20200504 1416 6965 6975 6965 6970 19469
20200504 1417 6970 6970 6965 6965 15536
20200504 1418 6965 6970 6965 6970 39250
20200504 1419 6970 6970 6965 6970 13889
20200504 1420 6970 6970 6965 6965 57668
20200504 1421 6965 6970 6965 6965 7575
20200504 1422 6965 6965 6965 6965 2028
20200504 1423 6970 6975 6960 6970 99717
20200504 1424 6970 6975 6970 6970 19775
20200504 1425 6975 6975 6970 6975 7949
20200504 1426 6975 6980 6970 6975 60547
20200504 1427 6975 6980 6975 6975 10071
20200504 1428 6975 6980 6975 6975 61446
20200504 1429 6975 6980 6970 6970 26460
20200504 1430 6970 6975 6970 6975 6261
20200504 1431 6975 6980 6970 6980 142892
20200504 1432 6980 6980 6975 6975 9279
20200504 1433 6975 6980 6975 6980 92085
20200504 1434 6980 6990 6975 6990 337936
20200504 1435 6985 6990 6985 6990 17047
20200504 1436 6990 6995 6985 6995 183099
20200504 1437 6990 6995 6985 6990 47356
20200504 1438 6985 6990 6985 6985 105758
20200504 1439 6985 6985 6980 6985 153202
20200504 1440 6985 6985 6980 6985 32816
20200504 1441 6985 6990 6980 6990 21099
20200504 1442 6990 6995 6990 6990 102782
20200504 1443 6990 6995 6990 6995 164814
20200504 1444 6995 6995 6990 6995 152340
20200504 1445 7000 7000 6995 6995 42634
20200504 1446 6995 6995 6990 6990 5848
20200504 1447 6990 7000 6990 6995 213891
20200504 1448 6995 7000 6990 6995 127657
20200504 1449 6990 6995 6990 6990 136228
20200504 1450 6995 6995 6985 6990 16943
20200504 1451 6990 6995 6985 6990 161240
20200504 1452 6995 7000 6990 6995 127706
20200504 1453 6995 7000 6995 7000 147019
20200504 1454 7000 7005 6995 7000 180070
20200504 1455 7000 7005 7000 7000 10288
20200504 1456 7000 7005 7000 7000 17079
20200504 1457 7000 7005 7000 7005 12142
20200504 1458 7005 7005 6995 7000 377807
20200504 1459 7000 7005 7000 7000 37648
20200504 1500 7000 7005 7000 7005 22231
20200504 1501 7005 7005 7000 7005 435033
20200504 1502 7005 7010 7000 7010 80555
20200504 1503 7005 7010 7005 7010 253768
20200504 1504 7010 7015 7005 7010 244692
20200504 1505 7010 7010 7005 7010 48625
20200504 1506 7010 7015 7005 7010 78477
20200504 1507 7010 7020 7005 7015 443390
20200504 1508 7015 7015 7010 7010 166832
20200504 1509 7010 7015 7005 7005 67060
20200504 1510 7010 7010 7000 7005 182003
20200504 1511 7010 7010 6990 7000 415474
20200504 1512 6995 7000 6995 7000 30356
20200504 1513 6995 7005 6995 7000 197632
20200504 1514 7000 7005 6990 6995 118770
20200504 1515 6995 7000 6995 7000 65770
20200504 1516 7000 7000 6995 7000 710799
20200504 1517 7000 7005 6995 7000 203818
20200504 1518 7000 7010 7000 7005 357286
20200504 1519 7005 7005 7000 7005 92068
20200504 1520 7005 7005 7000 7000 255133
20200504 1530 7010 7010 7010 7010 581073
20200506 901 6905 6920 6905 6920 767483
20200506 902 6915 6920 6910 6920 173141
20200506 903 6920 6920 6910 6915 128588
20200506 904 6910 6920 6905 6905 197933
20200506 905 6905 6920 6900 6920 252792
20200506 906 6920 6925 6920 6920 106481
20200506 907 6925 6930 6925 6930 93378
20200506 908 6930 6940 6930 6935 126622
20200506 909 6940 6940 6930 6935 158289
20200506 910 6930 6935 6930 6930 103424
20200506 911 6930 6945 6930 6940 155491
20200506 912 6945 6945 6930 6935 100809
20200506 913 6930 6935 6925 6930 145004
20200506 914 6935 6935 6920 6925 81786
20200506 915 6930 6930 6925 6925 43930
20200506 916 6925 6935 6925 6935 86170
20200506 917 6930 6935 6925 6925 49432
20200506 918 6930 6935 6930 6935 31680
20200506 919 6935 6940 6930 6935 40031
20200506 920 6935 6945 6930 6940 170590
20200506 921 6940 6950 6940 6950 137036
20200506 922 6950 6955 6950 6955 456072
20200506 923 6950 6960 6950 6955 60659
20200506 924 6960 6960 6950 6950 229631
20200506 925 6950 6955 6950 6955 256884
20200506 926 6960 6960 6955 6955 44298
20200506 927 6955 6955 6950 6950 95351
20200506 928 6950 6955 6945 6950 546963
20200506 929 6950 6950 6945 6945 33474
20200506 930 6945 6950 6945 6950 25423
20200506 931 6945 6960 6945 6950 76661
20200506 932 6955 6955 6940 6940 56239
20200506 933 6940 6945 6935 6940 171006
20200506 934 6940 6945 6940 6940 78520
20200506 935 6940 6945 6935 6940 63762
20200506 936 6935 6945 6935 6935 42774
20200506 937 6935 6940 6935 6935 6366
20200506 938 6940 6940 6935 6935 86836
20200506 939 6930 6935 6930 6930 113320
20200506 940 6930 6930 6925 6930 30894
20200506 941 6935 6940 6930 6940 93793
20200506 942 6940 6940 6935 6935 1469
20200506 943 6935 6945 6935 6945 79307
20200506 944 6940 6945 6940 6940 112176
20200506 945 6945 6945 6935 6940 96280
20200506 946 6940 6945 6940 6940 50302
20200506 947 6940 6940 6930 6940 166618
20200506 948 6940 6940 6930 6935 37980
20200506 949 6935 6940 6935 6940 9256
20200506 950 6940 6945 6935 6940 7759
20200506 951 6940 6950 6940 6950 22973
20200506 952 6950 6960 6945 6960 339010
20200506 953 6960 6965 6955 6965 120358
20200506 954 6960 6965 6960 6960 22221
20200506 955 6965 6970 6960 6970 115278
20200506 956 6970 6970 6965 6970 230045
20200506 957 6970 6970 6960 6965 96233
20200506 958 6965 6970 6960 6970 45818
20200506 959 6965 6975 6965 6970 57937
20200506 1000 6970 6975 6965 6975 81897
20200506 1001 6975 6975 6965 6965 40643
20200506 1002 6965 6965 6965 6965 174788
20200506 1003 6965 6975 6965 6970 160238
20200506 1004 6975 6985 6975 6985 72888
20200506 1005 6985 6985 6980 6985 80821
20200506 1006 6985 6990 6980 6985 162148
20200506 1007 6985 6990 6980 6990 23214
20200506 1008 6990 6990 6980 6980 107308
20200506 1009 6980 6980 6975 6975 36295
20200506 1010 6975 6985 6975 6985 24102
20200506 1011 6985 6985 6975 6980 38475
20200506 1012 6975 6980 6975 6975 58427
20200506 1013 6975 6985 6975 6980 113919
20200506 1014 6980 6980 6975 6980 272753
20200506 1015 6980 6985 6980 6980 53523
20200506 1016 6985 6985 6970 6970 254584
20200506 1017 6970 6975 6965 6975 81961
20200506 1018 6975 6980 6970 6975 25874
20200506 1019 6980 6980 6975 6980 24475
20200506 1020 6980 6980 6975 6975 37392
20200506 1021 6975 6975 6965 6970 71776
20200506 1022 6970 6970 6965 6970 16410
20200506 1023 6965 6965 6965 6965 47988
20200506 1024 6960 6965 6960 6965 89854
20200506 1025 6960 6965 6960 6965 69467
20200506 1026 6965 6970 6960 6965 31867
20200506 1027 6965 6965 6960 6965 24932
20200506 1028 6960 6970 6960 6965 33914
20200506 1029 6965 6970 6965 6970 55746
20200506 1030 6970 6970 6965 6965 46037
20200506 1031 6965 6965 6960 6965 109079
20200506 1032 6960 6960 6945 6945 167122
20200506 1033 6945 6950 6945 6950 185179
20200506 1034 6950 6950 6945 6950 66157
20200506 1035 6950 6950 6940 6940 98795
20200506 1036 6940 6945 6940 6945 11443
20200506 1037 6945 6945 6945 6945 23005
20200506 1038 6945 6950 6940 6945 73814
20200506 1039 6945 6945 6945 6945 9170
20200506 1040 6945 6945 6940 6940 158077
20200506 1041 6940 6940 6930 6930 464012
20200506 1042 6935 6935 6925 6930 262741
20200506 1043 6930 6940 6930 6935 118486
20200506 1044 6935 6945 6935 6945 101192
20200506 1045 6945 6945 6935 6945 103147
20200506 1046 6945 6945 6940 6945 42497
20200506 1047 6945 6945 6935 6945 89863
20200506 1048 6945 6945 6940 6945 48443
20200506 1049 6945 6950 6940 6940 13812
20200506 1050 6945 6950 6945 6950 23690
20200506 1051 6950 6950 6940 6950 91399
20200506 1052 6950 6955 6945 6955 50580
20200506 1053 6955 6955 6950 6950 17868
20200506 1054 6950 6950 6945 6945 16719
20200506 1055 6945 6945 6940 6940 41117
20200506 1056 6940 6945 6935 6940 79123
20200506 1058 6940 6945 6940 6940 6816
20200506 1059 6945 6945 6940 6945 58669
20200506 1100 6945 6950 6940 6945 40648
20200506 1101 6945 6950 6940 6950 60341
20200506 1102 6955 6960 6950 6955 42238
20200506 1103 6955 6960 6955 6960 63019
20200506 1104 6960 6960 6955 6955 55424
20200506 1105 6955 6960 6955 6960 17191
20200506 1106 6955 6960 6955 6960 81034
20200506 1107 6960 6965 6960 6960 18819
20200506 1108 6960 6960 6955 6960 195524
20200506 1109 6960 6960 6960 6960 56404
20200506 1110 6960 6965 6960 6960 1843
20200506 1111 6955 6960 6955 6960 52503
20200506 1112 6960 6960 6955 6960 30580
20200506 1113 6960 6965 6955 6960 91300
20200506 1114 6960 6960 6955 6960 18184
20200506 1115 6960 6965 6955 6965 52403
20200506 1116 6960 6970 6960 6965 210399
20200506 1117 6965 6970 6960 6965 41215
20200506 1118 6965 6965 6965 6965 17459
20200506 1119 6965 6965 6960 6960 10987
20200506 1120 6965 6965 6960 6960 26306
20200506 1121 6960 6960 6955 6960 2887
20200506 1122 6960 6960 6955 6955 20951
20200506 1123 6960 6960 6955 6955 33968
20200506 1124 6955 6955 6950 6955 4703
20200506 1125 6950 6960 6950 6955 28208
20200506 1126 6955 6955 6950 6950 6866
20200506 1127 6950 6955 6950 6950 21584
20200506 1128 6950 6955 6950 6950 36189
20200506 1129 6950 6955 6950 6955 1273
20200506 1130 6950 6955 6950 6950 11455
20200506 1131 6950 6955 6950 6950 6631
20200506 1132 6950 6955 6950 6955 14609
20200506 1133 6955 6955 6950 6950 40729
20200506 1134 6950 6955 6945 6945 58381
20200506 1135 6945 6950 6945 6950 51048
20200506 1136 6950 6950 6950 6950 36760
20200506 1137 6955 6955 6950 6955 1051
20200506 1138 6955 6960 6950 6955 11883
20200506 1139 6955 6960 6955 6955 4080
20200506 1140 6960 6960 6955 6960 8507
20200506 1141 6955 6960 6955 6960 1367
20200506 1142 6960 6960 6955 6955 4091
20200506 1143 6960 6960 6955 6960 83002
20200506 1144 6955 6965 6955 6965 9196
20200506 1145 6960 6960 6960 6960 1025
20200506 1146 6960 6960 6955 6955 11252
20200506 1147 6960 6960 6955 6955 47094
20200506 1148 6955 6960 6955 6955 4174
20200506 1149 6960 6965 6960 6965 87637
20200506 1150 6965 6965 6960 6965 6662
20200506 1151 6965 6965 6960 6960 16133
20200506 1152 6960 6960 6955 6955 5209
20200506 1153 6955 6965 6955 6960 5542
20200506 1154 6960 6960 6955 6960 4642
20200506 1155 6955 6955 6950 6950 24227
20200506 1156 6950 6955 6950 6955 1627
20200506 1157 6955 6955 6945 6950 85385
20200506 1158 6950 6950 6945 6945 4155
20200506 1159 6950 6950 6945 6945 448
20200506 1200 6945 6950 6945 6945 5414
20200506 1201 6950 6950 6945 6945 128388
20200506 1202 6945 6950 6945 6950 38080
20200506 1203 6950 6950 6945 6945 10253
20200506 1204 6945 6945 6940 6945 10374
20200506 1205 6945 6950 6945 6945 81939
20200506 1206 6945 6945 6940 6940 6055
20200506 1207 6945 6945 6940 6940 7342
20200506 1208 6940 6945 6940 6940 24863
20200506 1209 6945 6945 6940 6940 7688
20200506 1210 6940 6945 6940 6945 3853
20200506 1211 6940 6940 6935 6940 78829
20200506 1212 6940 6940 6935 6940 41157
20200506 1213 6940 6940 6935 6940 23711
20200506 1214 6935 6940 6935 6935 52265
20200506 1215 6935 6940 6935 6935 115397
20200506 1216 6935 6940 6930 6935 452510
20200506 1217 6935 6935 6930 6930 47642
20200506 1218 6930 6940 6930 6935 54561
20200506 1219 6935 6940 6935 6935 304481
20200506 1220 6935 6935 6930 6935 30214
20200506 1221 6940 6940 6935 6940 36498
20200506 1222 6935 6940 6935 6940 47026
20200506 1223 6940 6940 6935 6940 7384
20200506 1224 6935 6940 6935 6940 9504
20200506 1225 6940 6940 6935 6935 1595
20200506 1226 6935 6940 6935 6940 26483
20200506 1227 6940 6940 6935 6935 6820
20200506 1228 6935 6940 6930 6940 114708
20200506 1229 6940 6940 6935 6940 11500
20200506 1230 6935 6935 6930 6935 37246
20200506 1231 6935 6935 6930 6935 10005
20200506 1232 6935 6935 6930 6935 44791
20200506 1233 6935 6940 6935 6935 4876
20200506 1234 6935 6940 6935 6935 93123
20200506 1235 6935 6935 6930 6935 29523
20200506 1236 6935 6935 6930 6935 17988
20200506 1237 6935 6940 6930 6935 22524
20200506 1238 6940 6940 6935 6940 33534
20200506 1239 6940 6940 6930 6935 17336
20200506 1240 6935 6940 6930 6940 21902
20200506 1241 6940 6940 6935 6940 1645
20200506 1242 6940 6940 6935 6940 2598
20200506 1243 6935 6940 6935 6935 1779
20200506 1244 6940 6940 6935 6940 6842
20200506 1245 6935 6940 6935 6940 7476
20200506 1246 6935 6940 6935 6940 2370
20200506 1247 6940 6940 6935 6940 10202
20200506 1248 6940 6945 6940 6940 67899
20200506 1249 6940 6945 6935 6940 36238
20200506 1250 6940 6945 6940 6940 5544
20200506 1251 6945 6950 6945 6945 330923
20200506 1252 6945 6945 6940 6940 57778
20200506 1253 6945 6945 6940 6940 33720
20200506 1254 6940 6945 6940 6940 27987
20200506 1255 6940 6940 6935 6940 19779
20200506 1256 6940 6940 6935 6940 15114
20200506 1257 6940 6940 6935 6940 15555
20200506 1258 6940 6940 6935 6935 20345
20200506 1259 6940 6940 6935 6940 1028
20200506 1300 6940 6940 6935 6940 495
20200506 1301 6940 6940 6935 6940 47096
20200506 1302 6935 6940 6935 6940 13549
20200506 1303 6940 6945 6940 6940 147
20200506 1304 6945 6945 6940 6940 1579
20200506 1305 6945 6945 6940 6945 2079
20200506 1306 6940 6950 6940 6950 53094
20200506 1307 6950 6950 6945 6945 121750
20200506 1308 6950 6950 6940 6945 34184
20200506 1309 6945 6950 6940 6945 6147
20200506 1310 6945 6950 6945 6950 1752
20200506 1311 6945 6950 6940 6945 16147
20200506 1312 6945 6945 6940 6945 1483
20200506 1313 6945 6945 6935 6935 100459
20200506 1314 6940 6945 6940 6945 47956
20200506 1315 6945 6945 6935 6940 6694
20200506 1316 6940 6940 6935 6940 18660
20200506 1317 6940 6940 6935 6940 77629
20200506 1318 6940 6940 6935 6940 1085
20200506 1319 6940 6940 6930 6930 371803
20200506 1320 6930 6935 6930 6930 10581
20200506 1321 6935 6935 6925 6930 60691
20200506 1322 6930 6930 6925 6930 16115
20200506 1323 6930 6930 6925 6925 112504
20200506 1324 6925 6930 6920 6925 107426
20200506 1325 6925 6925 6910 6915 306992
20200506 1326 6915 6920 6915 6920 13289
20200506 1327 6920 6920 6915 6915 356887
20200506 1328 6915 6920 6910 6920 86571
20200506 1329 6915 6920 6910 6915 101101
20200506 1330 6915 6920 6915 6915 42453
20200506 1331 6920 6925 6915 6920 33775
20200506 1332 6920 6920 6915 6920 49349
20200506 1333 6925 6925 6920 6925 84589
20200506 1334 6925 6925 6915 6915 35323
20200506 1335 6915 6925 6915 6925 11738
20200506 1336 6925 6925 6920 6920 45034
20200506 1337 6920 6920 6915 6915 12831
20200506 1338 6920 6920 6915 6920 4035
20200506 1339 6915 6930 6915 6925 56580
20200506 1340 6925 6930 6925 6925 66513
20200506 1341 6925 6925 6920 6925 5432
20200506 1342 6925 6925 6915 6920 31180
20200506 1343 6920 6925 6920 6925 22110
20200506 1344 6925 6925 6915 6920 16470
20200506 1345 6920 6925 6915 6920 18458
20200506 1346 6920 6925 6915 6915 14519
20200506 1347 6915 6920 6915 6915 92916
20200506 1348 6915 6920 6915 6915 61457
20200506 1349 6915 6920 6915 6915 31763
20200506 1350 6915 6920 6915 6915 50848
20200506 1351 6915 6915 6915 6915 91740
20200506 1352 6915 6920 6915 6915 4355
20200506 1353 6920 6920 6915 6920 63622
20200506 1354 6920 6920 6915 6915 26237
20200506 1355 6920 6920 6915 6920 25071
20200506 1356 6920 6920 6915 6915 21253
20200506 1357 6920 6925 6915 6925 35209
20200506 1358 6925 6925 6915 6915 9826
20200506 1359 6920 6920 6915 6920 13394
20200506 1400 6920 6920 6915 6920 12933
20200506 1401 6920 6920 6915 6920 17357
20200506 1402 6915 6920 6910 6915 296354
20200506 1403 6915 6915 6910 6915 44001
20200506 1404 6915 6915 6910 6915 26908
20200506 1405 6915 6915 6910 6910 7865
20200506 1406 6915 6915 6910 6910 52689
20200506 1407 6910 6915 6910 6915 12659
20200506 1408 6915 6915 6900 6905 306611
20200506 1409 6905 6905 6900 6905 22679
20200506 1410 6900 6905 6895 6905 419094
20200506 1411 6905 6905 6895 6900 466584
20200506 1412 6900 6905 6895 6900 78683
20200506 1413 6900 6905 6895 6895 192234
20200506 1414 6900 6905 6895 6900 62743
20200506 1415 6900 6900 6895 6900 26120
20200506 1416 6905 6905 6895 6900 32046
20200506 1417 6900 6900 6890 6890 73897
20200506 1418 6895 6895 6885 6890 336371
20200506 1419 6890 6895 6885 6895 155879
20200506 1420 6895 6900 6890 6895 83838
20200506 1421 6895 6900 6890 6900 164306
20200506 1422 6895 6900 6890 6895 41147
20200506 1423 6895 6900 6890 6900 68230
20200506 1424 6900 6900 6895 6900 7428
20200506 1425 6900 6900 6890 6890 75767
20200506 1426 6895 6900 6890 6900 21067
20200506 1427 6900 6900 6890 6895 69025
20200506 1428 6900 6900 6890 6895 19548
20200506 1429 6895 6900 6890 6895 101203
20200506 1430 6895 6895 6890 6895 3375
20200506 1431 6890 6895 6885 6885 263509
20200506 1432 6885 6890 6885 6890 9256
20200506 1433 6890 6895 6885 6895 31160
20200506 1434 6895 6895 6890 6890 9605
20200506 1435 6890 6900 6890 6900 113868
20200506 1436 6895 6900 6890 6895 24952
20200506 1437 6895 6895 6890 6890 2947
20200506 1438 6895 6900 6890 6900 32796
20200506 1439 6900 6900 6890 6895 30829
20200506 1440 6895 6900 6890 6895 37578
20200506 1441 6900 6905 6895 6900 196115
20200506 1442 6900 6905 6895 6905 125339
20200506 1443 6900 6905 6900 6900 48262
20200506 1444 6900 6900 6895 6900 65671
20200506 1445 6900 6900 6895 6900 13283
20200506 1446 6900 6900 6895 6895 11912
20200506 1447 6895 6895 6890 6895 167559
20200506 1448 6895 6895 6890 6895 16726
20200506 1449 6890 6895 6890 6895 4609
20200506 1450 6895 6895 6890 6895 6502
20200506 1451 6895 6905 6890 6900 200093
20200506 1452 6900 6905 6900 6905 273683
20200506 1453 6905 6905 6900 6900 16168
20200506 1454 6900 6905 6895 6900 61408
20200506 1455 6900 6900 6895 6900 4927
20200506 1456 6900 6900 6895 6900 21590
20200506 1457 6900 6905 6895 6900 94129
20200506 1458 6900 6900 6900 6900 77504
20200506 1459 6900 6905 6895 6900 7022
20200506 1500 6900 6900 6895 6900 18248
20200506 1501 6895 6895 6885 6885 182206
20200506 1502 6885 6890 6880 6885 114644
20200506 1503 6890 6895 6885 6890 44375
20200506 1504 6895 6900 6890 6895 34405
20200506 1505 6895 6900 6890 6895 20274
20200506 1506 6890 6895 6890 6890 173234
20200506 1507 6890 6900 6890 6900 42829
20200506 1508 6895 6895 6895 6895 19223
20200506 1509 6895 6900 6895 6900 7150
20200506 1510 6900 6905 6895 6900 56736
20200506 1511 6895 6900 6895 6900 31463
20200506 1512 6900 6905 6895 6895 16438
20200506 1513 6900 6900 6895 6900 42589
20200506 1514 6900 6900 6895 6900 15742
20200506 1515 6900 6900 6895 6895 9223
20200506 1516 6895 6900 6895 6895 14713
20200506 1517 6895 6900 6890 6895 183541
20200506 1518 6895 6900 6890 6895 129899
20200506 1519 6895 6900 6890 6895 14269
20200506 1520 6895 6895 6890 6890 141184
20200506 1530 6875 6875 6875 6875 708920
20200507 901 6910 6910 6905 6910 554034
20200507 902 6910 6915 6900 6905 441201
20200507 903 6905 6920 6905 6915 260300
20200507 904 6915 6915 6910 6910 190389
20200507 905 6910 6920 6905 6910 383642
20200507 906 6910 6915 6905 6910 137191
20200507 907 6910 6915 6905 6915 49760
20200507 908 6910 6920 6910 6915 316259
20200507 909 6915 6920 6910 6915 207472
20200507 910 6915 6920 6910 6915 62681
20200507 911 6920 6925 6910 6925 185992
20200507 912 6925 6930 6920 6920 150824
20200507 913 6925 6925 6920 6920 47712
20200507 914 6920 6920 6910 6910 194082
20200507 915 6910 6915 6910 6915 217402
20200507 916 6915 6915 6910 6915 28502
20200507 917 6915 6915 6905 6905 93625
20200507 918 6905 6910 6900 6905 86055
20200507 919 6905 6910 6905 6905 11907
20200507 920 6905 6915 6900 6915 122820
20200507 921 6910 6915 6910 6915 12167
20200507 922 6910 6920 6910 6915 142980
20200507 923 6920 6925 6920 6920 114436
20200507 924 6920 6920 6915 6915 38806
20200507 925 6915 6920 6915 6920 103577
20200507 926 6925 6930 6920 6920 134140
20200507 927 6920 6925 6920 6920 41954
20200507 928 6920 6925 6920 6920 30493
20200507 929 6920 6925 6920 6920 98360
20200507 930 6915 6925 6915 6925 18644
20200507 931 6925 6930 6925 6925 115603
20200507 932 6925 6925 6920 6925 15363
20200507 933 6925 6925 6910 6915 205498
20200507 934 6915 6915 6910 6910 52122
20200507 935 6910 6915 6910 6910 7299
20200507 936 6910 6915 6910 6910 214840
20200507 937 6905 6915 6905 6910 99424
20200507 938 6910 6910 6905 6905 56208
20200507 939 6905 6910 6905 6910 131935
20200507 940 6910 6910 6905 6910 5593
20200507 941 6905 6910 6905 6905 7299
20200507 942 6905 6910 6900 6905 151970
20200507 943 6905 6910 6905 6910 76355
20200507 944 6910 6915 6910 6910 55809
20200507 945 6910 6915 6910 6910 22137
20200507 946 6910 6915 6905 6910 128615
20200507 947 6905 6910 6905 6905 19673
20200507 948 6910 6910 6905 6910 62367
20200507 949 6910 6915 6905 6910 51414
20200507 950 6910 6915 6910 6910 22796
20200507 951 6915 6915 6910 6915 4498
20200507 952 6915 6920 6910 6920 107414
20200507 953 6920 6925 6920 6920 106523
20200507 954 6920 6925 6920 6920 27251
20200507 955 6920 6925 6920 6925 13219
20200507 956 6920 6925 6920 6925 5734
20200507 957 6920 6925 6920 6920 40262
20200507 958 6925 6925 6920 6920 57061
20200507 959 6920 6920 6915 6915 278841
20200507 1000 6915 6915 6910 6910 13380
20200507 1001 6910 6910 6895 6895 465400
20200507 1002 6895 6900 6890 6895 289691
20200507 1003 6895 6900 6890 6895 320144
20200507 1004 6895 6900 6890 6900 161685
20200507 1005 6905 6905 6900 6905 30125
20200507 1006 6905 6910 6905 6910 107750
20200507 1007 6905 6905 6905 6905 46352
20200507 1008 6905 6905 6900 6900 6511
20200507 1009 6905 6905 6895 6900 98989
20200507 1010 6900 6900 6895 6900 45631
20200507 1011 6905 6905 6895 6900 88386
20200507 1012 6905 6905 6900 6900 1081
20200507 1013 6900 6905 6900 6900 32265
20200507 1014 6900 6900 6895 6900 81231
20200507 1015 6900 6900 6895 6900 184962
20200507 1016 6900 6900 6895 6900 136498
20200507 1017 6900 6900 6890 6890 295243
20200507 1018 6890 6895 6890 6895 105778
20200507 1019 6895 6895 6885 6890 214976
20200507 1020 6890 6890 6885 6890 91347
20200507 1021 6885 6895 6885 6890 56526
20200507 1022 6895 6895 6890 6890 119125
20200507 1023 6890 6895 6885 6895 23488
20200507 1024 6890 6895 6890 6895 73302
20200507 1025 6890 6895 6890 6895 70342
20200507 1026 6895 6895 6885 6885 32125
20200507 1027 6885 6900 6885 6895 65992
20200507 1028 6895 6900 6895 6895 31279
20200507 1029 6900 6900 6895 6900 191599
20200507 1030 6900 6900 6900 6900 75241
20200507 1031 6900 6900 6895 6895 160542
20200507 1032 6895 6905 6895 6900 209429
20200507 1033 6905 6905 6900 6905 143090
20200507 1034 6905 6910 6900 6910 62526
20200507 1035 6910 6910 6905 6910 40712
20200507 1036 6910 6910 6905 6910 60920
20200507 1037 6905 6910 6905 6905 186565
20200507 1038 6905 6905 6900 6900 51741
20200507 1039 6905 6910 6905 6910 16136
20200507 1040 6910 6910 6905 6910 205533
20200507 1041 6905 6910 6905 6905 42745
20200507 1042 6905 6910 6900 6905 66082
20200507 1043 6900 6905 6900 6900 8937
20200507 1044 6905 6905 6900 6900 17656
20200507 1045 6900 6900 6895 6900 162739
20200507 1046 6900 6915 6900 6905 164699
20200507 1047 6905 6905 6900 6900 39404
20200507 1048 6900 6900 6895 6895 326994
20200507 1049 6895 6900 6890 6900 23146
20200507 1050 6895 6900 6895 6895 186000
20200507 1051 6900 6900 6895 6900 1521
20200507 1052 6900 6900 6895 6900 97327
20200507 1053 6900 6905 6895 6905 48209
20200507 1054 6905 6910 6905 6910 14297
20200507 1055 6905 6910 6905 6905 33129
20200507 1056 6905 6915 6905 6910 91284
20200507 1057 6910 6920 6910 6920 252354
20200507 1058 6915 6920 6915 6915 64182
20200507 1059 6915 6915 6915 6915 211358
20200507 1100 6915 6920 6915 6915 141496
20200507 1101 6910 6915 6910 6910 40992
20200507 1102 6910 6915 6905 6915 31455
20200507 1103 6915 6915 6915 6915 3361
20200507 1104 6915 6915 6910 6915 59178
20200507 1105 6915 6915 6910 6910 17250
20200507 1106 6910 6910 6905 6910 29735
20200507 1107 6910 6915 6905 6910 21218
20200507 1108 6910 6910 6905 6905 1181
20200507 1109 6905 6910 6905 6905 3843
20200507 1110 6905 6905 6905 6905 281
20200507 1111 6910 6910 6905 6910 2222
20200507 1112 6910 6910 6905 6905 1753
20200507 1113 6905 6910 6905 6910 1546
20200507 1114 6910 6910 6905 6905 145796
20200507 1115 6910 6915 6910 6910 10902
20200507 1116 6915 6915 6910 6910 28369
20200507 1117 6910 6915 6910 6910 2606
20200507 1118 6910 6915 6910 6915 1159
20200507 1119 6910 6915 6910 6915 445
20200507 1120 6915 6915 6910 6910 112005
20200507 1121 6915 6915 6910 6910 2948
20200507 1122 6910 6915 6910 6910 21615
20200507 1123 6910 6910 6905 6905 139429
20200507 1124 6905 6905 6900 6905 19914
20200507 1125 6900 6905 6900 6905 208005
20200507 1126 6900 6905 6895 6900 22661
20200507 1127 6900 6900 6900 6900 20314
20200507 1128 6900 6900 6895 6900 4365
20200507 1129 6900 6905 6900 6905 20662
20200507 1130 6905 6905 6900 6900 44970
20200507 1131 6900 6900 6900 6900 32435
20200507 1132 6900 6905 6900 6900 48255
20200507 1133 6900 6900 6895 6895 9534
20200507 1134 6900 6900 6895 6900 12492
20200507 1135 6900 6900 6895 6895 79113
20200507 1136 6895 6900 6890 6900 13217
20200507 1137 6900 6900 6895 6895 23416
20200507 1138 6890 6895 6890 6890 169753
20200507 1139 6890 6890 6885 6885 61309
20200507 1140 6890 6890 6885 6890 21387
20200507 1141 6890 6890 6885 6890 25409
20200507 1142 6890 6890 6885 6885 21426
20200507 1143 6885 6890 6885 6890 135032
20200507 1144 6890 6895 6885 6895 27511
20200507 1145 6895 6895 6885 6890 21752
20200507 1146 6890 6890 6880 6885 163458
20200507 1147 6880 6885 6880 6880 60333
20200507 1148 6885 6885 6880 6885 4427
20200507 1149 6885 6890 6885 6885 246916
20200507 1150 6885 6890 6880 6885 72967
20200507 1151 6885 6885 6880 6880 6757
20200507 1152 6885 6890 6885 6885 86988
20200507 1153 6890 6890 6885 6885 148002
20200507 1154 6885 6885 6885 6885 24786
20200507 1155 6885 6885 6880 6885 70256
20200507 1156 6885 6885 6880 6880 94865
20200507 1157 6880 6880 6875 6880 17901
20200507 1158 6880 6880 6875 6880 89962
20200507 1159 6880 6880 6880 6880 12208
20200507 1200 6880 6880 6875 6880 3772
20200507 1201 6875 6880 6875 6875 66981
20200507 1202 6875 6880 6865 6870 172240
20200507 1203 6870 6870 6865 6865 196362
20200507 1204 6865 6870 6865 6865 201525
20200507 1205 6865 6870 6860 6865 13740
20200507 1206 6870 6870 6860 6860 78440
20200507 1207 6860 6870 6860 6870 15987
20200507 1208 6870 6870 6865 6870 18313
20200507 1209 6870 6870 6860 6865 63479
20200507 1210 6870 6870 6865 6865 17346
20200507 1211 6865 6870 6860 6865 23687
20200507 1212 6865 6870 6865 6870 19769
20200507 1213 6865 6865 6865 6865 87362
20200507 1214 6870 6870 6865 6865 25599
20200507 1215 6865 6865 6860 6865 16963
20200507 1216 6865 6865 6860 6865 21620
20200507 1217 6865 6870 6860 6865 146591
20200507 1218 6865 6865 6860 6865 5505
20200507 1219 6865 6865 6860 6865 36020
20200507 1220 6865 6870 6860 6870 3936
20200507 1221 6865 6870 6865 6870 24413
20200507 1222 6870 6870 6865 6870 1753
20200507 1223 6870 6870 6870 6870 905
20200507 1224 6870 6870 6865 6865 3254
20200507 1225 6870 6870 6865 6870 20893
20200507 1226 6870 6870 6870 6870 57699
20200507 1227 6870 6870 6865 6870 106253
20200507 1228 6870 6870 6865 6870 16682
20200507 1229 6870 6875 6870 6875 34703
20200507 1230 6875 6875 6870 6870 4585
20200507 1231 6875 6875 6870 6870 27674
20200507 1232 6870 6875 6870 6870 3310
20200507 1233 6870 6875 6870 6870 107976
20200507 1234 6870 6875 6865 6875 20565
20200507 1235 6870 6875 6870 6875 2242
20200507 1236 6875 6875 6870 6870 24762
20200507 1237 6870 6870 6865 6870 2478
20200507 1238 6865 6870 6865 6870 336
20200507 1239 6870 6870 6865 6870 1984
20200507 1240 6865 6870 6865 6870 1248
20200507 1241 6865 6870 6865 6870 3949
20200507 1242 6870 6875 6870 6875 31162
20200507 1243 6870 6875 6870 6870 34205
20200507 1244 6870 6875 6865 6870 29577
20200507 1245 6870 6880 6870 6875 42412
20200507 1246 6875 6880 6870 6870 4569
20200507 1247 6870 6875 6870 6870 22916
20200507 1248 6870 6875 6870 6870 11569
20200507 1249 6875 6875 6870 6875 1077
20200507 1250 6870 6875 6870 6875 40058
20200507 1251 6870 6875 6870 6870 4983
20200507 1252 6870 6870 6865 6865 19151
20200507 1253 6865 6865 6860 6865 100261
20200507 1254 6860 6865 6855 6855 196074
20200507 1255 6855 6860 6855 6860 29939
20200507 1256 6855 6860 6855 6855 10150
20200507 1257 6855 6860 6855 6855 51886
20200507 1258 6855 6860 6850 6855 145927
20200507 1259 6855 6860 6855 6855 52528
20200507 1300 6860 6860 6855 6860 9566
20200507 1301 6860 6860 6855 6855 4954
20200507 1302 6860 6860 6860 6860 12130
20200507 1303 6860 6860 6855 6860 109359
20200507 1304 6860 6865 6855 6860 2932
20200507 1305 6860 6865 6860 6865 37667
20200507 1306 6865 6865 6860 6865 10539
20200507 1307 6865 6870 6865 6865 139694
20200507 1308 6865 6870 6865 6870 20954
20200507 1309 6870 6870 6865 6865 15907
20200507 1310 6860 6865 6860 6865 8173
20200507 1311 6865 6865 6860 6860 23389
20200507 1312 6860 6865 6860 6860 336
20200507 1313 6860 6865 6855 6860 49343
20200507 1314 6855 6860 6855 6860 6713
20200507 1315 6860 6860 6855 6855 402
20200507 1316 6860 6860 6850 6855 123240
20200507 1317 6855 6860 6850 6860 24973
20200507 1318 6860 6860 6850 6855 72960
20200507 1319 6855 6855 6850 6855 2710
20200507 1320 6855 6855 6850 6850 28273
20200507 1321 6850 6855 6845 6845 223509
20200507 1322 6845 6850 6845 6845 66112
20200507 1323 6845 6850 6840 6845 70774
20200507 1324 6845 6850 6845 6850 17516
20200507 1325 6850 6850 6850 6850 33823
20200507 1326 6850 6850 6845 6845 3580
20200507 1327 6845 6850 6845 6845 11290
20200507 1328 6845 6850 6845 6850 41004
20200507 1329 6850 6850 6845 6850 13620
20200507 1330 6850 6850 6845 6850 1192
20200507 1331 6850 6850 6845 6850 16688
20200507 1332 6850 6850 6845 6850 6519
20200507 1333 6850 6850 6845 6850 873
20200507 1334 6850 6850 6845 6845 5065
20200507 1335 6845 6850 6845 6850 4699
20200507 1336 6850 6855 6845 6850 80906
20200507 1337 6855 6855 6845 6850 60963
20200507 1338 6850 6850 6845 6850 14997
20200507 1339 6850 6855 6850 6850 2119
20200507 1340 6850 6855 6850 6850 1508
20200507 1341 6855 6855 6850 6855 36599
20200507 1342 6855 6855 6850 6855 20162
20200507 1343 6850 6855 6850 6855 17892
20200507 1344 6855 6855 6850 6855 50539
20200507 1345 6855 6855 6850 6855 5037
20200507 1346 6855 6855 6850 6855 14785
20200507 1347 6855 6855 6850 6855 8069
20200507 1348 6850 6855 6850 6855 1200
20200507 1349 6855 6860 6855 6860 67340
20200507 1350 6860 6860 6855 6855 2595
20200507 1351 6860 6865 6860 6865 79756
20200507 1352 6865 6865 6860 6865 45347
20200507 1353 6865 6870 6860 6865 36623
20200507 1354 6865 6865 6860 6865 9261
20200507 1355 6865 6870 6865 6870 20729
20200507 1356 6870 6875 6865 6875 120407
20200507 1357 6875 6875 6865 6870 73329
20200507 1358 6870 6870 6865 6865 682
20200507 1359 6870 6870 6865 6865 52947
20200507 1400 6865 6870 6865 6870 2840
20200507 1401 6870 6870 6865 6865 44530
20200507 1402 6865 6870 6865 6865 4676
20200507 1403 6870 6870 6865 6870 15660
20200507 1404 6865 6870 6865 6870 11453
20200507 1405 6870 6880 6870 6880 57478
20200507 1406 6880 6880 6875 6875 23643
20200507 1407 6870 6875 6870 6875 9802
20200507 1408 6875 6880 6870 6875 58525
20200507 1409 6875 6875 6870 6875 47293
20200507 1410 6875 6880 6875 6880 32627
20200507 1411 6880 6880 6875 6880 113216
20200507 1412 6885 6885 6875 6880 38504
20200507 1413 6880 6880 6875 6880 29333
20200507 1414 6880 6885 6875 6885 25894
20200507 1415 6885 6885 6880 6885 10175
20200507 1416 6885 6885 6885 6885 161410
20200507 1417 6885 6890 6885 6890 286054
20200507 1418 6890 6895 6890 6895 76845
20200507 1419 6890 6895 6890 6890 139997
20200507 1420 6890 6890 6885 6890 179843
20200507 1421 6890 6895 6885 6885 35263
20200507 1422 6885 6890 6880 6880 40120
20200507 1423 6885 6885 6880 6885 4301
20200507 1424 6885 6885 6875 6880 201009
20200507 1425 6885 6885 6880 6880 5835
20200507 1426 6885 6885 6880 6880 307134
20200507 1427 6885 6885 6880 6880 2312
20200507 1428 6885 6885 6880 6885 37941
20200507 1429 6880 6885 6870 6880 171417
20200507 1430 6880 6880 6875 6875 7554
20200507 1431 6875 6880 6875 6880 8821
20200507 1432 6875 6880 6875 6880 3283
20200507 1433 6880 6880 6880 6880 4170
20200507 1434 6880 6885 6880 6885 24624
20200507 1435 6885 6885 6880 6880 1127
20200507 1436 6885 6885 6880 6880 26705
20200507 1437 6880 6880 6875 6880 3250
20200507 1438 6880 6880 6875 6875 2667
20200507 1439 6880 6880 6875 6875 53023
20200507 1440 6880 6880 6880 6880 5411
20200507 1441 6880 6880 6875 6880 4561
20200507 1442 6880 6880 6880 6880 2195
20200507 1443 6875 6880 6875 6880 3402
20200507 1444 6875 6880 6875 6880 993
20200507 1445 6880 6885 6875 6885 87746
20200507 1446 6885 6885 6880 6880 6852
20200507 1447 6880 6880 6875 6875 160918
20200507 1448 6875 6875 6870 6870 11999
20200507 1449 6870 6880 6870 6875 27736
20200507 1450 6875 6880 6875 6880 5079
20200507 1451 6880 6885 6880 6885 103018
20200507 1452 6885 6885 6880 6885 71504
20200507 1453 6885 6890 6880 6885 144064
20200507 1454 6890 6895 6890 6890 680874
20200507 1455 6890 6890 6885 6885 49981
20200507 1456 6890 6890 6880 6885 299955
20200507 1457 6885 6890 6885 6885 13984
20200507 1458 6890 6890 6880 6890 39543
20200507 1459 6885 6890 6880 6885 40425
20200507 1500 6885 6890 6880 6885 140252
20200507 1501 6885 6890 6875 6880 62838
20200507 1502 6880 6885 6880 6880 115989
20200507 1503 6880 6885 6875 6880 25922
20200507 1504 6880 6880 6870 6870 127152
20200507 1505 6875 6875 6865 6875 119687
20200507 1506 6875 6875 6870 6875 51786
20200507 1507 6870 6875 6865 6875 32140
20200507 1508 6870 6875 6870 6875 1544
20200507 1509 6875 6875 6870 6875 121646
20200507 1510 6875 6880 6875 6875 162375
20200507 1511 6875 6875 6870 6870 29006
20200507 1512 6875 6875 6870 6875 2124
20200507 1513 6875 6875 6870 6875 19603
20200507 1514 6875 6875 6870 6875 87197
20200507 1515 6875 6880 6870 6875 67203
20200507 1516 6875 6880 6875 6875 8384
20200507 1517 6875 6880 6875 6880 18448
20200507 1518 6875 6880 6875 6880 11475
20200507 1519 6880 6885 6875 6880 269998
20200507 1520 6880 6885 6880 6885 111795
20200507 1530 6885 6885 6885 6885 585691
