날짜 시간 시가 고가 저가 종가 거래량
20191202 901 47850 48100 47850 48100 3222
20191202 902 48100 48150 48000 48150 1571
20191202 903 48150 48300 48100 48300 4339
20191202 904 48300 48500 48200 48500 4044
20191202 905 48500 48850 48500 48800 7777
20191202 906 48800 49200 48800 49200 6369
20191202 907 49200 49350 49150 49200 2722
20191202 908 49200 49200 48950 49150 4745
20191202 909 49150 49300 49050 49300 6804
20191202 910 49300 49300 49150 49250 2882
20191202 911 49200 49550 49200 49550 11785
20191202 912 49550 49700 49450 49450 4326
20191202 913 49450 49500 49400 49500 2270
20191202 914 49500 49500 49300 49350 1604
20191202 915 49350 49400 49200 49200 1095
20191202 916 49150 49250 49100 49100 1547
20191202 917 49100 49250 49100 49250 1343
20191202 918 49250 49250 49200 49200 395
20191202 919 49150 49200 49100 49200 1279
20191202 920 49150 49200 49100 49200 862
20191202 921 49200 49250 49150 49150 1910
20191202 922 49200 49200 49150 49200 614
20191202 923 49200 49350 49150 49300 3289
20191202 924 49300 49450 49250 49450 2779
20191202 925 49450 49500 49400 49450 2161
20191202 926 49450 49450 49250 49300 2423
20191202 927 49300 49350 49250 49300 735
20191202 928 49250 49250 49150 49200 2479
20191202 929 49200 49200 49100 49100 430
20191202 930 49100 49150 48900 49000 3017
20191202 931 49000 49150 48950 49150 1317
20191202 932 49150 49200 49000 49000 1401
20191202 933 49000 49150 49000 49050 627
20191202 934 49000 49050 48950 48950 1220
20191202 935 48950 48950 48850 48850 1267
20191202 936 48900 48900 48850 48850 427
20191202 937 48850 48950 48800 48900 1847
20191202 938 48850 48900 48850 48850 328
20191202 939 48850 48900 48800 48800 488
20191202 940 48850 48900 48800 48800 684
20191202 941 48800 48800 48650 48650 1307
20191202 942 48650 48700 48600 48700 439
20191202 943 48650 48700 48650 48700 355
20191202 944 48700 48700 48600 48600 1252
20191202 945 48600 48650 48550 48600 1033
20191202 946 48600 48700 48600 48650 782
20191202 947 48650 48700 48650 48650 116
20191202 948 48650 48700 48600 48650 552
20191202 949 48600 48650 48550 48550 507
20191202 950 48600 48600 48500 48550 622
20191202 951 48550 48550 48450 48450 1256
20191202 952 48450 48500 48350 48350 1023
20191202 953 48400 48500 48400 48500 374
20191202 954 48500 48550 48400 48500 435
20191202 955 48500 48500 48400 48450 213
20191202 956 48450 48500 48350 48500 450
20191202 957 48450 48500 48450 48500 79
20191202 958 48500 48550 48450 48550 980
20191202 959 48550 48550 48500 48550 437
20191202 1000 48500 48550 48450 48550 281
20191202 1001 48550 48650 48550 48650 661
20191202 1002 48650 48650 48500 48500 550
20191202 1003 48550 48550 48500 48500 535
20191202 1004 48550 48550 48450 48550 954
20191202 1005 48550 48600 48500 48550 764
20191202 1006 48550 48550 48500 48500 385
20191202 1007 48500 48600 48500 48600 1482
20191202 1008 48600 48650 48600 48650 407
20191202 1009 48600 48600 48400 48600 2549
20191202 1010 48600 48700 48550 48600 303
20191202 1011 48700 48700 48600 48650 482
20191202 1012 48600 48700 48600 48700 223
20191202 1013 48700 48700 48600 48700 189
20191202 1014 48700 48700 48600 48650 417
20191202 1015 48600 48700 48600 48600 693
20191202 1016 48600 48800 48600 48750 1922
20191202 1017 48800 48800 48650 48700 802
20191202 1018 48650 48700 48600 48650 574
20191202 1019 48600 48650 48600 48600 323
20191202 1020 48650 48650 48600 48600 383
20191202 1021 48650 48650 48600 48600 222
20191202 1022 48650 48650 48600 48600 451
20191202 1023 48600 48650 48550 48550 635
20191202 1024 48600 48600 48450 48500 201
20191202 1025 48450 48550 48400 48450 948
20191202 1026 48450 48500 48350 48400 563
20191202 1027 48400 48400 48350 48400 459
20191202 1028 48450 48600 48400 48550 420
20191202 1029 48600 48600 48550 48600 151
20191202 1030 48550 48600 48550 48600 415
20191202 1031 48650 48650 48600 48650 308
20191202 1032 48600 48650 48600 48600 134
20191202 1033 48650 48650 48600 48650 400
20191202 1034 48600 48650 48600 48600 285
20191202 1035 48600 48700 48600 48700 244
20191202 1036 48700 48700 48650 48700 247
20191202 1037 48650 48700 48600 48650 425
20191202 1038 48600 48700 48600 48600 191
20191202 1039 48650 48700 48550 48600 147
20191202 1040 48550 48650 48550 48600 384
20191202 1041 48650 48650 48500 48550 326
20191202 1042 48550 48600 48500 48550 294
20191202 1043 48600 48600 48500 48500 397
20191202 1044 48550 48600 48500 48550 255
20191202 1045 48600 48600 48500 48600 252
20191202 1046 48600 48600 48450 48600 565
20191202 1047 48600 48650 48600 48600 167
20191202 1048 48600 48650 48550 48550 253
20191202 1049 48600 48650 48550 48600 354
20191202 1050 48600 48700 48550 48650 170
20191202 1051 48600 48650 48550 48650 192
20191202 1052 48650 48700 48600 48600 362
20191202 1053 48600 48650 48550 48650 281
20191202 1054 48650 48650 48550 48550 206
20191202 1055 48550 48600 48550 48600 390
20191202 1056 48600 48650 48550 48550 461
20191202 1057 48600 48600 48500 48550 158
20191202 1058 48550 48700 48500 48650 367
20191202 1059 48650 48700 48600 48700 424
20191202 1100 48700 48700 48500 48550 1301
20191202 1101 48600 48650 48550 48600 206
20191202 1102 48600 48650 48550 48600 478
20191202 1103 48650 48650 48550 48550 167
20191202 1104 48550 48600 48500 48500 420
20191202 1105 48550 48600 48500 48550 1122
20191202 1106 48550 48600 48500 48500 386
20191202 1107 48550 48550 48500 48500 236
20191202 1108 48500 48500 48450 48450 339
20191202 1109 48450 48500 48450 48500 1037
20191202 1110 48400 48500 48400 48400 280
20191202 1111 48450 48450 48200 48200 3715
20191202 1112 48250 48250 48200 48200 473
20191202 1113 48250 48250 48200 48200 553
20191202 1114 48200 48200 48150 48200 712
20191202 1115 48200 48250 48200 48200 555
20191202 1116 48250 48300 48200 48300 359
20191202 1117 48300 48300 48200 48250 280
20191202 1118 48250 48300 48200 48300 233
20191202 1119 48250 48350 48250 48250 398
20191202 1120 48250 48250 48200 48200 369
20191202 1121 48200 48300 48200 48200 300
20191202 1122 48250 48300 48200 48250 572
20191202 1123 48250 48300 48250 48250 436
20191202 1124 48250 48300 48200 48200 854
20191202 1125 48200 48300 48200 48250 331
20191202 1126 48300 48300 48250 48300 106
20191202 1127 48300 48300 48250 48300 240
20191202 1128 48250 48350 48250 48300 430
20191202 1129 48300 48400 48300 48350 205
20191202 1130 48300 48350 48300 48350 443
20191202 1131 48350 48400 48300 48350 219
20191202 1132 48350 48400 48300 48300 327
20191202 1133 48300 48350 48300 48300 191
20191202 1134 48300 48350 48300 48350 460
20191202 1135 48350 48350 48300 48350 298
20191202 1136 48300 48350 48300 48300 68
20191202 1137 48300 48350 48250 48300 605
20191202 1138 48300 48350 48300 48350 257
20191202 1139 48300 48400 48300 48400 322
20191202 1140 48350 48400 48300 48350 175
20191202 1141 48350 48350 48300 48350 173
20191202 1142 48350 48350 48300 48300 234
20191202 1143 48300 48350 48300 48300 140
20191202 1144 48350 48350 48300 48300 263
20191202 1145 48300 48400 48300 48350 420
20191202 1146 48350 48350 48250 48350 433
20191202 1147 48350 48350 48300 48350 183
20191202 1148 48350 48350 48300 48300 194
20191202 1149 48350 48350 48300 48300 260
20191202 1150 48300 48350 48300 48300 206
20191202 1151 48350 48350 48300 48350 310
20191202 1152 48300 48350 48300 48300 302
20191202 1153 48300 48350 48300 48350 156
20191202 1154 48350 48350 48300 48300 286
20191202 1155 48300 48350 48250 48350 244
20191202 1156 48300 48350 48300 48300 42
20191202 1157 48300 48350 48300 48300 285
20191202 1158 48300 48350 48300 48350 234
20191202 1159 48300 48350 48300 48300 145
20191202 1200 48300 48350 48300 48300 272
20191202 1201 48300 48400 48300 48350 343
20191202 1202 48300 48400 48300 48300 301
20191202 1203 48300 48400 48300 48400 40
20191202 1204 48400 48400 48350 48350 336
20191202 1205 48350 48350 48300 48350 316
20191202 1206 48300 48400 48300 48350 140
20191202 1207 48350 48450 48350 48450 369
20191202 1208 48400 48450 48350 48350 70
20191202 1209 48400 48400 48300 48350 297
20191202 1210 48350 48400 48300 48350 197
20191202 1211 48400 48450 48300 48450 396
20191202 1212 48450 48450 48400 48450 191
20191202 1213 48400 48450 48400 48400 511
20191202 1214 48450 48450 48400 48400 213
20191202 1215 48400 48400 48350 48350 157
20191202 1216 48300 48400 48300 48350 259
20191202 1217 48350 48400 48300 48300 289
20191202 1218 48300 48400 48300 48350 110
20191202 1219 48350 48350 48300 48300 351
20191202 1220 48300 48450 48300 48400 367
20191202 1221 48350 48400 48350 48350 115
20191202 1222 48350 48400 48350 48400 232
20191202 1223 48350 48450 48350 48400 313
20191202 1224 48400 48400 48350 48350 183
20191202 1225 48350 48400 48350 48350 247
20191202 1226 48400 48400 48350 48400 213
20191202 1227 48400 48400 48350 48400 252
20191202 1228 48350 48450 48300 48350 282
20191202 1229 48400 48400 48300 48350 147
20191202 1230 48350 48400 48300 48400 138
20191202 1231 48350 48450 48350 48350 427
20191202 1232 48400 48400 48350 48400 210
20191202 1233 48400 48450 48350 48450 213
20191202 1234 48400 48500 48400 48450 1609
20191202 1235 48450 48500 48400 48400 182
20191202 1236 48400 48450 48400 48450 358
20191202 1237 48400 48450 48400 48400 152
20191202 1238 48400 48450 48400 48400 246
20191202 1239 48450 48450 48400 48400 461
20191202 1240 48350 48450 48350 48350 236
20191202 1241 48350 48400 48350 48400 232
20191202 1242 48350 48400 48350 48350 49
20191202 1243 48400 48450 48350 48400 451
20191202 1244 48400 48450 48350 48350 92
20191202 1245 48350 48400 48300 48350 779
20191202 1246 48350 48450 48350 48350 294
20191202 1247 48350 48350 48300 48350 151
20191202 1248 48350 48350 48300 48350 144
20191202 1249 48350 48400 48300 48400 462
20191202 1250 48400 48450 48350 48400 314
20191202 1251 48450 48450 48350 48400 197
20191202 1252 48400 48450 48350 48400 298
20191202 1253 48350 48450 48350 48350 186
20191202 1254 48350 48400 48350 48350 49
20191202 1255 48400 48400 48350 48400 309
20191202 1256 48400 48400 48350 48350 317
20191202 1257 48350 48400 48350 48400 198
20191202 1258 48350 48400 48350 48400 266
20191202 1259 48400 48450 48350 48450 306
20191202 1300 48450 48450 48400 48400 147
20191202 1301 48400 48450 48400 48450 274
20191202 1302 48400 48400 48300 48300 363
20191202 1303 48350 48350 48250 48300 1778
20191202 1304 48250 48300 48200 48300 798
20191202 1305 48250 48300 48250 48300 226
20191202 1306 48250 48250 48200 48200 246
20191202 1307 48200 48250 48200 48200 248
20191202 1308 48200 48300 48200 48250 386
20191202 1309 48250 48300 48250 48250 148
20191202 1310 48250 48250 48200 48250 146
20191202 1311 48200 48300 48200 48300 449
20191202 1312 48300 48300 48250 48250 246
20191202 1313 48250 48300 48250 48250 268
20191202 1314 48300 48350 48250 48250 459
20191202 1315 48300 48300 48250 48300 509
20191202 1316 48300 48350 48250 48250 260
20191202 1317 48250 48250 48150 48150 1375
20191202 1318 48200 48200 48050 48050 3179
20191202 1319 48100 48100 48050 48100 1346
20191202 1320 48100 48200 48050 48150 135
20191202 1321 48100 48150 48100 48150 382
20191202 1322 48100 48150 48050 48050 653
20191202 1323 48100 48150 48050 48100 584
20191202 1324 48100 48100 48050 48100 232
20191202 1325 48100 48250 48050 48200 433
20191202 1326 48200 48200 48150 48150 211
20191202 1327 48150 48200 48100 48150 221
20191202 1328 48150 48300 48150 48250 891
20191202 1329 48200 48250 48150 48150 333
20191202 1330 48150 48250 48150 48150 261
20191202 1331 48150 48250 48150 48250 575
20191202 1332 48250 48250 48150 48150 213
20191202 1333 48150 48200 48150 48200 373
20191202 1334 48150 48250 48150 48250 446
20191202 1335 48200 48300 48200 48200 394
20191202 1336 48250 48250 48150 48150 284
20191202 1337 48150 48200 48100 48200 359
20191202 1338 48200 48300 48150 48250 480
20191202 1339 48250 48250 48150 48200 313
20191202 1340 48150 48300 48150 48200 437
20191202 1341 48150 48250 48100 48200 300
20191202 1342 48200 48250 48150 48150 153
20191202 1343 48200 48250 48150 48250 352
20191202 1344 48250 48250 48150 48150 400
20191202 1345 48200 48300 48150 48300 502
20191202 1346 48250 48300 48150 48150 217
20191202 1347 48150 48200 48150 48200 274
20191202 1348 48150 48200 48100 48100 484
20191202 1349 48100 48200 48100 48200 351
20191202 1350 48150 48250 48150 48150 304
20191202 1351 48150 48200 48150 48200 370
20191202 1352 48150 48150 48100 48150 421
20191202 1353 48150 48200 48100 48150 155
20191202 1354 48100 48200 48100 48150 293
20191202 1355 48100 48300 48100 48250 396
20191202 1356 48300 48300 48250 48300 427
20191202 1357 48250 48300 48250 48300 276
20191202 1358 48250 48300 48250 48300 371
20191202 1359 48300 48300 48200 48200 371
20191202 1400 48250 48300 48150 48300 720
20191202 1401 48250 48300 48250 48300 332
20191202 1402 48250 48300 48250 48250 303
20191202 1403 48250 48300 48200 48250 440
20191202 1404 48250 48250 48200 48200 326
20191202 1405 48250 48250 48200 48250 320
20191202 1406 48200 48300 48200 48300 961
20191202 1407 48300 48300 48250 48300 591
20191202 1408 48300 48300 48250 48300 247
20191202 1409 48250 48300 48250 48300 131
20191202 1410 48250 48300 48250 48300 523
20191202 1411 48300 48300 48250 48300 313
20191202 1412 48300 48300 48250 48250 303
20191202 1413 48250 48400 48250 48300 736
20191202 1414 48300 48300 48250 48300 243
20191202 1415 48250 48300 48250 48250 330
20191202 1416 48250 48300 48250 48250 166
20191202 1417 48250 48350 48250 48300 521
20191202 1418 48300 48300 48250 48250 260
20191202 1419 48250 48300 48200 48250 428
20191202 1420 48200 48300 48200 48300 266
20191202 1421 48250 48300 48200 48200 133
20191202 1422 48250 48250 48200 48200 1045
20191202 1423 48200 48250 48200 48200 412
20191202 1424 48250 48250 48150 48150 418
20191202 1425 48150 48250 48150 48200 289
20191202 1426 48200 48250 48200 48250 304
20191202 1427 48250 48250 48150 48150 287
20191202 1428 48150 48250 48150 48200 264
20191202 1429 48250 48250 48200 48250 274
20191202 1430 48200 48300 48200 48200 376
20191202 1431 48200 48300 48200 48300 450
20191202 1432 48250 48300 48200 48200 258
20191202 1433 48250 48300 48200 48300 350
20191202 1434 48250 48300 48250 48300 402
20191202 1435 48300 48300 48250 48300 604
20191202 1436 48250 48300 48250 48250 259
20191202 1437 48250 48300 48250 48300 482
20191202 1438 48250 48350 48250 48250 472
20191202 1439 48250 48300 48250 48300 291
20191202 1440 48300 48300 48250 48300 487
20191202 1441 48250 48300 48200 48300 465
20191202 1442 48300 48350 48200 48350 198
20191202 1443 48350 48350 48250 48250 207
20191202 1444 48250 48300 48250 48300 401
20191202 1445 48250 48300 48250 48300 324
20191202 1446 48250 48300 48250 48250 731
20191202 1447 48250 48350 48200 48300 489
20191202 1448 48350 48400 48250 48400 386
20191202 1449 48250 48400 48250 48400 645
20191202 1450 48350 48400 48300 48300 364
20191202 1451 48300 48350 48300 48350 202
20191202 1452 48350 48400 48300 48400 286
20191202 1453 48400 48400 48200 48300 502
20191202 1454 48300 48300 48200 48250 248
20191202 1455 48200 48250 48200 48200 369
20191202 1456 48200 48250 48200 48250 364
20191202 1457 48250 48250 48200 48200 229
20191202 1458 48200 48250 48200 48200 383
20191202 1459 48200 48250 48200 48250 349
20191202 1500 48200 48250 48200 48200 397
20191202 1501 48200 48300 48150 48150 745
20191202 1502 48150 48300 48150 48250 178
20191202 1503 48250 48300 48200 48200 194
20191202 1504 48250 48300 48250 48250 235
20191202 1505 48250 48300 48250 48300 297
20191202 1506 48300 48300 48250 48300 217
20191202 1507 48300 48300 48200 48250 302
20191202 1508 48250 48250 48200 48200 189
20191202 1509 48200 48250 48150 48200 202
20191202 1510 48200 48250 48200 48250 106
20191202 1511 48250 48250 48150 48200 481
20191202 1512 48200 48250 48200 48250 280
20191202 1513 48200 48250 48200 48200 305
20191202 1514 48200 48250 48200 48250 135
20191202 1515 48250 48300 48200 48300 611
20191202 1516 48300 48400 48250 48350 571
20191202 1517 48400 48400 48350 48350 583
20191202 1518 48350 48450 48350 48400 1188
20191202 1519 48450 48500 48400 48500 479
20191202 1520 48500 48500 48450 48500 630
20191202 1530 48500 48500 48500 48500 7620
20191203 901 47700 47700 47450 47500 3963
20191203 902 47500 47550 47300 47450 1413
20191203 903 47500 47750 47450 47750 507
20191203 904 47800 47800 47550 47550 1123
20191203 905 47550 47750 47550 47650 358
20191203 906 47700 47800 47700 47750 197
20191203 907 47750 47850 47750 47850 140
20191203 908 47850 47850 47750 47850 165
20191203 909 47850 47850 47700 47750 213
20191203 910 47750 47750 47650 47650 1323
20191203 911 47750 47750 47500 47500 1954
20191203 912 47500 47500 47400 47450 615
20191203 913 47450 47450 47350 47350 802
20191203 914 47400 47400 47350 47350 218
20191203 915 47350 47350 47300 47300 277
20191203 916 47300 47350 47200 47300 1496
20191203 917 47300 47350 47250 47300 427
20191203 918 47300 47400 47250 47400 303
20191203 919 47400 47450 47350 47350 393
20191203 920 47350 47400 47350 47400 207
20191203 921 47400 47600 47400 47600 215
20191203 922 47600 47700 47600 47650 275
20191203 923 47650 47750 47650 47700 757
20191203 924 47700 47750 47700 47750 102
20191203 925 47750 47750 47700 47750 249
20191203 926 47750 47750 47700 47750 367
20191203 927 47750 47800 47700 47800 418
20191203 928 47800 47800 47750 47800 146
20191203 929 47800 47800 47750 47750 567
20191203 930 47700 47700 47500 47500 2460
20191203 931 47500 47500 47350 47350 592
20191203 932 47350 47400 47350 47400 174
20191203 933 47400 47550 47400 47500 625
20191203 934 47550 47550 47400 47450 150
20191203 935 47450 47450 47350 47400 827
20191203 936 47400 47500 47400 47500 228
20191203 937 47500 47500 47450 47450 115
20191203 938 47400 47500 47400 47500 137
20191203 939 47500 47500 47450 47450 183
20191203 940 47450 47500 47450 47450 262
20191203 941 47400 47400 47300 47300 1600
20191203 942 47350 47350 47300 47350 2454
20191203 943 47350 47350 47250 47300 1892
20191203 944 47300 47300 47250 47300 223
20191203 945 47300 47300 47300 47300 29
20191203 946 47350 47350 47300 47350 468
20191203 947 47400 47400 47350 47350 57
20191203 948 47350 47450 47350 47400 95
20191203 949 47450 47500 47400 47500 169
20191203 950 47450 47450 47400 47450 215
20191203 951 47450 47450 47400 47400 47
20191203 952 47400 47450 47400 47450 53
20191203 953 47450 47450 47400 47450 99
20191203 954 47450 47450 47450 47450 32
20191203 955 47450 47450 47400 47450 79
20191203 956 47450 47450 47400 47450 71
20191203 957 47400 47450 47400 47450 50
20191203 958 47450 47450 47400 47400 303
20191203 959 47400 47450 47400 47400 1218
20191203 1000 47450 47450 47400 47450 118
20191203 1001 47450 47450 47450 47450 473
20191203 1002 47450 47450 47400 47400 73
20191203 1003 47400 47450 47400 47450 622
20191203 1004 47500 47500 47500 47500 1610
20191203 1005 47500 47500 47450 47500 181
20191203 1006 47550 47550 47500 47500 279
20191203 1007 47500 47550 47500 47500 155
20191203 1008 47500 47550 47500 47550 99
20191203 1009 47500 47550 47500 47500 69
20191203 1010 47500 47550 47500 47500 311
20191203 1011 47550 47550 47500 47550 575
20191203 1012 47500 47550 47500 47550 50
20191203 1013 47550 47550 47550 47550 556
20191203 1014 47550 47550 47500 47550 51
20191203 1015 47550 47550 47500 47550 187
20191203 1016 47550 47550 47500 47500 110
20191203 1017 47550 47550 47550 47550 77
20191203 1018 47550 47550 47500 47500 168
20191203 1019 47500 47550 47500 47500 103
20191203 1020 47550 47550 47500 47550 187
20191203 1021 47550 47550 47500 47500 403
20191203 1022 47500 47550 47500 47550 106
20191203 1023 47550 47550 47500 47500 132
20191203 1024 47500 47550 47500 47500 90
20191203 1025 47500 47550 47500 47500 50
20191203 1026 47550 47550 47500 47500 54
20191203 1027 47550 47550 47500 47500 56
20191203 1028 47550 47550 47500 47500 186
20191203 1029 47550 47550 47500 47550 76
20191203 1030 47500 47550 47500 47500 300
20191203 1031 47500 47550 47500 47500 55
20191203 1032 47550 47550 47500 47500 72
20191203 1033 47550 47550 47450 47450 2629
20191203 1034 47450 47450 47400 47400 985
20191203 1035 47350 47350 47200 47200 3057
20191203 1036 47200 47200 47150 47200 1681
20191203 1037 47200 47200 47150 47150 1146
20191203 1038 47200 47200 47150 47200 410
20191203 1039 47200 47200 47150 47200 162
20191203 1040 47200 47200 47150 47150 216
20191203 1041 47200 47250 47150 47150 262
20191203 1042 47200 47250 47200 47250 135
20191203 1043 47250 47250 47200 47200 136
20191203 1044 47200 47300 47200 47300 129
20191203 1045 47300 47300 47250 47300 82
20191203 1046 47300 47300 47250 47250 92
20191203 1047 47250 47300 47200 47200 106
20191203 1048 47200 47250 47200 47250 19
20191203 1049 47250 47300 47250 47300 246
20191203 1050 47300 47300 47200 47200 374
20191203 1051 47200 47250 47200 47200 123
20191203 1052 47200 47250 47200 47200 111
20191203 1053 47200 47250 47200 47200 157
20191203 1054 47250 47250 47200 47250 74
20191203 1055 47250 47250 47200 47200 50
20191203 1056 47200 47250 47200 47250 94
20191203 1057 47250 47250 47200 47250 459
20191203 1058 47250 47250 47200 47250 88
20191203 1059 47250 47250 47150 47200 973
20191203 1100 47150 47200 47150 47200 26
20191203 1101 47200 47200 47150 47150 68
20191203 1102 47150 47200 47150 47200 577
20191203 1103 47200 47200 47150 47150 644
20191203 1104 47150 47200 47150 47200 682
20191203 1105 47200 47200 47150 47200 344
20191203 1106 47200 47200 47150 47150 1107
20191203 1107 47150 47150 47150 47150 47
20191203 1108 47100 47150 47100 47150 313
20191203 1109 47100 47100 47050 47100 1044
20191203 1110 47100 47100 47050 47050 115
20191203 1111 47050 47050 47000 47000 1795
20191203 1112 47000 47050 46950 46950 2321
20191203 1113 46950 46950 46900 46900 570
20191203 1114 46950 47000 46900 47000 252
20191203 1115 47000 47000 46950 47000 636
20191203 1116 46950 47100 46950 47100 1519
20191203 1117 47150 47150 47100 47150 278
20191203 1118 47150 47300 47150 47300 3882
20191203 1119 47300 47350 47300 47350 1011
20191203 1120 47350 47350 47300 47350 342
20191203 1121 47350 47350 47300 47350 44
20191203 1122 47350 47350 47300 47300 25
20191203 1123 47350 47400 47350 47400 317
20191203 1124 47400 47400 47350 47400 96
20191203 1125 47400 47400 47350 47400 103
20191203 1126 47400 47400 47400 47400 44
20191203 1127 47400 47400 47350 47400 50
20191203 1128 47400 47450 47350 47450 192
20191203 1129 47450 47450 47400 47400 199
20191203 1130 47450 47450 47450 47450 44
20191203 1131 47450 47450 47400 47450 56
20191203 1132 47400 47450 47350 47450 55
20191203 1133 47400 47400 47400 47400 45
20191203 1134 47400 47400 47350 47350 98
20191203 1135 47350 47400 47350 47400 85
20191203 1136 47400 47400 47350 47400 66
20191203 1137 47400 47400 47350 47400 295
20191203 1138 47300 47400 47300 47350 317
20191203 1139 47350 47350 47300 47350 311
20191203 1140 47350 47350 47300 47350 91
20191203 1141 47350 47350 47300 47350 64
20191203 1142 47300 47350 47300 47300 144
20191203 1143 47300 47300 47250 47300 152
20191203 1144 47300 47300 47250 47300 41
20191203 1145 47300 47300 47300 47300 53
20191203 1146 47300 47300 47250 47300 49
20191203 1147 47250 47300 47250 47300 141
20191203 1148 47250 47350 47250 47300 584
20191203 1149 47350 47350 47300 47350 103
20191203 1150 47350 47350 47300 47300 72
20191203 1151 47350 47350 47350 47350 99
20191203 1152 47350 47400 47300 47400 103
20191203 1153 47400 47400 47350 47400 50
20191203 1154 47400 47400 47400 47400 33
20191203 1155 47400 47400 47350 47400 223
20191203 1156 47400 47400 47350 47350 29
20191203 1157 47400 47400 47350 47350 48
20191203 1158 47400 47400 47400 47400 27
20191203 1159 47350 47400 47350 47400 82
20191203 1200 47400 47400 47350 47400 321
20191203 1201 47400 47450 47400 47450 317
20191203 1202 47450 47450 47400 47450 73
20191203 1203 47450 47450 47350 47400 188
20191203 1204 47350 47400 47350 47350 29
20191203 1205 47400 47400 47400 47400 7
20191203 1206 47400 47400 47400 47400 207
20191203 1207 47400 47450 47400 47450 269
20191203 1208 47400 47450 47400 47450 78
20191203 1209 47450 47500 47450 47500 394
20191203 1210 47500 47500 47500 47500 65
20191203 1211 47500 47500 47450 47500 102
20191203 1212 47500 47500 47400 47500 829
20191203 1213 47500 47500 47500 47500 1
20191203 1214 47500 47500 47450 47450 521
20191203 1215 47450 47450 47400 47450 67
20191203 1216 47400 47450 47400 47450 219
20191203 1217 47450 47500 47400 47500 56
20191203 1218 47500 47500 47400 47450 119
20191203 1219 47500 47500 47450 47500 99
20191203 1220 47500 47500 47450 47500 64
20191203 1221 47500 47500 47450 47500 35
20191203 1222 47500 47500 47450 47500 31
20191203 1223 47500 47500 47450 47500 81
20191203 1224 47500 47500 47450 47450 30
20191203 1225 47500 47500 47450 47450 114
20191203 1226 47450 47500 47450 47500 584
20191203 1227 47500 47500 47500 47500 28
20191203 1228 47500 47500 47450 47450 492
20191203 1229 47450 47450 47400 47450 42
20191203 1230 47450 47450 47400 47450 44
20191203 1231 47450 47450 47450 47450 26
20191203 1232 47450 47450 47400 47450 257
20191203 1233 47450 47500 47400 47500 95
20191203 1234 47500 47500 47500 47500 120
20191203 1235 47450 47500 47450 47500 152
20191203 1236 47500 47500 47450 47500 38
20191203 1237 47500 47500 47450 47500 98
20191203 1238 47500 47500 47500 47500 199
20191203 1239 47500 47500 47450 47500 197
20191203 1240 47500 47500 47450 47500 196
20191203 1241 47500 47550 47500 47550 256
20191203 1242 47550 47550 47500 47550 197
20191203 1243 47550 47550 47500 47550 169
20191203 1244 47550 47550 47500 47550 591
20191203 1245 47550 47550 47550 47550 79
20191203 1246 47550 47550 47500 47550 771
20191203 1247 47550 47550 47500 47550 62
20191203 1248 47550 47550 47500 47550 94
20191203 1249 47550 47600 47550 47600 168
20191203 1250 47600 47600 47550 47600 413
20191203 1251 47600 47600 47550 47550 109
20191203 1252 47550 47550 47500 47550 88
20191203 1253 47550 47600 47550 47600 240
20191203 1254 47600 47600 47550 47600 99
20191203 1255 47600 47600 47600 47600 86
20191203 1256 47600 47600 47550 47550 79
20191203 1257 47600 47600 47550 47600 211
20191203 1258 47600 47600 47550 47550 163
20191203 1259 47550 47600 47550 47550 602
20191203 1300 47550 47550 47500 47550 42
20191203 1301 47550 47550 47500 47500 114
20191203 1302 47550 47550 47500 47550 84
20191203 1303 47500 47550 47500 47550 304
20191203 1304 47550 47550 47500 47550 107
20191203 1305 47550 47550 47500 47550 104
20191203 1306 47550 47550 47500 47500 64
20191203 1307 47550 47550 47500 47550 221
20191203 1308 47500 47550 47500 47500 436
20191203 1309 47500 47550 47500 47500 182
20191203 1310 47500 47550 47450 47450 272
20191203 1311 47500 47550 47500 47550 9
20191203 1312 47550 47550 47500 47500 28
20191203 1313 47500 47550 47500 47550 138
20191203 1314 47550 47550 47500 47500 121
20191203 1315 47500 47550 47500 47500 46
20191203 1316 47500 47550 47500 47500 344
20191203 1317 47550 47550 47450 47450 75
20191203 1318 47500 47500 47450 47500 168
20191203 1319 47500 47500 47450 47500 270
20191203 1320 47500 47500 47450 47450 91
20191203 1321 47500 47500 47450 47450 213
20191203 1322 47450 47500 47450 47500 273
20191203 1323 47500 47500 47450 47500 60
20191203 1324 47500 47500 47450 47500 109
20191203 1325 47500 47500 47500 47500 87
20191203 1326 47500 47500 47450 47500 63
20191203 1327 47500 47500 47450 47500 274
20191203 1328 47500 47500 47450 47450 511
20191203 1329 47500 47500 47450 47450 351
20191203 1330 47450 47500 47450 47500 163
20191203 1331 47500 47500 47450 47500 60
20191203 1332 47500 47500 47450 47500 723
20191203 1333 47500 47500 47500 47500 186
20191203 1334 47450 47500 47450 47500 138
20191203 1335 47500 47500 47500 47500 64
20191203 1336 47500 47500 47450 47500 116
20191203 1337 47500 47550 47500 47550 459
20191203 1338 47550 47550 47500 47550 87
20191203 1339 47550 47550 47550 47550 56
20191203 1340 47550 47550 47500 47550 105
20191203 1341 47550 47550 47500 47500 170
20191203 1342 47550 47550 47550 47550 28
20191203 1343 47550 47550 47500 47550 143
20191203 1344 47550 47550 47450 47500 303
20191203 1345 47500 47500 47450 47500 42
20191203 1346 47500 47500 47500 47500 88
20191203 1347 47500 47500 47500 47500 206
20191203 1348 47500 47550 47450 47500 1166
20191203 1349 47550 47550 47550 47550 114
20191203 1350 47550 47550 47500 47550 67
20191203 1351 47550 47550 47500 47500 304
20191203 1352 47550 47550 47500 47500 168
20191203 1353 47550 47550 47500 47550 176
20191203 1354 47550 47550 47550 47550 86
20191203 1355 47550 47550 47500 47550 129
20191203 1356 47550 47550 47500 47550 70
20191203 1357 47550 47550 47500 47550 83
20191203 1358 47550 47550 47500 47500 179
20191203 1359 47550 47550 47500 47500 563
20191203 1400 47550 47550 47550 47550 11
20191203 1401 47500 47550 47500 47500 123
20191203 1402 47550 47550 47500 47550 267
20191203 1403 47550 47550 47500 47550 112
20191203 1404 47550 47550 47500 47550 117
20191203 1405 47550 47550 47500 47550 59
20191203 1406 47550 47550 47500 47550 50
20191203 1407 47500 47550 47500 47550 206
20191203 1408 47550 47550 47500 47550 606
20191203 1409 47550 47550 47500 47550 1656
20191203 1410 47550 47600 47550 47600 1913
20191203 1411 47600 47600 47550 47550 55
20191203 1412 47600 47600 47550 47600 595
20191203 1413 47550 47600 47550 47600 77
20191203 1414 47550 47600 47550 47600 44
20191203 1415 47600 47600 47550 47550 60
20191203 1416 47600 47600 47550 47550 131
20191203 1417 47550 47600 47550 47550 31
20191203 1418 47550 47600 47550 47600 102
20191203 1419 47550 47600 47550 47550 121
20191203 1420 47550 47600 47550 47550 124
20191203 1421 47550 47600 47550 47600 55
20191203 1422 47550 47600 47550 47550 193
20191203 1423 47550 47600 47550 47600 76
20191203 1424 47600 47600 47550 47600 355
20191203 1425 47600 47600 47550 47600 121
20191203 1426 47550 47600 47550 47600 284
20191203 1427 47600 47650 47600 47600 24
20191203 1428 47600 47650 47600 47600 92
20191203 1429 47650 47700 47600 47700 779
20191203 1430 47700 47700 47650 47650 73
20191203 1431 47700 47700 47650 47700 187
20191203 1432 47650 47700 47650 47700 58
20191203 1433 47700 47700 47650 47700 88
20191203 1434 47700 47700 47650 47650 188
20191203 1435 47700 47700 47650 47700 257
20191203 1436 47650 47700 47650 47650 30
20191203 1437 47700 47750 47650 47750 1773
20191203 1438 47750 47750 47700 47750 80
20191203 1439 47700 47750 47700 47750 3336
20191203 1440 47700 47750 47700 47750 218
20191203 1441 47700 47750 47700 47700 49
20191203 1442 47750 47750 47700 47750 162
20191203 1443 47750 47750 47700 47750 116
20191203 1444 47700 47750 47650 47700 982
20191203 1445 47700 47700 47600 47650 566
20191203 1446 47650 47650 47600 47600 292
20191203 1447 47600 47650 47600 47650 31
20191203 1448 47650 47650 47600 47600 64
20191203 1449 47650 47650 47600 47650 112
20191203 1450 47650 47650 47600 47650 81
20191203 1451 47650 47650 47600 47650 74
20191203 1452 47650 47650 47600 47600 86
20191203 1453 47650 47650 47600 47600 199
20191203 1454 47650 47650 47600 47650 129
20191203 1455 47600 47650 47600 47650 142
20191203 1456 47650 47650 47600 47650 116
20191203 1457 47600 47650 47600 47650 236
20191203 1458 47650 47650 47600 47650 133
20191203 1459 47650 47650 47600 47600 206
20191203 1500 47650 47650 47600 47650 126
20191203 1501 47600 47650 47600 47600 905
20191203 1502 47650 47650 47600 47650 649
20191203 1503 47650 47650 47600 47650 276
20191203 1504 47650 47650 47600 47600 254
20191203 1505 47600 47600 47550 47600 203
20191203 1506 47600 47600 47500 47600 3769
20191203 1507 47600 47600 47500 47550 1065
20191203 1508 47550 47550 47500 47550 483
20191203 1509 47550 47550 47500 47550 2170
20191203 1510 47550 47600 47500 47550 705
20191203 1511 47600 47600 47550 47600 155
20191203 1512 47600 47600 47550 47600 140
20191203 1513 47600 47600 47550 47550 198
20191203 1514 47600 47600 47550 47550 791
20191203 1515 47600 47600 47550 47600 558
20191203 1516 47600 47600 47550 47600 108
20191203 1517 47600 47600 47550 47550 111
20191203 1518 47550 47600 47550 47600 99
20191203 1519 47600 47600 47550 47600 155
20191203 1520 47600 47600 47550 47600 224
20191203 1530 47650 47650 47650 47650 7011
20191204 901 47200 47500 47200 47500 1607
20191204 902 47200 47200 46750 46850 2723
20191204 903 46850 47100 46850 47100 791
20191204 904 47100 47100 47000 47100 493
20191204 905 47100 47250 47050 47100 1456
20191204 906 47100 47100 47000 47000 276
20191204 907 47000 47050 47000 47000 122
20191204 908 47000 47050 46950 46950 823
20191204 909 46950 46950 46900 46900 382
20191204 910 46900 47000 46900 46950 497
20191204 911 46950 46950 46950 46950 148
20191204 912 46950 46950 46900 46900 303
20191204 913 46900 46950 46900 46950 111
20191204 914 46900 46900 46600 46650 4440
20191204 915 46650 46800 46650 46800 1292
20191204 916 46800 46900 46800 46850 357
20191204 917 46900 46900 46850 46900 52
20191204 918 46900 46900 46800 46800 292
20191204 919 46850 46850 46800 46850 252
20191204 920 46800 46800 46700 46700 1479
20191204 921 46650 46750 46650 46750 1266
20191204 922 46750 46950 46700 46950 2017
20191204 923 47000 47050 47000 47050 1088
20191204 924 47000 47100 47000 47100 307
20191204 925 47100 47400 47100 47400 1424
20191204 926 47250 47300 47150 47300 140
20191204 927 47300 47350 47150 47300 818
20191204 928 47300 47300 47100 47150 253
20191204 929 47100 47150 47100 47150 145
20191204 930 47150 47150 47100 47150 46
20191204 931 47150 47250 47100 47250 267
20191204 932 47100 47250 47100 47150 636
20191204 933 47100 47200 47100 47100 194
20191204 934 47150 47250 47100 47200 255
20191204 935 47200 47200 47150 47200 147
20191204 936 47150 47200 47100 47100 196
20191204 937 47050 47100 47050 47100 91
20191204 938 47100 47100 47050 47100 93
20191204 939 47100 47100 47050 47050 163
20191204 940 47100 47300 47050 47300 1985
20191204 941 47300 47300 47250 47250 114
20191204 942 47250 47250 47200 47250 159
20191204 943 47250 47250 47150 47150 258
20191204 944 47150 47300 47150 47300 679
20191204 945 47100 47300 47100 47300 59
20191204 946 47300 47350 47250 47350 347
20191204 947 47300 47400 47300 47350 117
20191204 948 47400 47400 47350 47350 205
20191204 949 47350 47450 47300 47400 193
20191204 950 47400 47400 47350 47350 142
20191204 951 47400 47400 47300 47350 167
20191204 952 47350 47350 47300 47350 137
20191204 953 47350 47350 47300 47350 129
20191204 954 47350 47400 47300 47350 242
20191204 955 47350 47350 47200 47250 141
20191204 956 47250 47300 47200 47200 215
20191204 957 47300 47350 47200 47350 395
20191204 958 47350 47400 47200 47250 254
20191204 959 47250 47400 47250 47350 148
20191204 1000 47400 47400 47300 47300 317
20191204 1001 47350 47350 47300 47350 384
20191204 1002 47350 47350 47300 47300 328
20191204 1003 47300 47350 47300 47300 175
20191204 1004 47300 47350 47250 47300 266
20191204 1005 47300 47400 47300 47300 171
20191204 1006 47350 47450 47350 47400 656
20191204 1007 47400 47400 47350 47400 174
20191204 1008 47400 47400 47250 47250 691
20191204 1009 47300 47350 47250 47300 350
20191204 1010 47350 47350 47100 47100 305
20191204 1011 47100 47100 46950 46950 1080
20191204 1012 47000 47150 47000 47000 589
20191204 1013 47000 47050 46850 46900 465
20191204 1014 46950 47000 46950 46950 79
20191204 1015 47000 47000 46950 46950 284
20191204 1016 46900 46950 46900 46950 140
20191204 1017 47000 47000 46950 47000 181
20191204 1018 47000 47000 46850 46900 440
20191204 1019 46900 46900 46700 46850 1197
20191204 1020 46850 46850 46800 46850 654
20191204 1021 46850 46850 46800 46800 217
20191204 1022 46800 46850 46800 46850 259
20191204 1023 46850 46850 46800 46800 205
20191204 1024 46800 46850 46800 46850 276
20191204 1025 46850 46900 46850 46900 464
20191204 1026 46850 47000 46850 46950 1315
20191204 1027 47000 47000 46850 46950 202
20191204 1028 46900 46950 46800 46950 208
20191204 1029 46950 47000 46900 46900 335
20191204 1030 47000 47000 46950 47000 159
20191204 1031 47000 47000 46950 47000 39
20191204 1032 46950 47050 46950 47050 603
20191204 1033 47050 47050 47000 47050 134
20191204 1034 47050 47050 47000 47050 75
20191204 1035 47050 47050 47000 47000 87
20191204 1036 47050 47050 47000 47000 171
20191204 1037 47050 47050 47000 47050 236
20191204 1038 47000 47100 47000 47050 146
20191204 1039 47050 47100 47000 47050 174
20191204 1040 47000 47050 47000 47050 86
20191204 1041 47000 47050 47000 47000 142
20191204 1042 47050 47050 46800 46850 1596
20191204 1043 46850 46850 46800 46800 142
20191204 1044 46800 46850 46800 46800 369
20191204 1045 46800 46800 46750 46750 509
20191204 1046 46750 46800 46750 46750 126
20191204 1047 46750 46750 46700 46700 49
20191204 1048 46750 46750 46700 46750 189
20191204 1049 46700 46750 46700 46700 128
20191204 1050 46700 46750 46700 46750 1970
20191204 1051 46700 46750 46700 46700 309
20191204 1052 46700 46750 46700 46750 158
20191204 1053 46750 46750 46700 46750 70
20191204 1054 46700 46750 46700 46700 1396
20191204 1055 46650 46700 46650 46700 913
20191204 1056 46700 46750 46700 46700 91
20191204 1057 46750 46750 46700 46750 314
20191204 1058 46750 46800 46750 46750 58
20191204 1059 46750 46750 46700 46750 99
20191204 1100 46750 46750 46700 46700 134
20191204 1101 46700 46750 46700 46700 153
20191204 1102 46700 46750 46700 46700 68
20191204 1103 46750 46750 46700 46700 108
20191204 1104 46750 46750 46700 46750 107
20191204 1105 46700 46750 46700 46700 197
20191204 1106 46700 46750 46700 46750 231
20191204 1107 46700 46750 46700 46700 321
20191204 1108 46700 46750 46700 46700 33
20191204 1109 46700 46750 46700 46750 283
20191204 1110 46800 46800 46750 46750 72
20191204 1111 46800 46800 46750 46750 15
20191204 1112 46750 46800 46700 46750 238
20191204 1113 46750 46750 46700 46700 58
20191204 1114 46700 46750 46700 46700 35
20191204 1115 46700 46750 46700 46700 122
20191204 1116 46700 46750 46700 46700 73
20191204 1117 46700 46750 46700 46750 20
20191204 1118 46750 46750 46700 46700 111
20191204 1119 46700 46750 46700 46700 100
20191204 1120 46700 46750 46700 46750 37
20191204 1121 46700 46750 46700 46750 159
20191204 1122 46700 46750 46700 46700 860
20191204 1123 46700 46700 46650 46700 119
20191204 1124 46650 46700 46600 46650 478
20191204 1125 46650 46650 46550 46550 3776
20191204 1126 46600 46600 46550 46600 146
20191204 1127 46600 46600 46500 46550 725
20191204 1128 46550 46550 46500 46550 323
20191204 1129 46500 46550 46500 46550 149
20191204 1130 46500 46550 46500 46500 300
20191204 1131 46500 46550 46500 46550 514
20191204 1132 46600 46600 46550 46600 78
20191204 1133 46600 46750 46600 46700 642
20191204 1134 46750 46750 46700 46750 98
20191204 1135 46750 46750 46700 46750 92
20191204 1136 46750 46750 46650 46650 334
20191204 1137 46650 46650 46600 46600 79
20191204 1138 46600 46650 46600 46650 15
20191204 1139 46650 46650 46600 46600 135
20191204 1140 46650 46650 46600 46600 407
20191204 1141 46650 46650 46550 46600 698
20191204 1142 46550 46550 46500 46550 264
20191204 1143 46550 46700 46500 46700 1605
20191204 1144 46700 46700 46650 46700 38
20191204 1145 46700 46700 46650 46700 230
20191204 1146 46700 46700 46650 46700 174
20191204 1147 46750 46750 46700 46750 74
20191204 1148 46750 46750 46700 46700 239
20191204 1149 46700 46750 46700 46700 99
20191204 1150 46750 46800 46750 46800 82
20191204 1151 46750 46800 46750 46750 194
20191204 1152 46750 46800 46700 46800 232
20191204 1153 46750 46800 46750 46750 87
20191204 1154 46750 46800 46700 46700 141
20191204 1155 46750 46750 46700 46750 152
20191204 1156 46750 46750 46700 46700 15
20191204 1157 46750 46750 46700 46700 116
20191204 1158 46750 46750 46700 46750 132
20191204 1159 46750 46750 46550 46600 702
20191204 1200 46600 46600 46550 46600 205
20191204 1201 46600 46750 46550 46750 201
20191204 1202 46750 46750 46600 46600 256
20191204 1203 46600 46600 46450 46500 3375
20191204 1204 46500 46650 46500 46650 137
20191204 1205 46650 46650 46650 46650 33
20191204 1206 46650 46650 46500 46500 258
20191204 1207 46500 46600 46500 46600 144
20191204 1208 46600 46650 46600 46650 122
20191204 1209 46600 46700 46600 46650 128
20191204 1210 46650 46700 46600 46650 205
20191204 1211 46650 46650 46600 46650 108
20191204 1212 46600 46650 46600 46600 598
20191204 1213 46600 46600 46550 46550 170
20191204 1214 46600 46600 46450 46500 898
20191204 1215 46550 46550 46500 46500 112
20191204 1216 46550 46600 46550 46600 267
20191204 1217 46600 46600 46600 46600 309
20191204 1218 46600 46600 46500 46550 235
20191204 1219 46550 46550 46500 46550 175
20191204 1220 46600 46600 46550 46600 75
20191204 1221 46550 46600 46550 46600 103
20191204 1222 46600 46600 46550 46550 86
20191204 1223 46600 46600 46550 46600 157
20191204 1224 46550 46600 46550 46550 147
20191204 1225 46550 46700 46550 46700 451
20191204 1226 46700 46700 46650 46650 105
20191204 1227 46700 46700 46650 46650 102
20191204 1228 46650 46700 46650 46700 113
20191204 1229 46700 46750 46700 46700 221
20191204 1230 46700 46750 46700 46700 256
20191204 1231 46700 46750 46600 46600 81
20191204 1232 46650 46650 46600 46600 127
20191204 1233 46600 46650 46550 46550 94
20191204 1234 46600 46600 46550 46600 187
20191204 1235 46600 46600 46600 46600 69
20191204 1236 46550 46600 46500 46500 324
20191204 1237 46500 46550 46500 46550 72
20191204 1238 46550 46550 46500 46500 79
20191204 1239 46500 46550 46500 46500 229
20191204 1240 46500 46550 46500 46550 425
20191204 1241 46550 46650 46550 46600 82
20191204 1242 46600 46650 46600 46600 104
20191204 1243 46650 46650 46600 46600 74
20191204 1244 46650 46650 46600 46600 40
20191204 1245 46600 46650 46600 46600 116
20191204 1246 46600 46650 46600 46650 187
20191204 1247 46600 46650 46600 46650 59
20191204 1248 46600 46650 46600 46650 370
20191204 1249 46650 46800 46650 46750 1136
20191204 1250 46750 46800 46750 46800 3
20191204 1251 46750 46800 46700 46700 186
20191204 1252 46700 46750 46700 46700 63
20191204 1253 46700 46700 46650 46650 91
20191204 1254 46650 46700 46650 46650 121
20191204 1255 46650 46700 46600 46600 65
20191204 1256 46650 46650 46600 46600 56
20191204 1257 46600 46650 46600 46650 205
20191204 1258 46650 46650 46600 46600 106
20191204 1259 46600 46650 46600 46600 64
20191204 1300 46600 46650 46600 46600 192
20191204 1301 46600 46650 46600 46600 96
20191204 1302 46600 46650 46600 46650 95
20191204 1303 46600 46650 46600 46650 116
20191204 1304 46600 46650 46600 46650 115
20191204 1305 46650 46650 46600 46600 166
20191204 1306 46650 46650 46600 46600 161
20191204 1307 46600 46650 46600 46650 116
20191204 1308 46650 46650 46600 46600 88
20191204 1309 46600 46650 46550 46600 293
20191204 1310 46550 46600 46550 46600 222
20191204 1311 46550 46600 46550 46600 69
20191204 1312 46600 46600 46550 46600 79
20191204 1313 46600 46600 46550 46600 112
20191204 1314 46600 46600 46550 46550 474
20191204 1315 46600 46600 46550 46600 161
20191204 1316 46600 46600 46550 46550 83
20191204 1317 46550 46600 46500 46500 176
20191204 1318 46550 46550 46500 46550 69
20191204 1319 46500 46500 46450 46450 1099
20191204 1320 46450 46450 46400 46400 887
20191204 1321 46400 46450 46350 46350 2113
20191204 1322 46350 46400 46350 46350 186
20191204 1323 46400 46500 46400 46500 1668
20191204 1324 46500 46550 46450 46550 310
20191204 1325 46550 46650 46550 46600 340
20191204 1326 46600 46600 46550 46550 116
20191204 1327 46500 46550 46450 46500 160
20191204 1328 46450 46500 46450 46500 106
20191204 1329 46500 46500 46450 46500 108
20191204 1330 46500 46500 46450 46450 303
20191204 1331 46450 46500 46450 46500 396
20191204 1332 46450 46500 46450 46500 126
20191204 1333 46500 46500 46450 46450 83
20191204 1334 46450 46500 46450 46500 189
20191204 1335 46450 46500 46450 46450 166
20191204 1336 46500 46500 46450 46450 149
20191204 1337 46450 46450 46400 46400 106
20191204 1338 46450 46450 46400 46450 119
20191204 1339 46450 46450 46400 46450 77
20191204 1340 46400 46450 46350 46350 1243
20191204 1341 46350 46400 46350 46350 422
20191204 1342 46350 46400 46350 46350 144
20191204 1343 46350 46400 46350 46400 259
20191204 1344 46350 46400 46350 46400 111
20191204 1345 46350 46350 46200 46200 2817
20191204 1346 46200 46200 46100 46150 1845
20191204 1347 46150 46150 46100 46100 230
20191204 1348 46100 46150 46100 46100 991
20191204 1349 46100 46150 46100 46100 297
20191204 1350 46100 46150 46100 46100 387
20191204 1351 46100 46150 46100 46100 371
20191204 1352 46100 46150 46100 46100 1235
20191204 1353 46100 46150 46050 46100 465
20191204 1354 46050 46100 46000 46050 1278
20191204 1355 46000 46050 45900 45900 1559
20191204 1356 45900 45900 45750 45800 1342
20191204 1357 45800 45800 45700 45750 2107
20191204 1358 45700 45750 45650 45750 10676
20191204 1359 45750 45900 45750 45850 2098
20191204 1400 45850 45850 45800 45850 1227
20191204 1401 45850 45850 45800 45800 1069
20191204 1402 45800 45850 45800 45850 974
20191204 1403 45850 45850 45750 45750 1367
20191204 1404 45750 45850 45750 45800 2812
20191204 1405 45800 45850 45800 45800 1100
20191204 1406 45800 45850 45700 45750 2145
20191204 1407 45750 45800 45600 45600 3173
20191204 1408 45600 45700 45600 45700 1220
20191204 1409 45650 45700 45650 45700 1398
20191204 1410 45700 45700 45600 45650 1754
20191204 1411 45600 45650 45600 45650 1029
20191204 1412 45600 45650 45600 45600 903
20191204 1413 45600 45650 45400 45400 3316
20191204 1414 45400 45400 45300 45400 1691
20191204 1415 45400 45450 45350 45400 1128
20191204 1416 45350 45400 45300 45350 1497
20191204 1417 45300 45350 45300 45300 795
20191204 1418 45300 45350 45300 45300 1199
20191204 1419 45300 45350 45250 45250 1446
20191204 1420 45300 45300 45050 45100 4354
20191204 1421 45100 45100 45050 45050 2190
20191204 1422 45100 45100 45000 45050 4349
20191204 1423 45050 45100 45000 45100 4159
20191204 1424 45100 45200 45050 45200 1199
20191204 1425 45200 45400 45150 45200 1362
20191204 1426 45250 45250 45150 45150 785
20191204 1427 45200 45300 45150 45250 984
20191204 1428 45250 45300 45150 45250 1727
20191204 1429 45250 45250 45200 45200 1071
20191204 1430 45200 45250 45200 45200 729
20191204 1431 45200 45300 45200 45300 1838
20191204 1432 45300 45300 45200 45250 749
20191204 1433 45250 45300 45200 45250 707
20191204 1434 45250 45350 45250 45300 1660
20191204 1435 45300 45400 45300 45400 1490
20191204 1436 45400 45500 45350 45500 1476
20191204 1437 45450 45600 45400 45450 1754
20191204 1438 45500 45500 45350 45400 1162
20191204 1439 45350 45450 45350 45450 729
20191204 1440 45400 45450 45350 45400 753
20191204 1441 45400 45600 45400 45600 2541
20191204 1442 45600 45650 45550 45600 803
20191204 1443 45600 45750 45550 45650 1799
20191204 1444 45650 45750 45650 45700 1455
20191204 1445 45700 45750 45650 45700 1318
20191204 1446 45750 45750 45600 45650 1107
20191204 1447 45650 45700 45650 45700 805
20191204 1448 45650 45800 45650 45750 2376
20191204 1449 45700 45750 45700 45700 785
20191204 1450 45700 45800 45700 45800 1019
20191204 1451 45800 45800 45700 45800 541
20191204 1452 45800 45800 45650 45700 1212
20191204 1453 45700 45700 45650 45650 904
20191204 1454 45650 45700 45600 45700 1051
20191204 1455 45700 45700 45500 45500 3606
20191204 1456 45500 45500 45400 45500 1011
20191204 1457 45500 45550 45400 45550 622
20191204 1458 45550 45600 45400 45600 2275
20191204 1459 45600 45700 45550 45650 3129
20191204 1500 45650 45800 45600 45650 2321
20191204 1501 45600 45750 45600 45750 1889
20191204 1502 45750 45850 45750 45800 1653
20191204 1503 45800 45850 45750 45850 1985
20191204 1504 45850 45850 45750 45850 583
20191204 1505 45850 46000 45800 46000 1816
20191204 1506 46000 46050 45900 46000 2780
20191204 1507 46000 46100 45850 46000 3906
20191204 1508 46050 46050 45900 46000 2507
20191204 1509 46000 46050 45900 46050 2169
20191204 1510 46050 46100 46000 46100 1162
20191204 1511 46100 46100 46000 46050 1959
20191204 1512 46100 46100 46050 46100 353
20191204 1513 46100 46100 46000 46100 1170
20191204 1514 46100 46100 46000 46100 786
20191204 1515 46100 46100 46050 46100 485
20191204 1516 46050 46150 46000 46150 1485
20191204 1517 46150 46150 45750 46050 3374
20191204 1518 46050 46100 46000 46050 948
20191204 1519 46050 46100 46050 46100 735
20191204 1520 46100 46100 46050 46100 1182
20191204 1530 46100 46100 46100 46100 6975
20191205 901 46100 46300 46100 46300 2823
20191205 902 46250 46350 46250 46250 1472
20191205 903 46250 46300 46200 46200 457
20191205 904 46150 46150 46050 46150 790
20191205 905 46150 46200 46100 46150 990
20191205 906 46150 46200 46100 46150 930
20191205 907 46150 46150 45800 45800 1317
20191205 908 45850 45850 45750 45800 1040
20191205 909 45800 45800 45600 45600 1203
20191205 910 45600 45700 45550 45700 854
20191205 911 45700 45750 45600 45650 544
20191205 912 45650 45650 45600 45600 660
20191205 913 45650 45700 45600 45700 417
20191205 914 45700 45750 45700 45700 448
20191205 915 45700 45700 45650 45700 316
20191205 916 45700 45700 45550 45600 1068
20191205 917 45600 45600 45550 45550 407
20191205 918 45600 45600 45400 45500 1511
20191205 919 45500 45550 45500 45500 332
20191205 920 45500 45550 45400 45400 696
20191205 921 45400 45450 45300 45300 1199
20191205 922 45350 45450 45300 45450 996
20191205 923 45400 45550 45400 45500 286
20191205 924 45500 45650 45450 45600 2379
20191205 925 45600 45650 45600 45650 519
20191205 926 45600 45650 45600 45650 347
20191205 927 45600 45650 45600 45600 267
20191205 928 45600 45650 45550 45600 348
20191205 929 45550 45600 45500 45500 500
20191205 930 45550 45550 45500 45500 841
20191205 931 45500 45500 45450 45450 323
20191205 932 45400 45400 45350 45400 452
20191205 933 45350 45400 45300 45300 1929
20191205 934 45300 45350 45250 45250 1378
20191205 935 45250 45300 45000 45050 7685
20191205 936 45050 45200 45000 45200 2192
20191205 937 45250 45300 45100 45250 1568
20191205 938 45200 45200 45150 45200 1173
20191205 939 45150 45300 45150 45250 2357
20191205 940 45250 45300 45200 45300 701
20191205 941 45300 45300 45200 45200 1170
20191205 942 45200 45250 45200 45200 188
20191205 943 45200 45250 45150 45200 648
20191205 944 45200 45300 45200 45250 246
20191205 945 45300 45300 45250 45300 133
20191205 946 45250 45350 45250 45350 416
20191205 947 45350 45450 45350 45450 335
20191205 948 45400 45500 45400 45400 3126
20191205 949 45400 45400 45300 45350 621
20191205 950 45400 45400 45300 45350 203
20191205 951 45300 45400 45300 45400 221
20191205 952 45300 45350 45300 45300 83
20191205 953 45300 45350 45300 45350 263
20191205 954 45350 45400 45300 45400 519
20191205 955 45400 45400 45350 45350 227
20191205 956 45350 45550 45350 45500 1553
20191205 957 45550 45550 45500 45500 432
20191205 958 45550 45600 45500 45550 590
20191205 959 45600 45600 45550 45550 676
20191205 1000 45600 45650 45550 45650 192
20191205 1001 45600 45650 45600 45650 299
20191205 1002 45600 45650 45500 45600 699
20191205 1003 45600 45600 45550 45600 176
20191205 1004 45600 45600 45500 45550 171
20191205 1005 45550 45550 45500 45550 225
20191205 1006 45600 45600 45550 45600 174
20191205 1007 45600 45600 45550 45600 460
20191205 1008 45600 45600 45550 45600 171
20191205 1009 45600 45800 45600 45650 3151
20191205 1010 45650 45800 45650 45750 142
20191205 1011 45750 45750 45700 45750 167
20191205 1012 45700 45750 45700 45750 185
20191205 1013 45750 45800 45750 45750 251
20191205 1014 45750 45850 45750 45800 334
20191205 1015 45800 45800 45700 45800 236
20191205 1016 45800 45800 45700 45750 246
20191205 1017 45750 45800 45700 45750 225
20191205 1018 45700 45750 45650 45650 244
20191205 1019 45650 45700 45650 45700 249
20191205 1020 45650 45650 45550 45550 658
20191205 1021 45550 45600 45550 45600 234
20191205 1022 45550 45600 45450 45500 484
20191205 1023 45450 45600 45450 45550 256
20191205 1024 45550 45650 45550 45600 205
20191205 1025 45600 45700 45600 45700 366
20191205 1026 45650 45700 45600 45600 302
20191205 1027 45650 45650 45500 45550 279
20191205 1028 45500 45600 45350 45400 2224
20191205 1029 45400 45450 45400 45450 572
20191205 1030 45450 45500 45350 45500 503
20191205 1031 45500 45500 45450 45450 538
20191205 1032 45450 45550 45450 45550 425
20191205 1033 45550 45550 45500 45500 434
20191205 1034 45550 45550 45500 45550 332
20191205 1035 45550 45550 45500 45500 265
20191205 1036 45500 45550 45500 45500 446
20191205 1037 45500 45550 45500 45550 350
20191205 1038 45500 45550 45500 45550 432
20191205 1039 45550 45550 45500 45500 303
20191205 1040 45550 45550 45500 45550 486
20191205 1041 45550 45550 45500 45550 91
20191205 1042 45550 45550 45500 45550 535
20191205 1043 45550 45550 45500 45550 308
20191205 1044 45550 45550 45500 45500 261
20191205 1045 45500 45550 45450 45500 496
20191205 1046 45550 45550 45500 45500 214
20191205 1047 45500 45600 45500 45550 286
20191205 1048 45600 45600 45500 45600 1600
20191205 1049 45600 45850 45600 45800 1703
20191205 1050 45850 45900 45750 45850 644
20191205 1051 45850 45950 45850 45900 785
20191205 1052 45900 45900 45800 45850 251
20191205 1053 45900 45900 45850 45900 336
20191205 1054 45850 45900 45850 45900 161
20191205 1055 45900 46000 45900 45950 431
20191205 1056 46000 46000 45900 45900 280
20191205 1057 46000 46000 45950 45950 500
20191205 1058 45950 46000 45950 46000 351
20191205 1059 46000 46050 45950 46050 276
20191205 1100 46000 46100 46000 46050 745
20191205 1101 46050 46100 46000 46000 1312
20191205 1102 46000 46050 46000 46000 95
20191205 1103 46050 46050 45950 46000 548
20191205 1104 45950 46000 45950 45950 357
20191205 1105 46000 46000 45950 45950 251
20191205 1106 45950 46000 45950 46000 194
20191205 1107 45950 46000 45950 45950 345
20191205 1108 46000 46050 45950 46050 613
20191205 1109 46050 46150 46050 46150 280
20191205 1110 46150 46200 46150 46150 507
20191205 1111 46150 46200 46150 46200 42
20191205 1112 46150 46150 46100 46100 297
20191205 1113 46100 46150 46100 46150 282
20191205 1114 46100 46150 46100 46150 237
20191205 1115 46150 46150 46100 46100 457
20191205 1116 46050 46100 46000 46000 579
20191205 1117 46000 46050 46000 46000 358
20191205 1118 46000 46050 46000 46000 2499
20191205 1119 46000 46050 45950 45950 489
20191205 1120 46000 46000 45950 45950 219
20191205 1121 46000 46000 45950 46000 310
20191205 1122 45950 46000 45950 45950 278
20191205 1123 45950 46000 45950 46000 233
20191205 1124 45950 46000 45950 46000 271
20191205 1125 46000 46000 45950 46000 300
20191205 1126 46000 46000 45900 45900 141
20191205 1127 45950 46000 45900 46000 298
20191205 1128 46000 46000 45950 46000 239
20191205 1129 46000 46000 45950 45950 273
20191205 1130 45950 46000 45950 45950 182
20191205 1131 45950 46050 45950 46050 237
20191205 1132 46000 46050 46000 46050 257
20191205 1133 46050 46050 46000 46050 206
20191205 1134 46050 46050 46000 46000 205
20191205 1135 46000 46050 46000 46000 212
20191205 1136 46000 46050 46000 46050 209
20191205 1137 46050 46050 46000 46050 278
20191205 1138 46000 46050 46000 46000 134
20191205 1139 46050 46050 46000 46000 393
20191205 1140 45950 46050 45950 46000 399
20191205 1141 46000 46050 46000 46000 212
20191205 1142 46000 46100 46000 46050 2085
20191205 1143 46100 46100 46000 46100 397
20191205 1144 46050 46100 46050 46100 221
20191205 1145 46050 46050 46000 46000 81
20191205 1146 46000 46050 45950 45950 832
20191205 1147 46000 46000 45950 46000 287
20191205 1148 45950 46000 45950 46000 132
20191205 1149 46000 46050 45900 46000 351
20191205 1150 46000 46050 46000 46000 132
20191205 1151 46000 46050 45900 45900 319
20191205 1152 45950 45950 45900 45900 128
20191205 1153 45900 45900 45850 45850 935
20191205 1154 45900 45900 45800 45800 390
20191205 1155 45800 45850 45800 45800 184
20191205 1156 45800 45850 45750 45800 408
20191205 1157 45800 45850 45750 45850 295
20191205 1158 45800 45900 45800 45850 248
20191205 1159 45850 45900 45800 45800 201
20191205 1200 45800 45800 45750 45800 329
20191205 1201 45800 45800 45650 45650 595
20191205 1202 45650 45700 45650 45650 833
20191205 1203 45600 45650 45550 45550 886
20191205 1204 45550 45650 45500 45600 1126
20191205 1205 45600 45600 45500 45500 996
20191205 1206 45500 45550 45500 45500 210
20191205 1207 45500 45550 45450 45500 310
20191205 1208 45450 45550 45450 45550 650
20191205 1209 45600 45750 45550 45750 1029
20191205 1210 45750 45800 45700 45750 179
20191205 1211 45800 45800 45750 45750 192
20191205 1212 45750 45800 45750 45800 114
20191205 1213 45750 45750 45650 45650 479
20191205 1214 45650 45700 45650 45700 215
20191205 1215 45650 45700 45650 45650 161
20191205 1216 45700 45750 45650 45750 546
20191205 1217 45700 45750 45700 45700 514
20191205 1218 45700 45700 45650 45650 273
20191205 1219 45650 45650 45600 45650 374
20191205 1220 45600 45600 45500 45500 1165
20191205 1221 45550 45550 45500 45550 279
20191205 1222 45550 45550 45500 45500 707
20191205 1223 45450 45550 45450 45550 949
20191205 1224 45550 45550 45500 45550 233
20191205 1225 45600 45650 45600 45650 413
20191205 1226 45600 45650 45600 45650 221
20191205 1227 45650 45700 45600 45700 381
20191205 1228 45650 45850 45650 45850 1029
20191205 1229 45800 45850 45800 45800 181
20191205 1230 45850 45850 45800 45850 360
20191205 1231 45850 45900 45850 45850 341
20191205 1232 45850 45950 45850 45900 781
20191205 1233 45950 45950 45900 45900 223
20191205 1234 45850 45950 45850 45900 187
20191205 1235 45950 45950 45900 45900 260
20191205 1236 45900 45900 45800 45800 184
20191205 1237 45850 45900 45800 45850 270
20191205 1238 45850 45900 45800 45800 496
20191205 1239 45800 45800 45550 45600 1681
20191205 1240 45550 45600 45550 45550 428
20191205 1241 45550 45600 45550 45550 172
20191205 1242 45550 45550 45500 45500 318
20191205 1243 45550 45550 45550 45550 154
20191205 1244 45550 45650 45550 45600 326
20191205 1245 45600 45650 45550 45550 179
20191205 1246 45550 45600 45550 45600 247
20191205 1247 45550 45600 45550 45550 113
20191205 1248 45550 45600 45550 45600 247
20191205 1249 45600 45650 45600 45650 219
20191205 1250 45600 45750 45600 45750 557
20191205 1251 45800 45800 45700 45700 331
20191205 1252 45750 45800 45750 45750 147
20191205 1253 45750 45800 45750 45750 311
20191205 1254 45800 45800 45750 45800 153
20191205 1255 45750 45800 45750 45750 320
20191205 1256 45750 45750 45700 45700 690
20191205 1257 45750 45750 45650 45650 400
20191205 1258 45650 45700 45650 45650 176
20191205 1259 45650 45650 45600 45650 726
20191205 1300 45650 45700 45650 45700 779
20191205 1301 45700 45750 45700 45700 297
20191205 1302 45700 45750 45700 45700 178
20191205 1303 45700 45750 45700 45700 99
20191205 1304 45700 45750 45700 45700 486
20191205 1305 45650 45700 45650 45650 145
20191205 1306 45650 45700 45650 45650 205
20191205 1307 45650 45700 45650 45650 1079
20191205 1308 45650 45700 45650 45650 174
20191205 1309 45700 45850 45700 45800 2902
20191205 1310 45850 46050 45850 46050 1691
20191205 1311 46050 46050 46000 46000 534
20191205 1312 46050 46050 46000 46000 272
20191205 1313 46000 46050 46000 46000 140
20191205 1314 46000 46050 46000 46000 243
20191205 1315 46000 46050 45900 45900 782
20191205 1316 45950 45950 45850 45900 403
20191205 1317 45950 46000 45900 45950 461
20191205 1318 46000 46000 45950 45950 80
20191205 1319 45950 46000 45950 45950 435
20191205 1320 45950 45950 45850 45850 379
20191205 1321 45900 46000 45850 45950 1142
20191205 1322 46000 46100 46000 46100 259
20191205 1323 46100 46100 46000 46000 361
20191205 1324 46000 46050 46000 46050 488
20191205 1325 46050 46050 46000 46000 157
20191205 1326 46000 46050 45950 45950 666
20191205 1327 45900 45950 45900 45950 203
20191205 1328 46000 46000 45950 45950 148
20191205 1329 46000 46000 45950 45950 274
20191205 1330 45950 46000 45900 45950 316
20191205 1331 45900 46000 45900 45950 233
20191205 1332 46000 46000 45900 45900 208
20191205 1333 45900 45950 45900 45950 280
20191205 1334 46000 46000 45950 45950 344
20191205 1335 46000 46050 46000 46050 64
20191205 1336 46000 46050 46000 46000 227
20191205 1337 46000 46050 45950 45950 455
20191205 1338 45950 45950 45900 45950 262
20191205 1339 46000 46050 45950 46000 288
20191205 1340 46000 46000 45950 46000 245
20191205 1341 46000 46000 45950 46000 201
20191205 1342 45950 46000 45950 45950 47
20191205 1343 45950 46000 45950 46000 342
20191205 1344 46000 46000 45950 45950 567
20191205 1345 45950 46000 45900 45900 244
20191205 1346 45950 45950 45900 45950 297
20191205 1347 45900 46000 45900 46000 435
20191205 1348 46000 46000 45850 45850 1089
20191205 1349 45900 45900 45850 45900 433
20191205 1350 45950 45950 45900 45900 310
20191205 1351 45950 45950 45900 45950 365
20191205 1352 45900 46000 45900 45950 299
20191205 1353 46000 46000 45950 46000 209
20191205 1354 46000 46000 45950 45950 351
20191205 1355 46000 46050 45950 46000 942
20191205 1356 46000 46050 46000 46050 237
20191205 1357 46000 46050 46000 46050 324
20191205 1358 46000 46050 46000 46050 392
20191205 1359 46050 46050 46000 46050 479
20191205 1400 46050 46050 46000 46050 532
20191205 1401 46000 46100 46000 46050 390
20191205 1402 46100 46100 46000 46000 344
20191205 1403 46000 46100 46000 46050 216
20191205 1404 46100 46100 46050 46050 239
20191205 1405 46050 46100 46050 46100 371
20191205 1406 46050 46100 46050 46050 865
20191205 1407 46100 46100 46050 46100 886
20191205 1408 46100 46100 46000 46050 504
20191205 1409 46100 46100 46050 46050 225
20191205 1410 46100 46100 46000 46050 188
20191205 1411 46050 46100 46000 46050 391
20191205 1412 46100 46100 46050 46050 170
20191205 1413 46100 46100 46000 46050 499
20191205 1414 46050 46100 46000 46050 648
20191205 1415 46100 46100 46050 46050 577
20191205 1416 46000 46050 46000 46000 766
20191205 1417 46000 46050 46000 46000 735
20191205 1418 46050 46050 46000 46050 395
20191205 1419 46000 46050 46000 46050 319
20191205 1420 46050 46050 45950 46000 551
20191205 1421 46000 46000 45950 46000 247
20191205 1422 45950 46000 45950 46000 353
20191205 1423 45950 46000 45950 45950 261
20191205 1424 45950 46000 45950 45950 369
20191205 1425 46000 46000 45900 45900 638
20191205 1426 45900 45950 45900 45900 488
20191205 1427 45950 45950 45850 45900 391
20191205 1428 45850 45900 45850 45850 187
20191205 1429 45850 45900 45850 45900 230
20191205 1430 45850 45950 45850 45900 409
20191205 1431 45900 45950 45900 45950 517
20191205 1432 45950 45950 45900 45950 229
20191205 1433 45900 45900 45850 45900 527
20191205 1434 45900 45900 45850 45850 254
20191205 1435 45900 45950 45850 45950 634
20191205 1436 45950 45950 45900 45950 334
20191205 1437 45950 45950 45900 45900 200
20191205 1438 45950 46000 45950 46000 541
20191205 1439 46000 46000 45950 45950 238
20191205 1440 46000 46000 45950 46000 493
20191205 1441 45950 45950 45900 45950 1187
20191205 1442 45900 45950 45850 45900 555
20191205 1443 45850 45950 45850 45900 703
20191205 1444 45950 45950 45900 45900 879
20191205 1445 45950 45950 45900 45950 286
20191205 1446 45950 45950 45900 45900 394
20191205 1447 45900 45900 45850 45850 372
20191205 1448 45900 45900 45850 45900 256
20191205 1449 45900 46050 45900 45900 1122
20191205 1450 45950 45950 45900 45900 398
20191205 1451 45900 45950 45850 45950 461
20191205 1452 45900 46000 45900 46000 571
20191205 1453 46000 46000 45950 46000 208
20191205 1454 46000 46100 46000 46050 363
20191205 1455 46000 46000 45950 46000 450
20191205 1456 46000 46000 45950 46000 177
20191205 1457 46000 46000 45950 46000 217
20191205 1458 46000 46000 45900 45950 911
20191205 1459 45950 45950 45900 45950 369
20191205 1500 45950 46000 45900 46000 213
20191205 1501 46000 46000 45950 46000 173
20191205 1502 46000 46000 46000 46000 157
20191205 1503 46050 46050 46050 46050 163
20191205 1504 46000 46050 46000 46050 165
20191205 1505 46050 46050 46000 46050 347
20191205 1506 46050 46100 46050 46100 1154
20191205 1507 46100 46100 46050 46050 246
20191205 1508 46100 46100 46050 46100 815
20191205 1509 46100 46100 46050 46100 323
20191205 1510 46100 46100 46050 46100 261
20191205 1511 46100 46100 46050 46050 191
20191205 1512 46100 46150 46100 46150 853
20191205 1513 46150 46150 46050 46100 831
20191205 1514 46100 46100 46050 46100 323
20191205 1515 46100 46150 46100 46100 241
20191205 1516 46150 46200 46150 46200 1298
20191205 1517 46150 46250 46150 46200 858
20191205 1518 46150 46300 46150 46250 571
20191205 1519 46250 46350 46250 46350 1309
20191205 1520 46300 46350 46200 46350 733
20191205 1530 46150 46150 46150 46150 4211
20191206 901 46450 46650 46350 46350 1358
20191206 902 46350 46650 46350 46600 20741
20191206 903 46600 46600 46400 46450 228
20191206 904 46600 46600 46350 46350 176
20191206 905 46400 46600 46400 46600 15095
20191206 906 46400 46400 46150 46150 579
20191206 907 46150 46200 46000 46200 8300
20191206 908 46200 46200 46050 46100 364
20191206 909 46100 46100 46000 46000 534
20191206 910 46050 46050 45900 45900 10417
20191206 911 45900 45900 45850 45850 251
20191206 912 45850 45900 45850 45850 146
20191206 913 45850 45850 45600 45600 2636
20191206 914 45600 45950 45600 45950 1452
20191206 915 45950 46000 45750 45750 161
20191206 916 45750 45750 45700 45700 477
20191206 917 45700 45750 45450 45700 6574
20191206 918 45700 45750 45600 45750 7572
20191206 919 45750 45800 45700 45700 123
20191206 920 45700 45800 45700 45800 868
20191206 921 45800 45800 45700 45700 842
20191206 922 45750 45750 45650 45650 137
20191206 923 45650 45700 45600 45600 133
20191206 924 45600 45650 45600 45650 419
20191206 925 45650 45700 45650 45700 227
20191206 926 45700 45750 45650 45700 207
20191206 927 45700 45700 45650 45650 212
20191206 928 45650 45700 45650 45700 614
20191206 929 45700 45750 45650 45700 256
20191206 930 45650 45700 45650 45700 157
20191206 931 45700 45750 45700 45700 700
20191206 932 45750 45800 45750 45750 306
20191206 933 45800 45800 45750 45800 199
20191206 934 45750 45800 45750 45750 332
20191206 935 45750 45800 45700 45750 204
20191206 936 45750 45750 45700 45750 173
20191206 937 45750 45750 45650 45650 450
20191206 938 45650 45700 45650 45700 193
20191206 939 45650 45700 45650 45700 284
20191206 940 45650 45700 45650 45650 465
20191206 941 45650 45700 45650 45650 873
20191206 942 45700 45700 45650 45650 265
20191206 943 45650 45700 45650 45650 1902
20191206 944 45650 45700 45600 45600 1450
20191206 945 45550 45550 45500 45500 2466
20191206 946 45500 45550 45500 45500 772
20191206 947 45550 45600 45500 45550 2384
20191206 948 45550 45600 45550 45600 465
20191206 949 45600 45700 45600 45600 83
20191206 950 45600 45600 45550 45550 195
20191206 951 45550 45650 45550 45650 558
20191206 952 45650 45650 45600 45650 25
20191206 953 45650 45700 45600 45650 737
20191206 954 45600 45700 45550 45550 282
20191206 955 45550 45600 45500 45500 938
20191206 956 45500 45550 45450 45450 2555
20191206 957 45450 45500 45450 45450 179
20191206 958 45450 45450 45350 45400 1212
20191206 959 45400 45450 45350 45400 808
20191206 1000 45400 45450 45400 45400 374
20191206 1001 45400 45450 45400 45400 730
20191206 1002 45350 45450 45350 45350 559
20191206 1003 45400 45400 45350 45350 1499
20191206 1004 45350 45450 45350 45450 1110
20191206 1005 45400 45450 45350 45400 418
20191206 1006 45350 45400 45350 45350 978
20191206 1007 45400 45450 45350 45400 554
20191206 1008 45400 45450 45350 45350 269
20191206 1009 45350 45400 45350 45350 299
20191206 1010 45350 45400 45350 45400 242
20191206 1011 45400 45400 45350 45350 597
20191206 1012 45400 45400 45350 45400 700
20191206 1013 45400 45400 45350 45350 292
20191206 1014 45400 45400 45350 45400 519
20191206 1015 45350 45450 45350 45400 605
20191206 1016 45400 45500 45400 45500 720
20191206 1017 45450 45500 45450 45450 213
20191206 1018 45450 45500 45450 45450 147
20191206 1019 45450 45500 45450 45450 308
20191206 1020 45450 45500 45450 45450 280
20191206 1021 45450 45450 45400 45450 289
20191206 1022 45400 45450 45400 45450 172
20191206 1023 45450 45550 45450 45500 1057
20191206 1024 45500 45550 45500 45550 283
20191206 1025 45500 45550 45500 45550 231
20191206 1026 45550 45550 45500 45500 279
20191206 1027 45500 45550 45500 45500 189
20191206 1028 45500 45550 45500 45500 640
20191206 1029 45550 45550 45500 45550 712
20191206 1030 45500 45550 45500 45500 323
20191206 1031 45500 45550 45500 45550 384
20191206 1032 45500 45500 45450 45450 1238
20191206 1033 45400 45450 45350 45350 1889
20191206 1034 45350 45400 45250 45250 3541
20191206 1035 45250 45300 45250 45250 310
20191206 1036 45250 45300 45250 45250 625
20191206 1037 45250 45300 45250 45250 202
20191206 1038 45250 45300 45250 45300 1160
20191206 1039 45300 45350 45300 45350 225
20191206 1040 45400 45400 45300 45350 216
20191206 1041 45350 45350 45300 45350 447
20191206 1042 45400 45400 45350 45350 264
20191206 1043 45350 45350 45300 45300 377
20191206 1044 45300 45300 45300 45300 599
20191206 1045 45350 45350 45300 45350 181
20191206 1046 45300 45350 45300 45350 179
20191206 1047 45300 45350 45300 45300 347
20191206 1048 45300 45350 45300 45300 331
20191206 1049 45300 45350 45250 45250 638
20191206 1050 45300 45300 45250 45250 1041
20191206 1051 45250 45250 45200 45250 704
20191206 1052 45250 45250 45200 45250 205
20191206 1053 45200 45250 45200 45200 667
20191206 1054 45200 45250 45200 45200 176
20191206 1055 45200 45250 45200 45200 311
20191206 1056 45200 45250 45200 45250 554
20191206 1057 45300 45300 45200 45250 739
20191206 1058 45250 45300 45200 45250 306
20191206 1059 45250 45300 45250 45250 381
20191206 1100 45250 45300 45250 45250 298
20191206 1101 45250 45250 45250 45250 44
20191206 1102 45200 45250 45200 45250 188
20191206 1103 45200 45200 45150 45150 1656
20191206 1104 45200 45200 45150 45200 262
20191206 1105 45150 45200 45150 45200 664
20191206 1106 45250 45250 45200 45200 230
20191206 1107 45250 45250 45200 45200 146
20191206 1108 45250 45250 45200 45250 637
20191206 1109 45250 45250 45200 45200 96
20191206 1110 45250 45250 45200 45200 292
20191206 1111 45200 45250 45200 45200 285
20191206 1112 45250 45250 45200 45200 125
20191206 1113 45200 45250 45200 45200 214
20191206 1114 45200 45250 45200 45200 348
20191206 1115 45200 45250 45200 45200 232
20191206 1116 45200 45250 45200 45200 431
20191206 1117 45250 45250 45200 45250 422
20191206 1118 45200 45250 45200 45200 312
20191206 1119 45200 45250 45200 45200 155
20191206 1120 45200 45250 45200 45250 674
20191206 1121 45200 45250 45200 45200 236
20191206 1122 45200 45250 45150 45150 206
20191206 1123 45150 45200 45150 45200 476
20191206 1124 45200 45200 45150 45150 667
20191206 1125 45150 45200 45150 45150 307
20191206 1126 45200 45200 45150 45150 221
20191206 1127 45150 45200 45150 45200 387
20191206 1128 45200 45200 45150 45150 184
20191206 1129 45150 45200 45150 45150 422
20191206 1130 45150 45200 45150 45200 151
20191206 1131 45150 45200 45150 45150 457
20191206 1132 45150 45200 45150 45150 408
20191206 1133 45150 45200 45150 45150 286
20191206 1134 45150 45200 45150 45150 164
20191206 1135 45150 45200 45150 45150 416
20191206 1136 45200 45200 45150 45150 169
20191206 1137 45150 45200 45150 45200 268
20191206 1138 45200 45200 45150 45200 721
20191206 1139 45150 45200 45150 45200 460
20191206 1140 45200 45250 45150 45200 347
20191206 1141 45150 45200 45150 45150 446
20191206 1142 45150 45200 45150 45150 367
20191206 1143 45200 45200 45150 45150 69
20191206 1144 45150 45200 45150 45200 276
20191206 1145 45200 45200 45150 45200 362
20191206 1146 45200 45200 45150 45200 168
20191206 1147 45200 45200 45150 45200 355
20191206 1148 45200 45200 45150 45150 144
20191206 1149 45150 45200 45150 45200 74
20191206 1150 45150 45200 45150 45150 402
20191206 1151 45150 45200 45150 45200 224
20191206 1152 45150 45150 45150 45150 207
20191206 1153 45200 45200 45150 45150 234
20191206 1154 45150 45200 45150 45200 499
20191206 1155 45200 45250 45150 45250 435
20191206 1156 45250 45250 45200 45250 256
20191206 1157 45250 45250 45200 45250 159
20191206 1158 45250 45300 45200 45200 625
20191206 1159 45250 45250 45250 45250 294
20191206 1200 45200 45250 45200 45250 284
20191206 1201 45300 45300 45200 45250 257
20191206 1202 45250 45300 45200 45250 409
20191206 1203 45200 45250 45200 45200 109
20191206 1204 45250 45250 45250 45250 142
20191206 1205 45250 45250 45200 45200 584
20191206 1206 45200 45250 45200 45250 253
20191206 1207 45200 45250 45200 45250 359
20191206 1208 45250 45250 45200 45200 235
20191206 1209 45250 45300 45250 45250 333
20191206 1210 45300 45300 45200 45200 99
20191206 1211 45200 45250 45200 45200 302
20191206 1212 45250 45250 45150 45200 264
20191206 1213 45200 45250 45200 45250 112
20191206 1214 45250 45250 45200 45250 379
20191206 1215 45200 45250 45200 45200 210
20191206 1216 45250 45250 45200 45200 161
20191206 1217 45200 45250 45200 45200 707
20191206 1218 45200 45250 45200 45250 111
20191206 1219 45200 45200 45200 45200 257
20191206 1220 45200 45250 45200 45250 227
20191206 1221 45250 45250 45200 45250 313
20191206 1222 45200 45250 45200 45250 489
20191206 1223 45250 45300 45250 45250 464
20191206 1224 45300 45300 45250 45300 238
20191206 1225 45300 45300 45250 45250 124
20191206 1226 45250 45300 45250 45300 201
20191206 1227 45300 45300 45250 45250 255
20191206 1228 45300 45300 45250 45250 165
20191206 1229 45250 45300 45250 45250 400
20191206 1230 45250 45300 45250 45300 1154
20191206 1231 45300 45300 45250 45300 102
20191206 1232 45250 45350 45250 45300 985
20191206 1233 45350 45400 45300 45400 798
20191206 1234 45400 45450 45400 45450 2304
20191206 1235 45450 45500 45400 45500 377
20191206 1236 45450 45500 45450 45450 217
20191206 1237 45500 45500 45450 45500 458
20191206 1238 45450 45500 45450 45450 422
20191206 1239 45500 45500 45450 45500 501
20191206 1240 45500 45500 45450 45450 244
20191206 1241 45500 45500 45450 45450 1050
20191206 1242 45450 45500 45450 45450 285
20191206 1243 45450 45500 45450 45450 120
20191206 1244 45500 45500 45400 45450 526
20191206 1245 45450 45450 45400 45400 232
20191206 1246 45450 45450 45400 45400 384
20191206 1247 45400 45400 45350 45350 789
20191206 1248 45350 45400 45350 45350 155
20191206 1249 45350 45400 45350 45400 400
20191206 1250 45400 45400 45350 45400 461
20191206 1251 45400 45400 45350 45350 353
20191206 1252 45400 45450 45350 45450 1138
20191206 1253 45450 45550 45400 45400 1270
20191206 1254 45400 45450 45350 45450 302
20191206 1255 45450 45450 45400 45400 187
20191206 1256 45400 45450 45400 45400 304
20191206 1257 45400 45450 45400 45400 299
20191206 1258 45450 45450 45400 45400 112
20191206 1259 45400 45450 45400 45450 422
20191206 1300 45400 45400 45350 45350 782
20191206 1301 45400 45400 45350 45350 328
20191206 1302 45350 45400 45350 45350 246
20191206 1303 45400 45400 45300 45300 781
20191206 1304 45300 45350 45300 45350 192
20191206 1305 45300 45350 45300 45300 331
20191206 1306 45300 45350 45300 45300 256
20191206 1307 45300 45350 45300 45300 153
20191206 1308 45300 45350 45300 45300 832
20191206 1309 45300 45350 45300 45300 228
20191206 1310 45300 45350 45300 45300 144
20191206 1311 45350 45350 45300 45300 1026
20191206 1312 45300 45350 45300 45300 165
20191206 1313 45300 45350 45300 45300 713
20191206 1314 45300 45350 45250 45250 592
20191206 1315 45300 45300 45250 45250 72
20191206 1316 45250 45300 45250 45300 1034
20191206 1317 45250 45300 45250 45250 1213
20191206 1318 45250 45300 45250 45250 237
20191206 1319 45250 45300 45250 45250 168
20191206 1320 45250 45300 45250 45250 334
20191206 1321 45250 45300 45200 45200 426
20191206 1322 45250 45250 45200 45200 86
20191206 1323 45250 45250 45200 45200 465
20191206 1324 45200 45250 45200 45200 184
20191206 1325 45200 45250 45200 45250 102
20191206 1326 45200 45250 45200 45200 567
20191206 1327 45200 45250 45200 45250 85
20191206 1328 45250 45250 45150 45250 1320
20191206 1329 45250 45250 45200 45200 1052
20191206 1330 45200 45250 45200 45200 213
20191206 1331 45250 45250 45200 45250 240
20191206 1332 45250 45250 45200 45200 310
20191206 1333 45200 45250 45200 45200 314
20191206 1334 45250 45250 45200 45200 420
20191206 1335 45250 45250 45200 45200 546
20191206 1336 45200 45250 45200 45250 177
20191206 1337 45250 45250 45200 45250 223
20191206 1338 45200 45250 45200 45250 278
20191206 1339 45250 45250 45200 45200 232
20191206 1340 45200 45250 45200 45200 1307
20191206 1341 45200 45250 45200 45200 778
20191206 1342 45150 45200 45150 45200 107
20191206 1343 45200 45200 45150 45150 421
20191206 1344 45200 45200 45150 45150 349
20191206 1345 45200 45250 45200 45200 672
20191206 1346 45200 45200 45150 45200 978
20191206 1347 45150 45200 45150 45150 500
20191206 1348 45150 45250 45150 45250 296
20191206 1349 45250 45250 45200 45200 126
20191206 1350 45200 45250 45200 45200 493
20191206 1351 45250 45250 45200 45200 499
20191206 1352 45200 45250 45200 45200 102
20191206 1353 45200 45250 45150 45150 486
20191206 1354 45150 45250 45150 45250 313
20191206 1355 45200 45250 45200 45200 360
20191206 1356 45200 45200 45150 45150 236
20191206 1357 45200 45200 45150 45200 199
20191206 1358 45200 45200 45150 45200 501
20191206 1359 45150 45250 45150 45150 385
20191206 1400 45200 45200 45150 45200 170
20191206 1401 45150 45250 45150 45200 284
20191206 1402 45200 45250 45150 45250 221
20191206 1403 45200 45250 45150 45250 331
20191206 1404 45200 45250 45200 45200 222
20191206 1405 45200 45250 45200 45200 332
20191206 1406 45200 45250 45200 45200 278
20191206 1407 45200 45250 45200 45200 158
20191206 1408 45250 45250 45150 45150 824
20191206 1409 45200 45200 45150 45150 392
20191206 1410 45150 45200 45150 45200 293
20191206 1411 45200 45200 45150 45200 784
20191206 1412 45200 45250 45200 45200 194
20191206 1413 45250 45250 45200 45200 240
20191206 1414 45200 45250 45200 45200 327
20191206 1415 45250 45250 45200 45200 368
20191206 1416 45250 45250 45200 45200 153
20191206 1417 45200 45250 45200 45200 357
20191206 1418 45200 45200 45150 45150 67
20191206 1419 45150 45200 45150 45150 297
20191206 1420 45200 45250 45150 45200 791
20191206 1421 45250 45250 45150 45250 261
20191206 1422 45250 45250 45200 45250 235
20191206 1423 45200 45250 45200 45200 478
20191206 1424 45200 45250 45200 45200 315
20191206 1425 45250 45250 45150 45250 438
20191206 1426 45200 45250 45200 45200 459
20191206 1427 45200 45250 45200 45200 376
20191206 1428 45250 45250 45200 45200 246
20191206 1429 45200 45250 45200 45250 516
20191206 1430 45200 45250 45200 45250 402
20191206 1431 45250 45300 45200 45250 444
20191206 1432 45200 45300 45200 45250 478
20191206 1433 45300 45300 45250 45250 540
20191206 1434 45300 45300 45250 45300 448
20191206 1435 45250 45300 45250 45300 674
20191206 1436 45300 45300 45250 45300 499
20191206 1437 45300 45300 45200 45250 382
20191206 1438 45250 45300 45250 45300 241
20191206 1439 45300 45300 45250 45250 323
20191206 1440 45250 45300 45200 45300 522
20191206 1441 45250 45300 45250 45250 561
20191206 1442 45300 45300 45200 45200 486
20191206 1443 45200 45300 45200 45300 162
20191206 1444 45250 45300 45200 45250 422
20191206 1445 45200 45250 45200 45250 376
20191206 1446 45250 45250 45200 45250 262
20191206 1447 45200 45250 45200 45250 576
20191206 1448 45250 45300 45250 45300 719
20191206 1449 45300 45300 45250 45250 229
20191206 1450 45250 45300 45200 45250 771
20191206 1451 45250 45300 45200 45250 275
20191206 1452 45250 45250 45200 45250 127
20191206 1453 45300 45300 45200 45250 289
20191206 1454 45200 45250 45200 45250 358
20191206 1455 45200 45300 45200 45200 331
20191206 1456 45250 45300 45200 45200 174
20191206 1457 45250 45300 45250 45250 202
20191206 1458 45250 45300 45200 45200 294
20191206 1459 45200 45300 45200 45300 323
20191206 1500 45250 45300 45250 45250 286
20191206 1501 45300 45300 45200 45250 414
20191206 1502 45250 45250 45200 45200 579
20191206 1503 45250 45300 45200 45300 405
20191206 1504 45250 45350 45250 45300 240
20191206 1505 45350 45350 45300 45350 350
20191206 1506 45300 45400 45300 45350 675
20191206 1507 45400 45400 45350 45350 325
20191206 1508 45400 45400 45350 45400 271
20191206 1509 45400 45450 45350 45400 459
20191206 1510 45450 45450 45400 45400 557
20191206 1511 45400 45450 45350 45450 378
20191206 1512 45400 45450 45350 45400 248
20191206 1513 45350 45450 45350 45400 411
20191206 1514 45400 45500 45400 45450 475
20191206 1515 45450 45450 45400 45400 244
20191206 1516 45450 45450 45300 45350 760
20191206 1517 45350 45400 45300 45350 211
20191206 1518 45350 45450 45300 45450 450
20191206 1519 45400 45450 45400 45450 1174
20191206 1520 45500 45500 45400 45450 593
20191206 1530 45350 45350 45350 45350 13118
20191209 901 45400 45550 45400 45400 1093
20191209 902 45400 45500 45400 45400 472
20191209 903 45450 45500 45400 45500 286
20191209 904 45450 45500 45400 45450 301
20191209 905 45450 45450 45300 45300 1481
20191209 906 45350 45800 45350 45700 46689
20191209 907 45700 45750 45500 45700 31570
20191209 908 45700 45900 45700 45900 801
20191209 909 45900 45950 45800 45900 34585
20191209 910 45900 46000 45850 45950 1211
20191209 911 45900 45900 45700 45700 259
20191209 912 45700 45750 45400 45400 1903
20191209 913 45650 45700 45650 45700 307
20191209 914 45700 45700 45650 45650 575
20191209 915 45650 45650 45500 45600 183
20191209 916 45600 45600 45500 45600 785
20191209 917 45600 45700 45600 45700 529
20191209 918 45700 45800 45700 45800 1034
20191209 919 45800 45800 45650 45750 673
20191209 920 45750 45750 45650 45700 352
20191209 921 45700 45800 45700 45800 449
20191209 922 45800 45850 45800 45850 1147
20191209 923 45850 45950 45850 45900 999
20191209 924 45950 45950 45800 45800 400
20191209 925 45750 45800 45750 45800 238
20191209 926 45750 45850 45750 45850 119
20191209 927 45750 45850 45750 45850 144
20191209 928 45800 45800 45700 45700 263
20191209 929 45750 45750 45700 45700 137
20191209 930 45700 45750 45700 45750 263
20191209 931 45700 45750 45700 45750 297
20191209 932 45700 45700 45650 45650 971
20191209 933 45600 45650 45600 45600 146
20191209 934 45650 45650 45600 45650 159
20191209 935 45600 45750 45600 45650 691
20191209 936 45650 45650 45600 45600 118
20191209 937 45600 45650 45600 45600 191
20191209 938 45600 45650 45550 45550 426
20191209 939 45600 45600 45500 45600 765
20191209 940 45600 45600 45500 45550 363
20191209 941 45500 45550 45500 45500 591
20191209 942 45450 45500 45350 45400 1128
20191209 943 45400 45450 45400 45450 449
20191209 944 45400 45450 45350 45450 425
20191209 945 45400 45450 45300 45350 312
20191209 946 45350 45350 45300 45300 410
20191209 947 45350 45350 45200 45250 550
20191209 948 45250 45250 45200 45250 112
20191209 949 45200 45250 45200 45250 202
20191209 950 45200 45250 45150 45250 527
20191209 951 45200 45250 45200 45200 132
20191209 952 45250 45250 45200 45200 8
20191209 953 45250 45250 45200 45200 274
20191209 954 45200 45250 45200 45250 222
20191209 955 45250 45250 45200 45250 48
20191209 956 45200 45250 45200 45250 356
20191209 957 45250 45250 45200 45200 406
20191209 958 45200 45250 45200 45250 124
20191209 959 45250 45250 45200 45200 136
20191209 1000 45250 45250 45250 45250 57
20191209 1001 45250 45350 45250 45350 479
20191209 1002 45350 45350 45250 45350 181
20191209 1003 45350 45350 45300 45350 26
20191209 1004 45350 45350 45250 45250 594
20191209 1005 45250 45300 45250 45300 11
20191209 1006 45300 45300 45300 45300 21
20191209 1007 45300 45300 45300 45300 13
20191209 1008 45300 45300 45250 45250 550
20191209 1009 45200 45250 45200 45200 531
20191209 1010 45200 45250 45200 45250 102
20191209 1011 45250 45250 45250 45250 337
20191209 1012 45250 45250 45250 45250 12
20191209 1013 45250 45250 45200 45200 56
20191209 1014 45250 45250 45200 45250 111
20191209 1015 45200 45250 45200 45250 204
20191209 1016 45250 45250 45200 45250 111
20191209 1017 45250 45250 45250 45250 13
20191209 1018 45250 45250 45250 45250 16
20191209 1019 45250 45350 45250 45350 1221
20191209 1020 45350 45400 45350 45350 359
20191209 1021 45350 45350 45350 45350 195
20191209 1022 45400 45400 45350 45350 157
20191209 1023 45350 45400 45350 45350 260
20191209 1024 45350 45350 45350 45350 3
20191209 1025 45350 45350 45350 45350 54
20191209 1026 45350 45350 45350 45350 61
20191209 1027 45300 45350 45300 45350 29
20191209 1028 45350 45350 45300 45300 122
20191209 1030 45350 45350 45300 45350 195
20191209 1031 45350 45350 45350 45350 18
20191209 1032 45350 45350 45300 45300 705
20191209 1033 45300 45300 45250 45250 36
20191209 1034 45300 45300 45300 45300 90
20191209 1035 45300 45300 45300 45300 39
20191209 1036 45300 45300 45300 45300 24
20191209 1037 45300 45300 45250 45300 56
20191209 1038 45250 45300 45250 45250 32
20191209 1039 45300 45300 45300 45300 42
20191209 1040 45300 45300 45250 45250 8
20191209 1041 45300 45300 45250 45300 121
20191209 1042 45300 45300 45250 45300 64
20191209 1043 45250 45250 45250 45250 501
20191209 1044 45300 45300 45250 45300 16
20191209 1045 45300 45300 45250 45250 169
20191209 1046 45300 45300 45250 45300 54
20191209 1048 45300 45300 45250 45250 63
20191209 1049 45300 45300 45250 45250 230
20191209 1050 45300 45300 45250 45300 23
20191209 1051 45250 45300 45250 45300 249
20191209 1052 45300 45300 45300 45300 23
20191209 1053 45300 45300 45250 45300 24
20191209 1054 45300 45300 45250 45300 134
20191209 1055 45300 45300 45300 45300 19
20191209 1056 45300 45300 45250 45250 35
20191209 1057 45300 45300 45300 45300 15
20191209 1058 45300 45300 45300 45300 52
20191209 1059 45300 45300 45250 45250 89
20191209 1100 45250 45300 45250 45300 93
20191209 1101 45300 45300 45250 45250 309
20191209 1102 45300 45300 45250 45300 143
20191209 1103 45250 45300 45250 45300 38
20191209 1104 45300 45300 45300 45300 13
20191209 1105 45250 45300 45250 45300 92
20191209 1106 45300 45300 45250 45250 24
20191209 1107 45300 45350 45300 45350 1190
20191209 1108 45350 45350 45350 45350 20
20191209 1109 45350 45350 45300 45300 415
20191209 1110 45350 45350 45300 45350 118
20191209 1111 45300 45350 45300 45350 385
20191209 1112 45350 45400 45300 45400 1411
20191209 1113 45350 45450 45350 45400 1519
20191209 1114 45350 45450 45350 45450 101
20191209 1115 45450 45500 45400 45500 621
20191209 1116 45450 45450 45350 45350 885
20191209 1117 45350 45400 45350 45350 20
20191209 1118 45350 45400 45300 45350 711
20191209 1119 45300 45350 45300 45300 35
20191209 1120 45350 45350 45300 45350 122
20191209 1121 45300 45350 45300 45350 43
20191209 1122 45350 45350 45350 45350 33
20191209 1123 45350 45350 45300 45350 26
20191209 1124 45300 45350 45300 45300 127
20191209 1125 45300 45350 45300 45350 16
20191209 1126 45350 45350 45300 45300 146
20191209 1127 45300 45350 45300 45350 47
20191209 1128 45300 45300 45300 45300 7
20191209 1129 45350 45350 45300 45350 127
20191209 1130 45350 45350 45300 45350 23
20191209 1131 45350 45350 45350 45350 32
20191209 1132 45300 45350 45300 45350 75
20191209 1133 45300 45350 45300 45350 30
20191209 1134 45300 45350 45300 45350 69
20191209 1135 45350 45350 45350 45350 9
20191209 1136 45350 45350 45300 45350 84
20191209 1137 45300 45350 45300 45350 44
20191209 1138 45300 45300 45300 45300 8
20191209 1139 45350 45350 45300 45300 49
20191209 1140 45300 45350 45300 45350 554
20191209 1141 45350 45350 45300 45300 55
20191209 1142 45350 45350 45300 45300 183
20191209 1143 45350 45350 45300 45350 19
20191209 1144 45350 45350 45350 45350 908
20191209 1145 45400 45400 45300 45350 83
20191209 1146 45350 45350 45300 45350 36
20191209 1147 45350 45400 45350 45350 266
20191209 1148 45350 45350 45350 45350 33
20191209 1149 45350 45350 45300 45350 34
20191209 1150 45350 45400 45350 45350 392
20191209 1151 45300 45350 45300 45350 44
20191209 1152 45350 45350 45300 45300 39
20191209 1153 45300 45350 45300 45350 94
20191209 1154 45350 45350 45300 45300 14
20191209 1155 45350 45350 45350 45350 10
20191209 1156 45350 45350 45300 45300 81
20191209 1157 45350 45350 45350 45350 10
20191209 1158 45350 45350 45300 45350 146
20191209 1159 45300 45350 45300 45300 40
20191209 1200 45300 45350 45300 45350 10
20191209 1201 45350 45350 45300 45350 83
20191209 1202 45300 45350 45300 45300 79
20191209 1203 45300 45350 45300 45350 24
20191209 1204 45350 45350 45300 45350 36
20191209 1205 45350 45350 45350 45350 43
20191209 1206 45300 45350 45300 45350 518
20191209 1207 45300 45300 45250 45250 522
20191209 1208 45300 45300 45250 45300 16
20191209 1209 45300 45300 45250 45300 1281
20191209 1210 45250 45300 45250 45300 36
20191209 1211 45250 45250 45250 45250 108
20191209 1212 45250 45300 45250 45250 47
20191209 1213 45250 45300 45250 45250 181
20191209 1214 45300 45300 45250 45250 487
20191209 1215 45250 45250 45200 45200 42
20191209 1216 45200 45250 45200 45250 3
20191209 1217 45250 45250 45200 45200 9
20191209 1218 45250 45250 45200 45200 1334
20191209 1219 45200 45200 45150 45150 16
20191209 1220 45150 45150 45150 45150 40
20191209 1221 45150 45200 45150 45200 51
20191209 1222 45150 45200 45150 45200 165
20191209 1223 45150 45200 45150 45150 1560
20191209 1224 45100 45150 45100 45150 8
20191209 1225 45100 45150 45100 45150 2469
20191209 1226 45150 45200 45100 45150 690
20191209 1227 45200 45250 45200 45250 391
20191209 1228 45250 45300 45250 45250 94
20191209 1229 45250 45250 45200 45250 102
20191209 1230 45250 45250 45200 45200 10
20191209 1231 45250 45250 45200 45200 156
20191209 1232 45250 45250 45200 45200 18
20191209 1233 45250 45250 45250 45250 2
20191209 1234 45250 45250 45200 45200 101
20191209 1235 45200 45250 45200 45200 37
20191209 1236 45200 45250 45200 45250 18
20191209 1237 45200 45350 45200 45300 2431
20191209 1238 45300 45350 45300 45350 78
20191209 1239 45300 45350 45300 45300 30
20191209 1240 45300 45300 45300 45300 575
20191209 1241 45300 45350 45300 45350 15
20191209 1242 45350 45350 45250 45300 454
20191209 1243 45300 45350 45250 45300 624
20191209 1245 45250 45250 45250 45250 137
20191209 1246 45300 45300 45300 45300 141
20191209 1247 45300 45300 45250 45250 73
20191209 1248 45300 45300 45250 45250 44
20191209 1249 45250 45250 45250 45250 78
20191209 1250 45300 45300 45250 45250 29
20191209 1251 45250 45250 45200 45250 346
20191209 1252 45250 45250 45200 45200 12
20191209 1253 45250 45250 45150 45150 419
20191209 1254 45200 45200 45150 45200 97
20191209 1255 45150 45200 45100 45150 1087
20191209 1256 45100 45150 45100 45150 73
20191209 1257 45100 45150 45100 45150 11
20191209 1258 45150 45150 45100 45100 1064
20191209 1259 45100 45150 45100 45150 497
20191209 1300 45150 45150 45100 45100 23
20191209 1301 45150 45150 45100 45100 29
20191209 1302 45100 45100 45100 45100 48
20191209 1303 45150 45150 45150 45150 1
20191209 1304 45100 45100 45050 45100 752
20191209 1305 45100 45100 45050 45100 17
20191209 1306 45050 45100 45050 45050 484
20191209 1307 45050 45050 45000 45000 2469
20191209 1308 45000 45050 45000 45000 1738
20191209 1309 45000 45000 44950 44950 1135
20191209 1310 44950 45000 44950 44950 147
20191209 1311 44950 45000 44950 45000 2278
20191209 1312 45000 45050 44950 45050 667
20191209 1313 45000 45050 45000 45000 145
20191209 1314 45000 45050 45000 45000 232
20191209 1315 45050 45050 45000 45000 424
20191209 1316 45050 45050 45000 45000 459
20191209 1317 44950 45000 44950 44950 148
20191209 1318 44950 44950 44900 44950 2854
20191209 1319 44900 44900 44800 44850 2163
20191209 1320 44850 44850 44800 44850 553
20191209 1321 44850 44850 44700 44700 1838
20191209 1322 44750 44800 44650 44750 1192
20191209 1323 44750 44750 44650 44700 1664
20191209 1324 44700 44700 44550 44600 1351
20191209 1325 44550 44600 44550 44600 1823
20191209 1326 44600 44600 44550 44600 924
20191209 1327 44600 44600 44500 44550 874
20191209 1328 44500 44550 44500 44500 497
20191209 1329 44550 44700 44500 44700 637
20191209 1330 44700 44700 44600 44650 175
20191209 1331 44600 44700 44550 44600 1048
20191209 1332 44650 44700 44600 44650 292
20191209 1333 44700 44750 44700 44750 209
20191209 1334 44750 44750 44700 44750 240
20191209 1335 44700 44750 44650 44700 456
20191209 1336 44700 44700 44650 44650 503
20191209 1337 44750 44750 44700 44700 180
20191209 1338 44700 44750 44700 44700 221
20191209 1339 44650 44700 44650 44700 202
20191209 1340 44650 44750 44650 44750 945
20191209 1341 44700 44750 44700 44750 146
20191209 1342 44750 44750 44650 44700 298
20191209 1343 44700 44700 44650 44700 152
20191209 1344 44700 44700 44650 44700 313
20191209 1345 44650 44700 44650 44700 217
20191209 1346 44700 44700 44650 44700 170
20191209 1347 44700 44700 44650 44700 232
20191209 1348 44700 44700 44650 44700 773
20191209 1349 44700 44700 44650 44700 239
20191209 1350 44700 44700 44650 44650 191
20191209 1351 44650 44700 44650 44700 1576
20191209 1352 44750 44750 44700 44750 198
20191209 1353 44700 44750 44700 44750 169
20191209 1354 44750 44750 44650 44650 747
20191209 1355 44700 44700 44650 44650 214
20191209 1356 44650 44750 44650 44750 397
20191209 1357 44750 44750 44700 44700 171
20191209 1358 44750 44750 44700 44700 281
20191209 1359 44750 44750 44650 44700 670
20191209 1400 44650 44650 44600 44600 596
20191209 1401 44600 44650 44600 44650 73
20191209 1402 44650 44650 44600 44600 59
20191209 1403 44650 44650 44600 44650 252
20191209 1404 44650 44800 44650 44750 1246
20191209 1405 44750 44750 44700 44750 64
20191209 1406 44750 44750 44700 44750 203
20191209 1407 44750 44750 44700 44750 156
20191209 1408 44750 44750 44700 44750 82
20191209 1409 44700 44750 44700 44750 262
20191209 1410 44750 44750 44700 44750 121
20191209 1411 44750 44850 44700 44850 785
20191209 1412 44800 44850 44800 44850 606
20191209 1413 44850 44900 44850 44900 453
20191209 1414 44850 45000 44850 45000 831
20191209 1415 44950 45000 44900 44950 568
20191209 1416 44950 44950 44900 44950 279
20191209 1417 44900 44950 44900 44900 81
20191209 1418 44950 44950 44900 44950 94
20191209 1419 44950 44950 44800 44850 971
20191209 1420 44850 44850 44800 44800 172
20191209 1421 44850 44850 44750 44800 956
20191209 1422 44800 44800 44750 44750 764
20191209 1423 44750 44750 44700 44750 324
20191209 1424 44750 44750 44700 44750 106
20191209 1425 44750 44750 44700 44750 147
20191209 1426 44750 44750 44700 44700 70
20191209 1427 44750 44750 44700 44700 156
20191209 1428 44750 44750 44700 44750 224
20191209 1429 44750 44800 44700 44800 998
20191209 1430 44800 44850 44800 44850 389
20191209 1431 44850 44850 44800 44800 88
20191209 1432 44800 44850 44800 44850 129
20191209 1433 44850 44850 44800 44850 71
20191209 1434 44850 44850 44800 44850 143
20191209 1435 44800 44850 44800 44850 264
20191209 1436 44850 44850 44800 44850 390
20191209 1437 44800 44850 44800 44800 27
20191209 1438 44850 44850 44800 44800 155
20191209 1439 44850 44850 44700 44750 1781
20191209 1440 44750 44750 44700 44750 60
20191209 1441 44750 44750 44700 44750 55
20191209 1442 44750 44750 44700 44750 127
20191209 1443 44750 44750 44700 44700 70
20191209 1444 44700 44750 44700 44750 295
20191209 1445 44750 44750 44700 44750 1651
20191209 1446 44700 44750 44700 44700 302
20191209 1447 44750 44750 44700 44700 33
20191209 1448 44700 44750 44700 44750 181
20191209 1449 44750 44750 44700 44750 373
20191209 1450 44750 44850 44700 44850 2631
20191209 1451 44800 44900 44800 44900 244
20191209 1452 44900 44900 44800 44850 461
20191209 1453 44850 44850 44800 44800 207
20191209 1454 44850 44850 44800 44850 151
20191209 1455 44800 44900 44800 44850 547
20191209 1456 44900 44900 44850 44900 87
20191209 1457 44900 44900 44850 44900 163
20191209 1458 44900 44900 44850 44850 200
20191209 1459 44900 44900 44800 44800 897
20191209 1500 44800 44800 44750 44750 150
20191209 1501 44750 44800 44750 44800 224
20191209 1502 44750 44800 44750 44750 145
20191209 1503 44750 44800 44750 44800 190
20191209 1504 44800 44800 44750 44800 146
20191209 1505 44800 44800 44750 44800 252
20191209 1506 44750 44800 44750 44800 456
20191209 1507 44750 44800 44750 44750 1069
20191209 1508 44750 44800 44750 44800 483
20191209 1509 44800 44800 44750 44800 869
20191209 1510 44800 44850 44750 44850 898
20191209 1511 44850 44850 44800 44800 342
20191209 1512 44800 44850 44750 44800 304
20191209 1513 44800 44850 44750 44800 319
20191209 1514 44850 44850 44800 44800 696
20191209 1515 44850 44850 44800 44800 291
20191209 1516 44850 44850 44800 44850 1133
20191209 1517 44850 44850 44800 44800 379
20191209 1518 44800 44850 44800 44850 401
20191209 1519 44800 44900 44800 44900 551
20191209 1520 44900 44900 44850 44900 360
20191209 1530 44850 44850 44850 44850 4515
