날짜 시간 시가 고가 저가 종가 거래량
20200901 901 41050 41300 41050 41300 286
20200901 904 41250 41250 41250 41250 1
20200901 907 41250 41300 41250 41300 8
20200901 909 41200 41200 41200 41200 3
20200901 910 41300 41300 41300 41300 1
20200901 911 41050 41250 41050 41250 4
20200901 912 41200 41250 41200 41250 9
20200901 913 41100 41200 41100 41200 2
20200901 914 41050 41150 41050 41150 3
20200901 915 41050 41150 41050 41150 16
20200901 917 41050 41100 41050 41050 62
20200901 918 41000 41050 41000 41000 192
20200901 919 41000 41050 41000 41000 60
20200901 920 41050 41100 41050 41100 6
20200901 921 41050 41050 41000 41050 10
20200901 922 41000 41000 41000 41000 9
20200901 923 41000 41000 41000 41000 13
20200901 924 41000 41000 41000 41000 12
20200901 925 41000 41000 41000 41000 11
20200901 926 41050 41050 41000 41000 12
20200901 927 41000 41000 41000 41000 11
20200901 928 41050 41050 41050 41050 3
20200901 929 41050 41050 41050 41050 15
20200901 930 41050 41050 41050 41050 10
20200901 931 41050 41050 41050 41050 10
20200901 932 41050 41200 41050 41200 26
20200901 933 41150 41150 41150 41150 11
20200901 934 41150 41150 41150 41150 12
20200901 935 41150 41150 41150 41150 13
20200901 936 41150 41200 41150 41150 353
20200901 938 41150 41150 41150 41150 17
20200901 939 41150 41150 41150 41150 13
20200901 940 41150 41150 41150 41150 16
20200901 941 41150 41150 41150 41150 9
20200901 942 41150 41200 41150 41200 28
20200901 943 41200 41250 41200 41250 8
20200901 944 41150 41150 41150 41150 2
20200901 945 41150 41150 41150 41150 4
20200901 946 41150 41150 41150 41150 13
20200901 947 41150 41150 41150 41150 12
20200901 948 41150 41150 41150 41150 18
20200901 949 41150 41150 41150 41150 13
20200901 950 41150 41200 41150 41150 51
20200901 951 41150 41150 41150 41150 14
20200901 952 41150 41150 41150 41150 12
20200901 953 41150 41150 41150 41150 15
20200901 954 41150 41150 41150 41150 1
20200901 955 41150 41150 41150 41150 16
20200901 956 41150 41150 41150 41150 10
20200901 957 41150 41150 41150 41150 12
20200901 958 41150 41150 41150 41150 15
20200901 959 41150 41200 41150 41150 25
20200901 1000 41150 41150 41150 41150 13
20200901 1001 41150 41150 41150 41150 12
20200901 1002 41150 41150 41150 41150 4
20200901 1003 41150 41150 41150 41150 20
20200901 1004 41150 41150 41150 41150 11
20200901 1005 41150 41150 41150 41150 20
20200901 1006 41150 41150 41150 41150 10
20200901 1007 41150 41150 41150 41150 15
20200901 1008 41150 41150 41150 41150 13
20200901 1009 41150 41200 41150 41150 9
20200901 1010 41150 41150 41150 41150 12
20200901 1011 41150 41200 41150 41150 14
20200901 1012 41150 41200 41150 41200 17
20200901 1013 41200 41200 41150 41200 19
20200901 1014 41200 41200 41200 41200 18
20200901 1015 41200 41200 41200 41200 11
20200901 1016 41200 41200 41200 41200 36
20200901 1017 41200 41200 41200 41200 10
20200901 1018 41200 41200 41200 41200 19
20200901 1019 41200 41200 41200 41200 2
20200901 1020 41200 41200 41200 41200 11
20200901 1021 41250 41250 41200 41200 13
20200901 1022 41200 41200 41200 41200 17
20200901 1023 41200 41200 41200 41200 12
20200901 1024 41250 41250 41200 41200 21
20200901 1025 41200 41200 41200 41200 15
20200901 1026 41200 41200 41200 41200 18
20200901 1027 41200 41200 41200 41200 15
20200901 1028 41200 41200 41200 41200 9
20200901 1029 41200 41200 41200 41200 11
20200901 1030 41200 41250 41200 41200 23
20200901 1031 41200 41200 41200 41200 14
20200901 1032 41200 41200 41200 41200 14
20200901 1033 41200 41200 41200 41200 52
20200901 1034 41200 41200 41200 41200 13
20200901 1035 41200 41200 41200 41200 21
20200901 1037 41200 41200 41200 41200 17
20200901 1038 41200 41250 41200 41200 22
20200901 1039 41200 41200 41200 41200 13
20200901 1040 41200 41200 41200 41200 10
20200901 1041 41200 41200 41200 41200 39
20200901 1042 41200 41200 41200 41200 13
20200901 1043 41200 41250 41200 41250 27
20200901 1044 41200 41200 41200 41200 34
20200901 1045 41150 41150 41150 41150 6
20200901 1046 41150 41150 41150 41150 36
20200901 1047 41150 41200 41150 41150 24
20200901 1048 41150 41150 41150 41150 20
20200901 1049 41150 41150 41150 41150 29
20200901 1050 41150 41150 41150 41150 17
20200901 1051 41150 41150 41150 41150 38
20200901 1052 41150 41200 41150 41150 30
20200901 1053 41150 41150 41150 41150 5
20200901 1054 41150 41150 41150 41150 35
20200901 1055 41150 41150 41150 41150 17
20200901 1056 41150 41150 41150 41150 168
20200901 1057 41150 41150 41150 41150 33
20200901 1058 41150 41150 41150 41150 18
20200901 1059 41150 41200 41150 41200 54
20200901 1100 41200 41200 41200 41200 19
20200901 1101 41200 41200 41200 41200 38
20200901 1102 41200 41200 41200 41200 23
20200901 1103 41200 41200 41150 41150 13
20200901 1104 41200 41200 41150 41150 32
20200901 1105 41150 41150 41150 41150 28
20200901 1106 41150 41150 41150 41150 20
20200901 1107 41200 41200 41150 41150 48
20200901 1108 41150 41150 41150 41150 16
20200901 1109 41150 41150 41150 41150 30
20200901 1110 41150 41150 41150 41150 26
20200901 1111 41150 41150 41150 41150 18
20200901 1112 41150 41150 41150 41150 36
20200901 1113 41150 41150 41150 41150 17
20200901 1114 41150 41150 41150 41150 41
20200901 1115 41150 41200 41150 41200 31
20200901 1116 41150 41250 41150 41200 44
20200901 1117 41150 41200 41150 41150 35
20200901 1118 41150 41150 41150 41150 15
20200901 1119 41150 41150 41150 41150 27
20200901 1120 41150 41150 41150 41150 34
20200901 1121 41150 41150 41150 41150 16
20200901 1122 41150 41150 41150 41150 87
20200901 1123 41150 41150 41150 41150 37
20200901 1124 41150 41200 41150 41150 26
20200901 1125 41150 41200 41150 41150 34
20200901 1126 41150 41200 41150 41150 15
20200901 1127 41150 41200 41150 41150 42
20200901 1128 41150 41150 41150 41150 18
20200901 1129 41150 41150 41150 41150 21
20200901 1130 41150 41150 41150 41150 34
20200901 1131 41150 41200 41150 41200 29
20200901 1132 41200 41200 41150 41150 26
20200901 1133 41150 41150 41150 41150 35
20200901 1134 41150 41150 41150 41150 13
20200901 1135 41150 41150 41150 41150 36
20200901 1136 41150 41150 41150 41150 9
20200901 1137 41150 41250 41150 41250 44
20200901 1138 41200 41200 41150 41150 32
20200901 1139 41250 41250 41150 41200 67
20200901 1140 41200 41250 41150 41150 56
20200901 1141 41150 41200 41150 41200 12
20200901 1142 41200 41200 41150 41200 33
20200901 1143 41200 41200 41150 41150 20
20200901 1144 41150 41150 41150 41150 6
20200901 1145 41150 41150 41150 41150 27
20200901 1146 41150 41150 41150 41150 42
20200901 1147 41150 41150 41150 41150 17
20200901 1148 41150 41150 41150 41150 36
20200901 1149 41200 41200 41150 41150 40
20200901 1150 41200 41200 41200 41200 35
20200901 1151 41200 41200 41200 41200 37
20200901 1152 41200 41200 41200 41200 15
20200901 1153 41200 41250 41200 41200 36
20200901 1154 41200 41250 41200 41200 20
20200901 1155 41200 41250 41200 41250 22
20200901 1156 41200 41200 41200 41200 39
20200901 1157 41200 41200 41200 41200 23
20200901 1158 41200 41200 41200 41200 30
20200901 1159 41200 41200 41200 41200 39
20200901 1200 41200 41200 41200 41200 17
20200901 1201 41200 41200 41200 41200 27
20200901 1202 41200 41200 41200 41200 15
20200901 1203 41200 41200 41200 41200 37
20200901 1204 41200 41200 41150 41150 16
20200901 1205 41150 41150 41150 41150 24
20200901 1206 41150 41150 41150 41150 31
20200901 1207 41150 41200 41150 41200 32
20200901 1208 41200 41200 41200 41200 29
20200901 1209 41200 41200 41200 41200 46
20200901 1210 41200 41200 41200 41200 2
20200901 1211 41200 41200 41200 41200 30
20200901 1212 41200 41200 41200 41200 19
20200901 1213 41200 41200 41200 41200 36
20200901 1214 41200 41200 41200 41200 29
20200901 1215 41200 41200 41150 41150 15
20200901 1216 41200 41200 41150 41200 38
20200901 1217 41150 41150 41150 41150 22
20200901 1218 41150 41150 41150 41150 11
20200901 1219 41150 41150 41150 41150 34
20200901 1220 41150 41150 41150 41150 13
20200901 1221 41150 41150 41150 41150 37
20200901 1222 41150 41150 41150 41150 39
20200901 1223 41150 41150 41150 41150 13
20200901 1224 41150 41150 41150 41150 29
20200901 1225 41150 41150 41150 41150 17
20200901 1226 41150 41200 41150 41200 29
20200901 1227 41150 41200 41150 41200 29
20200901 1228 41150 41150 41150 41150 7
20200901 1229 41150 41150 41150 41150 29
20200901 1230 41150 41150 41150 41150 26
20200901 1231 41150 41150 41150 41150 33
20200901 1232 41150 41150 41150 41150 37
20200901 1233 41200 41200 41200 41200 12
20200901 1234 41150 41150 41150 41150 33
20200901 1235 41150 41150 41150 41150 35
20200901 1236 41150 41150 41150 41150 16
20200901 1237 41150 41150 41150 41150 36
20200901 1238 41150 41150 41150 41150 15
20200901 1239 41150 41150 41150 41150 33
20200901 1240 41150 41150 41150 41150 29
20200901 1241 41150 41200 41150 41200 33
20200901 1242 41150 41150 41150 41150 9
20200901 1243 41150 41150 41150 41150 26
20200901 1244 41150 41150 41150 41150 19
20200901 1245 41150 41150 41150 41150 44
20200901 1246 41150 41150 41150 41150 11
20200901 1247 41150 41150 41150 41150 35
20200901 1248 41150 41150 41150 41150 19
20200901 1249 41150 41150 41150 41150 33
20200901 1250 41150 41150 41150 41150 33
20200901 1251 41150 41150 41150 41150 22
20200901 1252 41150 41150 41150 41150 34
20200901 1253 41150 41150 41150 41150 26
20200901 1254 41150 41150 41150 41150 16
20200901 1255 41150 41150 41150 41150 37
20200901 1256 41150 41150 41150 41150 17
20200901 1257 41150 41150 41150 41150 34
20200901 1258 41150 41150 41150 41150 37
20200901 1259 41150 41150 41150 41150 13
20200901 1300 41150 41150 41150 41150 39
20200901 1301 41150 41150 41150 41150 11
20200901 1302 41150 41150 41150 41150 34
20200901 1303 41150 41150 41150 41150 30
20200901 1304 41150 41150 41150 41150 26
20200901 1305 41150 41150 41150 41150 29
20200901 1306 41150 41200 41150 41200 41
20200901 1307 41200 41200 41150 41150 24
20200901 1308 41150 41150 41150 41150 36
20200901 1309 41150 41150 41150 41150 13
20200901 1310 41150 41150 41150 41150 23
20200901 1311 41200 41200 41150 41200 51
20200901 1312 41200 41200 41150 41150 12
20200901 1313 41150 41150 41150 41150 22
20200901 1314 41150 41150 41150 41150 21
20200901 1315 41150 41150 41150 41150 32
20200901 1316 41150 41150 41150 41150 36
20200901 1317 41150 41150 41150 41150 46
20200901 1318 41150 41150 41150 41150 56
20200901 1319 41150 41200 41150 41150 65
20200901 1320 41150 41150 41150 41150 59
20200901 1321 41150 41150 41150 41150 75
20200901 1322 41150 41150 41150 41150 54
20200901 1323 41150 41150 41150 41150 88
20200901 1324 41150 41200 41150 41150 62
20200901 1325 41150 41200 41150 41150 63
20200901 1326 41150 41150 41150 41150 71
20200901 1327 41150 41150 41150 41150 59
20200901 1328 41150 41150 41150 41150 50
20200901 1329 41150 41150 41150 41150 93
20200901 1330 41150 41200 41150 41150 55
20200901 1331 41150 41150 41150 41150 78
20200901 1332 41150 41200 41150 41150 54
20200901 1333 41150 41150 41150 41150 79
20200901 1334 41150 41150 41150 41150 65
20200901 1335 41150 41150 41150 41150 56
20200901 1336 41150 41200 41150 41150 76
20200901 1337 41150 41200 41150 41150 72
20200901 1338 41150 41200 41150 41150 67
20200901 1339 41150 41150 41150 41150 80
20200901 1340 41150 41200 41150 41150 74
20200901 1341 41150 41200 41150 41200 89
20200901 1342 41150 41200 41150 41150 55
20200901 1343 41150 41150 41150 41150 69
20200901 1344 41150 41150 41150 41150 55
20200901 1345 41150 41150 41150 41150 67
20200901 1346 41150 41200 41150 41150 83
20200901 1347 41150 41150 41150 41150 79
20200901 1348 41150 41150 41150 41150 54
20200901 1349 41150 41150 41150 41150 83
20200901 1350 41150 41200 41150 41150 70
20200901 1351 41150 41200 41150 41150 77
20200901 1352 41150 41150 41150 41150 59
20200901 1353 41150 41150 41150 41150 65
20200901 1354 41150 41150 41150 41150 61
20200901 1355 41150 41200 41150 41150 74
20200901 1356 41150 41150 41150 41150 67
20200901 1357 41150 41150 41150 41150 76
20200901 1358 41150 41200 41150 41200 156
20200901 1359 41150 41150 41150 41150 75
20200901 1400 41150 41150 41150 41150 54
20200901 1401 41150 41150 41150 41150 65
20200901 1402 41150 41200 41150 41150 62
20200901 1403 41150 41300 41150 41150 49
20200901 1404 41150 41150 41150 41150 18
20200901 1405 41150 41200 41150 41150 15
20200901 1406 41150 41150 41150 41150 17
20200901 1407 41150 41150 41150 41150 15
20200901 1408 41150 41150 41150 41150 18
20200901 1409 41150 41150 41150 41150 10
20200901 1410 41150 41150 41150 41150 34
20200901 1411 41150 41150 41150 41150 38
20200901 1412 41150 41150 41150 41150 32
20200901 1413 41150 41150 41150 41150 41
20200901 1414 41150 41150 41150 41150 47
20200901 1415 41150 41150 41150 41150 29
20200901 1416 41150 41150 41150 41150 44
20200901 1417 41150 41150 41150 41150 33
20200901 1418 41150 41150 41150 41150 37
20200901 1419 41150 41150 41150 41150 34
20200901 1420 41150 41150 41150 41150 38
20200901 1421 41150 41150 41150 41150 24
20200901 1422 41150 41150 41150 41150 39
20200901 1423 41150 41150 41150 41150 36
20200901 1424 41150 41150 41150 41150 74
20200901 1425 41150 41200 41150 41150 106
20200901 1426 41150 41150 41150 41150 45
20200901 1427 41150 41150 41150 41150 81
20200901 1428 41150 41150 41150 41150 94
20200901 1429 41150 41250 41150 41150 91
20200901 1430 41150 41150 41150 41150 34
20200901 1431 41150 41150 41150 41150 57
20200901 1432 41150 41150 41150 41150 207
20200901 1443 41200 41200 41000 41000 3000
20200901 1444 41150 41150 41150 41150 3
20200901 1445 41150 41150 41150 41150 1
20200901 1449 41200 41200 41200 41200 3
20200901 1451 41250 41250 41250 41250 1
20200901 1452 41300 41300 41300 41300 5
20200901 1454 41300 41300 41300 41300 6
20200901 1458 41300 41300 41300 41300 2
20200901 1459 41300 41300 41300 41300 23
20200901 1509 41150 41150 41150 41150 1
20200901 1510 41200 41300 41200 41300 31
20200901 1515 41300 41300 41300 41300 48
20200901 1516 41200 41300 41200 41300 91
20200901 1517 41300 41300 41300 41300 110
20200901 1518 41200 41300 41200 41300 111
20200901 1520 41350 41350 41350 41350 66
20200901 1530 41350 41350 41350 41350 114
