날짜 시간 시가 고가 저가 종가 거래량
20200504 928 11610 11730 11610 11730 11
20200504 942 11680 11680 11680 11680 1
20200504 1000 11675 11675 11675 11675 7
20200504 1004 11700 11700 11700 11700 2
20200504 1015 11720 11720 11720 11720 20
20200504 1016 11720 11720 11720 11720 1
20200504 1122 11740 11740 11740 11740 1
20200504 1127 11735 11735 11735 11735 1
20200504 1129 11730 11730 11730 11730 42
20200504 1307 11680 11680 11680 11680 71
20200504 1330 11680 11680 11680 11680 1
20200504 1333 11650 11650 11650 11650 283
20200504 1334 11650 11650 11650 11650 1
20200504 1340 11635 11635 11635 11635 1
20200504 1358 11635 11635 11635 11635 39
20200504 1400 11635 11635 11635 11635 1
