날짜 시간 시가 고가 저가 종가 거래량
20191230 901 48250 48250 48250 48250 226
20191230 902 48300 48300 48300 48300 45
20191230 903 48250 48250 48250 48250 43
20191230 905 48250 48250 48250 48250 15
20191230 906 48250 48250 48150 48200 94
20191230 908 48200 48200 48200 48200 32
20191230 909 48250 48250 48200 48200 10
20191230 910 48250 48250 48250 48250 43
20191230 911 48300 48300 48200 48200 162
20191230 912 48200 48350 48200 48350 14
20191230 913 48250 48350 48250 48350 58
20191230 914 48350 48600 48300 48600 1152
20191230 915 48600 48750 48550 48750 593
20191230 916 48750 48800 48600 48600 461
20191230 917 48700 48800 48700 48800 97
20191230 918 48850 48850 48800 48800 299
20191230 919 48800 48800 48750 48750 32
20191230 920 48800 48850 48800 48800 36
20191230 921 48750 48750 48700 48700 529
20191230 922 48700 48700 48650 48650 51
20191230 923 48650 48650 48550 48650 287
20191230 924 48650 48750 48650 48750 662
20191230 925 48550 48700 48550 48700 8
20191230 926 48700 48750 48700 48750 120
20191230 927 48800 48800 48750 48750 9
20191230 928 48750 48750 48700 48750 293
20191230 929 48750 48750 48750 48750 1
20191230 930 48700 48750 48700 48750 4
20191230 931 48750 48750 48700 48700 45
20191230 932 48700 48750 48700 48750 42
20191230 933 48750 48750 48750 48750 1
20191230 934 48700 48700 48550 48700 191
20191230 935 48700 48700 48700 48700 1
20191230 936 48700 48700 48700 48700 17
20191230 937 48700 48700 48700 48700 76
20191230 938 48700 48700 48700 48700 1
20191230 939 48700 48750 48700 48700 288
20191230 940 48700 48750 48700 48750 5
20191230 941 48750 48750 48550 48550 62
20191230 942 48700 48700 48700 48700 11
20191230 943 48700 48700 48700 48700 34
20191230 944 48750 48750 48700 48750 71
20191230 945 48750 48800 48750 48800 377
20191230 946 48750 48800 48750 48800 31
20191230 947 48750 48800 48750 48750 17
20191230 948 48800 48800 48800 48800 1
20191230 949 48800 48800 48800 48800 1
20191230 950 48800 48800 48750 48750 47
20191230 951 48800 48800 48750 48800 195
20191230 952 48800 48800 48800 48800 402
20191230 953 48800 48800 48800 48800 11
20191230 954 48750 48800 48750 48800 217
20191230 955 48800 48850 48800 48850 2
20191230 956 48850 48850 48800 48850 26
20191230 957 48850 48850 48850 48850 1
20191230 958 48850 48850 48800 48800 11
20191230 959 48800 48850 48800 48850 228
20191230 1000 48850 48850 48850 48850 10
20191230 1001 48850 49000 48850 49000 926
20191230 1002 49000 49050 49000 49000 362
20191230 1003 49050 49050 49000 49000 24
20191230 1004 49000 49050 49000 49050 212
20191230 1005 49050 49100 49050 49050 383
20191230 1006 49100 49100 49050 49050 12
20191230 1007 49050 49200 49050 49200 1194
20191230 1008 49200 49250 49200 49250 665
20191230 1009 49200 49250 49000 49250 5331
20191230 1010 49200 49200 49100 49100 205
20191230 1011 49100 49200 49100 49200 32
20191230 1012 49150 49150 49150 49150 9
20191230 1013 49150 49150 49150 49150 9
20191230 1014 49150 49200 49150 49200 38
20191230 1015 49200 49200 49150 49150 18
20191230 1016 49200 49200 49150 49200 45
20191230 1017 49200 49200 49150 49200 10
20191230 1018 49150 49200 49100 49100 31
20191230 1019 49200 49200 49150 49150 9
20191230 1020 49150 49150 49150 49150 7
20191230 1021 49100 49150 49100 49150 78
20191230 1022 49150 49150 49150 49150 6
20191230 1023 49150 49150 49100 49150 64
20191230 1024 49100 49150 49100 49150 8
20191230 1025 49150 49150 49100 49150 6
20191230 1026 49150 49200 49150 49200 99
20191230 1027 49200 49200 49150 49150 41
20191230 1028 49150 49150 49100 49150 19
20191230 1029 49100 49150 49050 49150 97
20191230 1030 49150 49150 49150 49150 9
20191230 1031 49150 49150 49100 49100 193
20191230 1032 49100 49100 49100 49100 4
20191230 1033 49100 49100 49100 49100 7
20191230 1034 49100 49100 49100 49100 3
20191230 1035 49050 49300 49050 49300 1589
20191230 1036 49300 49300 49300 49300 458
20191230 1037 49300 49300 49300 49300 16
20191230 1038 49300 49300 49250 49300 36
20191230 1039 49300 49300 49250 49250 123
20191230 1040 49250 49300 49250 49250 81
20191230 1041 49250 49250 49200 49200 118
20191230 1042 49200 49200 49150 49200 130
20191230 1043 49200 49200 49200 49200 55
20191230 1044 49200 49400 49200 49400 917
20191230 1045 49350 49400 49350 49400 4
20191230 1046 49400 49400 49350 49400 97
20191230 1047 49400 49400 49350 49400 10
20191230 1048 49400 49400 49350 49400 55
20191230 1049 49400 49400 49300 49400 846
20191230 1050 49400 49400 49350 49350 123
20191230 1051 49400 49600 49350 49500 3330
20191230 1052 49500 49500 49400 49500 455
20191230 1053 49500 49500 49500 49500 6
20191230 1054 49500 49500 49400 49400 20
20191230 1055 49450 49450 49400 49450 10
20191230 1056 49450 49500 49450 49450 170
20191230 1057 49500 49500 49450 49500 36
20191230 1058 49500 49500 49500 49500 15
20191230 1059 49500 49500 49500 49500 6
20191230 1100 49500 49500 49500 49500 9
20191230 1101 49500 49500 49500 49500 9
20191230 1102 49500 49600 49500 49550 350
20191230 1103 49550 49600 49550 49600 206
20191230 1104 49600 49600 49550 49600 77
20191230 1105 49550 49600 49500 49500 213
20191230 1106 49500 49500 49450 49500 9
20191230 1107 49500 49500 49450 49500 13
20191230 1108 49500 49500 49450 49450 7
20191230 1109 49500 49500 49450 49500 68
20191230 1110 49450 49500 49450 49500 8
20191230 1111 49500 49500 49500 49500 7
20191230 1112 49500 49500 49500 49500 15
20191230 1113 49500 49500 49450 49450 11
20191230 1114 49500 49500 49500 49500 6
20191230 1115 49450 49500 49450 49500 46
20191230 1116 49500 49500 49500 49500 13
20191230 1118 49500 49500 49450 49500 5
20191230 1119 49450 49500 49450 49500 9
20191230 1120 49500 49500 49500 49500 5
20191230 1121 49450 49450 49350 49400 670
20191230 1122 49350 49400 49350 49400 131
20191230 1123 49350 49400 49350 49400 8
20191230 1124 49350 49350 49350 49350 38
20191230 1125 49350 49350 49350 49350 7
20191230 1126 49300 49300 49250 49250 375
20191230 1127 49300 49300 49300 49300 137
20191230 1128 49250 49300 49250 49300 5
20191230 1129 49250 49250 49250 49250 2
20191230 1130 49250 49300 49250 49300 8
20191230 1131 49300 49300 49300 49300 1
20191230 1132 49300 49300 49300 49300 31
20191230 1133 49300 49300 49250 49300 105
20191230 1134 49300 49400 49300 49400 354
20191230 1135 49400 49400 49350 49350 8
20191230 1137 49400 49400 49350 49350 3
20191230 1138 49350 49400 49350 49400 68
20191230 1139 49400 49400 49400 49400 7
20191230 1140 49400 49400 49350 49400 5
20191230 1141 49400 49400 49400 49400 66
20191230 1142 49400 49400 49400 49400 3
20191230 1143 49400 49450 49400 49450 740
20191230 1144 49450 49450 49450 49450 8
20191230 1145 49450 49450 49450 49450 38
20191230 1146 49400 49450 49400 49450 4
20191230 1147 49450 49500 49400 49500 293
20191230 1148 49500 49500 49500 49500 4
20191230 1149 49500 49500 49500 49500 69
20191230 1150 49450 49500 49450 49500 24
20191230 1151 49500 49500 49500 49500 37
20191230 1152 49500 49500 49500 49500 2
20191230 1153 49500 49500 49500 49500 38
20191230 1154 49500 49500 49500 49500 31
20191230 1155 49500 49500 49500 49500 38
20191230 1156 49450 49550 49450 49550 284
20191230 1157 49550 49550 49550 49550 37
20191230 1158 49550 49550 49550 49550 87
20191230 1159 49550 49550 49550 49550 145
20191230 1201 49500 49500 49400 49450 206
20191230 1202 49400 49450 49400 49450 6
20191230 1203 49400 49400 49400 49400 72
20191230 1204 49400 49400 49400 49400 2
20191230 1205 49450 49450 49400 49400 13
20191230 1206 49400 49400 49400 49400 26
20191230 1207 49400 49400 49400 49400 28
20191230 1208 49450 49450 49450 49450 1
20191230 1209 49400 49400 49400 49400 54
20191230 1210 49400 49400 49400 49400 58
20191230 1211 49350 49400 49350 49400 4
20191230 1212 49400 49400 49350 49400 78
20191230 1213 49400 49400 49400 49400 15
20191230 1214 49400 49400 49350 49400 61
20191230 1215 49350 49400 49350 49400 24
20191230 1216 49400 49400 49400 49400 17
20191230 1217 49450 49450 49450 49450 1
20191230 1218 49450 49450 49400 49400 37
20191230 1219 49450 49550 49450 49550 652
20191230 1220 49550 49550 49500 49500 41
20191230 1221 49500 49550 49500 49500 21
20191230 1222 49500 49550 49500 49550 40
20191230 1223 49500 49500 49500 49500 10
20191230 1224 49550 49550 49450 49500 125
20191230 1226 49450 49500 49450 49500 39
20191230 1228 49500 49500 49450 49450 48
20191230 1229 49500 49550 49500 49550 459
20191230 1230 49550 49550 49500 49500 39
20191230 1231 49550 49550 49500 49500 4
20191230 1233 49500 49500 49500 49500 245
20191230 1234 49500 49550 49450 49550 251
20191230 1235 49500 49550 49500 49550 2
20191230 1236 49500 49550 49500 49500 102
20191230 1237 49500 49500 49500 49500 3
20191230 1238 49500 49500 49500 49500 36
20191230 1239 49500 49500 49500 49500 17
20191230 1240 49500 49500 49500 49500 38
20191230 1241 49450 49500 49450 49500 27
20191230 1242 49500 49500 49450 49450 32
20191230 1243 49500 49500 49450 49500 27
20191230 1244 49500 49500 49500 49500 32
20191230 1245 49500 49500 49500 49500 41
20191230 1246 49500 49500 49500 49500 2
20191230 1247 49500 49500 49450 49500 38
20191230 1249 49500 49550 49450 49450 649
20191230 1250 49400 49400 49400 49400 60
20191230 1251 49450 49450 49450 49450 37
20191230 1252 49350 49400 49350 49400 3
20191230 1253 49400 49450 49400 49450 12
20191230 1254 49450 49450 49450 49450 103
20191230 1255 49450 49450 49400 49400 37
20191230 1256 49450 49450 49450 49450 70
20191230 1257 49450 49450 49450 49450 390
20191230 1258 49400 49450 49400 49450 13
20191230 1259 49450 49500 49450 49500 36
20191230 1300 49500 49500 49450 49450 48
20191230 1301 49450 49450 49450 49450 39
20191230 1302 49450 49450 49450 49450 1
20191230 1303 49450 49450 49450 49450 39
20191230 1304 49450 49450 49450 49450 22
20191230 1305 49400 49400 49400 49400 1
20191230 1306 49400 49400 49400 49400 106
20191230 1307 49400 49400 49400 49400 22
20191230 1308 49450 49450 49350 49400 103
20191230 1309 49450 49450 49450 49450 38
20191230 1310 49400 49450 49400 49450 2
20191230 1311 49450 49450 49350 49350 263
20191230 1312 49400 49400 49350 49350 4
20191230 1313 49400 49400 49400 49400 30
20191230 1314 49400 49400 49350 49350 171
20191230 1315 49350 49350 49300 49300 116
20191230 1316 49350 49350 49300 49300 2
20191230 1317 49300 49400 49300 49400 9
20191230 1318 49400 49400 49350 49350 38
20191230 1319 49350 49400 49350 49400 11
20191230 1320 49400 49400 49400 49400 40
20191230 1321 49400 49400 49350 49350 255
20191230 1322 49400 49400 49350 49350 39
20191230 1323 49400 49400 49350 49400 3
20191230 1324 49400 49400 49350 49400 38
20191230 1325 49400 49400 49400 49400 3
20191230 1326 49400 49400 49350 49350 43
20191230 1327 49400 49400 49350 49400 3
20191230 1328 49400 49400 49400 49400 70
20191230 1329 49400 49400 49250 49250 205
20191230 1330 49300 49300 49300 49300 50
20191230 1331 49300 49300 49300 49300 13
20191230 1332 49250 49250 49250 49250 36
20191230 1333 49250 49300 49150 49250 543
20191230 1334 49300 49300 49250 49250 17
20191230 1335 49250 49300 49250 49300 126
20191230 1336 49350 49350 49200 49200 290
20191230 1337 49200 49250 49200 49250 69
20191230 1338 49200 49250 49200 49250 40
20191230 1339 49250 49300 49200 49300 45
20191230 1340 49300 49300 49300 49300 108
20191230 1341 49350 49350 49350 49350 15
20191230 1342 49350 49350 49250 49250 221
20191230 1343 49200 49300 49200 49300 196
20191230 1344 49300 49300 49250 49300 71
20191230 1345 49300 49300 49300 49300 51
20191230 1346 49300 49400 49300 49400 189
20191230 1347 49400 49400 49300 49300 133
20191230 1348 49300 49300 49300 49300 84
20191230 1349 49300 49300 49250 49250 153
20191230 1350 49300 49300 49250 49250 109
20191230 1351 49300 49350 49250 49300 161
20191230 1352 49300 49300 49250 49300 170
20191230 1353 49300 49350 49300 49350 106
20191230 1354 49350 49350 49250 49300 172
20191230 1355 49300 49350 49250 49350 156
20191230 1356 49350 49500 49350 49500 772
20191230 1357 49400 49450 49400 49450 175
20191230 1358 49450 49500 49400 49450 283
20191230 1359 49450 49450 49400 49400 246
20191230 1400 49400 49500 49300 49450 710
20191230 1401 49350 49450 49350 49450 223
20191230 1402 49400 49450 49400 49400 89
20191230 1403 49400 49450 49400 49450 192
20191230 1404 49400 49450 49400 49400 87
20191230 1405 49400 49450 49400 49400 147
20191230 1406 49400 49500 49400 49450 221
20191230 1407 49450 49500 49450 49500 145
20191230 1408 49450 49500 49450 49450 70
20191230 1409 49450 49500 49450 49500 431
20191230 1410 49500 49500 49450 49450 131
20191230 1411 49450 49500 49450 49500 89
20191230 1412 49500 49500 49450 49500 239
20191230 1413 49450 49500 49450 49450 66
20191230 1414 49500 49500 49450 49500 147
20191230 1415 49450 49600 49450 49600 4066
20191230 1416 49550 49700 49550 49700 1215
20191230 1417 49650 49700 49650 49650 195
20191230 1418 49650 49700 49650 49700 190
20191230 1419 49650 49700 49600 49650 350
20191230 1420 49700 49700 49650 49650 92
20191230 1421 49650 49700 49650 49650 185
20191230 1422 49650 49750 49650 49750 320
20191230 1423 49700 49800 49700 49750 643
20191230 1424 49800 49800 49750 49800 315
20191230 1425 49800 49850 49750 49800 278
20191230 1426 49750 49800 49700 49800 630
20191230 1427 49750 49800 49750 49750 111
20191230 1428 49750 49800 49700 49700 571
20191230 1429 49750 49750 49450 49600 238
20191230 1430 49600 49650 49600 49600 239
20191230 1431 49600 49750 49500 49650 320
20191230 1432 49750 49750 49650 49700 344
20191230 1433 49700 49750 49700 49750 277
20191230 1434 49700 49750 49700 49750 259
20191230 1435 49750 49800 49700 49800 271
20191230 1436 49800 49800 49750 49800 160
20191230 1437 49800 49900 49750 49850 485
20191230 1438 49850 49900 49750 49750 441
20191230 1439 49800 49900 49750 49900 303
20191230 1440 49900 49900 49850 49900 173
20191230 1441 49900 49900 49800 49900 300
20191230 1442 49900 49950 49900 49950 536
20191230 1443 49950 49950 49850 49950 477
20191230 1444 49950 50000 49950 49950 461
20191230 1445 50000 50000 49950 49950 220
20191230 1446 49950 50000 49900 50000 824
20191230 1447 50000 50000 49950 50000 284
20191230 1448 49950 50000 49950 50000 331
20191230 1449 50000 50000 49950 49950 299
20191230 1450 50000 50000 49950 50000 340
20191230 1451 49950 50000 49950 50000 348
20191230 1452 50000 50000 49950 50000 349
20191230 1453 50000 50000 49950 49950 359
20191230 1454 50000 50000 49950 50000 343
20191230 1455 50000 50100 50000 50100 803
20191230 1456 50000 50100 50000 50000 401
20191230 1457 50100 50100 50000 50100 322
20191230 1458 50000 50200 50000 50000 881
20191230 1459 50100 50200 50000 50200 648
20191230 1500 50200 50200 50100 50200 272
20191230 1501 50100 50200 50100 50200 293
20191230 1502 50100 50200 50100 50100 245
20191230 1503 50100 50200 50100 50100 282
20191230 1504 50200 50200 50100 50100 452
20191230 1505 50100 50200 50100 50200 195
20191230 1506 50100 50200 50100 50100 587
20191230 1507 50200 50200 50100 50100 227
20191230 1508 50100 50100 50000 50000 227
20191230 1509 50000 50200 50000 50100 290
20191230 1510 50200 50200 50100 50200 181
20191230 1511 50200 50200 50100 50200 341
20191230 1512 50200 50200 50100 50100 240
20191230 1513 50200 50200 50000 50200 495
20191230 1514 50100 50200 50100 50200 208
20191230 1515 50100 50200 50100 50100 488
20191230 1516 50200 50200 50100 50100 391
20191230 1517 50000 50100 50000 50100 62
20191230 1518 50100 50100 50000 50000 407
20191230 1519 50000 50100 50000 50100 338
20191230 1520 50100 50200 50000 50100 195
20191230 1530 50200 50200 50200 50200 5915
20200102 1001 50200 50200 50000 50000 770
20200102 1002 50100 50100 49850 49850 68
20200102 1003 49850 49850 49850 49850 86
20200102 1004 49900 49950 49850 49850 149
20200102 1005 49900 49950 49900 49900 202
20200102 1006 49900 49900 49850 49900 270
20200102 1007 49950 50000 49950 49950 129
20200102 1008 49950 49950 49900 49950 37
20200102 1009 49900 49950 49900 49900 519
20200102 1010 49900 50100 49900 50100 438
20200102 1011 50000 50100 50000 50100 60
20200102 1012 50100 50100 50000 50100 249
20200102 1013 50100 50300 50100 50300 350
20200102 1014 50200 50300 50100 50200 193
20200102 1015 50100 50200 50100 50100 108
20200102 1016 50100 50100 50000 50000 597
20200102 1017 50000 50000 49900 49950 562
20200102 1018 49950 49950 49900 49950 59
20200102 1019 49950 49950 49800 49850 1916
20200102 1020 49800 49900 49800 49850 150
20200102 1021 49850 49850 49750 49750 952
20200102 1022 49750 49800 49700 49700 138
20200102 1023 49750 49850 49750 49800 351
20200102 1024 49750 49800 49750 49800 74
20200102 1025 49800 49800 49750 49750 50
20200102 1026 49750 49800 49750 49800 236
20200102 1027 49800 49800 49750 49750 161
20200102 1028 49800 49800 49800 49800 35
20200102 1029 49800 49800 49750 49800 194
20200102 1030 49800 49800 49700 49700 106
20200102 1031 49750 49750 49700 49750 170
20200102 1032 49700 49750 49700 49750 88
20200102 1033 49750 49750 49700 49750 203
20200102 1034 49700 49750 49700 49750 77
20200102 1035 49700 49800 49700 49750 192
20200102 1036 49750 49750 49700 49750 147
20200102 1037 49750 49850 49750 49850 98
20200102 1038 49850 49850 49800 49850 416
20200102 1039 49800 49800 49800 49800 133
20200102 1040 49800 49850 49800 49800 119
20200102 1041 49750 49800 49750 49800 59
20200102 1042 49750 49750 49700 49750 157
20200102 1043 49750 49800 49700 49750 291
20200102 1044 49800 49900 49800 49900 373
20200102 1045 49850 49900 49800 49800 86
20200102 1046 49850 49850 49800 49850 44
20200102 1047 49850 49850 49850 49850 137
20200102 1048 49850 49850 49850 49850 4
20200102 1049 49850 50000 49850 50000 321
20200102 1050 49950 49950 49950 49950 113
20200102 1051 49950 50100 49950 50100 145
20200102 1052 50000 50100 50000 50000 163
20200102 1053 49950 49950 49800 49850 469
20200102 1054 49850 49850 49850 49850 29
20200102 1055 49850 49950 49850 49950 368
20200102 1056 49950 49950 49950 49950 56
20200102 1057 49950 50000 49950 50000 388
20200102 1058 49950 50000 49950 50000 96
20200102 1059 50000 50000 49950 50000 182
20200102 1100 50000 50000 49950 50000 146
20200102 1101 50100 50100 50000 50000 104
20200102 1102 50100 50100 50100 50100 89
20200102 1103 50100 50100 50000 50000 76
20200102 1104 50100 50100 50100 50100 97
20200102 1105 50100 50100 49950 50000 591
20200102 1106 49950 49950 49850 49850 367
20200102 1107 49850 49900 49850 49900 245
20200102 1108 49900 50100 49900 50000 357
20200102 1109 50000 50000 49950 50000 95
20200102 1110 50000 50000 49950 50000 56
20200102 1111 50000 50000 50000 50000 73
20200102 1112 50000 50000 49950 50000 96
20200102 1113 50000 50000 49950 49950 240
20200102 1114 49950 49950 49950 49950 43
20200102 1115 49950 50000 49950 49950 378
20200102 1116 49950 49950 49850 49900 77
20200102 1117 49900 49900 49850 49900 34
20200102 1118 49900 49900 49850 49900 157
20200102 1119 49900 49900 49850 49900 68
20200102 1120 49900 49900 49850 49900 121
20200102 1121 49900 49900 49850 49850 380
20200102 1122 49800 49850 49800 49850 75
20200102 1123 49850 49900 49850 49850 162
20200102 1124 49850 49850 49800 49850 214
20200102 1125 49900 49900 49850 49850 46
20200102 1126 49900 49900 49850 49900 613
20200102 1127 49950 49950 49850 49900 94
20200102 1128 49900 49900 49900 49900 66
20200102 1129 49900 49900 49900 49900 95
20200102 1130 49900 49900 49850 49900 102
20200102 1131 49900 49900 49850 49900 112
20200102 1132 49900 49900 49900 49900 115
20200102 1133 49900 49950 49850 49900 360
20200102 1134 49900 49950 49900 49900 76
20200102 1135 49950 49950 49900 49950 36
20200102 1136 49950 50100 49950 50100 1122
20200102 1137 50100 50200 50000 50100 180
20200102 1138 50000 50100 50000 50100 81
20200102 1139 50100 50200 50100 50200 140
20200102 1140 50200 50200 50100 50200 116
20200102 1141 50200 50200 50200 50200 12
20200102 1142 50200 50200 50100 50200 211
20200102 1143 50200 50200 50100 50100 484
20200102 1144 50100 50100 50100 50100 106
20200102 1145 50100 50100 50100 50100 100
20200102 1146 50100 50200 50000 50200 68
20200102 1147 50200 50200 50100 50100 135
20200102 1148 50100 50100 50100 50100 103
20200102 1149 50100 50200 50100 50100 83
20200102 1150 50200 50200 50000 50100 116
20200102 1151 50100 50100 50100 50100 58
20200102 1152 50100 50200 50100 50200 114
20200102 1153 50200 50200 50100 50200 88
20200102 1154 50200 50200 50200 50200 47
20200102 1155 50200 50200 50200 50200 110
20200102 1156 50100 50200 50100 50100 109
20200102 1157 50100 50100 50100 50100 108
20200102 1158 50100 50200 50100 50200 138
20200102 1159 50100 50100 50000 50100 177
20200102 1200 50200 50200 49950 50100 104
20200102 1201 50100 50200 50100 50200 95
20200102 1202 50200 50200 50200 50200 74
20200102 1203 50200 50200 50100 50200 61
20200102 1204 50100 50200 50100 50200 99
20200102 1205 50200 50200 50200 50200 64
20200102 1206 50200 50200 50100 50100 70
20200102 1207 50200 50200 50100 50200 232
20200102 1208 50200 50200 50200 50200 129
20200102 1209 50200 50300 50200 50300 130
20200102 1210 50200 50300 50200 50300 57
20200102 1211 50300 50300 50200 50300 96
20200102 1212 50300 50300 50300 50300 66
20200102 1213 50300 50300 50200 50200 56
20200102 1214 50300 50300 50300 50300 256
20200102 1215 50300 50300 50300 50300 14
20200102 1216 50300 50400 50200 50400 265
20200102 1217 50300 50400 50300 50400 181
20200102 1218 50400 50400 50300 50300 231
20200102 1219 50300 50300 50200 50300 68
20200102 1220 50300 50300 50200 50300 118
20200102 1221 50300 50300 50300 50300 38
20200102 1222 50200 50300 50200 50300 102
20200102 1223 50300 50400 50200 50400 40
20200102 1224 50400 50400 50300 50400 148
20200102 1225 50400 50400 50200 50200 165
20200102 1226 50200 50300 50200 50200 64
20200102 1227 50200 50300 50100 50300 66
20200102 1228 50200 50300 50100 50200 134
20200102 1229 50300 50300 50200 50300 56
20200102 1230 50200 50200 50100 50200 130
20200102 1231 50100 50200 50100 50200 92
20200102 1232 50200 50300 50200 50300 78
20200102 1233 50300 50300 50200 50200 126
20200102 1234 50200 50200 50100 50200 75
20200102 1235 50200 50200 50200 50200 42
20200102 1236 50200 50200 50100 50200 120
20200102 1237 50200 50300 50200 50200 73
20200102 1238 50200 50300 50200 50300 86
20200102 1239 50200 50300 50200 50200 31
20200102 1240 50300 50300 50200 50300 120
20200102 1241 50300 50300 50200 50300 90
20200102 1242 50300 50300 50200 50300 95
20200102 1243 50200 50300 50200 50300 86
20200102 1244 50300 50300 50100 50100 358
20200102 1245 50300 50300 50200 50200 46
20200102 1246 50300 50300 50200 50200 136
20200102 1247 50200 50300 50200 50300 57
20200102 1248 50200 50300 50200 50200 90
20200102 1249 50200 50300 50100 50300 83
20200102 1250 50200 50300 50200 50200 116
20200102 1251 50300 50300 50200 50300 96
20200102 1252 50300 50300 50200 50300 130
20200102 1253 50300 50400 50300 50400 22
20200102 1254 50400 50400 50300 50300 68
20200102 1255 50300 50300 50200 50200 75
20200102 1256 50300 50300 50300 50300 112
20200102 1257 50300 50300 50200 50300 40
20200102 1258 50300 50300 50300 50300 117
20200102 1259 50200 50300 50200 50300 126
20200102 1300 50300 50300 50200 50200 112
20200102 1301 50300 50300 50200 50300 60
20200102 1302 50300 50300 50200 50300 160
20200102 1303 50300 50300 50300 50300 31
20200102 1304 50200 50300 50200 50300 114
20200102 1305 50300 50300 50200 50200 138
20200102 1306 50300 50300 50200 50200 56
20200102 1307 50200 50300 50200 50300 102
20200102 1308 50200 50200 50100 50100 699
20200102 1309 50100 50100 50000 50100 442
20200102 1310 50000 50200 50000 50000 397
20200102 1311 50100 50100 50000 50000 94
20200102 1312 50000 50000 49950 50000 250
20200102 1313 49950 50000 49950 50000 89
20200102 1314 50000 50000 49950 49950 323
20200102 1315 50000 50000 49950 49950 352
20200102 1316 50000 50000 49850 49850 743
20200102 1317 49900 49900 49850 49850 202
20200102 1318 49850 49850 49800 49850 236
20200102 1319 49800 49850 49800 49850 304
20200102 1320 49850 49850 49800 49850 206
20200102 1321 49850 49850 49800 49850 475
20200102 1322 49800 49850 49800 49800 518
20200102 1323 49850 49900 49800 49850 489
20200102 1324 49850 50200 49750 50200 6423
20200102 1325 50200 50200 50100 50100 182
20200102 1326 50200 50200 49950 49950 501
20200102 1327 50200 50200 50100 50100 168
20200102 1328 50100 50200 50100 50100 133
20200102 1329 50000 50200 50000 50100 433
20200102 1330 50100 50100 49950 49950 234
20200102 1331 49950 50100 49950 50100 375
20200102 1332 50100 50100 49950 49950 154
20200102 1333 49950 50000 49800 49850 734
20200102 1334 49850 49900 49850 49900 138
20200102 1335 49850 49950 49850 49850 583
20200102 1336 49900 49950 49850 49900 218
20200102 1337 49900 50000 49900 49900 223
20200102 1338 49900 49900 49850 49850 104
20200102 1339 49850 49900 49850 49850 113
20200102 1340 49850 49900 49850 49900 342
20200102 1341 49900 49900 49800 49900 170
20200102 1342 49850 49900 49800 49900 246
20200102 1343 49900 49900 49850 49850 242
20200102 1344 49850 49900 49800 49800 305
20200102 1345 49850 49900 49850 49850 142
20200102 1346 49850 49850 49750 49800 223
20200102 1347 49800 49800 49750 49750 402
20200102 1348 49750 49800 49750 49800 142
20200102 1349 49800 49800 49700 49750 1484
20200102 1350 49700 49750 49700 49750 216
20200102 1351 49750 49750 49650 49700 727
20200102 1352 49700 49700 49650 49700 158
20200102 1353 49700 49800 49650 49800 278
20200102 1354 49800 49800 49700 49700 194
20200102 1355 49700 49750 49650 49650 246
20200102 1356 49650 49700 49650 49700 371
20200102 1357 49700 49750 49700 49700 154
20200102 1358 49700 49700 49650 49700 429
20200102 1359 49650 49700 49650 49700 498
20200102 1400 49650 49700 49650 49650 181
20200102 1401 49600 49650 49600 49650 144
20200102 1402 49600 49650 49600 49650 189
20200102 1403 49650 49700 49600 49700 376
20200102 1404 49700 49700 49600 49700 137
20200102 1405 49700 49700 49650 49650 158
20200102 1406 49650 49650 49600 49650 308
20200102 1407 49600 49700 49600 49600 306
20200102 1408 49600 49650 49600 49650 262
20200102 1409 49650 49650 49600 49600 432
20200102 1410 49650 49650 49600 49600 301
20200102 1411 49600 49600 49550 49600 265
20200102 1412 49600 49650 49550 49650 702
20200102 1413 49600 49600 49550 49550 472
20200102 1414 49550 49550 49500 49550 281
20200102 1415 49500 49500 49400 49400 1025
20200102 1416 49450 49450 49300 49350 1273
20200102 1417 49350 49400 49300 49350 549
20200102 1418 49350 49400 49350 49400 271
20200102 1419 49350 49400 49300 49350 535
20200102 1420 49350 49350 49300 49350 299
20200102 1421 49300 49350 49300 49300 524
20200102 1422 49300 49500 49300 49450 493
20200102 1423 49450 49500 49400 49450 149
20200102 1424 49400 49450 49400 49450 201
20200102 1425 49450 49450 49350 49400 394
20200102 1426 49400 49450 49300 49350 812
20200102 1427 49350 49350 49300 49300 497
20200102 1428 49350 49450 49350 49400 570
20200102 1429 49350 49450 49350 49400 240
20200102 1430 49400 49500 49350 49450 203
20200102 1431 49400 49450 49350 49400 218
20200102 1432 49450 49450 49400 49450 246
20200102 1433 49400 49450 49350 49350 346
20200102 1434 49400 49450 49350 49450 144
20200102 1435 49450 49500 49350 49400 384
20200102 1436 49400 49400 49350 49400 210
20200102 1437 49350 49450 49350 49350 202
20200102 1438 49350 49450 49350 49450 354
20200102 1439 49450 49450 49400 49450 176
20200102 1440 49450 49450 49300 49300 750
20200102 1441 49350 49400 49300 49350 333
20200102 1442 49400 49450 49350 49400 257
20200102 1443 49400 49400 49350 49350 236
20200102 1444 49350 49450 49350 49450 457
20200102 1445 49450 49450 49400 49400 238
20200102 1446 49400 49400 49350 49350 263
20200102 1447 49350 49350 49250 49300 1037
20200102 1448 49300 49350 49250 49250 451
20200102 1449 49300 49350 49250 49250 342
20200102 1450 49300 49300 49250 49300 225
20200102 1451 49300 49350 49200 49200 432
20200102 1452 49300 49300 49250 49250 147
20200102 1453 49250 49300 49200 49200 247
20200102 1454 49250 49300 49200 49200 257
20200102 1455 49250 49250 49200 49200 391
20200102 1456 49250 49250 49200 49250 209
20200102 1457 49200 49300 49200 49250 552
20200102 1458 49300 49300 49250 49300 253
20200102 1459 49250 49300 49250 49300 253
20200102 1500 49300 49300 49250 49250 188
20200102 1501 49250 49300 49200 49250 732
20200102 1502 49300 49300 49250 49250 60
20200102 1503 49300 49300 49250 49250 133
20200102 1504 49250 49300 49250 49250 145
20200102 1505 49300 49300 49200 49200 300
20200102 1506 49200 49250 49150 49150 614
20200102 1507 49200 49200 49100 49100 782
20200102 1508 49100 49150 49050 49050 288
20200102 1509 49100 49100 49050 49050 108
20200102 1510 49100 49100 49050 49050 133
20200102 1511 49100 49200 49050 49200 503
20200102 1512 49200 49250 49100 49100 334
20200102 1513 49150 49150 49050 49100 236
20200102 1514 49150 49150 49050 49050 40
20200102 1515 49050 49100 49000 49050 2169
20200102 1516 49050 49100 49050 49050 154
20200102 1517 49000 49150 49000 49100 667
20200102 1518 49100 49100 48950 49000 448
20200102 1519 48950 49050 48900 49050 527
20200102 1520 49000 49000 48850 48850 112
20200102 1530 48950 48950 48950 48950 3752
