날짜 시간 시가 고가 저가 종가 거래량
20191230 901 345500 345500 344500 344500 140
20191230 902 344000 345000 344000 344000 18
20191230 903 344000 344000 344000 344000 36
20191230 904 344000 344000 343500 343500 34
20191230 905 343500 343500 343500 343500 63
20191230 906 343500 343500 343500 343500 17
20191230 907 343000 343000 343000 343000 3
20191230 908 343000 343000 343000 343000 69
20191230 909 343000 343000 342500 342500 169
20191230 910 342500 342500 342500 342500 5
20191230 911 342500 342500 342500 342500 5
20191230 912 343000 343000 342500 342500 51
20191230 913 343500 343500 343500 343500 5
20191230 914 342500 343000 342500 343000 3
20191230 915 343000 343000 342500 343000 96
20191230 916 343000 343000 342500 342500 3
20191230 917 342500 343000 342500 343000 55
20191230 918 342500 343000 342500 343000 83
20191230 919 343000 343500 343000 343000 25
20191230 920 343000 343500 343000 343500 55
20191230 921 343500 343500 343000 343000 122
20191230 922 343000 343500 343000 343500 5
20191230 923 343000 343500 343000 343000 5
20191230 924 343000 343000 343000 343000 23
20191230 925 343000 343500 343000 343500 2
20191230 926 343000 343000 343000 343000 3
20191230 927 343000 343500 343000 343500 100
20191230 928 343500 343500 343000 343000 5
20191230 929 343500 343500 343000 343500 73
20191230 930 343000 343500 343000 343500 23
20191230 931 343000 343000 343000 343000 7
20191230 932 343000 343000 343000 343000 8
20191230 933 343000 343000 343000 343000 4
20191230 934 343000 343500 343000 343500 22
20191230 935 343500 343500 343000 343000 4
20191230 936 343000 343500 343000 343000 15
20191230 937 343500 343500 343000 343000 7
20191230 938 343000 343500 343000 343000 8
20191230 939 343500 343500 343000 343000 22
20191230 940 343000 343000 343000 343000 2
20191230 941 343000 343500 343000 343000 298
20191230 942 343000 343500 343000 343500 34
20191230 943 343000 343500 343000 343500 30
20191230 944 343500 343500 343000 343000 36
20191230 945 343000 343500 343000 343000 4
20191230 946 343000 343000 343000 343000 11
20191230 947 343000 343000 343000 343000 2
20191230 948 343000 343000 343000 343000 34
20191230 949 343000 343000 343000 343000 4
20191230 950 343000 343000 343000 343000 2
20191230 951 343000 343000 343000 343000 12
20191230 952 343000 343000 343000 343000 14
20191230 953 343000 343000 343000 343000 16
20191230 954 343000 343000 343000 343000 2
20191230 955 343000 343500 343000 343000 68
20191230 956 343000 343500 343000 343500 12
20191230 957 343000 343000 343000 343000 7
20191230 958 343000 343000 343000 343000 12
20191230 959 343000 343000 343000 343000 5
20191230 1000 343000 343000 343000 343000 16
20191230 1001 343000 343000 343000 343000 21
20191230 1002 343000 343000 343000 343000 12
20191230 1003 343000 343000 343000 343000 18
20191230 1004 343000 343000 343000 343000 30
20191230 1005 343000 343000 343000 343000 19
20191230 1006 343000 343000 343000 343000 106
20191230 1007 343000 343500 343000 343000 21
20191230 1008 343000 343000 342500 342500 509
20191230 1009 342500 342500 342500 342500 7
20191230 1010 342500 342500 342500 342500 10
20191230 1011 342500 342500 342500 342500 10
20191230 1012 342500 342500 342500 342500 51
20191230 1013 342500 343000 342500 342500 14
20191230 1014 342500 342500 342500 342500 11
20191230 1015 343000 343000 342500 342500 51
20191230 1016 342500 343000 342500 343000 17
20191230 1017 342500 343000 342500 342500 22
20191230 1018 342500 343000 342500 342500 60
20191230 1019 342500 343000 342500 342500 57
20191230 1020 342500 343000 342500 342500 9
20191230 1021 342500 342500 342500 342500 72
20191230 1022 342500 342500 342500 342500 10
20191230 1023 342500 343000 342500 343000 17
20191230 1024 342500 342500 342500 342500 56
20191230 1025 342500 342500 342500 342500 9
20191230 1026 343000 343000 342500 342500 55
20191230 1027 342500 342500 342500 342500 50
20191230 1028 342500 342500 342500 342500 54
20191230 1029 342000 342000 342000 342000 9
20191230 1030 342000 342500 342000 342000 75
20191230 1031 342000 342000 342000 342000 27
20191230 1032 342500 342500 342000 342000 8
20191230 1033 342500 342500 342000 342000 131
20191230 1034 342000 342500 342000 342000 68
20191230 1035 342000 342000 342000 342000 40
20191230 1036 342500 342500 341500 341500 62
20191230 1037 341500 342000 341500 341500 95
20191230 1038 341500 341500 341500 341500 19
20191230 1039 341500 342000 341500 341500 126
20191230 1040 341500 342000 341500 341500 60
20191230 1041 341500 342000 341500 341500 43
20191230 1042 341500 341500 341000 341000 83
20191230 1043 341000 341000 341000 341000 28
20191230 1044 341000 342000 341000 341500 728
20191230 1045 341500 341500 341500 341500 81
20191230 1046 341500 341500 341500 341500 35
20191230 1047 342000 342000 341500 341500 57
20191230 1048 341500 341500 341000 341000 54
20191230 1049 341000 341500 341000 341000 36
20191230 1050 341000 341500 341000 341000 32
20191230 1051 341000 341500 341000 341000 126
20191230 1052 341000 341500 341000 341000 69
20191230 1053 341500 341500 341000 341000 39
20191230 1054 341000 341500 341000 341000 224
20191230 1055 341500 341500 341000 341000 52
20191230 1056 341000 341500 341000 341000 35
20191230 1057 341000 341500 341000 341000 65
20191230 1058 341000 341500 341000 341000 60
20191230 1059 341000 341000 341000 341000 35
20191230 1100 341000 341500 341000 341500 115
20191230 1101 341000 341000 341000 341000 36
20191230 1102 341000 341500 341000 341000 41
20191230 1103 341000 341500 341000 341500 82
20191230 1104 341000 341500 341000 341000 47
20191230 1105 341000 341000 341000 341000 45
20191230 1106 341000 341500 341000 341000 70
20191230 1107 341000 341500 341000 341000 68
20191230 1108 341000 341500 341000 341000 53
20191230 1109 341000 341500 340500 340500 83
20191230 1110 340500 340500 340500 340500 32
20191230 1111 340500 340500 340500 340500 38
20191230 1112 341000 341000 340500 340500 78
20191230 1113 340500 341000 340500 340500 31
20191230 1114 340500 341000 340500 340500 40
20191230 1115 340500 341000 340500 340500 115
20191230 1116 340500 341000 340500 340500 53
20191230 1117 340500 341000 340500 340500 41
20191230 1118 340500 341000 340500 340500 91
20191230 1119 340500 340500 340500 340500 34
20191230 1120 340500 341000 340500 341000 59
20191230 1121 341000 341000 340500 340500 93
20191230 1122 340500 341000 340500 340500 143
20191230 1123 340500 341000 340000 340000 63
20191230 1124 340000 340000 340000 340000 73
20191230 1125 340000 340500 340000 340000 88
20191230 1126 340000 340500 340000 340000 70
20191230 1127 340000 340500 340000 340000 138
20191230 1128 340000 340500 340000 340000 48
20191230 1129 340000 340500 340000 340000 77
20191230 1130 340000 340000 340000 340000 88
20191230 1131 340000 340500 340000 340500 94
20191230 1132 340000 340500 340000 340000 37
20191230 1133 340000 340000 340000 340000 125
20191230 1134 340000 340500 340000 340000 57
20191230 1135 340000 340000 340000 340000 34
20191230 1136 340000 340500 340000 340000 214
20191230 1137 340000 340500 340000 340000 97
20191230 1138 340000 340500 340000 340000 64
20191230 1139 340000 340000 339500 339500 900
20191230 1140 339500 339500 339500 339500 75
20191230 1141 339500 340000 339500 339500 42
20191230 1142 339500 340000 339500 340000 249
20191230 1143 339500 340000 339500 339500 123
20191230 1144 339500 340000 339500 340000 135
20191230 1145 339500 340000 339500 340000 193
20191230 1146 339500 340000 339500 339500 145
20191230 1147 339500 340000 339500 339500 103
20191230 1148 339500 340000 339500 339500 926
20191230 1149 340000 340000 339500 340000 62
20191230 1150 339500 340000 339500 339500 60
20191230 1151 340000 340000 339500 339500 116
20191230 1152 339500 339500 339500 339500 144
20191230 1153 339500 340000 339500 339500 138
20191230 1154 339500 339500 339000 339500 54
20191230 1155 339000 339000 339000 339000 86
20191230 1156 339000 339500 339000 339000 211
20191230 1157 339500 339500 338500 338500 739
20191230 1158 338500 339000 338500 338500 144
20191230 1159 338500 339000 338500 338500 46
20191230 1200 338500 339000 338500 338500 138
20191230 1201 338500 339000 338500 338500 36
20191230 1202 338500 339000 338500 338500 96
20191230 1203 338500 339000 338500 339000 123
20191230 1204 338500 339000 338500 338500 97
20191230 1205 338500 339000 338500 338500 78
20191230 1206 338500 338500 338500 338500 95
20191230 1207 338500 339000 338500 338500 50
20191230 1208 338500 339000 338500 338500 67
20191230 1209 339000 339000 338500 338500 105
20191230 1210 338500 339000 338500 338500 66
20191230 1211 338500 339000 338500 338500 50
20191230 1212 338500 339000 338500 339000 99
20191230 1213 338500 339000 338500 338500 80
20191230 1214 338500 339000 338500 338500 45
20191230 1215 338500 339000 338500 338500 162
20191230 1216 338500 339000 338500 338500 50
20191230 1217 339000 339000 338500 338500 92
20191230 1218 338500 339000 338500 338500 84
20191230 1219 338500 339000 338000 338000 89
20191230 1220 338000 338500 338000 338000 286
20191230 1221 338500 338500 338000 338000 133
20191230 1222 338000 338500 338000 338000 48
20191230 1223 338000 338500 338000 338000 56
20191230 1224 338000 338500 338000 338000 144
20191230 1225 338000 338500 338000 338000 27
20191230 1226 338000 338500 338000 338000 77
20191230 1227 338000 339000 338000 338500 366
20191230 1228 338500 339500 338500 339500 541
20191230 1229 339500 340000 339500 340000 275
20191230 1230 340000 340500 340000 340000 244
20191230 1231 340500 340500 340000 340000 143
20191230 1232 340500 340500 340000 340000 243
20191230 1233 340500 340500 340000 340500 98
20191230 1234 340000 340000 340000 340000 80
20191230 1235 340000 340500 340000 340000 38
20191230 1236 340000 340000 339500 339500 120
20191230 1237 339500 340000 339500 340000 66
20191230 1238 339500 340000 339500 339500 54
20191230 1239 339500 340000 339500 339500 147
20191230 1240 339500 339500 339500 339500 34
20191230 1241 339500 340000 339500 339500 150
20191230 1242 339500 340500 339500 339500 324
20191230 1243 339500 340000 339500 339500 71
20191230 1244 339500 340000 339000 339500 90
20191230 1245 339500 340500 339500 339500 94
20191230 1246 340000 340000 339500 339500 61
20191230 1247 339500 340000 339500 339500 67
20191230 1248 339500 340000 339500 339500 114
20191230 1249 339500 340000 339500 339500 48
20191230 1250 339500 340000 339500 339500 109
20191230 1251 339500 339500 339000 339500 89
20191230 1252 339500 340000 339000 339000 72
20191230 1253 339000 339500 339000 339000 40
20191230 1254 339000 339500 339000 339000 123
20191230 1255 339000 339500 339000 339000 58
20191230 1256 339000 339500 338500 338500 93
20191230 1257 338500 339000 338500 338500 123
20191230 1258 338500 338500 338000 338500 97
20191230 1259 338500 338500 338000 338000 62
20191230 1300 338500 339000 338000 338500 142
20191230 1301 339000 339000 338000 338000 116
20191230 1302 338000 339000 338000 338000 141
20191230 1303 338500 339000 338500 339000 167
20191230 1304 338500 338500 338500 338500 88
20191230 1305 338000 338500 338000 338500 95
20191230 1306 338500 338500 338000 338000 140
20191230 1307 338500 339000 338000 338000 120
20191230 1308 338500 339000 338000 339000 116
20191230 1309 338500 339000 338000 338000 133
20191230 1310 338000 338500 338000 338000 64
20191230 1311 338000 339000 338000 338000 119
20191230 1312 338000 338500 338000 338000 88
20191230 1313 338000 338500 338000 338500 132
20191230 1314 338500 339000 338000 338500 112
20191230 1315 338500 339000 338000 338000 139
20191230 1316 338500 339000 338000 338000 133
20191230 1317 338000 339000 338000 338500 88
20191230 1318 338500 338500 338000 338500 200
20191230 1319 338500 339000 338500 338500 48
20191230 1320 338500 339000 338500 338500 125
20191230 1321 338500 339000 338000 338500 101
20191230 1322 338000 338500 338000 338000 125
20191230 1323 338000 338500 338000 338000 105
20191230 1324 338000 338500 338000 338000 187
20191230 1325 338000 338500 338000 338000 134
20191230 1326 338000 338500 338000 338000 120
20191230 1327 338000 338500 337500 338000 299
20191230 1328 337500 338000 337500 338000 238
20191230 1329 338000 338500 337500 338000 129
20191230 1330 338000 338500 338000 338000 188
20191230 1331 338500 338500 338000 338000 167
20191230 1332 338000 338500 337500 337500 359
20191230 1333 337500 338000 337500 337500 188
20191230 1334 337500 338500 337500 338000 160
20191230 1335 337500 338000 337500 337500 155
20191230 1336 337500 338000 337500 337500 161
20191230 1337 337500 338000 337500 337500 100
20191230 1338 337500 338000 337500 337500 131
20191230 1339 337500 338000 337500 337500 166
20191230 1340 337500 338000 337500 338000 181
20191230 1341 337500 338000 337500 337500 112
20191230 1342 337500 338000 337500 337500 239
20191230 1343 337500 338000 337500 337500 151
20191230 1344 337500 338000 337500 337500 149
20191230 1345 337500 338000 337500 338000 189
20191230 1346 337500 337500 337500 337500 133
20191230 1347 338000 338000 337500 338000 164
20191230 1348 337500 337500 337000 337500 169
20191230 1349 337000 337500 337000 337000 200
20191230 1350 337000 337500 337000 337000 133
20191230 1351 337500 337500 337000 337000 165
20191230 1352 337000 337500 337000 337000 140
20191230 1353 337000 337500 337000 337000 173
20191230 1354 337000 338500 337000 337500 636
20191230 1355 337500 338000 337000 337000 163
20191230 1356 337000 337500 337000 337500 139
20191230 1357 337000 338000 337000 337500 214
20191230 1358 337000 337500 337000 337000 100
20191230 1359 337500 337500 337000 337000 147
20191230 1400 337000 337500 337000 337500 190
20191230 1401 337000 337000 336500 336500 403
20191230 1402 336500 337500 336500 337000 217
20191230 1403 337000 337500 337000 337000 198
20191230 1404 337000 337000 336500 337000 236
20191230 1405 336500 337000 336500 336500 137
20191230 1406 336500 337000 336500 336500 251
20191230 1407 336500 337000 336500 336500 142
20191230 1408 337000 337000 336500 337000 229
20191230 1409 336500 337000 336500 336500 246
20191230 1410 336500 337000 336500 336500 183
20191230 1411 336500 336500 336000 336000 279
20191230 1412 336000 337000 336000 336500 322
20191230 1413 336500 336500 336000 336000 206
20191230 1414 336000 336500 336000 336500 167
20191230 1415 336000 336500 335500 335500 380
20191230 1416 335500 336000 335500 336000 304
20191230 1417 336000 336000 335000 335000 270
20191230 1418 335500 336500 335000 335000 363
20191230 1419 335000 335500 335000 335500 206
20191230 1420 335000 337000 335000 336500 203
20191230 1421 336000 337000 335500 336000 283
20191230 1422 335500 337000 335000 335500 228
20191230 1423 335500 336000 335000 335000 212
20191230 1424 335000 335500 335000 335000 244
20191230 1425 335000 336000 335000 335000 225
20191230 1426 335000 336000 335000 335500 199
20191230 1427 335500 336000 335000 335500 230
20191230 1428 335500 335500 335000 335000 205
20191230 1429 335000 336000 335000 335000 197
20191230 1430 335000 336000 335000 335000 200
20191230 1431 335000 335500 335000 335000 249
20191230 1432 335000 336000 335000 335500 215
20191230 1433 335500 335500 335000 335000 171
20191230 1434 335000 335500 335000 335500 173
20191230 1435 335000 336000 335000 335500 150
20191230 1436 335500 336000 335000 335500 140
20191230 1437 335500 336000 335000 335000 243
20191230 1438 335500 335500 335000 335500 214
20191230 1439 335000 336000 335000 335000 370
20191230 1440 335500 335500 335000 335500 231
20191230 1441 335000 336500 335000 335000 242
20191230 1442 335000 335500 335000 335000 264
20191230 1443 335000 335500 335000 335000 259
20191230 1444 335500 336000 335000 335000 215
20191230 1445 335000 335500 334500 335000 353
20191230 1446 334500 335500 334500 335500 201
20191230 1447 335000 335500 334500 334500 217
20191230 1448 335000 335500 334500 335000 581
20191230 1449 335500 336000 334500 334500 254
20191230 1450 334500 335500 334500 335500 229
20191230 1451 335000 336500 334500 335000 277
20191230 1452 335000 335500 335000 335500 223
20191230 1453 335500 336000 334500 335000 246
20191230 1454 335000 336000 335000 335000 223
20191230 1455 335000 335500 334500 335000 243
20191230 1456 335000 335500 334500 334500 255
20191230 1457 335000 335000 334500 334500 239
20191230 1458 334500 335500 334500 334500 236
20191230 1459 334500 336500 334500 335000 247
20191230 1500 335500 335500 334500 334500 148
20191230 1501 334500 336000 334500 335000 138
20191230 1502 335500 336000 335000 336000 72
20191230 1503 335500 336500 335000 335000 108
20191230 1504 335000 335500 335000 335500 61
20191230 1505 335000 336000 335000 336000 88
20191230 1506 336500 336500 335000 335000 126
20191230 1507 335500 336500 335500 336500 49
20191230 1508 336000 336500 335500 336500 91
20191230 1509 336000 336500 335500 335500 180
20191230 1510 336000 336500 336000 336000 123
20191230 1511 336000 337000 336000 337000 319
20191230 1512 337000 337000 336500 336500 107
20191230 1513 336500 337000 336000 336500 131
20191230 1514 337000 337500 337000 337000 180
20191230 1515 336500 337500 336500 337500 503
20191230 1516 337500 338000 337000 338000 115
20191230 1517 338000 338000 337000 338000 86
20191230 1518 338000 338000 337000 337000 146
20191230 1519 337000 337500 337000 337500 119
20191230 1520 337000 338000 336500 338000 269
20191230 1530 338000 338000 338000 338000 5108
20200102 1001 339500 339500 338500 339500 411
20200102 1002 339500 339500 338500 338500 193
20200102 1003 338500 339000 338500 338500 20
20200102 1004 338500 339000 338500 339000 47
20200102 1005 338500 338500 338500 338500 8
20200102 1006 338500 339000 338000 338500 396
20200102 1007 338500 338500 338000 338500 51
20200102 1008 338500 338500 337500 337500 474
20200102 1009 337500 338000 337500 337500 116
20200102 1010 337500 337500 337000 337000 46
20200102 1011 337000 337500 337000 337500 18
20200102 1012 337000 337000 337000 337000 23
20200102 1013 337000 337500 337000 337000 108
20200102 1014 337000 337000 337000 337000 26
20200102 1015 337500 337500 337000 337500 28
20200102 1016 337000 337000 337000 337000 194
20200102 1017 337000 337500 337000 337000 15
20200102 1018 337000 337000 337000 337000 29
20200102 1019 337000 337500 337000 337500 132
20200102 1020 337000 337000 337000 337000 17
20200102 1021 337000 337000 336500 336500 508
20200102 1022 336000 336000 336000 336000 212
20200102 1023 336000 336000 336000 336000 57
20200102 1024 336000 336500 336000 336000 150
20200102 1025 335500 336000 335500 335500 160
20200102 1026 335500 335500 335500 335500 58
20200102 1027 335500 335500 335000 335500 56
20200102 1028 335000 335000 335000 335000 86
20200102 1029 335000 335000 335000 335000 195
20200102 1030 335000 335000 334500 334500 138
20200102 1031 334500 335000 334000 334000 198
20200102 1032 334000 334000 334000 334000 16
20200102 1033 334000 334500 334000 334000 351
20200102 1034 334500 334500 334000 334000 26
20200102 1035 334000 334500 334000 334000 113
20200102 1036 334000 334000 334000 334000 27
20200102 1037 334000 334500 334000 334000 44
20200102 1038 334500 334500 334000 334000 66
20200102 1039 334000 334500 334000 334500 46
20200102 1040 334000 334000 333500 333500 562
20200102 1041 333500 334000 333500 333500 97
20200102 1042 334000 334000 333500 334000 207
20200102 1043 334000 334000 333500 334000 92
20200102 1044 334000 334000 333500 333500 40
20200102 1045 333500 334000 333500 333500 84
20200102 1046 334000 334000 333500 334000 34
20200102 1047 333500 334000 333500 333500 62
20200102 1048 334000 334000 332500 332500 823
20200102 1049 333000 333000 332500 333000 56
20200102 1050 333000 333000 332500 332500 82
20200102 1051 332500 333000 332500 333000 69
20200102 1052 333000 333000 332500 333000 61
20200102 1053 332500 333000 332500 333000 33
20200102 1054 332500 333000 332500 332500 74
20200102 1055 333000 333000 332500 333000 131
20200102 1056 333000 333000 332500 332500 69
20200102 1057 332500 333000 332500 333000 39
20200102 1058 333000 333000 332500 332500 140
20200102 1059 333000 333000 332500 333000 139
20200102 1100 332500 333000 332500 332500 33
20200102 1101 332500 332500 332500 332500 86
20200102 1102 332500 333000 332500 332500 81
20200102 1103 332500 333000 332500 332500 35
20200102 1104 332500 333000 332500 332500 181
20200102 1105 333000 333000 332500 332500 212
20200102 1106 332500 333000 332500 333000 100
20200102 1107 333000 333000 332500 332500 119
20200102 1108 332500 333000 332500 333000 166
20200102 1109 332500 333000 332500 333000 250
20200102 1110 332500 334000 332500 333500 503
20200102 1111 333000 333000 333000 333000 69
20200102 1112 333500 333500 333000 333000 76
20200102 1113 333000 333500 333000 333500 177
20200102 1114 333500 333500 333000 333000 55
20200102 1115 332500 333000 332500 333000 107
20200102 1116 332500 333000 332500 332500 59
20200102 1117 332500 333000 332500 332500 92
20200102 1118 332500 333000 332500 333000 69
20200102 1119 333000 333000 332500 332500 84
20200102 1120 333000 333000 332500 333000 69
20200102 1121 332500 333000 332500 332500 165
20200102 1122 332500 333000 332500 332500 105
20200102 1123 332500 332500 332000 332000 488
20200102 1124 332000 332500 332000 332000 106
20200102 1125 332000 332500 332000 332000 136
20200102 1126 332000 332500 332000 332500 72
20200102 1127 332000 332500 332000 332500 115
20200102 1128 332000 333000 332000 332500 637
20200102 1129 332500 333000 332000 332000 181
20200102 1130 332500 332500 332000 332000 79
20200102 1131 332000 332500 332000 332000 133
20200102 1132 332000 332500 332000 332000 52
20200102 1133 332000 332500 332000 332500 84
20200102 1134 332000 332000 332000 332000 87
20200102 1135 332000 332500 332000 332000 111
20200102 1136 332500 332500 332000 332500 78
20200102 1137 332000 332500 332000 332000 119
20200102 1138 332000 332500 332000 332500 95
20200102 1139 332000 332500 332000 332000 78
20200102 1140 332000 333000 332000 333000 240
20200102 1141 332000 332500 332000 332000 117
20200102 1142 332000 332500 332000 332500 230
20200102 1143 332500 332500 332000 332000 180
20200102 1144 332000 332500 331500 331500 402
20200102 1145 331500 332000 331500 331500 94
20200102 1146 331500 332000 331500 331500 95
20200102 1147 331500 332000 331500 331500 56
20200102 1148 331500 332000 331500 331500 192
20200102 1149 331500 331500 331500 331500 43
20200102 1150 331500 331500 331000 331000 568
20200102 1151 331000 331500 331000 331000 162
20200102 1152 331000 331500 331000 331000 122
20200102 1153 331000 331500 330500 330500 673
20200102 1154 330500 331000 330500 330500 63
20200102 1155 330500 330500 330500 330500 130
20200102 1156 330500 331000 330500 330500 482
20200102 1157 330500 331000 330500 330500 57
20200102 1158 331000 331000 330500 331000 151
20200102 1159 330500 331000 330500 330500 77
20200102 1200 330500 331000 330500 330500 92
20200102 1201 330500 331000 330500 330500 162
20200102 1202 330500 331000 330500 331000 104
20200102 1203 330500 331000 330500 330500 437
20200102 1204 330500 331000 330500 331000 144
20200102 1205 330500 331000 330500 330500 402
20200102 1206 330500 331000 330500 331000 80
20200102 1207 330500 331000 330500 330500 99
20200102 1208 330500 331000 330500 330500 359
20200102 1209 330500 331000 330500 331000 142
20200102 1210 330500 330500 330500 330500 46
20200102 1211 330500 331000 330500 331000 276
20200102 1212 330500 331000 330500 330500 69
20200102 1213 330500 331000 330500 330500 155
20200102 1214 330500 331000 330500 331000 46
20200102 1215 330500 331000 330500 330500 162
20200102 1216 330500 331000 330500 330500 51
20200102 1217 330500 331000 330500 330500 91
20200102 1218 330500 331000 330500 330500 90
20200102 1219 330500 331000 330500 330500 99
20200102 1220 330500 330500 330500 330500 81
20200102 1221 331000 331000 330500 330500 110
20200102 1222 330500 331000 330500 330500 73
20200102 1223 331000 331000 330500 330500 85
20200102 1224 330500 331000 330500 330500 235
20200102 1225 330500 331000 330500 330500 92
20200102 1226 330500 331000 330500 330500 65
20200102 1227 330500 331000 330500 330500 84
20200102 1228 330500 331000 330500 330500 145
20200102 1229 330500 331000 330500 330500 150
20200102 1230 330500 331000 330500 331000 75
20200102 1231 330500 330500 330000 330000 469
20200102 1232 330000 330500 330000 330000 209
20200102 1233 330000 330500 330000 330500 357
20200102 1234 330000 331000 330000 330500 171
20200102 1235 330500 331000 330000 330500 196
20200102 1236 330500 331000 330000 331000 90
20200102 1237 330500 330500 330000 330000 73
20200102 1238 330000 331000 330000 330000 151
20200102 1239 330000 331000 330000 331000 107
20200102 1240 330500 331000 330500 330500 107
20200102 1241 331000 331000 330500 331000 132
20200102 1242 330500 331500 330500 330500 83
20200102 1243 330500 331000 330500 331000 99
20200102 1244 331000 331500 330500 331000 413
20200102 1245 331000 331500 330500 330500 104
20200102 1246 330500 331500 330500 331000 105
20200102 1247 331000 331500 331000 331000 86
20200102 1248 331000 332000 331000 331000 76
20200102 1249 331500 331500 331000 331000 105
20200102 1250 331000 332000 331000 331000 167
20200102 1251 331500 332000 331000 332000 166
20200102 1252 331500 332000 331000 331000 54
20200102 1253 331000 332000 331000 331500 153
20200102 1254 331000 331500 331000 331000 79
20200102 1255 331000 331500 331000 331000 118
20200102 1256 331000 331500 331000 331000 97
20200102 1257 331500 331500 331000 331000 173
20200102 1258 331000 331500 331000 331000 119
20200102 1259 331000 331500 331000 331000 182
20200102 1300 331000 331500 331000 331000 102
20200102 1301 331500 331500 331000 331000 129
20200102 1302 331000 331500 331000 331000 99
20200102 1303 331000 331500 331000 331000 119
20200102 1304 331000 331500 331000 331000 154
20200102 1305 331500 332000 331000 332000 101
20200102 1306 331500 332000 331500 331500 77
20200102 1307 331500 332000 331500 332000 112
20200102 1308 331500 332000 331500 332000 193
20200102 1309 331500 331500 331500 331500 68
20200102 1310 331500 332000 331500 332000 172
20200102 1311 331500 332000 331500 331500 190
20200102 1312 332000 332000 331500 331500 75
20200102 1313 331500 331500 331000 331000 168
20200102 1314 331000 331500 331000 331000 179
20200102 1315 331500 331500 331000 331000 113
20200102 1316 331000 331500 331000 331000 143
20200102 1317 331000 331500 331000 331000 111
20200102 1318 331000 331500 331000 331000 194
20200102 1319 331000 331000 331000 331000 77
20200102 1320 331000 331500 331000 331000 251
20200102 1321 331000 331500 331000 331000 144
20200102 1322 331000 331500 331000 331000 125
20200102 1323 331500 331500 331000 331000 121
20200102 1324 331000 331500 331000 331000 108
20200102 1325 331000 331500 331000 331000 136
20200102 1326 331000 331500 331000 331000 145
20200102 1327 331000 332000 331000 331500 480
20200102 1328 331500 332500 331500 332500 293
20200102 1329 332000 332500 332000 332500 161
20200102 1330 332000 333000 332000 333000 122
20200102 1331 332500 333000 332500 332500 189
20200102 1332 332500 333000 332000 332000 119
20200102 1333 332500 333000 332000 332500 133
20200102 1334 332500 333000 332000 332000 150
20200102 1335 332000 332500 332000 332000 153
20200102 1336 332000 332500 332000 332000 211
20200102 1337 332000 333000 332000 333000 185
20200102 1338 333000 333000 332000 332500 167
20200102 1339 332000 333000 332000 332500 184
20200102 1340 332500 333500 332500 332500 126
20200102 1341 332500 333500 332000 332000 219
20200102 1342 332000 332500 332000 332000 168
20200102 1343 332000 332500 331500 331500 242
20200102 1344 331500 332000 331500 331500 174
20200102 1345 331500 332000 331500 331500 171
20200102 1346 331500 332000 331500 331500 159
20200102 1347 332000 332000 331500 332000 121
20200102 1348 332000 332000 331000 331000 252
20200102 1349 331500 331500 331000 331000 139
20200102 1350 331000 331500 331000 331000 177
20200102 1351 331000 332000 331000 331500 244
20200102 1352 331500 332500 331500 332000 173
20200102 1353 332000 332500 331500 331500 116
20200102 1354 331500 332000 331500 331500 191
20200102 1355 331500 332500 331500 332000 213
20200102 1356 331500 332500 331500 332000 242
20200102 1357 332000 332500 331500 331500 238
20200102 1358 331500 332000 331500 331500 231
20200102 1359 331500 332500 331500 331500 153
20200102 1400 331500 332000 331500 331500 223
20200102 1401 331500 332000 331000 331000 472
20200102 1402 331500 331500 331000 331000 246
20200102 1403 331000 332000 331000 331500 135
20200102 1404 331000 332500 331000 332000 256
20200102 1405 331500 332500 331000 331500 232
20200102 1406 331000 332000 331000 331000 186
20200102 1407 331000 331500 331000 331000 186
20200102 1408 331000 331500 331000 331000 269
20200102 1409 331000 331500 331000 331000 161
20200102 1410 331000 331500 330500 330500 224
20200102 1411 330500 331500 330500 330500 276
20200102 1412 330500 332000 330500 331000 252
20200102 1413 331500 331500 331000 331500 192
20200102 1414 331000 331500 331000 331000 287
20200102 1415 331000 331500 331000 331000 223
20200102 1416 331500 331500 331000 331500 65
20200102 1417 331500 331500 331000 331000 238
20200102 1418 331000 331500 330500 330500 225
20200102 1419 331000 331500 330500 331000 456
20200102 1420 330500 331000 330500 331000 101
20200102 1421 331000 331000 330500 330500 193
20200102 1422 330500 331000 330500 330500 108
20200102 1423 330500 331000 330500 331000 178
20200102 1424 330500 331500 330500 331000 338
20200102 1425 331000 331500 330500 331000 215
20200102 1426 331000 331000 330500 331000 100
20200102 1427 330500 331000 330500 330500 154
20200102 1428 330500 331000 330500 331000 201
20200102 1429 330500 331000 330500 330500 109
20200102 1430 330500 331000 330500 331000 143
20200102 1431 330500 331000 330500 330500 146
20200102 1432 330500 331000 330000 330000 665
20200102 1433 330500 330500 330000 330000 190
20200102 1434 330000 330500 330000 330000 160
20200102 1435 330000 330500 330000 330000 104
20200102 1436 330000 330500 330000 330500 111
20200102 1437 330000 330500 330000 330000 142
20200102 1438 330000 330500 330000 330000 242
20200102 1439 330000 330500 330000 330500 246
20200102 1440 330500 330500 330000 330000 298
20200102 1441 330000 331000 330000 330500 192
20200102 1442 330500 331000 330500 330500 82
20200102 1443 330500 331000 330500 331000 138
20200102 1444 331000 331500 330500 331000 268
20200102 1445 331000 331000 330500 331000 233
20200102 1446 330500 331000 330500 331000 106
20200102 1447 331000 331000 330500 330500 101
20200102 1448 330500 331000 330500 331000 198
20200102 1449 331000 331000 330500 331000 116
20200102 1450 330500 331000 330000 330000 127
20200102 1451 330500 331000 330000 330500 135
20200102 1452 330500 331000 330500 331000 96
20200102 1453 330500 331000 330500 330500 128
20200102 1454 331000 331000 330000 330500 206
20200102 1455 331000 331000 330000 330500 98
20200102 1456 330500 331000 330500 330500 153
20200102 1457 331000 331500 330500 331500 200
20200102 1458 331000 331500 330500 331000 902
20200102 1459 330500 331500 330500 330500 140
20200102 1500 330500 331500 330500 331000 153
20200102 1501 330500 331000 330500 330500 179
20200102 1502 331000 331000 330500 330500 75
20200102 1503 331000 331000 330500 331000 66
20200102 1504 330500 331000 330500 331000 116
20200102 1505 331000 331000 330500 331000 558
20200102 1506 331000 331000 330500 330500 65
20200102 1507 331000 331000 330500 330500 107
20200102 1508 331000 331000 330500 330500 148
20200102 1509 330500 331000 330500 330500 274
20200102 1510 331000 331000 330500 330500 263
20200102 1511 331000 331000 330000 330000 607
20200102 1512 330500 330500 330000 330000 244
20200102 1513 330000 330500 330000 330000 224
20200102 1514 330000 330500 330000 330000 1620
20200102 1515 330500 330500 330000 330500 105
20200102 1516 330000 330500 330000 330000 158
20200102 1517 330000 330500 330000 330000 252
20200102 1518 330000 330500 330000 330000 285
20200102 1519 330000 330500 330000 330500 130
20200102 1520 330500 331000 330000 330500 61
20200102 1530 330000 330000 330000 330000 3309
