날짜 시간 시가 고가 저가 종가 거래량
20200401 901 43800 43800 43150 43150 7185
20200401 902 43150 43250 43000 43000 4224
20200401 903 43100 43200 43000 43000 2770
20200401 904 43200 43450 43050 43400 1938
20200401 905 43400 43700 43400 43600 478
20200401 906 43550 43650 43150 43150 2674
20200401 907 43300 43300 43100 43100 1095
20200401 908 43100 43400 43100 43150 1678
20200401 909 43150 43200 43150 43200 1990
20200401 910 43250 43550 43200 43550 2848
20200401 911 43500 43800 43500 43800 2157
20200401 912 43800 44050 43800 44050 3548
20200401 913 44050 44100 43800 44000 4463
20200401 914 44000 44000 43900 43900 1524
20200401 915 44000 44050 44000 44000 5378
20200401 916 44050 44200 44050 44200 3115
20200401 917 44200 44350 44200 44350 5675
20200401 918 44350 44400 44300 44400 3165
20200401 919 44450 44450 44350 44450 3837
20200401 920 44400 44450 44300 44450 4456
20200401 921 44450 44650 44400 44600 5427
20200401 922 44600 44850 44600 44750 6126
20200401 923 44750 44750 44650 44700 3850
20200401 924 44700 44750 44650 44750 1713
20200401 925 44750 44800 44750 44750 5425
20200401 926 44800 44950 44800 44900 4808
20200401 927 44900 45200 44850 45200 11783
20200401 928 45200 45400 45050 45350 9399
20200401 929 45250 45350 45050 45250 4353
20200401 930 45250 45600 45250 45600 11799
20200401 931 45500 45600 45400 45400 7408
20200401 932 45400 45450 45300 45400 6164
20200401 933 45400 45550 45350 45500 3536
20200401 934 45500 45600 45450 45600 2789
20200401 935 45600 45750 45550 45750 3434
20200401 936 45700 45850 45700 45750 10551
20200401 937 45750 45800 45650 45750 2469
20200401 938 45750 45750 45650 45700 2702
20200401 939 45650 45650 45550 45650 2978
20200401 940 45600 45650 45400 45600 7197
20200401 941 45500 45650 45500 45500 3696
20200401 942 45600 45650 45500 45550 1735
20200401 943 45500 45600 45450 45550 14499
20200401 944 45550 45550 45400 45400 2037
20200401 945 45350 45400 45250 45300 4573
20200401 946 45300 45350 45250 45300 2812
20200401 947 45350 45350 45200 45250 3667
20200401 948 45200 45350 45200 45300 1156
20200401 949 45300 45350 45200 45300 2217
20200401 950 45300 45450 45300 45450 1216
20200401 951 45450 45450 45400 45450 882
20200401 952 45400 45450 45400 45450 1207
20200401 953 45400 45450 45350 45350 1153
20200401 954 45400 45400 45350 45350 310
20200401 955 45350 45400 45250 45300 1782
20200401 956 45250 45400 45250 45400 4375
20200401 957 45250 45400 45250 45350 293
20200401 958 45350 45400 45350 45400 706
20200401 959 45350 45350 45300 45350 567
20200401 1000 45300 45300 45200 45250 2060
20200401 1001 45200 45250 45150 45200 1407
20200401 1002 45150 45250 45100 45200 3365
20200401 1003 45100 45250 45050 45150 2297
20200401 1004 45100 45150 44800 44800 11636
20200401 1005 44900 45000 44800 44800 4066
20200401 1006 44800 44900 44600 44600 4682
20200401 1007 44600 44650 44600 44600 1318
20200401 1008 44600 44650 44550 44600 1200
20200401 1009 44600 44700 44600 44700 1619
20200401 1010 44600 44700 44550 44600 4142
20200401 1011 44550 44600 44400 44400 4732
20200401 1012 44400 44400 44150 44150 6102
20200401 1013 44100 44150 43900 43950 5813
20200401 1014 43900 44300 43850 44250 8053
20200401 1015 44250 44350 44200 44350 1186
20200401 1016 44300 44350 44200 44350 1356
20200401 1017 44350 44350 44150 44350 1267
20200401 1018 44350 44350 44200 44350 1352
20200401 1019 44300 44400 44250 44400 4222
20200401 1020 44400 44600 44300 44600 1074
20200401 1021 44650 44850 44650 44800 1243
20200401 1022 44700 44800 44700 44800 214
20200401 1023 44750 44800 44700 44800 646
20200401 1024 44800 44850 44750 44850 510
20200401 1025 44850 44900 44800 44800 2416
20200401 1026 44800 44800 44700 44750 398
20200401 1027 44700 44800 44700 44800 242
20200401 1028 44800 44800 44700 44800 149
20200401 1029 44800 44800 44700 44800 1119
20200401 1030 44800 44850 44750 44750 3511
20200401 1031 44750 44800 44700 44750 197
20200401 1032 44700 44800 44600 44700 3166
20200401 1033 44550 44700 44550 44650 336
20200401 1034 44650 44650 44550 44550 255
20200401 1035 44650 44650 44550 44650 135
20200401 1036 44600 44600 44550 44550 247
20200401 1037 44600 44600 44550 44600 1919
20200401 1038 44600 44600 44550 44550 61
20200401 1039 44600 44600 44550 44600 443
20200401 1040 44550 44600 44550 44600 231
20200401 1041 44600 44600 44350 44350 4831
20200401 1042 44450 44450 44400 44450 167
20200401 1043 44450 44500 44400 44500 601
20200401 1044 44500 44500 44500 44500 367
20200401 1045 44550 44600 44550 44600 108
20200401 1046 44550 44600 44550 44550 125
20200401 1047 44600 44650 44550 44650 621
20200401 1048 44650 44800 44650 44700 3450
20200401 1049 44750 44800 44700 44750 278
20200401 1050 44750 44950 44750 44900 2899
20200401 1051 44900 44900 44900 44900 363
20200401 1052 44950 45050 44900 45000 4062
20200401 1053 45000 45100 45000 45100 279
20200401 1054 45100 45100 44950 45000 568
20200401 1055 45000 45050 45000 45050 312
20200401 1056 45050 45050 44950 44950 1500
20200401 1057 44950 44950 44850 44950 440
20200401 1058 44950 44950 44900 44900 666
20200401 1059 44900 44950 44900 44900 400
20200401 1100 44900 44950 44900 44950 293
20200401 1101 44950 44950 44900 44950 279
20200401 1102 44950 44950 44900 44950 149
20200401 1103 44900 44900 44850 44850 443
20200401 1104 44800 44850 44800 44850 165
20200401 1105 44800 44800 44750 44750 351
20200401 1106 44750 44800 44700 44750 754
20200401 1107 44800 44800 44750 44750 36
20200401 1108 44800 44800 44750 44800 126
20200401 1109 44800 44800 44750 44800 227
20200401 1110 44750 44800 44750 44800 90
20200401 1111 44800 44800 44750 44800 57
20200401 1112 44800 44800 44750 44750 49
20200401 1113 44750 44800 44750 44800 554
20200401 1114 44800 44800 44750 44800 445
20200401 1115 44750 44850 44750 44800 390
20200401 1116 44800 44850 44800 44850 112
20200401 1117 44800 44900 44800 44900 557
20200401 1118 44900 44900 44900 44900 375
20200401 1119 44900 44950 44900 44900 650
20200401 1120 44900 44950 44900 44950 37
20200401 1121 44950 44950 44950 44950 625
20200401 1122 44950 45000 44950 45000 1125
20200401 1123 45000 45050 45000 45050 353
20200401 1124 45050 45100 45050 45050 827
20200401 1125 45050 45050 44950 45000 1409
20200401 1126 45000 45000 44950 44950 206
20200401 1127 44950 44950 44850 44850 706
20200401 1128 44850 44900 44850 44850 11
20200401 1129 44850 44850 44850 44850 40
20200401 1130 44850 44850 44850 44850 61
20200401 1131 44850 44850 44800 44850 130
20200401 1132 44900 44900 44850 44850 49
20200401 1133 44850 44900 44850 44900 110
20200401 1134 44900 44900 44900 44900 10
20200401 1135 44850 44900 44850 44850 1260
20200401 1136 44800 44850 44750 44750 1479
20200401 1137 44750 44800 44700 44800 155
20200401 1138 44750 44750 44650 44750 1507
20200401 1139 44700 44750 44700 44700 35
20200401 1140 44700 44750 44700 44750 226
20200401 1141 44700 44750 44650 44700 310
20200401 1142 44750 44750 44750 44750 396
20200401 1143 44750 44800 44750 44800 505
20200401 1144 44750 44750 44750 44750 45
20200401 1145 44750 44800 44750 44750 375
20200401 1146 44750 44800 44700 44800 671
20200401 1147 44800 44800 44750 44750 190
20200401 1148 44750 44750 44700 44700 93
20200401 1149 44750 44750 44700 44700 129
20200401 1150 44750 44800 44750 44800 296
20200401 1151 44800 44900 44800 44900 369
20200401 1152 44850 44900 44800 44850 888
20200401 1153 44850 44850 44800 44850 31
20200401 1154 44850 44850 44850 44850 184
20200401 1155 44900 44900 44850 44900 635
20200401 1156 44900 44900 44900 44900 190
20200401 1157 44900 44900 44850 44850 92
20200401 1158 44850 44900 44850 44850 526
20200401 1159 44850 44900 44850 44850 26
20200401 1200 44900 44950 44850 44850 570
20200401 1201 44950 44950 44900 44950 99
20200401 1202 44900 45000 44900 45000 1280
20200401 1203 45000 45000 44900 44900 36
20200401 1204 44900 45000 44900 45000 210
20200401 1205 45000 45000 44900 44950 175
20200401 1206 44900 44950 44900 44900 18
20200401 1207 44950 44950 44900 44900 394
20200401 1208 44900 44900 44850 44900 36
20200401 1209 44850 44900 44850 44850 259
20200401 1210 44900 44900 44900 44900 70
20200401 1211 44900 44900 44850 44900 115
20200401 1212 44850 44850 44850 44850 50
20200401 1213 44850 44900 44850 44900 123
20200401 1214 44900 44900 44850 44850 813
20200401 1215 44850 44900 44850 44850 391
20200401 1216 44900 44900 44900 44900 68
20200401 1217 44850 44950 44850 44900 418
20200401 1218 44950 44950 44950 44950 30
20200401 1219 44950 45000 44950 45000 936
20200401 1220 45000 45000 45000 45000 2096
20200401 1221 45000 45050 45000 45000 3722
20200401 1222 45000 45050 45000 45050 412
20200401 1223 45050 45050 44900 45050 708
20200401 1224 45050 45050 45000 45050 63
20200401 1225 45000 45050 44900 45000 127
20200401 1226 44950 44950 44900 44900 928
20200401 1227 44900 44900 44850 44850 1242
20200401 1228 44850 44850 44800 44800 347
20200401 1229 44800 44850 44800 44850 22
20200401 1230 44850 44850 44800 44800 408
20200401 1231 44850 44850 44800 44850 238
20200401 1232 44850 44900 44850 44850 332
20200401 1233 44900 44950 44900 44900 356
20200401 1234 44900 44900 44900 44900 223
20200401 1235 44900 44900 44900 44900 107
20200401 1236 44900 44950 44900 44900 245
20200401 1237 44900 44900 44850 44850 133
20200401 1238 44850 44850 44800 44850 730
20200401 1239 44800 44850 44750 44750 1393
20200401 1240 44750 44750 44700 44700 609
20200401 1241 44700 44700 44550 44600 2566
20200401 1242 44550 44600 44500 44550 1661
20200401 1243 44550 44600 44550 44550 211
20200401 1244 44600 44600 44550 44600 35
20200401 1245 44600 44600 44600 44600 85
20200401 1246 44650 44750 44650 44750 217
20200401 1247 44750 44750 44750 44750 5
20200401 1248 44750 44750 44550 44650 1541
20200401 1249 44650 44650 44600 44650 66
20200401 1250 44650 44650 44600 44600 86
20200401 1251 44600 44700 44600 44650 612
20200401 1252 44650 44750 44650 44750 313
20200401 1253 44750 44750 44650 44650 521
20200401 1254 44650 44650 44600 44600 177
20200401 1255 44650 44650 44600 44650 81
20200401 1256 44600 44600 44600 44600 113
20200401 1257 44600 44600 44500 44600 2668
20200401 1258 44600 44600 44450 44600 636
20200401 1259 44600 44600 44500 44500 465
20200401 1300 44500 44600 44450 44600 467
20200401 1301 44500 44600 44400 44400 656
20200401 1302 44450 44550 44450 44550 103
20200401 1303 44550 44600 44550 44550 1116
20200401 1304 44550 44550 44500 44500 220
20200401 1305 44500 44500 44500 44500 151
20200401 1306 44450 44500 44450 44500 25
20200401 1307 44450 44450 44450 44450 66
20200401 1308 44450 44450 44350 44400 504
20200401 1309 44400 44400 44350 44400 135
20200401 1310 44400 44400 44350 44400 1626
20200401 1311 44400 44400 44350 44400 88
20200401 1312 44400 44400 44400 44400 6
20200401 1313 44400 44400 44350 44400 419
20200401 1314 44400 44400 44350 44400 144
20200401 1315 44350 44350 44350 44350 1208
20200401 1316 44350 44350 44300 44300 1721
20200401 1317 44350 44350 44350 44350 30
20200401 1318 44350 44350 44350 44350 25
20200401 1319 44350 44400 44300 44400 339
20200401 1320 44350 44400 44350 44400 252
20200401 1321 44400 44400 44350 44400 196
20200401 1322 44400 44400 44350 44400 424
20200401 1323 44400 44400 44350 44350 141
20200401 1324 44350 44350 44250 44300 1453
20200401 1325 44250 44300 44250 44300 318
20200401 1326 44300 44300 44250 44250 552
20200401 1327 44250 44300 44100 44100 998
20200401 1328 44100 44150 44100 44100 843
20200401 1329 44100 44150 44100 44100 788
20200401 1330 44150 44200 44150 44200 376
20200401 1331 44200 44350 44200 44350 826
20200401 1332 44350 44400 44250 44350 146
20200401 1333 44300 44350 44300 44350 183
20200401 1334 44350 44350 44300 44350 278
20200401 1335 44350 44350 44300 44350 205
20200401 1336 44350 44500 44350 44500 2419
20200401 1337 44500 44500 44500 44500 373
20200401 1338 44500 44550 44450 44550 159
20200401 1339 44550 44550 44500 44550 252
20200401 1340 44550 44550 44500 44550 175
20200401 1341 44550 44550 44450 44450 1016
20200401 1342 44450 44500 44400 44400 243
20200401 1343 44500 44500 44500 44500 13
20200401 1344 44450 44450 44400 44400 7
20200401 1345 44400 44500 44400 44500 62
20200401 1346 44500 44500 44450 44500 338
20200401 1347 44500 44500 44450 44500 279
20200401 1348 44500 44500 44500 44500 177
20200401 1349 44500 44500 44450 44500 182
20200401 1350 44450 44500 44450 44500 393
20200401 1351 44500 44500 44450 44500 511
20200401 1352 44500 44500 44450 44500 360
20200401 1353 44500 44550 44500 44550 2228
20200401 1354 44550 44600 44550 44600 717
20200401 1355 44600 44600 44500 44550 520
20200401 1356 44550 44550 44550 44550 22
20200401 1357 44550 44550 44550 44550 87
20200401 1358 44550 44600 44550 44600 306
20200401 1359 44550 44600 44550 44550 8
20200401 1400 44600 44600 44550 44550 194
20200401 1401 44550 44600 44550 44600 347
20200401 1402 44600 44600 44550 44600 218
20200401 1403 44650 44700 44550 44700 788
20200401 1404 44700 44700 44650 44650 589
20200401 1405 44650 44700 44650 44650 164
20200401 1406 44650 44700 44650 44650 34
20200401 1407 44650 44700 44650 44650 98
20200401 1408 44650 44750 44650 44700 653
20200401 1409 44700 44700 44600 44600 239
20200401 1410 44650 44650 44550 44600 522
20200401 1411 44550 44600 44550 44550 29
20200401 1412 44600 44600 44550 44550 109
20200401 1413 44600 44600 44550 44600 140
20200401 1414 44550 44600 44550 44550 616
20200401 1415 44550 44600 44550 44550 134
20200401 1416 44550 44600 44500 44550 367
20200401 1417 44500 44600 44500 44600 420
20200401 1418 44550 44600 44500 44550 528
20200401 1419 44550 44600 44500 44550 143
20200401 1420 44550 44600 44500 44550 326
20200401 1421 44550 44600 44550 44550 347
20200401 1422 44550 44600 44500 44550 491
20200401 1423 44500 44800 44500 44700 4072
20200401 1424 44650 44650 44500 44500 778
20200401 1425 44550 44650 44450 44500 2114
20200401 1426 44450 44650 44450 44500 691
20200401 1427 44500 44500 44450 44500 147
20200401 1428 44500 44550 44450 44550 275
20200401 1429 44550 44550 44500 44500 1134
20200401 1430 44500 44550 44400 44450 1102
20200401 1431 44450 44550 44400 44400 593
20200401 1432 44400 44450 44350 44400 233
20200401 1433 44350 44400 44250 44300 569
20200401 1434 44300 44300 44200 44200 768
20200401 1435 44250 44400 44200 44400 996
20200401 1436 44300 44400 44200 44400 1154
20200401 1437 44200 44350 44200 44300 494
20200401 1438 44300 44350 44250 44300 490
20200401 1439 44250 44250 44100 44100 1748
20200401 1440 44150 44200 44100 44150 1188
20200401 1441 44100 44150 44000 44000 5264
20200401 1442 43950 44000 43900 43950 1059
20200401 1443 43950 44000 43900 44000 1201
20200401 1444 43950 44000 43900 43950 798
20200401 1445 43900 43950 43750 43800 5417
20200401 1446 43750 44000 43750 43850 2221
20200401 1447 44000 44000 43900 43950 949
20200401 1448 43950 44000 43800 43850 1588
20200401 1449 43800 43850 43700 43700 2663
20200401 1450 43750 43750 43600 43650 1963
20200401 1451 43600 43650 43500 43500 4206
20200401 1452 43500 43600 43500 43550 3303
20200401 1453 43600 43650 43550 43550 755
20200401 1454 43600 43600 43500 43500 2174
20200401 1455 43550 43600 43450 43500 2344
20200401 1456 43500 43550 43400 43550 1513
20200401 1457 43600 43650 43500 43650 2610
20200401 1458 43650 43750 43550 43650 1354
20200401 1459 43700 43750 43550 43750 1986
20200401 1500 43600 43800 43600 43700 1270
20200401 1501 43700 43800 43700 43800 1548
20200401 1502 43850 43900 43750 43750 2124
20200401 1503 43750 43900 43700 43750 1383
20200401 1504 43750 43750 43700 43750 592
20200401 1505 43700 43750 43600 43600 1082
20200401 1506 43650 43750 43600 43700 476
20200401 1507 43650 43650 43300 43350 5022
20200401 1508 43300 43350 43250 43300 2791
20200401 1509 43250 43350 43250 43300 1797
20200401 1510 43300 43450 43250 43250 1867
20200401 1511 43300 43450 43050 43050 6956
20200401 1512 43250 43450 42950 42950 13225
20200401 1513 43000 43000 42850 42850 5868
20200401 1514 42850 43000 42600 42950 9502
20200401 1515 42850 42950 42650 42950 3539
20200401 1516 42950 42950 42750 42900 697
20200401 1517 42900 43150 42900 43150 2984
20200401 1518 43150 43250 43150 43150 979
20200401 1519 43100 43200 43000 43100 1338
20200401 1520 43100 43200 43000 43200 1410
20200401 1530 42800 42800 42800 42800 34208
20200402 901 43500 44000 43500 43750 11044
20200402 902 43550 43850 43550 43700 2402
20200402 903 43700 44400 43700 43950 15442
20200402 904 43950 44350 43900 44300 19925
20200402 905 44300 44300 44000 44000 3628
20200402 906 43950 43950 43600 43600 1909
20200402 907 43600 43700 43300 43300 3743
20200402 908 43300 43350 42500 42550 5092
20200402 909 42550 43000 42250 42800 4242
20200402 910 42800 43000 42700 42700 3154
20200402 911 42700 43000 42400 42850 9625
20200402 912 43000 43600 43000 43500 6439
20200402 913 43450 43600 43400 43550 6729
20200402 914 43450 43550 43050 43150 8694
20200402 915 43150 43200 43000 43000 1693
20200402 916 43050 43200 42950 43200 1299
20200402 917 43150 43200 43000 43000 1193
20200402 918 43000 43450 42950 43400 3059
20200402 919 43400 43550 43400 43400 3996
20200402 920 43500 43550 43450 43500 1111
20200402 921 43500 43500 43100 43450 2073
20200402 922 43450 43450 43050 43050 432
20200402 923 43000 43150 43000 43150 623
20200402 924 43150 43300 43100 43300 1603
20200402 925 43300 43700 43300 43650 4766
20200402 926 43650 43650 43200 43200 1223
20200402 927 43250 43400 43200 43200 661
20200402 928 43200 43200 43100 43200 2392
20200402 929 43200 43500 43200 43400 176
20200402 930 43400 43400 43350 43400 610
20200402 931 43400 43400 43350 43350 449
20200402 932 43300 43400 43250 43250 1458
20200402 933 43300 43300 43200 43250 695
20200402 934 43250 43250 43150 43150 1401
20200402 935 43200 43200 43200 43200 145
20200402 936 43250 43400 43250 43350 1667
20200402 937 43400 43450 43400 43450 214
20200402 938 43400 43400 43250 43300 1970
20200402 939 43250 43300 43200 43300 642
20200402 940 43350 43400 43300 43400 595
20200402 941 43400 43400 43350 43350 818
20200402 942 43300 43400 43300 43350 404
20200402 943 43400 43400 43200 43200 1139
20200402 944 43200 43250 43100 43150 1215
20200402 945 43200 43200 43000 43000 3685
20200402 946 43000 43050 42800 42900 4549
20200402 947 42900 42950 42900 42950 347
20200402 948 43000 43000 42900 42950 516
20200402 949 42950 42950 42850 42850 285
20200402 950 42850 42850 42800 42850 899
20200402 951 42850 42850 42800 42800 456
20200402 952 42800 42850 42650 42800 4912
20200402 953 42800 43000 42800 43000 1225
20200402 954 43050 43150 42950 42950 135
20200402 955 42950 43050 42950 43050 648
20200402 956 43050 43050 43000 43050 374
20200402 957 43100 43200 43100 43200 633
20200402 958 43100 43200 43050 43050 544
20200402 959 43050 43050 43000 43000 238
20200402 1000 43000 43050 42950 42950 893
20200402 1001 42950 43000 42950 42950 555
20200402 1002 42950 43000 42800 42800 2016
20200402 1003 42800 42800 42750 42800 1122
20200402 1004 42800 42800 42750 42800 534
20200402 1005 42800 42800 42750 42800 612
20200402 1006 42750 42800 42750 42750 286
20200402 1007 42750 42800 42600 42650 3057
20200402 1008 42600 42600 42550 42600 1759
20200402 1009 42600 42600 42550 42550 298
20200402 1010 42550 42600 42450 42450 3960
20200402 1011 42450 42450 42350 42350 1424
20200402 1012 42300 42350 42300 42300 1066
20200402 1013 42300 42500 42300 42500 1997
20200402 1014 42450 42500 42350 42500 1767
20200402 1015 42500 42700 42500 42700 719
20200402 1016 42600 42700 42550 42700 506
20200402 1017 42700 42750 42400 42400 1382
20200402 1018 42400 42450 42350 42400 566
20200402 1019 42350 42400 42350 42400 472
20200402 1020 42350 42550 42350 42450 1194
20200402 1021 42450 42550 42450 42450 366
20200402 1022 42450 42500 42450 42500 1159
20200402 1023 42450 42500 42450 42450 415
20200402 1024 42500 42500 42450 42450 475
20200402 1025 42450 42650 42450 42650 682
20200402 1026 42650 42750 42650 42750 825
20200402 1027 42700 42750 42550 42550 579
20200402 1028 42550 42600 42500 42550 561
20200402 1029 42550 42550 42400 42400 2252
20200402 1030 42400 42550 42400 42550 1449
20200402 1031 42600 42700 42550 42650 518
20200402 1032 42700 42850 42650 42850 1106
20200402 1033 42800 42800 42600 42600 650
20200402 1034 42700 42700 42600 42650 289
20200402 1035 42600 42700 42600 42650 893
20200402 1036 42650 42850 42600 42700 198
20200402 1037 42750 42850 42750 42850 530
20200402 1038 42850 42850 42800 42850 328
20200402 1039 42850 42850 42800 42850 769
20200402 1040 42800 42850 42750 42800 389
20200402 1041 42750 42850 42750 42850 1518
20200402 1042 42850 42850 42750 42750 947
20200402 1043 42750 42800 42750 42800 540
20200402 1044 42750 42850 42750 42750 845
20200402 1045 42800 42900 42800 42900 1402
20200402 1046 42900 43050 42850 43000 1888
20200402 1047 43050 43150 43050 43100 765
20200402 1048 43100 43150 43000 43000 624
20200402 1049 43000 43050 42850 42850 673
20200402 1050 42900 42950 42850 42950 514
20200402 1051 42900 42950 42900 42950 550
20200402 1052 42950 43100 42950 43100 1786
20200402 1053 43050 43100 43050 43050 285
20200402 1054 43100 43100 43050 43050 416
20200402 1055 43050 43100 43050 43050 566
20200402 1056 43050 43100 43000 43050 737
20200402 1057 43100 43100 43000 43000 1094
20200402 1058 43000 43000 42900 42900 492
20200402 1059 42900 42950 42850 42850 571
20200402 1100 42850 42900 42800 42800 1119
20200402 1101 42850 42850 42800 42850 1150
20200402 1102 42850 43050 42800 42950 1274
20200402 1103 42950 42950 42850 42900 503
20200402 1104 42900 42900 42850 42900 400
20200402 1105 42900 43200 42900 43200 2382
20200402 1106 43200 43300 43100 43200 1367
20200402 1107 43250 43300 43200 43250 1407
20200402 1108 43250 43250 43150 43150 310
20200402 1109 43150 43200 43150 43150 967
20200402 1110 43200 43250 43150 43200 741
20200402 1111 43100 43150 43100 43100 97
20200402 1112 43150 43150 43100 43150 690
20200402 1113 43200 43250 43200 43200 542
20200402 1114 43200 43200 43150 43150 218
20200402 1115 43150 43150 43100 43150 324
20200402 1116 43150 43200 43100 43150 912
20200402 1117 43150 43200 43150 43200 514
20200402 1118 43200 43250 43150 43150 250
20200402 1119 43150 43200 43100 43200 673
20200402 1120 43200 43200 43150 43200 1344
20200402 1121 43150 43200 43150 43200 525
20200402 1122 43250 43300 43200 43200 1039
20200402 1123 43300 43350 43250 43300 1626
20200402 1124 43300 43350 43250 43250 1119
20200402 1125 43300 43350 43200 43250 1921
20200402 1126 43200 43200 43150 43200 43
20200402 1127 43200 43250 43150 43200 5129
20200402 1128 43250 43250 43200 43200 1016
20200402 1129 43200 43200 43100 43100 999
20200402 1130 43050 43100 43050 43050 273
20200402 1131 43050 43100 43050 43100 550
20200402 1132 43100 43100 43050 43050 225
20200402 1133 43050 43100 43000 43050 704
20200402 1134 43100 43100 43050 43050 86
20200402 1135 43050 43050 42950 42950 1926
20200402 1136 42900 42950 42900 42900 62
20200402 1137 42950 42950 42850 42850 479
20200402 1138 42800 42850 42800 42800 346
20200402 1139 42850 42850 42800 42850 332
20200402 1140 42900 42900 42800 42800 600
20200402 1141 42850 42850 42800 42800 482
20200402 1142 42800 42850 42800 42800 826
20200402 1143 42850 42850 42800 42850 97
20200402 1144 42850 42900 42800 42900 590
20200402 1145 42900 42950 42900 42900 122
20200402 1146 42950 42950 42900 42900 291
20200402 1147 42900 42900 42850 42900 69
20200402 1148 42850 42950 42850 42900 654
20200402 1149 42950 43000 42900 42950 286
20200402 1150 42950 42950 42900 42900 149
20200402 1151 42900 42950 42850 42900 588
20200402 1152 42900 42900 42850 42850 61
20200402 1153 42850 42900 42850 42900 674
20200402 1154 42900 42900 42850 42900 512
20200402 1155 42950 43050 42900 43050 1321
20200402 1156 43000 43000 42900 42950 315
20200402 1157 43000 43000 42950 42950 288
20200402 1158 42950 43000 42950 42950 280
20200402 1159 42950 43050 42900 43000 1427
20200402 1200 43000 43000 42950 43000 282
20200402 1201 43000 43000 42950 43000 379
20200402 1202 43000 43050 42950 43050 493
20200402 1203 43050 43050 43000 43050 454
20200402 1204 43050 43100 43050 43050 368
20200402 1205 43100 43150 43100 43100 298
20200402 1206 43100 43150 43050 43050 510
20200402 1207 43100 43100 43000 43000 748
20200402 1208 43000 43000 42950 42950 493
20200402 1209 42950 43000 42950 43000 209
20200402 1210 42950 43000 42950 43000 556
20200402 1211 42950 43000 42900 42950 672
20200402 1212 42950 43000 42850 42850 708
20200402 1213 42900 42900 42900 42900 190
20200402 1214 42900 42950 42900 42900 461
20200402 1215 42850 42950 42850 42900 468
20200402 1216 42950 42950 42850 42900 323
20200402 1217 42900 42900 42850 42900 141
20200402 1218 42850 42900 42850 42900 485
20200402 1219 42900 42950 42850 42850 514
20200402 1220 42900 42950 42850 42900 364
20200402 1221 42900 42950 42900 42950 599
20200402 1222 42950 43050 42950 43050 396
20200402 1223 43050 43050 42950 42950 335
20200402 1224 42950 43000 42950 43000 191
20200402 1225 43000 43000 42950 43000 310
20200402 1226 42950 43000 42950 43000 138
20200402 1227 42950 43050 42950 43000 486
20200402 1228 43050 43050 43000 43000 232
20200402 1229 43050 43050 43000 43000 1059
20200402 1230 42950 43000 42850 42850 1633
20200402 1231 42900 42950 42850 42850 167
20200402 1232 42850 42900 42850 42900 147
20200402 1233 42900 42950 42850 42950 693
20200402 1234 42950 42950 42900 42900 512
20200402 1235 42900 43000 42900 42950 228
20200402 1236 42950 42950 42900 42950 478
20200402 1237 42900 43000 42900 43000 137
20200402 1238 43000 43050 42950 43000 514
20200402 1239 43000 43000 42950 43000 268
20200402 1240 43000 43150 43000 43050 1123
20200402 1241 43050 43050 43000 43000 244
20200402 1242 43050 43100 43050 43050 463
20200402 1243 43050 43150 43000 43100 622
20200402 1244 43100 43150 43000 43050 386
20200402 1245 43050 43100 43000 43100 211
20200402 1246 43100 43150 43050 43100 528
20200402 1247 43150 43150 43100 43150 572
20200402 1248 43100 43200 43100 43200 538
20200402 1249 43150 43200 43150 43200 783
20200402 1250 43200 43200 43150 43150 632
20200402 1251 43150 43150 43050 43050 1729
20200402 1252 43050 43100 43000 43000 234
20200402 1253 43050 43100 43050 43050 393
20200402 1254 43100 43100 43050 43050 613
20200402 1255 43050 43050 43000 43000 270
20200402 1256 43000 43050 42950 43000 1243
20200402 1257 42950 42950 42900 42900 834
20200402 1258 42950 42950 42900 42900 339
20200402 1259 42900 42950 42900 42900 626
20200402 1300 42900 42950 42900 42900 974
20200402 1301 42900 42900 42850 42850 1083
20200402 1302 42850 42850 42800 42850 219
20200402 1303 42850 42850 42800 42850 901
20200402 1304 42850 42900 42850 42900 805
20200402 1305 42850 42950 42850 42950 597
20200402 1306 42900 42950 42900 42900 203
20200402 1307 42900 42950 42900 42950 513
20200402 1308 42950 42950 42850 42850 598
20200402 1309 42850 42900 42800 42800 2578
20200402 1310 42850 42900 42800 42800 806
20200402 1311 42800 42800 42700 42750 1150
20200402 1312 42750 42750 42600 42600 3658
20200402 1313 42600 42650 42500 42550 4138
20200402 1314 42550 42600 42500 42550 1887
20200402 1315 42550 42650 42550 42650 386
20200402 1316 42700 42800 42650 42800 2745
20200402 1317 42750 42750 42650 42700 290
20200402 1318 42700 42750 42700 42700 291
20200402 1319 42750 42750 42700 42700 361
20200402 1320 42700 42750 42650 42650 1014
20200402 1321 42700 42700 42650 42700 161
20200402 1322 42650 42700 42650 42650 724
20200402 1323 42650 42750 42650 42650 931
20200402 1324 42650 42700 42650 42700 469
20200402 1325 42750 42800 42650 42650 525
20200402 1326 42700 42750 42700 42750 236
20200402 1327 42700 42750 42700 42700 433
20200402 1328 42700 42700 42650 42700 377
20200402 1329 42700 42700 42600 42600 1406
20200402 1330 42650 42650 42600 42600 363
20200402 1331 42650 42650 42600 42600 574
20200402 1332 42600 42650 42600 42600 532
20200402 1333 42600 42650 42550 42550 938
20200402 1334 42550 42550 42300 42300 6944
20200402 1335 42350 42400 42300 42350 1408
20200402 1336 42400 42450 42400 42450 921
20200402 1337 42450 42550 42400 42550 469
20200402 1338 42550 42550 42500 42500 428
20200402 1339 42500 42600 42500 42550 789
20200402 1340 42550 42600 42500 42500 936
20200402 1341 42550 42550 42500 42500 337
20200402 1342 42500 42550 42500 42500 507
20200402 1343 42500 42650 42500 42600 730
20200402 1344 42600 42600 42500 42500 475
20200402 1345 42500 42650 42500 42650 1157
20200402 1346 42700 42700 42650 42650 575
20200402 1347 42650 42750 42650 42700 242
20200402 1348 42700 42800 42700 42750 689
20200402 1349 42800 42850 42750 42850 367
20200402 1350 42800 42850 42750 42850 1043
20200402 1351 42800 42850 42800 42800 780
20200402 1352 42800 42850 42750 42800 504
20200402 1353 42750 42800 42750 42750 553
20200402 1354 42700 42750 42650 42700 628
20200402 1355 42700 42700 42650 42700 1066
20200402 1356 42650 42800 42600 42650 2180
20200402 1357 42700 42700 42650 42700 483
20200402 1358 42700 42700 42600 42700 751
20200402 1359 42650 42700 42550 42600 2443
20200402 1400 42600 42600 42550 42600 97
20200402 1401 42550 42600 42500 42550 1344
20200402 1402 42550 42600 42500 42500 365
20200402 1403 42500 42550 42500 42500 519
20200402 1404 42500 42500 42450 42450 346
20200402 1405 42500 42500 42450 42450 839
20200402 1406 42450 42450 42400 42400 202
20200402 1407 42450 42450 42350 42350 1348
20200402 1408 42350 42400 42350 42400 792
20200402 1409 42450 42500 42400 42450 903
20200402 1410 42450 42500 42400 42500 255
20200402 1411 42450 42500 42450 42500 267
20200402 1412 42450 42500 42400 42400 589
20200402 1413 42400 42450 42400 42400 134
20200402 1414 42400 42400 42400 42400 1679
20200402 1415 42350 42400 42350 42400 704
20200402 1416 42400 42450 42350 42400 595
20200402 1417 42400 42450 42350 42450 379
20200402 1418 42400 42400 42350 42400 845
20200402 1419 42400 42450 42400 42450 988
20200402 1420 42500 42500 42300 42400 5143
20200402 1421 42300 42450 42300 42450 1594
20200402 1422 42500 42550 42400 42550 607
20200402 1423 42550 42550 42450 42450 112
20200402 1424 42450 42450 42400 42450 500
20200402 1425 42450 42500 42400 42500 738
20200402 1426 42500 42600 42450 42450 1112
20200402 1427 42550 42550 42500 42500 225
20200402 1428 42500 42550 42450 42550 559
20200402 1429 42500 42600 42500 42500 1097
20200402 1430 42500 42600 42500 42600 911
20200402 1431 42600 42700 42500 42650 1340
20200402 1432 42650 42700 42550 42650 530
20200402 1433 42600 42650 42550 42600 774
20200402 1434 42650 42850 42650 42800 2063
20200402 1435 42800 42850 42800 42800 681
20200402 1436 42800 42800 42750 42750 404
20200402 1437 42750 42800 42750 42750 338
20200402 1438 42750 42750 42750 42750 263
20200402 1439 42750 42750 42750 42750 834
20200402 1440 42800 42800 42750 42750 96
20200402 1441 42750 42850 42750 42850 651
20200402 1442 42850 42850 42750 42750 1181
20200402 1443 42700 42750 42700 42700 530
20200402 1444 42750 42800 42700 42750 601
20200402 1445 42800 42850 42750 42850 1182
20200402 1446 42850 42900 42850 42900 1287
20200402 1447 42900 42950 42850 42900 256
20200402 1448 42900 42900 42850 42900 530
20200402 1449 42850 42950 42850 42950 477
20200402 1450 42900 42950 42900 42900 612
20200402 1451 42900 42950 42900 42950 663
20200402 1452 42950 42950 42850 42900 593
20200402 1453 42850 42900 42850 42850 540
20200402 1454 42850 42900 42850 42900 423
20200402 1455 42900 42900 42850 42850 1061
20200402 1456 42800 42900 42800 42850 1138
20200402 1457 42900 43000 42850 43000 1248
20200402 1458 42950 43000 42850 42850 581
20200402 1459 42900 42950 42850 42950 503
20200402 1500 42900 43000 42850 43000 2319
20200402 1501 43000 43100 43000 43100 1005
20200402 1502 43100 43200 43050 43150 2768
20200402 1503 43100 43200 43100 43150 2915
20200402 1504 43150 43200 43150 43200 471
20200402 1505 43200 43200 43150 43200 369
20200402 1506 43200 43200 43150 43150 609
20200402 1507 43150 43250 43150 43250 5777
20200402 1508 43300 43400 43300 43350 2414
20200402 1509 43350 43450 43350 43450 2951
20200402 1510 43450 43450 43400 43400 503
20200402 1511 43400 43450 43400 43450 5582
20200402 1512 43400 43400 43300 43300 1279
20200402 1513 43350 43350 43250 43250 1715
20200402 1514 43250 43250 43200 43250 369
20200402 1515 43200 43250 43150 43200 507
20200402 1516 43150 43250 43150 43150 583
20200402 1517 43200 43300 43200 43200 1833
20200402 1518 43300 43300 43200 43300 627
20200402 1519 43250 43350 43250 43350 624
20200402 1520 43350 43350 43300 43300 1566
20200402 1530 43300 43300 43300 43300 17552
