날짜 시간 시가 고가 저가 종가 거래량
20180413 901 1165 1165 1165 1165 420
20180413 903 1170 1170 1165 1165 500
20180413 906 1165 1180 1165 1180 401
20180413 908 1180 1180 1180 1180 390
20180413 909 1180 1180 1180 1180 1300
20180413 910 1180 1180 1180 1180 224
20180413 911 1180 1180 1180 1180 190
20180413 920 1175 1190 1175 1190 235
20180413 921 1190 1190 1190 1190 80
20180413 922 1170 1170 1170 1170 1600
20180413 924 1185 1185 1185 1185 1
20180413 944 1180 1180 1180 1180 19
20180413 954 1175 1175 1170 1170 800
20180413 955 1170 1170 1170 1170 134
20180413 956 1170 1170 1170 1170 4
20180413 957 1170 1170 1170 1170 62
20180413 958 1170 1170 1170 1170 25
20180413 959 1170 1170 1170 1170 1800
20180413 1000 1170 1170 1170 1170 140
20180413 1001 1170 1170 1170 1170 245
20180413 1007 1170 1170 1170 1170 44
20180413 1013 1175 1175 1175 1175 13
20180413 1015 1175 1175 1175 1175 77
20180413 1016 1180 1215 1180 1215 3750
20180413 1019 1210 1210 1210 1210 1000
20180413 1020 1200 1210 1200 1210 50
20180413 1023 1210 1210 1205 1205 123
20180413 1024 1200 1200 1195 1195 82
20180413 1026 1195 1195 1195 1195 100
20180413 1027 1195 1195 1195 1195 8
20180413 1028 1195 1195 1195 1195 99
20180413 1032 1195 1200 1195 1200 2
20180413 1033 1190 1190 1190 1190 126
20180413 1040 1185 1195 1185 1195 1599
20180413 1041 1195 1195 1195 1195 10
20180413 1045 1190 1190 1190 1190 85
20180413 1053 1185 1190 1180 1190 4184
20180413 1054 1185 1185 1185 1185 10
20180413 1055 1180 1180 1180 1180 233
20180413 1106 1175 1175 1175 1175 2
20180413 1107 1180 1180 1180 1180 10
20180413 1109 1180 1180 1180 1180 11
20180413 1110 1180 1180 1180 1180 1
20180413 1114 1180 1185 1180 1185 60
20180413 1123 1185 1185 1185 1185 20
20180413 1125 1185 1185 1185 1185 15
20180413 1132 1185 1185 1180 1180 11
20180413 1137 1185 1185 1185 1185 30
20180413 1138 1185 1185 1185 1185 5
20180413 1141 1185 1185 1185 1185 192
20180413 1147 1185 1185 1185 1185 1260
20180413 1148 1190 1190 1190 1190 8
20180413 1150 1185 1185 1185 1185 370
20180413 1152 1190 1190 1190 1190 1
20180413 1157 1190 1190 1190 1190 50
20180413 1159 1190 1190 1185 1185 101
20180413 1216 1190 1190 1190 1190 1
20180413 1218 1185 1185 1185 1185 90
20180413 1236 1185 1185 1185 1185 600
20180413 1239 1185 1185 1185 1185 1
20180413 1241 1185 1185 1185 1185 200
20180413 1245 1190 1190 1190 1190 274
20180413 1246 1190 1190 1190 1190 301
20180413 1248 1185 1185 1185 1185 1
20180413 1253 1185 1185 1185 1185 687
20180413 1302 1185 1185 1185 1185 100
20180413 1312 1185 1185 1185 1185 100
20180413 1320 1185 1185 1185 1185 66
20180413 1321 1185 1185 1185 1185 38
20180413 1322 1185 1185 1185 1185 183
20180413 1323 1185 1185 1185 1185 1054
20180413 1325 1180 1180 1180 1180 1255
20180413 1327 1190 1190 1190 1190 8
20180413 1329 1185 1185 1185 1185 1
20180413 1330 1190 1190 1185 1185 2150
20180413 1332 1185 1185 1185 1185 333
20180413 1336 1190 1190 1190 1190 1
20180413 1337 1190 1190 1190 1190 10
20180413 1341 1190 1190 1190 1190 10
20180413 1349 1190 1190 1190 1190 850
20180413 1350 1190 1190 1185 1190 220
20180413 1351 1190 1190 1190 1190 220
20180413 1352 1190 1190 1190 1190 360
20180413 1353 1190 1190 1190 1190 468
20180413 1357 1195 1195 1195 1195 200
20180413 1358 1195 1195 1195 1195 588
20180413 1359 1195 1195 1195 1195 102
20180413 1400 1195 1195 1195 1195 100
20180413 1401 1195 1195 1190 1190 1230
20180413 1402 1190 1190 1190 1190 100
20180413 1403 1190 1190 1185 1185 100
20180413 1405 1190 1190 1190 1190 1
20180413 1408 1190 1190 1190 1190 4
20180413 1409 1190 1190 1190 1190 500
20180413 1410 1190 1190 1190 1190 670
20180413 1412 1185 1185 1185 1185 200
20180413 1413 1185 1185 1185 1185 670
20180413 1420 1185 1185 1185 1185 100
20180413 1432 1185 1185 1185 1185 176
20180413 1433 1185 1185 1185 1185 24
20180413 1440 1190 1190 1190 1190 50
20180413 1441 1190 1190 1190 1190 309
20180413 1442 1190 1190 1190 1190 34
20180413 1444 1185 1185 1185 1185 8
20180413 1447 1185 1185 1185 1185 406
20180413 1448 1185 1185 1185 1185 10
20180413 1449 1185 1185 1185 1185 128
20180413 1450 1185 1190 1185 1190 1625
20180413 1458 1185 1190 1175 1190 6037
20180413 1507 1190 1190 1190 1190 48
20180413 1508 1190 1190 1185 1185 79
20180413 1509 1185 1185 1185 1185 50
20180413 1517 1180 1185 1180 1185 1921
20180413 1518 1180 1180 1180 1180 3000
20180413 1519 1185 1185 1185 1185 19
20180413 1520 1185 1190 1185 1190 681
20180413 1530 1185 1185 1185 1185 2520
20180416 901 1175 1175 1175 1175 2000
20180416 903 1185 1185 1185 1185 300
20180416 907 1185 1225 1185 1220 58102
20180416 908 1220 1220 1200 1205 7764
20180416 909 1215 1215 1210 1210 258
20180416 910 1210 1215 1210 1215 24
20180416 911 1215 1215 1155 1180 65366
20180416 912 1185 1210 1185 1210 15989
20180416 913 1210 1210 1205 1205 468
20180416 915 1205 1210 1205 1210 3048
20180416 916 1210 1210 1205 1205 1397
20180416 917 1205 1210 1205 1210 2150
20180416 918 1210 1210 1210 1210 1222
20180416 919 1210 1255 1210 1250 42396
20180416 920 1255 1255 1210 1225 19362
20180416 921 1225 1225 1210 1225 1378
20180416 922 1220 1220 1220 1220 60
20180416 923 1220 1220 1215 1215 6733
20180416 924 1215 1215 1215 1215 46
20180416 927 1215 1215 1210 1210 106
20180416 928 1220 1220 1220 1220 10
20180416 930 1220 1220 1220 1220 1000
20180416 933 1220 1225 1215 1225 7714
20180416 934 1225 1225 1225 1225 54
20180416 936 1220 1220 1220 1220 1
20180416 937 1215 1220 1215 1220 669
20180416 938 1220 1220 1220 1220 6015
20180416 940 1215 1215 1210 1210 1678
20180416 942 1210 1210 1210 1210 50
20180416 943 1205 1205 1170 1170 57641
20180416 944 1170 1250 1170 1225 85695
20180416 945 1210 1210 1200 1200 4520
20180416 947 1200 1200 1200 1200 60
20180416 948 1200 1210 1200 1210 2
20180416 954 1205 1205 1205 1205 233
20180416 955 1205 1205 1205 1205 467
20180416 957 1210 1210 1210 1210 33
20180416 958 1205 1205 1200 1200 6696
20180416 1000 1200 1210 1195 1210 1674
20180416 1001 1205 1205 1205 1205 1937
20180416 1004 1205 1205 1205 1205 100
20180416 1005 1210 1210 1210 1210 100
20180416 1008 1205 1205 1205 1205 1
20180416 1010 1205 1205 1205 1205 687
20180416 1013 1210 1210 1210 1210 50
20180416 1020 1210 1210 1210 1210 734
20180416 1021 1210 1210 1210 1210 212
20180416 1025 1205 1205 1205 1205 2000
20180416 1028 1205 1205 1205 1205 2000
20180416 1031 1205 1205 1205 1205 570
20180416 1033 1205 1205 1205 1205 606
20180416 1034 1210 1210 1210 1210 1
20180416 1036 1210 1210 1210 1210 10
20180416 1048 1205 1205 1205 1205 200
20180416 1049 1205 1205 1175 1175 52641
20180416 1050 1190 1190 1185 1185 501
20180416 1051 1190 1210 1190 1210 14774
20180416 1052 1215 1215 1215 1215 43
20180416 1053 1215 1215 1215 1215 16
20180416 1054 1215 1250 1215 1240 29321
20180416 1055 1220 1220 1220 1220 874
20180416 1056 1220 1220 1220 1220 1259
20180416 1057 1220 1220 1220 1220 1
20180416 1100 1220 1220 1220 1220 241
20180416 1103 1215 1215 1215 1215 100
20180416 1107 1215 1215 1215 1215 5
20180416 1108 1215 1215 1215 1215 104
20180416 1112 1210 1210 1170 1185 61404
20180416 1113 1210 1255 1210 1220 61865
20180416 1114 1220 1220 1220 1220 17
20180416 1115 1200 1200 1200 1200 2344
20180416 1116 1200 1200 1180 1200 35035
20180416 1117 1200 1220 1200 1220 30303
20180416 1122 1205 1205 1205 1205 5
20180416 1130 1210 1210 1210 1210 1500
20180416 1131 1215 1220 1190 1190 10814
20180416 1132 1195 1195 1195 1195 1
20180416 1133 1205 1205 1205 1205 1
20180416 1134 1205 1205 1205 1205 1169
20180416 1135 1205 1205 1195 1195 10001
20180416 1137 1205 1205 1205 1205 4178
20180416 1141 1195 1195 1195 1195 5
20180416 1142 1195 1195 1190 1190 5000
20180416 1143 1190 1190 1190 1190 1431
20180416 1147 1190 1190 1190 1190 30
20180416 1151 1200 1200 1200 1200 10
20180416 1152 1195 1195 1195 1195 150
20180416 1154 1190 1190 1190 1190 400
20180416 1157 1195 1195 1195 1195 350
20180416 1158 1200 1205 1190 1190 6849
20180416 1201 1190 1190 1185 1185 11000
20180416 1202 1190 1190 1190 1190 239
20180416 1218 1200 1200 1200 1200 6
20180416 1225 1200 1200 1200 1200 1
20180416 1226 1200 1200 1200 1200 100
20180416 1230 1200 1200 1200 1200 1000
20180416 1231 1200 1205 1200 1205 20
20180416 1239 1205 1205 1205 1205 150
20180416 1244 1205 1205 1205 1205 220
20180416 1245 1205 1205 1205 1205 174
20180416 1247 1205 1210 1205 1205 1672
20180416 1249 1205 1205 1205 1205 1060
20180416 1305 1205 1205 1205 1205 10
20180416 1306 1205 1210 1205 1210 970
20180416 1307 1205 1205 1205 1205 10
20180416 1309 1205 1205 1205 1205 160
20180416 1310 1200 1205 1200 1205 1622
20180416 1312 1200 1205 1200 1205 783
20180416 1314 1195 1195 1195 1195 1524
20180416 1315 1200 1200 1200 1200 28
20180416 1316 1195 1195 1190 1190 2000
20180416 1318 1190 1190 1190 1190 3000
20180416 1328 1200 1200 1200 1200 3
20180416 1335 1200 1200 1200 1200 10
20180416 1342 1200 1200 1200 1200 10
20180416 1348 1200 1200 1200 1200 10
20180416 1349 1200 1200 1200 1200 1001
20180416 1352 1200 1200 1200 1200 10
20180416 1402 1200 1200 1200 1200 1935
20180416 1403 1200 1200 1200 1200 65
20180416 1405 1200 1200 1200 1200 1
20180416 1406 1200 1205 1200 1205 27
20180416 1407 1205 1205 1200 1200 657
20180416 1408 1200 1200 1200 1200 287
20180416 1417 1200 1200 1190 1190 3500
20180416 1428 1205 1205 1205 1205 19
20180416 1439 1205 1205 1205 1205 100
20180416 1445 1205 1205 1205 1205 30
20180416 1446 1205 1205 1205 1205 40
20180416 1447 1205 1215 1205 1215 9499
20180416 1449 1205 1205 1205 1205 633
20180416 1450 1205 1205 1205 1205 116
20180416 1454 1210 1210 1210 1210 10
20180416 1455 1210 1210 1210 1210 989
20180416 1456 1210 1210 1210 1210 1
20180416 1457 1210 1210 1210 1210 90
20180416 1458 1210 1210 1210 1210 20
20180416 1501 1210 1210 1210 1210 389
20180416 1502 1210 1210 1210 1210 82
20180416 1503 1210 1210 1210 1210 1000
20180416 1504 1210 1210 1210 1210 472
20180416 1510 1210 1210 1210 1210 50
20180416 1512 1210 1210 1210 1210 413
20180416 1513 1210 1210 1210 1210 11
20180416 1514 1210 1210 1210 1210 11
20180416 1517 1210 1210 1210 1210 100
20180416 1520 1210 1210 1210 1210 1
20180416 1530 1205 1205 1205 1205 8084
20180417 901 1185 1195 1185 1195 51254
20180417 902 1190 1190 1160 1180 56263
20180417 903 1180 1205 1165 1205 35556
20180417 904 1190 1190 1180 1190 2882
20180417 905 1190 1205 1190 1200 15889
20180417 906 1200 1205 1200 1205 20714
20180417 907 1200 1200 1200 1200 800
20180417 908 1190 1190 1190 1190 582
20180417 909 1190 1200 1190 1200 3286
20180417 910 1200 1200 1200 1200 800
20180417 911 1200 1200 1200 1200 400
20180417 912 1200 1205 1200 1205 1675
20180417 913 1205 1205 1205 1205 10
20180417 916 1200 1200 1200 1200 2500
20180417 917 1200 1200 1200 1200 500
20180417 918 1200 1205 1200 1205 1419
20180417 919 1200 1200 1200 1200 200
20180417 921 1200 1200 1200 1200 2701
20180417 922 1200 1200 1200 1200 1677
20180417 923 1200 1205 1200 1205 225
20180417 924 1205 1205 1205 1205 2571
20180417 925 1205 1205 1205 1205 1290
20180417 926 1205 1205 1200 1200 1347
20180417 927 1200 1210 1200 1210 2
20180417 929 1210 1210 1210 1210 4148
20180417 930 1210 1210 1210 1210 9056
20180417 931 1210 1210 1210 1210 867
20180417 932 1215 1215 1215 1215 1
20180417 934 1215 1215 1215 1215 30
20180417 935 1215 1215 1215 1215 440
20180417 936 1215 1215 1215 1215 900
20180417 937 1215 1215 1215 1215 954
20180417 938 1210 1210 1210 1210 250
20180417 939 1210 1210 1210 1210 3
20180417 941 1215 1215 1215 1215 40
20180417 943 1210 1215 1210 1215 4000
20180417 944 1215 1220 1215 1220 4542
20180417 945 1215 1215 1215 1215 2802
20180417 946 1220 1220 1220 1220 16082
20180417 947 1220 1220 1220 1220 1648
20180417 949 1220 1220 1220 1220 10
20180417 952 1220 1220 1220 1220 700
20180417 954 1215 1215 1215 1215 800
20180417 958 1220 1220 1220 1220 3
20180417 1001 1220 1220 1220 1220 10
20180417 1002 1210 1220 1210 1220 2959
20180417 1005 1215 1215 1210 1210 1025
20180417 1009 1220 1220 1220 1220 74
20180417 1011 1215 1215 1215 1215 1500
20180417 1012 1220 1220 1220 1220 1130
20180417 1013 1210 1210 1210 1210 4710
20180417 1015 1220 1220 1220 1220 926
20180417 1027 1220 1220 1215 1215 175
20180417 1030 1210 1210 1210 1210 500
20180417 1031 1210 1210 1210 1210 9
20180417 1032 1205 1205 1205 1205 6312
20180417 1033 1200 1200 1200 1200 6583
20180417 1044 1205 1205 1200 1200 5204
20180417 1047 1200 1200 1195 1195 5000
20180417 1053 1205 1205 1205 1205 1
20180417 1056 1210 1210 1210 1210 3066
20180417 1058 1215 1220 1215 1220 924
20180417 1105 1205 1205 1205 1205 8
20180417 1108 1215 1215 1215 1215 832
20180417 1110 1215 1215 1210 1210 2148
20180417 1113 1210 1210 1210 1210 1305
20180417 1119 1205 1205 1205 1205 185
20180417 1121 1210 1210 1210 1210 163
20180417 1125 1205 1205 1205 1205 5
20180417 1126 1210 1210 1210 1210 100
20180417 1130 1205 1205 1205 1205 100
20180417 1131 1205 1205 1205 1205 1604
20180417 1142 1210 1210 1210 1210 83
20180417 1156 1205 1205 1205 1205 8
20180417 1200 1210 1210 1210 1210 1
20180417 1204 1210 1210 1210 1210 85
20180417 1213 1205 1205 1205 1205 115
20180417 1230 1215 1215 1215 1215 1
20180417 1236 1210 1210 1210 1210 100
20180417 1237 1205 1205 1205 1205 9539
20180417 1239 1200 1200 1200 1200 501
20180417 1240 1205 1205 1205 1205 2
20180417 1242 1205 1205 1205 1205 1
20180417 1243 1205 1205 1205 1205 100
20180417 1244 1205 1205 1205 1205 201
20180417 1247 1205 1210 1205 1205 9114
20180417 1249 1200 1200 1200 1200 1
20180417 1251 1205 1205 1205 1205 998
20180417 1301 1205 1205 1205 1205 950
20180417 1304 1205 1205 1205 1205 11
20180417 1306 1205 1205 1205 1205 25
20180417 1307 1205 1205 1205 1205 628
20180417 1309 1205 1205 1205 1205 12
20180417 1313 1205 1205 1205 1205 10
20180417 1314 1205 1205 1205 1205 10
20180417 1318 1205 1205 1205 1205 1
20180417 1326 1205 1205 1205 1205 100
20180417 1327 1205 1205 1205 1205 227
20180417 1329 1205 1205 1205 1205 53
20180417 1332 1210 1210 1210 1210 1
20180417 1333 1210 1210 1210 1210 10
20180417 1334 1210 1210 1210 1210 30
20180417 1337 1210 1210 1210 1210 152
20180417 1338 1210 1210 1210 1210 60
20180417 1340 1210 1210 1210 1210 10
20180417 1343 1210 1210 1210 1210 10
20180417 1344 1210 1210 1210 1210 10
20180417 1348 1210 1210 1210 1210 20
20180417 1350 1210 1210 1205 1205 62
20180417 1359 1210 1210 1210 1210 409
20180417 1402 1210 1210 1200 1200 2025
20180417 1405 1205 1205 1205 1205 1800
20180417 1417 1205 1205 1205 1205 10
20180417 1418 1205 1205 1205 1205 87
20180417 1422 1210 1210 1210 1210 1
20180417 1424 1210 1210 1210 1210 5
20180417 1425 1210 1210 1210 1210 10
20180417 1429 1205 1205 1195 1205 3552
20180417 1432 1210 1210 1210 1210 2
20180417 1436 1205 1205 1205 1205 100
20180417 1437 1210 1210 1210 1210 100
20180417 1438 1205 1205 1205 1205 1
20180417 1445 1210 1210 1210 1210 3
20180417 1446 1210 1210 1210 1210 17
20180417 1447 1210 1210 1210 1210 145
20180417 1448 1210 1210 1210 1210 48
20180417 1450 1210 1210 1210 1210 1
20180417 1451 1205 1205 1205 1205 1
20180417 1500 1210 1210 1210 1210 1
20180417 1501 1210 1210 1210 1210 60
20180417 1503 1210 1210 1210 1210 10
20180417 1504 1210 1210 1210 1210 4
20180417 1506 1210 1210 1210 1210 25
20180417 1507 1210 1210 1210 1210 95
20180417 1508 1210 1210 1210 1210 2731
20180417 1510 1215 1215 1215 1215 1
20180417 1513 1210 1210 1210 1210 168
20180417 1515 1210 1210 1210 1210 576
20180417 1516 1210 1210 1210 1210 281
20180417 1517 1210 1210 1210 1210 205
20180417 1519 1215 1215 1215 1215 2
20180417 1530 1210 1210 1210 1210 3060
20180418 901 1210 1210 1210 1210 1489
20180418 902 1210 1210 1210 1210 351
20180418 904 1215 1215 1215 1215 57
20180418 906 1210 1210 1210 1210 2500
20180418 907 1210 1210 1190 1200 14643
20180418 908 1200 1200 1200 1200 1020
20180418 910 1205 1210 1205 1210 4
20180418 912 1205 1205 1205 1205 366
20180418 913 1205 1205 1205 1205 429
20180418 915 1205 1205 1205 1205 100
20180418 916 1200 1200 1200 1200 4802
20180418 917 1195 1195 1195 1195 5350
20180418 918 1200 1200 1200 1200 100
20180418 919 1200 1200 1200 1200 3
20180418 922 1200 1200 1200 1200 408
20180418 923 1200 1200 1195 1195 200
20180418 926 1195 1195 1195 1195 2829
20180418 927 1195 1195 1190 1190 902
20180418 928 1190 1190 1190 1190 15
20180418 929 1190 1190 1190 1190 6087
20180418 934 1195 1195 1190 1190 102
20180418 935 1195 1195 1195 1195 6
20180418 938 1190 1190 1190 1190 690
20180418 939 1195 1195 1195 1195 1
20180418 941 1195 1195 1195 1195 30
20180418 943 1195 1195 1195 1195 251
20180418 944 1195 1200 1195 1200 10000
20180418 952 1200 1200 1200 1200 4997
20180418 956 1205 1205 1200 1205 98
20180418 957 1200 1200 1195 1195 1008
20180418 1000 1195 1195 1195 1195 1
20180418 1005 1195 1195 1195 1195 1384
20180418 1006 1195 1195 1195 1195 116
20180418 1007 1200 1200 1200 1200 700
20180418 1010 1205 1205 1205 1205 1
20180418 1012 1195 1195 1195 1195 9
20180418 1020 1195 1195 1195 1195 1800
20180418 1021 1195 1195 1195 1195 2161
20180418 1022 1195 1195 1195 1195 3000
20180418 1029 1195 1195 1195 1195 1
20180418 1032 1200 1200 1200 1200 1
20180418 1036 1200 1200 1200 1200 316
20180418 1037 1200 1200 1200 1200 1683
20180418 1102 1200 1200 1200 1200 15
20180418 1103 1200 1200 1200 1200 100
20180418 1105 1200 1200 1200 1200 2400
20180418 1118 1200 1200 1200 1200 211
20180418 1119 1200 1200 1200 1200 19
20180418 1120 1200 1200 1200 1200 140
20180418 1127 1200 1200 1200 1200 300
20180418 1133 1205 1205 1205 1205 1
20180418 1153 1200 1200 1200 1200 60
20180418 1159 1200 1200 1200 1200 107
20180418 1203 1200 1200 1200 1200 893
20180418 1210 1200 1200 1200 1200 1107
20180418 1214 1200 1200 1200 1200 160
20180418 1215 1200 1200 1200 1200 20
20180418 1222 1200 1200 1200 1200 11
20180418 1224 1200 1200 1195 1195 2003
20180418 1225 1195 1195 1195 1195 4785
20180418 1227 1200 1200 1200 1200 58
20180418 1229 1200 1200 1200 1200 2000
20180418 1232 1205 1205 1205 1205 9
20180418 1237 1205 1205 1205 1205 5400
20180418 1240 1200 1200 1200 1200 16
20180418 1241 1200 1200 1200 1200 1000
20180418 1243 1205 1205 1205 1205 1002
20180418 1245 1205 1205 1205 1205 19
20180418 1248 1200 1200 1200 1200 1780
20180418 1250 1205 1205 1205 1205 6
20180418 1256 1200 1200 1200 1200 500
20180418 1304 1205 1205 1205 1205 284
20180418 1309 1205 1205 1205 1205 120
20180418 1311 1205 1205 1200 1205 41
20180418 1312 1205 1205 1205 1205 600
20180418 1314 1200 1205 1200 1205 1233
20180418 1321 1200 1200 1200 1200 10
20180418 1324 1200 1200 1200 1200 2400
20180418 1334 1200 1200 1200 1200 650
20180418 1336 1200 1200 1200 1200 181
20180418 1337 1200 1200 1195 1195 5000
20180418 1339 1195 1195 1195 1195 62
20180418 1342 1200 1200 1200 1200 2
20180418 1343 1200 1200 1200 1200 1
20180418 1344 1195 1195 1195 1195 1000
20180418 1345 1195 1195 1190 1190 4000
20180418 1350 1190 1190 1190 1190 15
20180418 1401 1195 1195 1195 1195 500
20180418 1404 1200 1200 1200 1200 100
20180418 1407 1200 1200 1195 1195 2010
20180418 1409 1195 1195 1195 1195 62
20180418 1411 1195 1200 1195 1195 838
20180418 1414 1195 1195 1195 1195 272
20180418 1415 1195 1195 1195 1195 30
20180418 1416 1195 1200 1195 1200 160
20180418 1417 1200 1200 1200 1200 10
20180418 1419 1200 1200 1200 1200 20
20180418 1425 1200 1200 1200 1200 50
20180418 1426 1200 1200 1200 1200 10
20180418 1427 1200 1200 1200 1200 10
20180418 1428 1200 1200 1200 1200 10
20180418 1451 1200 1200 1200 1200 40
20180418 1453 1200 1200 1200 1200 100
20180418 1502 1195 1195 1195 1195 900
20180418 1504 1195 1195 1190 1190 3827
20180418 1509 1195 1195 1195 1195 527
20180418 1510 1195 1195 1195 1195 1473
20180418 1512 1195 1195 1195 1195 500
20180418 1513 1195 1195 1195 1195 500
20180418 1514 1195 1195 1195 1195 723
20180418 1516 1195 1195 1195 1195 277
20180418 1518 1200 1200 1200 1200 100
20180418 1519 1195 1200 1190 1200 7492
20180418 1530 1195 1195 1195 1195 749
20180419 901 1195 1195 1195 1195 972
20180419 902 1190 1190 1185 1185 1896
20180419 903 1185 1185 1185 1185 1967
20180419 904 1185 1185 1185 1185 1420
20180419 905 1190 1190 1190 1190 577
20180419 906 1190 1190 1190 1190 2732
20180419 907 1185 1185 1185 1185 2272
20180419 910 1185 1185 1185 1185 557
20180419 912 1185 1185 1185 1185 1293
20180419 913 1185 1185 1185 1185 5643
20180419 915 1185 1185 1185 1185 30
20180419 916 1185 1185 1185 1185 3
20180419 917 1180 1180 1180 1180 2865
20180419 920 1185 1185 1180 1180 396
20180419 922 1180 1180 1180 1180 2200
20180419 923 1180 1180 1180 1180 9613
20180419 925 1180 1180 1180 1180 361
20180419 926 1180 1180 1175 1175 60
20180419 930 1180 1180 1175 1175 3704
20180419 934 1175 1185 1175 1185 505
20180419 936 1185 1185 1185 1185 1
20180419 937 1185 1185 1185 1185 421
20180419 938 1185 1185 1185 1185 430
20180419 942 1185 1185 1185 1185 100
20180419 945 1180 1180 1180 1180 2049
20180419 946 1185 1185 1185 1185 1807
20180419 947 1180 1180 1180 1180 1
20180419 948 1180 1180 1180 1180 1
20180419 950 1185 1185 1185 1185 6
20180419 958 1185 1185 1185 1185 50
20180419 959 1185 1185 1185 1185 1
20180419 1000 1185 1185 1185 1185 423
20180419 1001 1185 1185 1185 1185 100
20180419 1003 1180 1180 1180 1180 1600
20180419 1004 1180 1180 1180 1180 4232
20180419 1005 1180 1180 1180 1180 150
20180419 1007 1185 1185 1185 1185 100
20180419 1014 1185 1185 1185 1185 502
20180419 1015 1185 1185 1185 1185 500
20180419 1016 1185 1185 1185 1185 253
20180419 1018 1185 1185 1185 1185 1
20180419 1021 1180 1185 1180 1185 3423
20180419 1023 1185 1185 1185 1185 100
20180419 1025 1185 1185 1185 1185 100
20180419 1028 1185 1185 1185 1185 400
20180419 1032 1185 1185 1185 1185 200
20180419 1035 1185 1185 1185 1185 45
20180419 1038 1185 1185 1185 1185 200
20180419 1039 1185 1185 1185 1185 300
20180419 1040 1185 1185 1185 1185 70
20180419 1044 1180 1180 1180 1180 1752
20180419 1048 1180 1180 1180 1180 90
20180419 1049 1180 1185 1180 1185 3585
20180419 1051 1180 1180 1180 1180 300
20180419 1056 1185 1185 1185 1185 5
20180419 1103 1180 1180 1180 1180 698
20180419 1110 1180 1180 1180 1180 50
20180419 1112 1175 1175 1175 1175 50
20180419 1113 1175 1175 1175 1175 1000
20180419 1115 1175 1175 1175 1175 500
20180419 1126 1180 1180 1175 1175 1306
20180419 1130 1180 1180 1180 1180 3998
20180419 1132 1180 1180 1180 1180 2100
20180419 1134 1180 1180 1180 1180 9
20180419 1137 1180 1180 1180 1180 1
20180419 1138 1180 1180 1180 1180 4
20180419 1140 1180 1180 1180 1180 2760
20180419 1141 1180 1180 1180 1180 500
20180419 1142 1180 1180 1180 1180 100
20180419 1150 1180 1180 1180 1180 5
20180419 1158 1185 1185 1185 1185 120
20180419 1202 1185 1185 1185 1185 4131
20180419 1203 1185 1185 1185 1185 3
20180419 1204 1185 1185 1185 1185 5
20180419 1205 1185 1185 1185 1185 420
20180419 1206 1180 1180 1180 1180 163
20180419 1220 1185 1185 1185 1185 580
20180419 1222 1185 1185 1185 1185 1
20180419 1239 1185 1185 1185 1185 4001
20180419 1240 1185 1185 1185 1185 8
20180419 1241 1185 1185 1185 1185 141
20180419 1242 1185 1185 1185 1185 230
20180419 1243 1185 1185 1185 1185 99
20180419 1244 1185 1185 1185 1185 50
20180419 1247 1190 1190 1190 1190 2
20180419 1248 1190 1190 1190 1190 10
20180419 1249 1190 1190 1190 1190 6
20180419 1251 1190 1190 1190 1190 10
20180419 1253 1190 1190 1190 1190 10
20180419 1255 1190 1190 1190 1190 10
20180419 1259 1190 1190 1190 1190 1029
20180419 1300 1190 1190 1190 1190 141
20180419 1302 1190 1190 1185 1185 1500
20180419 1308 1195 1195 1195 1195 883
20180419 1309 1195 1195 1195 1195 10
20180419 1310 1195 1195 1195 1195 10
20180419 1311 1195 1195 1195 1195 10
20180419 1313 1190 1190 1190 1190 2
20180419 1315 1190 1190 1190 1190 1666
20180419 1324 1185 1185 1185 1185 1322
20180419 1328 1185 1185 1185 1185 7441
20180419 1330 1195 1195 1195 1195 1
20180419 1332 1195 1195 1195 1195 17
20180419 1337 1195 1195 1195 1195 70
20180419 1344 1195 1195 1195 1195 910
20180419 1345 1195 1195 1195 1195 10
20180419 1349 1195 1195 1195 1195 844
20180419 1351 1195 1195 1195 1195 10
20180419 1352 1195 1195 1195 1195 30
20180419 1354 1195 1195 1195 1195 12
20180419 1356 1195 1195 1195 1195 10
20180419 1358 1190 1190 1190 1190 50
20180419 1359 1190 1190 1190 1190 250
20180419 1403 1190 1190 1190 1190 20
20180419 1404 1190 1190 1190 1190 209
20180419 1405 1185 1185 1185 1185 3000
20180419 1406 1185 1185 1185 1185 2000
20180419 1407 1185 1185 1185 1185 834
20180419 1410 1195 1195 1190 1190 43
20180419 1411 1190 1190 1190 1190 58
20180419 1422 1190 1190 1190 1190 707
20180419 1424 1190 1190 1190 1190 1727
20180419 1425 1190 1190 1190 1190 1069
20180419 1427 1195 1195 1195 1195 11
20180419 1428 1195 1195 1195 1195 10
20180419 1431 1195 1195 1195 1195 10
20180419 1432 1190 1190 1180 1180 2945
20180419 1439 1180 1180 1180 1180 100
20180419 1441 1190 1190 1190 1190 1
20180419 1442 1190 1190 1190 1190 180
20180419 1446 1190 1190 1190 1190 50
20180419 1456 1190 1190 1190 1190 1020
20180419 1459 1190 1190 1190 1190 20
20180419 1501 1190 1190 1190 1190 65
20180419 1502 1190 1190 1190 1190 159
20180419 1503 1190 1190 1190 1190 8
20180419 1504 1190 1190 1190 1190 10
20180419 1506 1190 1190 1190 1190 10
20180419 1507 1190 1190 1190 1190 10
20180419 1508 1190 1190 1190 1190 7700
20180419 1509 1190 1190 1190 1190 10
20180419 1510 1190 1190 1190 1190 100
20180419 1512 1190 1190 1190 1190 10
20180419 1513 1190 1190 1190 1190 10
20180419 1514 1190 1190 1190 1190 1092
20180419 1515 1190 1190 1190 1190 20
20180419 1516 1185 1185 1185 1185 1
20180419 1518 1190 1190 1190 1190 500
20180419 1519 1190 1190 1190 1190 2475
20180419 1520 1185 1185 1185 1185 12693
20180419 1530 1185 1185 1185 1185 1747
20180420 901 1185 1185 1185 1185 823
20180420 906 1185 1185 1185 1185 469
20180420 908 1185 1185 1185 1185 1000
20180420 909 1185 1185 1185 1185 3741
20180420 910 1185 1185 1185 1185 1763
20180420 914 1185 1185 1185 1185 1000
20180420 915 1195 1205 1195 1200 1029
20180420 916 1200 1200 1200 1200 6947
20180420 920 1190 1190 1185 1185 3700
20180420 926 1185 1185 1185 1185 1300
20180420 930 1195 1200 1195 1200 1075
20180420 931 1200 1200 1200 1200 8
20180420 932 1200 1200 1200 1200 10
20180420 933 1200 1210 1195 1210 23149
20180420 934 1210 1225 1210 1225 26336
20180420 935 1225 1225 1215 1225 4301
20180420 936 1215 1215 1215 1215 6000
20180420 937 1215 1215 1205 1205 8501
20180420 938 1210 1210 1210 1210 200
20180420 939 1210 1210 1205 1205 5226
20180420 940 1205 1205 1205 1205 879
20180420 941 1205 1205 1205 1205 331
20180420 942 1205 1210 1205 1210 259
20180420 944 1210 1215 1205 1215 2800
20180420 945 1210 1215 1210 1215 800
20180420 947 1215 1240 1215 1235 54110
20180420 948 1235 1245 1210 1220 7519
20180420 949 1220 1220 1220 1220 3875
20180420 950 1220 1240 1220 1240 2597
20180420 951 1240 1240 1230 1230 6764
20180420 952 1230 1235 1230 1230 4175
20180420 953 1235 1240 1230 1240 5962
20180420 954 1235 1235 1230 1230 2993
20180420 955 1230 1235 1230 1230 2134
20180420 956 1230 1230 1230 1230 582
20180420 957 1225 1230 1225 1230 31
20180420 959 1230 1230 1230 1230 3987
20180420 1000 1230 1230 1230 1230 780
20180420 1001 1230 1230 1230 1230 117
20180420 1003 1230 1230 1230 1230 2748
20180420 1004 1225 1225 1200 1200 35997
20180420 1005 1220 1220 1205 1205 378
20180420 1006 1205 1205 1205 1205 819
20180420 1007 1205 1205 1205 1205 5000
20180420 1008 1200 1200 1200 1200 2421
20180420 1009 1205 1205 1200 1200 1456
20180420 1011 1200 1200 1200 1200 760
20180420 1012 1205 1225 1200 1225 9660
20180420 1013 1225 1225 1225 1225 122
20180420 1014 1225 1225 1225 1225 1
20180420 1015 1210 1210 1210 1210 500
20180420 1019 1220 1220 1220 1220 27
20180420 1020 1220 1220 1220 1220 2000
20180420 1021 1220 1220 1220 1220 2
20180420 1022 1220 1220 1220 1220 4
20180420 1023 1210 1210 1210 1210 500
20180420 1024 1220 1220 1220 1220 50
20180420 1025 1220 1220 1220 1220 278
20180420 1026 1220 1220 1220 1220 1
20180420 1027 1220 1220 1220 1220 1516
20180420 1028 1220 1220 1220 1220 400
20180420 1035 1215 1215 1215 1215 1000
20180420 1036 1215 1215 1215 1215 7391
20180420 1037 1210 1210 1210 1210 347
20180420 1040 1210 1210 1210 1210 100
20180420 1042 1220 1220 1220 1220 40
20180420 1044 1215 1220 1215 1220 1718
20180420 1047 1210 1210 1210 1210 3269
20180420 1049 1220 1220 1220 1220 1
20180420 1050 1220 1220 1205 1205 768
20180420 1051 1220 1220 1220 1220 14
20180420 1056 1210 1210 1210 1210 3000
20180420 1100 1220 1220 1220 1220 1
20180420 1101 1220 1220 1220 1220 1
20180420 1102 1220 1225 1220 1225 6717
20180420 1103 1210 1210 1205 1205 1000
20180420 1104 1225 1225 1225 1225 1
20180420 1105 1220 1220 1220 1220 2
20180420 1107 1210 1210 1210 1210 100
20180420 1109 1210 1210 1210 1210 556
20180420 1111 1215 1215 1210 1210 2765
20180420 1112 1210 1210 1210 1210 1018
20180420 1113 1220 1220 1220 1220 1
20180420 1118 1215 1215 1205 1205 1000
20180420 1119 1205 1205 1205 1205 5000
20180420 1120 1205 1205 1205 1205 1740
20180420 1123 1215 1215 1215 1215 1257
20180420 1125 1220 1220 1220 1220 13004
20180420 1126 1220 1220 1220 1220 2417
20180420 1127 1220 1225 1220 1220 1110
20180420 1130 1225 1225 1225 1225 1
20180420 1131 1225 1225 1225 1225 21
20180420 1132 1220 1220 1220 1220 20
20180420 1136 1210 1210 1210 1210 2
20180420 1138 1210 1210 1210 1210 60
20180420 1139 1210 1210 1210 1210 184
20180420 1140 1215 1215 1215 1215 800
20180420 1143 1210 1210 1210 1210 3000
20180420 1145 1215 1215 1215 1215 7927
20180420 1154 1215 1215 1215 1215 198
20180420 1158 1215 1215 1215 1215 100
20180420 1159 1215 1215 1215 1215 40
20180420 1202 1215 1215 1215 1215 3408
20180420 1212 1215 1215 1215 1215 2000
20180420 1214 1210 1210 1210 1210 819
20180420 1215 1215 1215 1215 1215 594
20180420 1216 1215 1215 1215 1215 716
20180420 1220 1210 1210 1210 1210 1500
20180420 1224 1215 1220 1215 1220 6833
20180420 1227 1215 1215 1215 1215 1000
20180420 1228 1210 1210 1210 1210 1
20180420 1230 1220 1220 1220 1220 100
20180420 1233 1220 1220 1220 1220 2
20180420 1237 1215 1220 1215 1220 860
20180420 1238 1215 1215 1215 1215 1
20180420 1242 1215 1215 1215 1215 2700
20180420 1246 1215 1215 1215 1215 1002
20180420 1247 1215 1215 1215 1215 2
20180420 1248 1215 1215 1215 1215 2403
20180420 1300 1210 1210 1210 1210 1807
20180420 1301 1215 1215 1215 1215 9
20180420 1309 1215 1215 1215 1215 13
20180420 1311 1215 1215 1215 1215 30
20180420 1312 1215 1215 1215 1215 50
20180420 1313 1215 1215 1215 1215 180
20180420 1314 1215 1215 1215 1215 185
20180420 1322 1215 1215 1215 1215 100
20180420 1323 1210 1210 1210 1210 999
20180420 1331 1215 1215 1215 1215 245
20180420 1333 1210 1210 1210 1210 400
20180420 1339 1215 1215 1215 1215 209
20180420 1341 1215 1215 1215 1215 300
20180420 1345 1210 1210 1205 1210 7736
20180420 1346 1215 1215 1215 1215 1593
20180420 1348 1215 1215 1215 1215 412
20180420 1350 1210 1210 1210 1210 1
20180420 1351 1215 1215 1215 1215 3
20180420 1352 1215 1215 1215 1215 716
20180420 1353 1210 1210 1210 1210 1416
20180420 1355 1210 1210 1210 1210 881
20180420 1356 1205 1205 1205 1205 4000
20180420 1358 1210 1210 1210 1210 67
20180420 1405 1205 1205 1205 1205 10
20180420 1406 1210 1210 1210 1210 2
20180420 1409 1210 1210 1210 1210 2379
20180420 1417 1210 1210 1210 1210 3671
20180420 1420 1215 1215 1205 1215 573
20180420 1424 1215 1215 1215 1215 193
20180420 1430 1215 1215 1215 1215 1002
20180420 1431 1215 1215 1215 1215 1
20180420 1432 1210 1210 1205 1205 6552
20180420 1439 1215 1215 1215 1215 1
20180420 1441 1215 1215 1215 1215 100
20180420 1442 1215 1215 1215 1215 4
20180420 1443 1215 1215 1215 1215 1
20180420 1444 1215 1215 1215 1215 50
20180420 1445 1215 1215 1215 1215 3439
20180420 1446 1215 1215 1215 1215 271
20180420 1447 1215 1215 1215 1215 457
20180420 1448 1215 1215 1215 1215 319
20180420 1449 1215 1215 1215 1215 60
20180420 1451 1215 1215 1215 1215 449
20180420 1452 1215 1215 1215 1215 458
20180420 1453 1215 1215 1215 1215 446
20180420 1454 1215 1215 1215 1215 100
20180420 1455 1215 1215 1215 1215 1904
20180420 1456 1215 1215 1215 1215 4709
20180420 1458 1220 1220 1220 1220 70
20180420 1459 1220 1220 1220 1220 30
20180420 1502 1220 1220 1220 1220 66
20180420 1503 1220 1225 1215 1225 7109
20180420 1504 1220 1225 1220 1220 2886
20180420 1505 1220 1230 1220 1230 7000
20180420 1506 1220 1220 1220 1220 1700
20180420 1507 1220 1225 1220 1220 525
20180420 1508 1220 1220 1220 1220 2396
20180420 1509 1220 1220 1220 1220 500
20180420 1510 1220 1220 1220 1220 1000
20180420 1514 1220 1220 1220 1220 3278
20180420 1517 1220 1220 1220 1220 2
20180420 1518 1220 1220 1220 1220 50
20180420 1519 1220 1220 1220 1220 389
20180420 1520 1220 1220 1220 1220 12
20180420 1530 1220 1220 1220 1220 4023
20180423 901 1225 1225 1225 1225 1487
20180423 903 1220 1220 1220 1220 923
20180423 904 1215 1240 1215 1240 6652
20180423 906 1230 1230 1220 1230 2395
20180423 907 1230 1230 1230 1230 698
20180423 909 1225 1225 1225 1225 10
20180423 910 1225 1225 1220 1220 9314
20180423 911 1220 1220 1220 1220 470
20180423 912 1225 1225 1225 1225 430
20180423 913 1225 1225 1225 1225 299
20180423 914 1225 1225 1225 1225 1632
20180423 916 1220 1220 1220 1220 300
20180423 918 1220 1220 1220 1220 1892
20180423 921 1215 1215 1215 1215 400
20180423 922 1215 1215 1215 1215 1700
20180423 924 1215 1215 1215 1215 300
20180423 925 1215 1215 1210 1210 6920
20180423 926 1210 1210 1210 1210 184
20180423 931 1215 1215 1215 1215 90
20180423 933 1215 1215 1215 1215 100
20180423 936 1215 1215 1210 1210 2152
20180423 943 1215 1215 1215 1215 31
20180423 947 1215 1215 1215 1215 499
20180423 948 1210 1210 1210 1210 100
20180423 949 1210 1210 1210 1210 565
20180423 950 1215 1220 1215 1220 2140
20180423 953 1220 1220 1220 1220 1387
20180423 957 1220 1220 1220 1220 1028
20180423 958 1215 1220 1215 1215 1456
20180423 959 1215 1215 1215 1215 1764
20180423 1001 1215 1215 1215 1215 50
20180423 1005 1215 1215 1215 1215 12
20180423 1007 1215 1215 1215 1215 31
20180423 1008 1215 1215 1215 1215 100
20180423 1010 1215 1215 1215 1215 343
20180423 1016 1215 1215 1215 1215 873
20180423 1017 1210 1215 1210 1215 110
20180423 1020 1215 1215 1215 1215 736
20180423 1023 1215 1215 1215 1215 4
20180423 1027 1220 1220 1220 1220 100
20180423 1032 1215 1215 1215 1215 1380
20180423 1033 1210 1210 1210 1210 4870
20180423 1034 1205 1205 1205 1205 1195
20180423 1040 1215 1215 1215 1215 1
20180423 1044 1210 1210 1210 1210 581
20180423 1045 1210 1210 1210 1210 3527
20180423 1053 1210 1210 1210 1210 20
20180423 1056 1210 1210 1210 1210 500
20180423 1058 1210 1210 1210 1210 20
20180423 1059 1205 1205 1205 1205 877
20180423 1101 1210 1210 1210 1210 9
20180423 1107 1210 1210 1210 1210 404
20180423 1115 1205 1205 1205 1205 1
20180423 1116 1205 1205 1205 1205 1387
20180423 1117 1205 1205 1205 1205 900
20180423 1118 1205 1205 1205 1205 1
20180423 1122 1210 1210 1210 1210 300
20180423 1123 1210 1210 1210 1210 320
20180423 1125 1205 1205 1200 1200 20081
20180423 1126 1210 1230 1205 1205 15574
20180423 1127 1215 1220 1215 1220 2698
20180423 1128 1215 1215 1215 1215 5
20180423 1135 1215 1215 1215 1215 55
20180423 1137 1215 1215 1215 1215 555
20180423 1140 1220 1220 1220 1220 479
20180423 1141 1215 1215 1215 1215 500
20180423 1149 1215 1215 1215 1215 300
20180423 1150 1215 1215 1215 1215 200
20180423 1200 1220 1220 1220 1220 1
20180423 1203 1220 1220 1220 1220 1
20180423 1206 1220 1220 1220 1220 819
20180423 1213 1220 1220 1220 1220 462
20180423 1216 1220 1220 1220 1220 1000
20180423 1224 1220 1220 1220 1220 900
20180423 1225 1220 1220 1220 1220 458
20180423 1228 1225 1225 1225 1225 91
20180423 1229 1220 1220 1220 1220 211
20180423 1231 1215 1220 1210 1220 1039
20180423 1232 1220 1220 1220 1220 1500
20180423 1233 1220 1220 1220 1220 1400
20180423 1242 1220 1220 1220 1220 800
20180423 1243 1220 1220 1220 1220 123
20180423 1245 1220 1220 1220 1220 700
20180423 1251 1220 1220 1220 1220 5
20180423 1253 1220 1220 1220 1220 883
20180423 1256 1225 1225 1225 1225 10
20180423 1258 1220 1220 1220 1220 200
20180423 1313 1220 1220 1220 1220 114
20180423 1325 1215 1215 1215 1215 2991
20180423 1326 1215 1215 1215 1215 1169
20180423 1330 1220 1220 1220 1220 1
20180423 1332 1220 1220 1215 1215 84
20180423 1337 1215 1215 1215 1215 237
20180423 1339 1215 1215 1210 1210 11000
20180423 1344 1205 1205 1205 1205 368
20180423 1347 1215 1215 1215 1215 1000
20180423 1353 1215 1215 1215 1215 46
20180423 1357 1215 1215 1215 1215 1000
20180423 1413 1215 1215 1215 1215 300
20180423 1417 1215 1215 1215 1215 368
20180423 1418 1220 1220 1220 1220 22
20180423 1423 1220 1220 1220 1220 100
20180423 1424 1215 1215 1215 1215 250
20180423 1426 1220 1220 1215 1215 2691
20180423 1430 1215 1215 1215 1215 1000
20180423 1433 1215 1215 1215 1215 200
20180423 1434 1215 1215 1215 1215 501
20180423 1435 1215 1215 1215 1215 200
20180423 1440 1210 1210 1210 1210 1909
20180423 1441 1215 1215 1215 1215 1
20180423 1442 1210 1210 1210 1210 1
20180423 1443 1210 1215 1210 1215 2001
20180423 1450 1210 1210 1210 1210 3990
20180423 1451 1210 1210 1210 1210 1010
20180423 1453 1215 1215 1210 1210 710
20180423 1454 1215 1215 1215 1215 10
20180423 1455 1210 1215 1210 1215 200
20180423 1504 1215 1215 1210 1215 5039
20180423 1506 1215 1215 1215 1215 524
20180423 1507 1215 1215 1215 1215 120
20180423 1508 1215 1215 1215 1215 180
20180423 1511 1215 1215 1210 1210 60
20180423 1512 1215 1215 1215 1215 3865
20180423 1513 1220 1220 1220 1220 2
20180423 1515 1215 1220 1210 1220 12501
20180423 1516 1215 1220 1215 1220 900
20180423 1530 1205 1205 1205 1205 7600
20180424 901 1220 1220 1220 1220 114
20180424 902 1215 1215 1215 1215 5
20180424 903 1215 1215 1215 1215 100
20180424 904 1215 1215 1215 1215 2369
20180424 911 1215 1215 1215 1215 50
20180424 913 1210 1210 1210 1210 91
20180424 915 1210 1210 1210 1210 413
20180424 920 1210 1210 1210 1210 296
20180424 922 1215 1215 1210 1210 603
20180424 924 1215 1215 1215 1215 20
20180424 926 1215 1215 1215 1215 511
20180424 927 1215 1215 1215 1215 179
20180424 929 1215 1215 1215 1215 160
20180424 930 1215 1215 1215 1215 4
20180424 933 1215 1215 1215 1215 96
20180424 936 1220 1220 1220 1220 7418
20180424 938 1220 1220 1220 1220 436
20180424 939 1215 1215 1215 1215 20
20180424 940 1220 1220 1220 1220 2
20180424 943 1220 1220 1220 1220 819
20180424 950 1220 1220 1220 1220 100
20180424 952 1215 1215 1215 1215 500
20180424 959 1215 1215 1215 1215 10
20180424 1000 1220 1220 1220 1220 1
20180424 1002 1220 1220 1220 1220 364
20180424 1003 1220 1220 1220 1220 2000
20180424 1006 1220 1220 1220 1220 1186
20180424 1007 1220 1220 1220 1220 1000
20180424 1009 1220 1220 1220 1220 305
20180424 1014 1220 1220 1220 1220 695
20180424 1015 1225 1225 1225 1225 2001
20180424 1016 1225 1225 1225 1225 4
20180424 1018 1225 1225 1225 1225 1006
20180424 1019 1230 1230 1230 1230 6375
20180424 1022 1230 1230 1230 1230 1620
20180424 1024 1225 1225 1225 1225 1113
20180424 1026 1225 1230 1225 1230 3500
20180424 1030 1230 1230 1230 1230 108
20180424 1031 1225 1225 1210 1210 10401
20180424 1033 1210 1210 1210 1210 8890
20180424 1037 1210 1210 1205 1205 8000
20180424 1038 1210 1215 1210 1215 328
20180424 1039 1215 1215 1215 1215 358
20180424 1040 1220 1220 1220 1220 100
20180424 1041 1220 1220 1220 1220 300
20180424 1043 1210 1210 1210 1210 101
20180424 1044 1210 1210 1210 1210 3109
20180424 1053 1220 1220 1220 1220 900
20180424 1055 1210 1210 1205 1205 14250
20180424 1056 1205 1205 1205 1205 2509
20180424 1101 1215 1215 1205 1205 6376
20180424 1105 1215 1215 1215 1215 1
20180424 1112 1215 1215 1215 1215 24
20180424 1122 1215 1215 1215 1215 11
20180424 1132 1210 1210 1205 1205 5394
20180424 1137 1210 1210 1210 1210 86
20180424 1141 1210 1210 1200 1200 13211
20180424 1143 1200 1200 1200 1200 1314
20180424 1145 1210 1215 1200 1215 1539
20180424 1147 1215 1215 1215 1215 1
20180424 1148 1205 1205 1200 1200 6385
20180424 1151 1205 1205 1205 1205 801
20180424 1152 1205 1205 1205 1205 600
20180424 1201 1205 1205 1205 1205 599
20180424 1207 1205 1205 1205 1205 1000
20180424 1208 1205 1205 1205 1205 920
20180424 1209 1205 1205 1205 1205 549
20180424 1219 1205 1205 1205 1205 59
20180424 1221 1205 1205 1205 1205 15550
20180424 1228 1205 1205 1205 1205 440
20180424 1231 1205 1205 1205 1205 2800
20180424 1237 1210 1210 1210 1210 40
20180424 1245 1210 1210 1210 1210 100
20180424 1253 1210 1210 1210 1210 1600
20180424 1254 1210 1210 1210 1210 410
20180424 1309 1210 1210 1210 1210 10
20180424 1310 1205 1205 1205 1205 2000
20180424 1313 1205 1205 1205 1205 728
20180424 1319 1210 1210 1210 1210 387
20180424 1320 1210 1210 1210 1210 2154
20180424 1323 1210 1210 1210 1210 100
20180424 1327 1210 1210 1210 1210 1
20180424 1328 1205 1205 1205 1205 1195
20180424 1330 1210 1210 1210 1210 52
20180424 1331 1210 1210 1210 1210 40
20180424 1334 1210 1210 1210 1210 10
20180424 1335 1210 1210 1210 1210 87
20180424 1338 1210 1210 1210 1210 1500
20180424 1352 1210 1210 1210 1210 4
20180424 1353 1210 1210 1210 1210 1062
20180424 1358 1205 1205 1205 1205 3660
20180424 1359 1205 1205 1205 1205 2360
20180424 1401 1205 1205 1205 1205 30
20180424 1402 1205 1205 1205 1205 919
20180424 1403 1200 1205 1200 1200 499
20180424 1404 1200 1200 1200 1200 306
20180424 1406 1205 1205 1205 1205 48
20180424 1414 1205 1205 1205 1205 300
20180424 1415 1205 1205 1205 1205 57
20180424 1416 1210 1210 1210 1210 162
20180424 1427 1205 1205 1205 1205 1
20180424 1429 1205 1205 1205 1205 833
20180424 1430 1205 1210 1205 1210 1401
20180424 1431 1210 1210 1210 1210 1
20180424 1433 1205 1205 1205 1205 40
20180424 1441 1205 1205 1205 1205 369
20180424 1444 1205 1205 1205 1205 102
20180424 1445 1205 1205 1205 1205 3500
20180424 1446 1210 1210 1210 1210 300
20180424 1454 1210 1210 1205 1205 3462
20180424 1455 1210 1210 1210 1210 1000
20180424 1456 1205 1210 1205 1210 201
20180424 1458 1210 1210 1210 1210 3631
20180424 1508 1210 1210 1205 1205 11
20180424 1509 1210 1210 1210 1210 1
20180424 1511 1210 1210 1210 1210 1
20180424 1516 1210 1210 1210 1210 2000
20180424 1519 1210 1210 1205 1210 4128
20180424 1520 1210 1215 1210 1215 136
20180424 1530 1215 1215 1215 1215 3029
20180425 901 1215 1215 1215 1215 8159
20180425 904 1210 1210 1210 1210 1572
20180425 905 1210 1210 1210 1210 140
20180425 912 1210 1210 1200 1200 1450
20180425 913 1215 1215 1215 1215 510
20180425 915 1210 1210 1210 1210 140
20180425 916 1210 1210 1210 1210 539
20180425 917 1215 1215 1210 1210 2470
20180425 927 1210 1210 1210 1210 4
20180425 929 1210 1210 1210 1210 21
20180425 930 1210 1210 1210 1210 35
20180425 931 1210 1210 1210 1210 4265
20180425 932 1210 1210 1210 1210 19
20180425 933 1210 1210 1210 1210 2161
20180425 934 1215 1215 1215 1215 19
20180425 935 1215 1215 1210 1210 3634
20180425 936 1210 1210 1210 1210 6
20180425 939 1210 1210 1210 1210 612
20180425 943 1210 1210 1210 1210 201
20180425 944 1210 1210 1205 1205 6016
20180425 945 1205 1210 1205 1210 2501
20180425 946 1210 1210 1210 1210 826
20180425 947 1210 1210 1210 1210 5
20180425 948 1210 1210 1210 1210 556
20180425 950 1210 1210 1210 1210 2756
20180425 953 1210 1210 1210 1210 1484
20180425 959 1215 1215 1215 1215 1
20180425 1000 1215 1215 1215 1215 435
20180425 1001 1210 1210 1210 1210 1500
20180425 1003 1215 1215 1215 1215 1
20180425 1005 1215 1215 1215 1215 100
20180425 1010 1210 1210 1210 1210 163
20180425 1011 1215 1215 1215 1215 3
20180425 1012 1215 1215 1215 1215 313
20180425 1013 1215 1215 1215 1215 907
20180425 1014 1215 1215 1210 1215 602
20180425 1015 1215 1215 1215 1215 2592
20180425 1016 1215 1215 1215 1215 4
20180425 1017 1215 1215 1215 1215 476
20180425 1018 1215 1215 1215 1215 320
20180425 1019 1215 1215 1215 1215 194
20180425 1020 1215 1215 1215 1215 510
20180425 1021 1215 1215 1215 1215 1472
20180425 1023 1210 1215 1210 1215 11058
20180425 1024 1220 1220 1215 1215 301
20180425 1025 1220 1220 1215 1215 1424
20180425 1026 1215 1215 1215 1215 100
20180425 1029 1220 1220 1220 1220 2501
20180425 1031 1220 1220 1220 1220 8
20180425 1035 1220 1220 1220 1220 6
20180425 1036 1220 1220 1220 1220 4
20180425 1038 1215 1215 1215 1215 200
20180425 1039 1220 1220 1220 1220 1
20180425 1043 1220 1220 1220 1220 54
20180425 1044 1220 1220 1215 1220 187
20180425 1045 1220 1220 1220 1220 55
20180425 1046 1220 1220 1215 1215 520
20180425 1049 1220 1220 1220 1220 56
20180425 1050 1220 1220 1220 1220 56
20180425 1051 1220 1220 1220 1220 5
20180425 1052 1220 1220 1220 1220 46
20180425 1053 1220 1220 1220 1220 27
20180425 1054 1220 1220 1220 1220 53
20180425 1055 1220 1220 1220 1220 52
20180425 1056 1220 1220 1220 1220 24
20180425 1057 1220 1220 1220 1220 52
20180425 1058 1220 1220 1220 1220 21
20180425 1059 1220 1220 1220 1220 48
20180425 1100 1220 1220 1220 1220 19
20180425 1101 1220 1220 1220 1220 52
20180425 1102 1220 1220 1220 1220 25
20180425 1103 1220 1220 1220 1220 30
20180425 1104 1220 1220 1220 1220 31
20180425 1105 1215 1215 1215 1215 2500
20180425 1106 1220 1220 1220 1220 1
20180425 1116 1220 1220 1220 1220 3500
20180425 1119 1220 1230 1220 1230 32200
20180425 1120 1235 1235 1230 1230 1001
20180425 1121 1230 1230 1230 1230 2706
20180425 1122 1230 1230 1230 1230 50
20180425 1123 1230 1230 1230 1230 7584
20180425 1124 1230 1240 1230 1240 3572
20180425 1125 1240 1240 1240 1240 9018
20180425 1126 1240 1240 1240 1240 2030
20180425 1127 1240 1240 1235 1235 158
20180425 1128 1240 1240 1240 1240 11
20180425 1129 1235 1235 1235 1235 1
20180425 1130 1235 1235 1220 1220 12241
20180425 1132 1230 1230 1230 1230 1
20180425 1133 1230 1240 1230 1240 7297
20180425 1134 1235 1235 1235 1235 200
20180425 1135 1240 1245 1240 1245 611
20180425 1136 1240 1240 1240 1240 366
20180425 1137 1235 1235 1235 1235 265
20180425 1138 1230 1230 1230 1230 121
20180425 1142 1225 1225 1215 1220 13012
20180425 1143 1220 1220 1220 1220 379
20180425 1144 1220 1220 1220 1220 1
20180425 1145 1220 1220 1220 1220 3395
20180425 1146 1225 1225 1225 1225 20
20180425 1149 1225 1225 1225 1225 6
20180425 1150 1225 1225 1215 1220 491
20180425 1151 1220 1225 1220 1220 1091
20180425 1152 1220 1225 1220 1225 21
20180425 1153 1220 1220 1220 1220 1
20180425 1155 1215 1215 1200 1210 30025
20180425 1156 1210 1215 1210 1215 201
20180425 1158 1215 1215 1215 1215 18
20180425 1159 1215 1215 1215 1215 19
20180425 1203 1215 1215 1215 1215 3
20180425 1204 1215 1215 1215 1215 6
20180425 1205 1215 1215 1215 1215 8
20180425 1206 1215 1215 1210 1215 910
20180425 1207 1215 1215 1215 1215 98
20180425 1208 1215 1220 1215 1220 4
20180425 1209 1215 1220 1215 1220 7
20180425 1210 1220 1220 1220 1220 5
20180425 1211 1220 1220 1220 1220 5
20180425 1212 1220 1220 1220 1220 5
20180425 1213 1220 1220 1220 1220 4
20180425 1214 1220 1220 1220 1220 5
20180425 1215 1220 1220 1220 1220 4
20180425 1216 1220 1220 1215 1215 166
20180425 1217 1220 1220 1215 1220 114
20180425 1218 1220 1220 1220 1220 5
20180425 1219 1220 1220 1220 1220 5
20180425 1220 1220 1220 1215 1215 665
20180425 1225 1210 1210 1210 1210 180
20180425 1227 1220 1220 1220 1220 9
20180425 1228 1220 1220 1220 1220 12
20180425 1238 1220 1220 1220 1220 5000
20180425 1244 1210 1210 1210 1210 288
20180425 1245 1220 1220 1220 1220 1
20180425 1253 1220 1220 1220 1220 4
20180425 1254 1220 1220 1220 1220 16
20180425 1255 1220 1225 1220 1225 4671
20180425 1256 1225 1225 1225 1225 20
20180425 1257 1225 1225 1225 1225 17
20180425 1258 1225 1225 1225 1225 13
20180425 1259 1220 1225 1220 1225 314
20180425 1300 1225 1225 1220 1220 338
20180425 1301 1225 1225 1225 1225 96
20180425 1302 1225 1225 1225 1225 13
20180425 1303 1225 1225 1225 1225 12
20180425 1304 1225 1225 1225 1225 8
20180425 1305 1225 1225 1225 1225 10
20180425 1306 1225 1225 1225 1225 9
20180425 1307 1225 1225 1225 1225 12
20180425 1308 1225 1225 1220 1220 7
20180425 1309 1225 1225 1220 1225 210
20180425 1310 1225 1225 1225 1225 11
20180425 1311 1225 1225 1225 1225 10
20180425 1312 1225 1225 1225 1225 4
20180425 1313 1225 1225 1225 1225 9
20180425 1314 1225 1225 1225 1225 8
20180425 1315 1225 1225 1225 1225 2556
20180425 1316 1225 1230 1225 1230 408
20180425 1317 1230 1230 1230 1230 5
20180425 1318 1230 1230 1230 1230 16
20180425 1319 1230 1230 1230 1230 10
20180425 1320 1230 1230 1230 1230 6
20180425 1321 1230 1230 1225 1225 158
20180425 1324 1220 1220 1220 1220 500
20180425 1325 1225 1225 1225 1225 300
20180425 1326 1225 1225 1225 1225 150
20180425 1327 1225 1225 1225 1225 1000
20180425 1329 1225 1225 1225 1225 2400
20180425 1331 1225 1225 1225 1225 1
20180425 1332 1230 1230 1230 1230 121
20180425 1333 1230 1230 1230 1230 4
20180425 1334 1230 1230 1230 1230 17
20180425 1335 1230 1230 1220 1230 826
20180425 1336 1230 1230 1230 1230 14
20180425 1337 1230 1230 1230 1230 21
20180425 1338 1230 1230 1230 1230 14
20180425 1339 1220 1220 1220 1220 3111
20180425 1341 1220 1220 1220 1220 10
20180425 1345 1220 1220 1220 1220 110
20180425 1347 1220 1220 1220 1220 4
20180425 1348 1215 1215 1215 1215 1000
20180425 1349 1215 1215 1210 1210 3900
20180425 1351 1215 1215 1210 1210 1000
20180425 1353 1215 1215 1215 1215 1
20180425 1355 1225 1225 1225 1225 31
20180425 1401 1220 1220 1220 1220 73
20180425 1402 1220 1225 1220 1225 3002
20180425 1403 1225 1225 1220 1220 1700
20180425 1404 1225 1225 1225 1225 2000
20180425 1405 1225 1225 1225 1225 761
20180425 1407 1225 1225 1225 1225 2
20180425 1409 1225 1225 1225 1225 1000
20180425 1411 1225 1225 1225 1225 400
20180425 1413 1220 1220 1220 1220 900
20180425 1414 1225 1225 1225 1225 1000
20180425 1415 1225 1225 1225 1225 4000
20180425 1422 1225 1230 1225 1230 4000
20180425 1425 1230 1230 1230 1230 8100
20180425 1427 1230 1230 1230 1230 1869
20180425 1428 1230 1230 1230 1230 3000
20180425 1432 1230 1230 1230 1230 33
20180425 1435 1225 1225 1225 1225 1
20180425 1436 1225 1225 1225 1225 100
20180425 1437 1225 1225 1225 1225 900
20180425 1438 1225 1230 1225 1230 174
20180425 1440 1230 1230 1230 1230 280
20180425 1441 1230 1230 1230 1230 3000
20180425 1442 1230 1230 1230 1230 2
20180425 1443 1225 1225 1225 1225 200
20180425 1445 1230 1230 1230 1230 17
20180425 1446 1230 1230 1230 1230 7703
20180425 1447 1235 1235 1235 1235 16
20180425 1448 1235 1235 1235 1235 12
20180425 1449 1235 1235 1235 1235 19
20180425 1450 1235 1235 1225 1225 2668
20180425 1453 1230 1230 1230 1230 300
20180425 1455 1225 1225 1225 1225 150
20180425 1500 1230 1230 1230 1230 15
20180425 1501 1230 1230 1230 1230 20
20180425 1502 1230 1230 1230 1230 27
20180425 1503 1230 1230 1225 1230 643
20180425 1504 1230 1235 1230 1235 10011
20180425 1505 1235 1235 1235 1235 9
20180425 1506 1230 1230 1230 1230 30
20180425 1507 1230 1230 1230 1230 500
20180425 1511 1230 1230 1230 1230 2900
20180425 1512 1230 1230 1230 1230 430
20180425 1517 1230 1230 1230 1230 535
20180425 1518 1230 1230 1230 1230 300
20180425 1519 1235 1235 1230 1230 35
20180425 1520 1230 1235 1230 1235 493
20180425 1530 1235 1235 1235 1235 5465
20180426 901 1235 1235 1235 1235 809
20180426 904 1225 1225 1220 1220 3000
20180426 906 1225 1225 1210 1210 9911
20180426 910 1225 1225 1225 1225 1
20180426 912 1220 1220 1215 1215 11011
20180426 919 1225 1225 1225 1225 1
20180426 920 1225 1225 1225 1225 2
20180426 921 1215 1215 1215 1215 80
20180426 926 1215 1220 1215 1220 399
20180426 927 1225 1225 1225 1225 2049
20180426 928 1225 1225 1220 1220 3498
20180426 930 1220 1220 1220 1220 300
20180426 931 1220 1220 1220 1220 500
20180426 933 1220 1220 1220 1220 84
20180426 934 1225 1225 1225 1225 5
20180426 938 1220 1220 1220 1220 115
20180426 939 1220 1220 1220 1220 1500
20180426 940 1225 1225 1225 1225 5
20180426 942 1220 1220 1220 1220 1002
20180426 943 1220 1220 1220 1220 800
20180426 944 1220 1220 1215 1215 5085
20180426 945 1215 1215 1215 1215 1837
20180426 949 1220 1220 1220 1220 256
20180426 950 1220 1220 1220 1220 1460
20180426 951 1220 1220 1220 1220 199
20180426 953 1220 1220 1220 1220 21
20180426 954 1220 1220 1215 1220 83
20180426 955 1220 1220 1220 1220 2155
20180426 959 1220 1220 1210 1210 20000
20180426 1000 1220 1220 1220 1220 300
20180426 1004 1210 1210 1210 1210 6000
20180426 1007 1220 1220 1220 1220 18
20180426 1013 1220 1220 1220 1220 473
20180426 1016 1220 1220 1220 1220 20
20180426 1020 1215 1215 1215 1215 1
20180426 1021 1210 1210 1210 1210 4000
20180426 1023 1210 1210 1210 1210 20
20180426 1025 1210 1210 1210 1210 5442
20180426 1027 1210 1210 1210 1210 7
20180426 1028 1210 1210 1210 1210 500
20180426 1030 1215 1215 1215 1215 1
20180426 1032 1215 1215 1215 1215 663
20180426 1034 1210 1210 1210 1210 1000
20180426 1036 1210 1210 1210 1210 1000
20180426 1039 1205 1205 1205 1205 8
20180426 1042 1205 1205 1205 1205 26001
20180426 1045 1215 1215 1215 1215 155
20180426 1047 1210 1210 1205 1205 2
20180426 1048 1205 1205 1205 1205 1
20180426 1050 1205 1205 1205 1205 219
20180426 1051 1205 1205 1205 1205 409
20180426 1100 1215 1215 1215 1215 1
20180426 1117 1215 1215 1215 1215 30
20180426 1119 1210 1210 1210 1210 1
20180426 1122 1210 1210 1210 1210 14000
20180426 1126 1215 1215 1215 1215 11
20180426 1127 1215 1215 1215 1215 11
20180426 1152 1215 1215 1215 1215 889
20180426 1157 1215 1215 1215 1215 1
20180426 1228 1215 1215 1215 1215 100
20180426 1235 1215 1215 1215 1215 2
20180426 1236 1215 1215 1215 1215 2290
20180426 1237 1215 1215 1215 1215 1900
20180426 1246 1215 1215 1215 1215 113
20180426 1248 1215 1215 1215 1215 301
20180426 1251 1215 1215 1215 1215 165
20180426 1256 1215 1215 1215 1215 1000
20180426 1257 1215 1215 1215 1215 30
20180426 1305 1215 1215 1215 1215 100
20180426 1306 1210 1210 1210 1210 773
20180426 1309 1215 1215 1215 1215 100
20180426 1310 1215 1215 1215 1215 338
20180426 1313 1215 1215 1215 1215 162
20180426 1316 1215 1215 1215 1215 500
20180426 1319 1210 1210 1205 1205 9500
20180426 1324 1210 1210 1205 1205 30
20180426 1328 1210 1210 1210 1210 562
20180426 1330 1210 1215 1210 1215 2
20180426 1337 1215 1215 1210 1210 1409
20180426 1338 1210 1210 1210 1210 190
20180426 1339 1215 1215 1215 1215 33
20180426 1342 1215 1215 1215 1215 10
20180426 1343 1215 1215 1215 1215 10
20180426 1347 1215 1215 1215 1215 3
20180426 1359 1215 1215 1215 1215 188
20180426 1406 1210 1210 1205 1205 800
20180426 1407 1205 1210 1205 1210 20
20180426 1409 1210 1210 1205 1205 500
20180426 1412 1210 1210 1210 1210 428
20180426 1414 1210 1210 1205 1205 3000
20180426 1419 1215 1215 1215 1215 11
20180426 1422 1210 1210 1205 1205 1379
20180426 1426 1210 1210 1205 1205 4650
20180426 1428 1210 1210 1210 1210 291
20180426 1429 1210 1210 1210 1210 1683
20180426 1430 1215 1215 1215 1215 1
20180426 1432 1215 1215 1215 1215 8
20180426 1434 1215 1215 1215 1215 284
20180426 1435 1210 1210 1210 1210 10
20180426 1436 1210 1210 1210 1210 25
20180426 1437 1210 1210 1210 1210 7
20180426 1444 1215 1215 1215 1215 1
20180426 1452 1215 1215 1215 1215 20
20180426 1454 1215 1215 1215 1215 100
20180426 1505 1215 1215 1215 1215 3510
20180426 1507 1220 1220 1220 1220 9
20180426 1509 1215 1215 1215 1215 646
20180426 1510 1215 1215 1215 1215 282
20180426 1511 1220 1220 1215 1215 69
20180426 1512 1215 1215 1215 1215 662
20180426 1517 1215 1215 1215 1215 165
20180426 1520 1215 1215 1215 1215 130
20180426 1530 1210 1210 1210 1210 11676
20180427 901 1215 1215 1215 1215 1010
20180427 903 1215 1215 1215 1215 200
20180427 904 1210 1210 1210 1210 500
20180427 906 1215 1215 1215 1215 19
20180427 909 1215 1215 1215 1215 421
20180427 910 1215 1215 1215 1215 360
20180427 913 1220 1220 1220 1220 1
20180427 920 1215 1215 1215 1215 800
20180427 921 1220 1220 1220 1220 11
20180427 922 1220 1220 1220 1220 2202
20180427 923 1220 1220 1220 1220 5
20180427 925 1220 1220 1220 1220 45
20180427 926 1220 1220 1220 1220 20
20180427 929 1215 1215 1215 1215 892
20180427 932 1215 1215 1215 1215 1150
20180427 933 1220 1220 1220 1220 2000
20180427 934 1220 1220 1215 1215 319
20180427 935 1220 1220 1220 1220 119
20180427 940 1215 1215 1215 1215 1000
20180427 941 1220 1220 1220 1220 6107
20180427 942 1220 1220 1220 1220 101
20180427 943 1220 1225 1220 1225 1002
20180427 944 1225 1225 1225 1225 500
20180427 945 1225 1225 1225 1225 209
20180427 953 1225 1225 1225 1225 19
20180427 954 1225 1225 1225 1225 6
20180427 955 1225 1225 1225 1225 987
20180427 1000 1225 1225 1225 1225 1
20180427 1002 1225 1225 1225 1225 4074
20180427 1003 1225 1225 1225 1225 200
20180427 1004 1225 1225 1225 1225 1
20180427 1005 1225 1225 1225 1225 18
20180427 1006 1220 1220 1220 1220 1000
20180427 1008 1220 1220 1220 1220 1700
20180427 1012 1225 1225 1225 1225 10
20180427 1013 1220 1220 1215 1215 5000
20180427 1014 1225 1225 1225 1225 8
20180427 1016 1225 1225 1225 1225 680
20180427 1018 1225 1225 1225 1225 600
20180427 1024 1225 1225 1225 1225 1393
20180427 1025 1225 1230 1225 1225 6652
20180427 1027 1225 1225 1225 1225 18
20180427 1030 1225 1225 1225 1225 2708
20180427 1031 1225 1225 1225 1225 2200
20180427 1032 1225 1230 1225 1230 9295
20180427 1033 1230 1230 1230 1230 924
20180427 1036 1230 1230 1230 1230 1200
20180427 1040 1230 1230 1230 1230 119
20180427 1042 1230 1230 1230 1230 100
20180427 1043 1225 1230 1225 1230 355
20180427 1044 1230 1230 1230 1230 4000
20180427 1045 1230 1235 1230 1235 13062
20180427 1046 1235 1240 1235 1235 2429
20180427 1047 1235 1235 1235 1235 1202
20180427 1048 1240 1240 1235 1240 5238
20180427 1049 1240 1240 1240 1240 513
20180427 1050 1240 1245 1240 1240 14104
20180427 1051 1250 1250 1240 1245 538
20180427 1052 1240 1240 1230 1230 8468
20180427 1053 1240 1240 1240 1240 129
20180427 1054 1240 1240 1240 1240 8
20180427 1055 1235 1240 1230 1240 2011
20180427 1056 1240 1240 1240 1240 18
20180427 1057 1240 1240 1240 1240 20
20180427 1058 1235 1235 1235 1235 331
20180427 1103 1235 1235 1235 1235 1010
20180427 1105 1235 1235 1230 1230 276
20180427 1106 1230 1235 1230 1235 337
20180427 1107 1230 1230 1230 1230 1577
20180427 1109 1230 1230 1230 1230 900
20180427 1111 1235 1235 1235 1235 24
20180427 1115 1230 1230 1230 1230 1
20180427 1116 1230 1230 1230 1230 80
20180427 1118 1230 1230 1230 1230 3000
20180427 1119 1230 1230 1230 1230 1104
20180427 1120 1225 1225 1225 1225 1800
20180427 1121 1225 1225 1225 1225 747
20180427 1122 1230 1230 1230 1230 38
20180427 1123 1230 1230 1225 1225 1213
20180427 1126 1225 1225 1225 1225 600
20180427 1133 1230 1230 1230 1230 8
20180427 1134 1230 1230 1230 1230 8
20180427 1136 1230 1230 1230 1230 1000
20180427 1137 1230 1230 1230 1230 1000
20180427 1143 1230 1230 1230 1230 100
20180427 1146 1230 1230 1230 1230 1
20180427 1148 1230 1230 1230 1230 1000
20180427 1150 1230 1230 1230 1230 2
20180427 1153 1225 1225 1225 1225 40
20180427 1202 1230 1230 1230 1230 99
20180427 1209 1230 1230 1230 1230 1000
20180427 1211 1230 1230 1230 1230 150
20180427 1213 1230 1230 1230 1230 21
20180427 1214 1230 1230 1230 1230 256
20180427 1221 1230 1230 1230 1230 4
20180427 1223 1230 1230 1225 1225 3
20180427 1234 1225 1225 1225 1225 4
20180427 1238 1230 1230 1230 1230 200
20180427 1241 1230 1230 1230 1230 2521
20180427 1242 1225 1225 1225 1225 3685
20180427 1246 1225 1225 1225 1225 1
20180427 1247 1230 1230 1230 1230 48
20180427 1248 1230 1230 1230 1230 100
20180427 1249 1225 1225 1225 1225 1
20180427 1250 1225 1225 1225 1225 6
20180427 1252 1230 1250 1230 1250 37021
20180427 1253 1240 1240 1240 1240 14
20180427 1254 1240 1240 1235 1240 63
20180427 1255 1235 1235 1230 1230 9494
20180427 1256 1230 1230 1225 1225 902
20180427 1258 1230 1230 1230 1230 8571
20180427 1259 1230 1230 1220 1220 7733
20180427 1300 1240 1240 1230 1230 34
20180427 1301 1235 1235 1235 1235 27
20180427 1303 1240 1240 1240 1240 1
20180427 1305 1240 1240 1230 1230 2
20180427 1306 1235 1235 1235 1235 29
20180427 1307 1235 1240 1235 1240 911
20180427 1310 1235 1235 1235 1235 97
20180427 1312 1230 1230 1230 1230 4509
20180427 1315 1235 1235 1235 1235 16
20180427 1317 1230 1230 1230 1230 1
20180427 1320 1235 1235 1235 1235 8
20180427 1322 1230 1230 1230 1230 15
20180427 1323 1230 1235 1230 1235 529
20180427 1324 1235 1235 1235 1235 8
20180427 1331 1235 1235 1230 1230 2587
20180427 1332 1225 1235 1225 1235 4745
20180427 1337 1230 1235 1230 1235 5010
20180427 1338 1235 1235 1235 1235 983
20180427 1346 1235 1235 1235 1235 7300
20180427 1347 1230 1230 1225 1230 11957
20180427 1349 1230 1230 1230 1230 44
20180427 1350 1230 1230 1230 1230 1
20180427 1351 1225 1225 1220 1220 15000
20180427 1352 1225 1225 1225 1225 19
20180427 1354 1220 1220 1210 1215 30014
20180427 1357 1215 1215 1195 1195 23089
20180427 1358 1210 1210 1210 1210 200
20180427 1359 1210 1220 1210 1215 857
20180427 1400 1215 1220 1215 1220 63
20180427 1401 1220 1220 1220 1220 8
20180427 1402 1215 1215 1200 1200 10577
20180427 1403 1215 1215 1215 1215 8
20180427 1407 1215 1215 1210 1210 62
20180427 1409 1210 1210 1195 1195 7300
20180427 1410 1210 1210 1195 1195 10001
20180427 1411 1210 1210 1210 1210 2
20180427 1412 1210 1215 1210 1215 2410
20180427 1413 1210 1210 1195 1195 7583
20180427 1414 1210 1210 1210 1210 2
20180427 1416 1205 1205 1195 1195 1513
20180427 1418 1200 1200 1200 1200 1060
20180427 1420 1205 1205 1195 1205 601
20180427 1421 1205 1205 1195 1195 1000
20180427 1422 1200 1200 1195 1195 975
20180427 1423 1205 1205 1205 1205 204
20180427 1424 1205 1205 1200 1205 3361
20180427 1425 1205 1205 1200 1200 994
20180427 1426 1200 1205 1195 1205 2849
20180427 1427 1205 1205 1205 1205 51
20180427 1429 1200 1200 1195 1195 20
20180427 1430 1205 1205 1205 1205 1
20180427 1433 1205 1205 1205 1205 200
20180427 1434 1205 1205 1205 1205 30
20180427 1438 1200 1200 1200 1200 189
20180427 1439 1205 1205 1205 1205 1
20180427 1440 1200 1200 1200 1200 1
20180427 1442 1200 1200 1200 1200 6045
20180427 1443 1200 1200 1200 1200 97
20180427 1445 1205 1205 1205 1205 1
20180427 1447 1205 1205 1205 1205 245
20180427 1451 1200 1200 1200 1200 14
20180427 1452 1205 1205 1205 1205 150
20180427 1453 1205 1205 1205 1205 200
20180427 1454 1205 1205 1205 1205 101
20180427 1455 1205 1205 1205 1205 1
20180427 1500 1205 1210 1205 1210 641
20180427 1501 1205 1205 1205 1205 582
20180427 1503 1210 1210 1210 1210 10
20180427 1505 1210 1210 1210 1210 6
20180427 1507 1210 1210 1210 1210 3
20180427 1508 1205 1205 1200 1200 2521
20180427 1509 1210 1210 1210 1210 1
20180427 1510 1210 1210 1210 1210 247
20180427 1511 1210 1210 1210 1210 200
20180427 1512 1205 1210 1200 1210 378
20180427 1520 1205 1205 1205 1205 14
20180427 1530 1200 1200 1200 1200 15980
20180430 901 1200 1200 1200 1200 4584
20180430 903 1215 1215 1215 1215 1
20180430 911 1215 1215 1215 1215 2701
20180430 914 1210 1210 1210 1210 19
20180430 915 1210 1210 1205 1205 1100
20180430 917 1210 1210 1210 1210 400
20180430 918 1210 1210 1210 1210 10
20180430 919 1210 1210 1210 1210 1018
20180430 920 1205 1205 1205 1205 698
20180430 921 1205 1205 1205 1205 39
20180430 922 1205 1205 1205 1205 3000
20180430 923 1210 1210 1210 1210 1
20180430 928 1205 1205 1205 1205 542
20180430 930 1200 1200 1200 1200 1458
20180430 932 1200 1200 1200 1200 300
20180430 935 1205 1205 1200 1205 710
20180430 936 1205 1205 1205 1205 30
20180430 940 1200 1200 1200 1200 1909
20180430 942 1200 1200 1200 1200 500
20180430 944 1200 1200 1200 1200 1968
20180430 949 1200 1200 1200 1200 3000
20180430 950 1205 1205 1205 1205 1
20180430 951 1205 1205 1205 1205 50
20180430 953 1205 1205 1200 1200 2
20180430 954 1205 1205 1200 1200 2845
20180430 955 1200 1200 1200 1200 160
20180430 958 1200 1200 1200 1200 100
20180430 1001 1205 1205 1205 1205 2
20180430 1002 1205 1205 1205 1205 100
20180430 1005 1200 1200 1200 1200 91
20180430 1006 1200 1200 1200 1200 6264
20180430 1007 1200 1200 1200 1200 370
20180430 1011 1205 1205 1205 1205 100
20180430 1019 1200 1205 1200 1205 200
20180430 1023 1205 1205 1205 1205 90
20180430 1024 1200 1200 1200 1200 3766
20180430 1026 1200 1200 1200 1200 4834
20180430 1027 1200 1200 1200 1200 1000
20180430 1029 1200 1200 1200 1200 100
20180430 1032 1205 1205 1205 1205 10
20180430 1034 1205 1205 1200 1200 1380
20180430 1035 1205 1205 1205 1205 1
20180430 1036 1205 1205 1205 1205 100
20180430 1038 1200 1200 1200 1200 100
20180430 1039 1200 1200 1185 1185 75825
20180430 1041 1195 1200 1195 1200 270
20180430 1042 1195 1195 1195 1195 10
20180430 1043 1190 1190 1190 1190 540
20180430 1044 1195 1195 1195 1195 1139
20180430 1046 1200 1200 1200 1200 8
20180430 1049 1200 1200 1200 1200 41
20180430 1051 1200 1200 1200 1200 20
20180430 1053 1195 1195 1195 1195 2100
20180430 1055 1195 1195 1195 1195 1170
20180430 1056 1195 1195 1195 1195 1000
20180430 1057 1195 1195 1195 1195 2000
20180430 1058 1200 1200 1200 1200 200
20180430 1059 1200 1200 1200 1200 388
20180430 1100 1200 1200 1200 1200 111
20180430 1101 1200 1200 1200 1200 299
20180430 1102 1200 1200 1200 1200 1558
20180430 1103 1200 1200 1200 1200 2172
20180430 1105 1200 1200 1200 1200 1000
20180430 1110 1200 1200 1200 1200 100
20180430 1114 1200 1200 1200 1200 150
20180430 1118 1195 1195 1195 1195 355
20180430 1122 1195 1195 1195 1195 50
20180430 1124 1205 1205 1205 1205 10
20180430 1127 1200 1200 1200 1200 200
20180430 1132 1205 1205 1205 1205 10
20180430 1143 1200 1200 1200 1200 100
20180430 1144 1200 1200 1200 1200 2223
20180430 1145 1200 1200 1200 1200 1955
20180430 1152 1205 1205 1205 1205 10
20180430 1154 1205 1205 1205 1205 100
20180430 1210 1200 1200 1200 1200 1
20180430 1211 1205 1205 1205 1205 10
20180430 1215 1205 1205 1205 1205 150
20180430 1220 1200 1200 1200 1200 2700
20180430 1221 1200 1200 1200 1200 1742
20180430 1222 1205 1205 1205 1205 3
20180430 1226 1205 1205 1205 1205 4
20180430 1229 1200 1200 1200 1200 1500
20180430 1234 1205 1205 1205 1205 1
20180430 1243 1200 1200 1195 1195 481
20180430 1244 1195 1195 1195 1195 35
20180430 1246 1205 1205 1205 1205 10
20180430 1256 1200 1200 1195 1195 118
20180430 1259 1200 1200 1200 1200 5
20180430 1301 1195 1195 1195 1195 743
20180430 1304 1195 1195 1195 1195 1000
20180430 1307 1195 1195 1195 1195 5000
20180430 1308 1195 1195 1195 1195 100
20180430 1309 1200 1200 1200 1200 1000
20180430 1321 1195 1195 1190 1190 2400
20180430 1322 1195 1195 1195 1195 900
20180430 1324 1195 1195 1195 1195 1000
20180430 1326 1195 1195 1195 1195 100
20180430 1327 1195 1195 1195 1195 100
20180430 1329 1195 1195 1190 1190 6526
20180430 1330 1200 1200 1200 1200 1
20180430 1332 1195 1195 1195 1195 100
20180430 1335 1195 1195 1195 1195 1
20180430 1336 1200 1200 1200 1200 200
20180430 1338 1200 1200 1200 1200 700
20180430 1343 1200 1200 1200 1200 200
20180430 1351 1200 1200 1200 1200 9
20180430 1356 1200 1200 1200 1200 86
20180430 1357 1200 1200 1200 1200 10
20180430 1358 1195 1195 1195 1195 700
20180430 1401 1200 1200 1200 1200 90
20180430 1415 1195 1195 1195 1195 7000
20180430 1416 1195 1200 1195 1200 16022
20180430 1419 1200 1200 1200 1200 1
20180430 1420 1200 1200 1200 1200 4000
20180430 1426 1200 1200 1200 1200 2000
20180430 1438 1195 1195 1195 1195 100
20180430 1441 1195 1195 1195 1195 4000
20180430 1442 1200 1200 1200 1200 10
20180430 1443 1200 1200 1200 1200 1836
20180430 1444 1200 1200 1200 1200 65
20180430 1445 1205 1205 1205 1205 8
20180430 1446 1205 1205 1205 1205 10
20180430 1457 1205 1205 1205 1205 1
20180430 1501 1205 1205 1205 1205 200
20180430 1502 1205 1205 1205 1205 503
20180430 1503 1205 1205 1205 1205 10
20180430 1504 1205 1205 1205 1205 54
20180430 1506 1205 1205 1205 1205 268
20180430 1511 1205 1205 1205 1205 82
20180430 1512 1205 1205 1205 1205 631
20180430 1514 1205 1205 1205 1205 164
20180430 1515 1205 1205 1205 1205 11547
20180430 1518 1205 1205 1205 1205 449
20180430 1530 1205 1205 1205 1205 3002
