날짜 시간 시가 고가 저가 종가 거래량
20171201 916 8440 8500 8440 8500 85
20171201 917 8500 8550 8500 8550 83
20171201 918 8470 8550 8470 8550 167
20171201 919 8550 8550 8550 8550 83
20171201 920 8550 8550 8550 8550 83
20171201 921 8550 8550 8550 8550 84
20171201 922 8550 8550 8550 8550 1
20171201 929 8550 8550 8550 8550 3
20171201 930 8550 8550 8550 8550 2
20171201 931 8550 8550 8550 8550 3
20171201 932 8550 8550 8550 8550 1
20171201 933 8550 8550 8550 8550 1
20171201 934 8550 8550 8550 8550 3
20171201 935 8550 8550 8550 8550 1
20171201 936 8550 8550 8550 8550 1
20171201 937 8550 8550 8550 8550 3
20171201 938 8550 8550 8550 8550 1
20171201 939 8550 8550 8550 8550 1
20171201 940 8550 8550 8550 8550 14
20171201 941 8550 8550 8550 8550 1
20171201 1101 8545 8550 8545 8550 11
20171201 1133 8550 8550 8550 8550 89
20171201 1304 8555 8555 8555 8555 100
20171201 1308 8555 8555 8555 8555 100
20171201 1313 8550 8550 8550 8550 7
20171201 1314 8550 8550 8550 8550 3
20171201 1315 8550 8550 8550 8550 3
20171201 1316 8550 8550 8550 8550 4
20171201 1317 8545 8545 8435 8545 96
20171201 1318 8540 8540 8540 8540 3
20171201 1319 8530 8530 8530 8530 4
20171201 1320 8530 8530 8530 8530 6
20171201 1321 8540 8540 8540 8540 3
20171201 1322 8540 8540 8540 8540 4
20171201 1323 8545 8545 8545 8545 3
20171201 1324 8545 8545 8545 8545 6
20171201 1325 8545 8545 8545 8545 4
20171201 1326 8545 8545 8545 8545 2
20171201 1328 8450 8450 8450 8450 2
20171201 1408 8540 8540 8540 8540 1
20171201 1409 8540 8540 8540 8540 8
20171201 1530 8525 8525 8525 8525 2
20171204 901 8550 8550 8550 8550 5
20171204 907 8550 8550 8550 8550 2
20171204 917 8500 8500 8500 8500 12
20171204 926 8500 8500 8500 8500 1
20171204 934 8500 8500 8495 8495 25
20171204 957 8510 8510 8510 8510 3000
20171204 1123 8525 8525 8525 8525 26
20171204 1125 8560 8565 8560 8565 51
20171204 1244 8530 8530 8530 8530 5
20171204 1258 8530 8530 8530 8530 5
20171204 1306 8520 8520 8520 8520 15
20171204 1307 8520 8560 8520 8560 20
20171204 1308 8565 8565 8565 8565 3
20171204 1309 8565 8565 8565 8565 8
20171204 1310 8565 8565 8565 8565 10
20171204 1311 8565 8565 8565 8565 9
20171204 1312 8565 8565 8565 8565 8
20171204 1313 8565 8565 8565 8565 10
20171204 1314 8565 8565 8565 8565 9
20171204 1315 8565 8565 8565 8565 3
20171204 1316 8565 8565 8565 8565 10
20171204 1317 8565 8565 8565 8565 8
20171204 1318 8565 8565 8565 8565 9
20171204 1319 8565 8565 8565 8565 10
20171204 1320 8565 8565 8565 8565 1
20171204 1530 8565 8565 8565 8565 15
20171205 1038 8590 8590 8590 8590 1
20171205 1309 8575 8580 8575 8580 38
20171205 1310 8575 8580 8575 8580 20
20171205 1311 8575 8580 8575 8575 35
20171205 1312 8575 8580 8575 8580 16
20171205 1313 8575 8580 8575 8580 14
20171205 1314 8575 8580 8575 8580 30
20171205 1315 8575 8575 8575 8575 16
20171205 1316 8575 8575 8575 8575 16
20171205 1317 8575 8580 8575 8575 29
20171205 1318 8575 8580 8575 8580 13
20171205 1319 8575 8580 8575 8580 15
20171205 1320 8575 8575 8575 8575 28
20171205 1321 8575 8575 8575 8575 12
20171205 1530 8590 8590 8590 8590 2
20171206 1304 8590 8590 8590 8590 1
20171206 1305 8600 8600 8600 8600 1
20171206 1306 8600 8600 8600 8600 1
20171206 1307 8600 8600 8600 8600 2
20171206 1308 8600 8600 8600 8600 1
20171206 1309 8600 8600 8600 8600 1
20171206 1310 8600 8600 8600 8600 1
20171206 1311 8600 8600 8600 8600 2
20171206 1312 8600 8600 8600 8600 1
20171206 1313 8600 8600 8600 8600 1
20171206 1314 8600 8600 8600 8600 1
20171206 1315 8600 8600 8600 8600 2
20171206 1316 8600 8600 8600 8600 1
20171206 1317 8600 8600 8600 8600 1
20171206 1413 8570 8570 8505 8505 6
20171206 1414 8505 8505 8505 8505 4
20171206 1415 8505 8505 8505 8505 9
20171206 1416 8505 8505 8505 8505 5
20171206 1417 8505 8505 8505 8505 4
20171206 1418 8510 8510 8510 8510 9
20171206 1419 8510 8510 8510 8510 5
20171206 1420 8510 8510 8510 8510 5
20171206 1421 8510 8515 8510 8515 10
20171206 1422 8515 8515 8515 8515 5
20171206 1423 8515 8515 8515 8515 5
20171206 1424 8515 8515 8510 8510 10
20171206 1425 8515 8515 8515 8515 5
20171206 1426 8510 8510 8510 8510 5
20171206 1427 8510 8510 8510 8510 5
20171206 1428 8510 8510 8510 8510 5
20171206 1530 8510 8510 8510 8510 50
20171207 903 8390 8390 8390 8390 4
20171207 910 8395 8395 8395 8395 8
20171207 934 8400 8400 8400 8400 7
20171207 1010 8410 8410 8410 8410 8
20171207 1044 8405 8405 8395 8395 48
20171207 1305 8490 8490 8490 8490 3
20171207 1306 8490 8490 8490 8490 3
20171207 1307 8490 8490 8490 8490 4
20171207 1308 8490 8490 8490 8490 3
20171207 1309 8490 8490 8490 8490 3
20171207 1310 8490 8490 8490 8490 5
20171207 1311 8490 8490 8490 8490 3
20171207 1312 8490 8490 8490 8490 18
20171207 1313 8490 8490 8490 8490 4
20171207 1314 8490 8490 8490 8490 3
20171207 1315 8490 8490 8490 8490 3
20171207 1316 8490 8490 8490 8490 5
20171207 1317 8485 8485 8485 8485 3
20171207 1318 8485 8485 8485 8485 1
20171207 1530 8485 8485 8485 8485 2
20171208 928 8540 8540 8540 8540 1
20171208 1125 8420 8420 8410 8410 420
20171208 1304 8525 8525 8525 8525 6
20171208 1305 8525 8525 8525 8525 6
20171208 1306 8525 8525 8525 8525 10
20171208 1307 8525 8525 8525 8525 4
20171208 1308 8525 8525 8525 8525 5
20171208 1309 8525 8525 8525 8525 8
20171208 1310 8525 8525 8525 8525 5
20171208 1311 8525 8525 8525 8525 5
20171208 1312 8525 8525 8525 8525 8
20171208 1313 8525 8525 8525 8525 3
20171208 1314 8525 8525 8525 8525 5
20171208 1315 8525 8525 8525 8525 8
20171208 1316 8525 8525 8525 8525 5
20171208 1317 8525 8525 8525 8525 2
20171208 1514 8415 8415 8415 8415 302
20171208 1530 8520 8520 8520 8520 2
20171211 910 8480 8480 8480 8480 2
20171211 911 8480 8480 8480 8480 1
20171211 913 8485 8485 8485 8485 1
20171211 915 8480 8480 8480 8480 2
20171211 916 8480 8480 8480 8480 1
20171211 918 8480 8480 8480 8480 1
20171211 920 8490 8490 8490 8490 1
20171211 921 8490 8490 8490 8490 1
20171211 923 8485 8485 8485 8485 1
20171211 925 8490 8490 8490 8490 1
20171211 1141 8490 8490 8490 8490 1
20171211 1308 8585 8585 8585 8585 11
20171211 1309 8585 8585 8585 8585 11
20171211 1310 8585 8585 8585 8585 18
20171211 1311 8585 8585 8585 8585 11
20171211 1312 8585 8585 8585 8585 10
20171211 1313 8585 8585 8585 8585 12
20171211 1314 8585 8585 8585 8585 7
20171211 1315 8585 8585 8585 8585 21
20171211 1316 8585 8585 8585 8585 24
20171211 1317 8585 8585 8585 8585 19
20171211 1318 8585 8585 8585 8585 33
20171211 1319 8585 8585 8585 8585 26
20171211 1320 8585 8585 8585 8585 23
20171211 1321 8585 8585 8585 8585 28
20171211 1322 8585 8585 8585 8585 16
20171211 1323 8585 8585 8585 8585 11
20171211 1324 8585 8585 8585 8585 27
20171211 1325 8585 8585 8585 8585 16
20171211 1326 8585 8585 8585 8585 16
20171211 1327 8585 8585 8585 8585 25
20171211 1328 8585 8585 8585 8585 9
20171211 1330 8585 8585 8490 8490 33
20171211 1331 8585 8585 8490 8490 32
20171211 1332 8495 8575 8490 8575 33
20171211 1333 8490 8490 8490 8490 60
20171211 1334 8490 8490 8490 8490 30
20171211 1335 8490 8490 8490 8490 30
20171211 1336 8490 8490 8485 8485 60
20171211 1337 8485 8485 8485 8485 30
20171211 1338 8485 8485 8485 8485 30
20171211 1339 8485 8485 8485 8485 60
20171211 1340 8485 8485 8485 8485 30
20171211 1341 8485 8485 8485 8485 30
20171211 1342 8485 8485 8485 8485 60
20171211 1343 8485 8485 8485 8485 30
20171211 1344 8485 8485 8485 8485 30
20171211 1345 8485 8485 8485 8485 30
20171211 1407 8575 8575 8575 8575 1
20171211 1409 8575 8575 8575 8575 16
20171211 1530 8585 8585 8585 8585 2
20171212 908 8520 8520 8515 8515 74
20171212 909 8520 8520 8520 8520 37
20171212 910 8520 8520 8520 8520 37
20171212 911 8520 8520 8520 8520 72
20171212 912 8520 8520 8520 8520 36
20171212 913 8515 8515 8515 8515 36
20171212 914 8515 8515 8515 8515 72
20171212 915 8515 8515 8515 8515 36
20171212 916 8515 8515 8515 8515 36
20171212 917 8515 8515 8515 8515 72
20171212 918 8515 8515 8515 8515 36
20171212 919 8510 8510 8510 8510 36
20171212 922 8515 8515 8515 8515 71
20171212 928 8620 8620 8620 8620 1
20171212 953 8615 8615 8615 8615 100
20171212 1008 8525 8525 8525 8525 1
20171212 1015 8525 8525 8525 8525 10
20171212 1222 8570 8570 8530 8530 9
20171212 1305 8615 8615 8615 8615 5
20171212 1306 8615 8625 8615 8625 7
20171212 1307 8625 8625 8625 8625 2
20171212 1308 8635 8640 8635 8640 5
20171212 1309 8640 8640 8640 8640 5
20171212 1310 8640 8640 8640 8640 7
20171212 1311 8640 8640 8640 8640 2
20171212 1312 8640 8640 8640 8640 5
20171212 1313 8640 8640 8640 8640 7
20171212 1314 8640 8640 8640 8640 5
20171212 1315 8640 8640 8640 8640 2
20171212 1316 8640 8640 8640 8640 7
20171212 1317 8640 8640 8640 8640 5
20171212 1318 8640 8645 8640 8645 3
20171212 1339 8540 8540 8540 8540 24
20171212 1340 8540 8540 8540 8540 24
20171212 1342 8540 8540 8540 8540 24
20171212 1344 8540 8540 8535 8535 24
20171212 1345 8535 8535 8535 8535 24
20171212 1347 8535 8535 8535 8535 24
20171212 1349 8535 8535 8535 8535 24
20171212 1350 8535 8535 8535 8535 24
20171212 1352 8535 8535 8535 8535 24
20171212 1354 8535 8535 8535 8535 24
20171212 1357 8630 8630 8630 8630 1
20171212 1358 8640 8640 8640 8640 1
20171212 1413 8570 8570 8570 8570 2
20171212 1419 8540 8540 8535 8535 78
20171212 1424 8535 8535 8535 8535 15
20171212 1437 8635 8635 8635 8635 1
20171212 1510 8535 8535 8535 8535 10
20171212 1511 8535 8535 8535 8535 10
20171212 1512 8535 8535 8535 8535 10
20171212 1513 8535 8540 8535 8540 10
20171212 1514 8540 8545 8540 8545 8
20171212 1515 8540 8540 8540 8540 2
20171212 1530 8540 8540 8540 8540 27
20171213 908 8600 8600 8600 8600 1
20171213 1024 8630 8630 8630 8630 11
20171213 1205 8630 8630 8630 8630 3
20171213 1241 8510 8510 8510 8510 1
20171213 1243 8510 8510 8510 8510 1
20171213 1244 8510 8510 8510 8510 1
20171213 1246 8500 8500 8500 8500 1
20171213 1253 8615 8615 8615 8615 9
20171213 1305 8610 8610 8610 8610 4
20171213 1306 8615 8615 8615 8615 2
20171213 1307 8615 8615 8615 8615 7
20171213 1308 8615 8615 8615 8615 2
20171213 1309 8615 8615 8615 8615 2
20171213 1310 8615 8615 8615 8615 1
20171213 1311 8615 8615 8615 8615 1
20171213 1312 8615 8615 8615 8615 2
20171213 1313 8615 8615 8615 8615 1
20171213 1314 8615 8615 8615 8615 1
20171213 1315 8615 8615 8615 8615 1
20171213 1316 8615 8615 8615 8615 2
20171213 1317 8600 8600 8600 8600 1
20171213 1318 8600 8600 8600 8600 1
20171213 1350 8510 8510 8510 8510 3
20171213 1351 8515 8515 8515 8515 5
20171213 1352 8515 8515 8515 8515 2
20171213 1353 8515 8515 8515 8515 3
20171213 1354 8515 8515 8515 8515 5
20171213 1355 8515 8515 8515 8515 2
20171213 1356 8515 8515 8515 8515 3
20171213 1357 8510 8510 8510 8510 2
20171213 1358 8510 8510 8510 8510 5
20171213 1359 8505 8505 8505 8505 3
20171213 1400 8505 8505 8505 8505 3
20171213 1401 8505 8595 8505 8505 7
20171213 1402 8505 8505 8505 8505 3
20171213 1403 8505 8505 8505 8505 3
20171213 1404 8505 8505 8505 8505 3
20171213 1405 8505 8505 8505 8505 3
20171213 1426 8595 8595 8595 8595 1
20171213 1530 8590 8590 8590 8590 2
20171214 907 8565 8565 8565 8565 7
20171214 912 8445 8445 8445 8445 2
20171214 919 8555 8555 8555 8555 1
20171214 947 8560 8560 8560 8560 24
20171214 1304 8565 8565 8565 8565 7
20171214 1305 8565 8565 8565 8565 13
20171214 1306 8565 8570 8565 8570 6
20171214 1307 8565 8565 8565 8565 6
20171214 1308 8565 8565 8565 8565 5
20171214 1309 8565 8565 8565 8565 9
20171214 1310 8565 8565 8565 8565 4
20171214 1311 8565 8565 8565 8565 5
20171214 1312 8565 8570 8565 8565 9
20171214 1313 8565 8565 8565 8565 5
20171214 1314 8565 8565 8565 8565 4
20171214 1315 8565 8565 8565 8565 9
20171214 1316 8565 8565 8565 8565 5
20171214 1317 8565 8565 8565 8565 5
20171214 1501 8550 8550 8550 8550 3
20171215 1102 8485 8485 8485 8485 1
20171215 1107 8485 8575 8485 8575 2
20171215 1308 8570 8570 8570 8570 17
20171215 1309 8570 8570 8570 8570 28
20171215 1310 8570 8570 8570 8570 28
20171215 1311 8570 8570 8570 8570 32
20171215 1312 8570 8570 8570 8570 26
20171215 1313 8570 8570 8570 8570 25
20171215 1314 8570 8570 8570 8570 25
20171215 1315 8570 8570 8570 8570 25
20171215 1316 8570 8575 8570 8570 25
20171215 1317 8570 8570 8570 8570 14
20171215 1318 8570 8570 8570 8570 1
20171215 1319 8565 8565 8565 8565 1
20171215 1320 8565 8565 8565 8565 1
20171215 1321 8570 8570 8570 8570 1
20171215 1322 8570 8570 8570 8570 1
20171215 1454 8485 8485 8485 8485 3
20171215 1500 8485 8485 8485 8485 3
20171215 1507 8445 8485 8445 8485 2
20171218 925 8460 8460 8460 8460 4
20171218 1137 8545 8545 8545 8545 1
20171218 1138 8545 8545 8545 8545 1
20171218 1139 8545 8545 8545 8545 1
20171218 1141 8545 8545 8545 8545 1
20171218 1142 8550 8550 8550 8550 1
20171218 1143 8550 8550 8550 8550 1
20171218 1144 8550 8550 8550 8550 1
20171218 1145 8460 8550 8460 8550 9
20171218 1146 8460 8460 8450 8450 7
20171218 1147 8545 8545 8445 8445 9
20171218 1148 8445 8510 8445 8445 16
20171218 1149 8510 8510 8445 8445 8
20171218 1150 8445 8445 8445 8445 8
20171218 1151 8445 8445 8440 8440 15
20171218 1152 8440 8440 8440 8440 8
20171218 1153 8440 8440 8440 8440 8
20171218 1154 8440 8440 8440 8440 16
20171218 1155 8440 8440 8440 8440 8
20171218 1156 8440 8440 8440 8440 8
20171218 1157 8440 8440 8440 8440 16
20171218 1158 8440 8440 8440 8440 8
20171218 1159 8440 8440 8440 8440 8
20171218 1200 8440 8440 8440 8440 8
20171218 1303 8500 8500 8500 8500 1
20171218 1307 8500 8510 8500 8510 17
20171218 1308 8510 8545 8510 8545 35
20171218 1309 8550 8550 8550 8550 33
20171218 1310 8550 8550 8550 8550 32
20171218 1311 8550 8550 8550 8550 27
20171218 1312 8550 8550 8550 8550 27
20171218 1313 8550 8550 8550 8550 26
20171218 1314 8550 8555 8550 8550 27
20171218 1315 8550 8550 8450 8550 28
20171218 1316 8550 8550 8550 8550 8
20171218 1317 8550 8550 8550 8550 1
20171218 1318 8550 8550 8550 8550 1
20171218 1400 8450 8450 8450 8450 14
20171218 1401 8450 8450 8450 8450 13
20171218 1402 8450 8450 8445 8445 13
20171218 1403 8445 8445 8445 8445 27
20171218 1404 8445 8445 8445 8445 13
20171218 1405 8445 8445 8445 8445 14
20171218 1406 8445 8445 8445 8445 26
20171218 1407 8445 8445 8445 8445 14
20171218 1408 8445 8445 8445 8445 13
20171218 1409 8450 8450 8445 8445 27
20171218 1410 8445 8445 8445 8445 13
20171218 1411 8445 8445 8445 8445 13
20171218 1412 8445 8450 8445 8450 27
20171218 1413 8445 8445 8445 8445 13
20171218 1414 8450 8450 8450 8450 14
20171218 1415 8450 8450 8450 8450 14
20171218 1530 8450 8450 8450 8450 13
20171219 906 8500 8500 8495 8495 980
20171219 907 8495 8495 8495 8495 245
20171219 908 8495 8495 8495 8495 244
20171219 909 8495 8495 8495 8495 244
20171219 910 8490 8490 8490 8490 488
20171219 911 8490 8490 8490 8490 244
20171219 912 8490 8490 8490 8490 244
20171219 913 8490 8490 8490 8490 488
20171219 914 8495 8495 8495 8495 244
20171219 915 8495 8495 8495 8495 244
20171219 916 8495 8495 8495 8495 244
20171219 917 8490 8500 8490 8490 488
20171219 918 8490 8490 8490 8490 244
20171219 919 8495 8495 8495 8495 244
20171219 930 8500 8500 8500 8500 30
20171219 1028 8510 8510 8495 8495 22
20171219 1056 8510 8510 8510 8510 35
20171219 1103 8510 8510 8510 8510 38
20171219 1114 8510 8510 8510 8510 1
20171219 1206 8505 8505 8505 8505 19
20171219 1207 8505 8505 8505 8505 9
20171219 1208 8505 8505 8505 8505 9
20171219 1209 8505 8505 8505 8505 9
20171219 1210 8505 8505 8505 8505 29
20171219 1211 8505 8505 8505 8505 18
20171219 1212 8505 8505 8505 8505 18
20171219 1213 8505 8505 8505 8505 37
20171219 1214 8505 8505 8505 8505 19
20171219 1215 8505 8505 8505 8505 18
20171219 1216 8505 8505 8505 8505 27
20171219 1217 8505 8505 8505 8505 28
20171219 1218 8505 8505 8505 8505 19
20171219 1219 8505 8505 8505 8505 27
20171219 1220 8505 8505 8505 8505 18
20171219 1221 8505 8505 8505 8505 18
20171219 1222 8505 8505 8505 8505 19
20171219 1223 8505 8505 8505 8505 9
20171219 1224 8505 8505 8505 8505 9
20171219 1225 8505 8505 8505 8505 9
20171219 1235 8505 8505 8505 8505 27
20171219 1241 8505 8505 8505 8505 50
20171219 1246 8510 8510 8510 8510 45
20171219 1304 8515 8515 8515 8515 2
20171219 1305 8515 8515 8515 8515 2
20171219 1306 8515 8515 8515 8515 2
20171219 1307 8515 8515 8515 8515 2
20171219 1309 8515 8515 8515 8515 2
20171219 1310 8515 8515 8515 8515 2
20171219 1311 8515 8515 8515 8515 2
20171219 1312 8515 8515 8515 8515 2
20171219 1314 8515 8515 8515 8515 2
20171219 1315 8515 8515 8515 8515 2
20171219 1316 8515 8515 8515 8515 2
20171219 1342 8515 8515 8515 8515 9
20171219 1422 8515 8515 8515 8515 1
20171219 1530 8515 8515 8515 8515 2
20171220 907 8495 8495 8495 8495 4
20171220 908 8495 8495 8495 8495 4
20171220 909 8495 8495 8495 8495 4
20171220 910 8500 8500 8500 8500 4
20171220 911 8500 8500 8500 8500 8
20171220 912 8500 8500 8500 8500 4
20171220 913 8505 8505 8505 8505 4
20171220 914 8505 8505 8505 8505 6
20171220 915 8505 8505 8505 8505 3
20171220 916 8505 8505 8505 8505 3
20171220 917 8505 8505 8505 8505 6
20171220 918 8505 8505 8505 8505 3
20171220 919 8500 8500 8500 8500 3
20171220 1218 8490 8490 8465 8465 15
20171220 1309 8550 8575 8550 8575 30
20171220 1310 8570 8570 8570 8570 20
20171220 1311 8570 8575 8570 8575 17
20171220 1312 8570 8575 8570 8570 16
20171220 1313 8570 8575 8570 8570 39
20171220 1314 8575 8575 8570 8570 39
20171220 1315 8575 8575 8570 8570 42
20171220 1316 8575 8575 8570 8570 37
20171220 1317 8575 8575 8570 8570 13
20171220 1318 8570 8575 8570 8570 23
20171220 1319 8570 8570 8490 8570 25
20171220 1320 8570 8570 8490 8490 24
20171220 1321 8570 8570 8570 8570 21
20171220 1322 8570 8570 8465 8465 7
20171220 1323 8465 8465 8465 8465 1
20171220 1325 8465 8465 8465 8465 1
20171220 1326 8465 8465 8465 8465 1
20171220 1327 8465 8465 8465 8465 1
20171220 1329 8465 8465 8465 8465 1
20171220 1330 8465 8465 8465 8465 1
20171220 1331 8465 8465 8465 8465 1
20171220 1333 8465 8465 8465 8465 1
20171220 1458 8465 8465 8465 8465 2
20171221 906 8600 8600 8600 8600 1
20171221 932 8600 8600 8600 8600 19
20171221 1100 8590 8590 8590 8590 33
20171221 1307 8595 8595 8595 8595 30
20171221 1308 8595 8600 8595 8600 27
20171221 1309 8600 8600 8600 8600 18
20171221 1310 8600 8600 8600 8600 26
20171221 1311 8600 8600 8600 8600 17
20171221 1312 8600 8600 8600 8600 38
20171221 1313 8600 8600 8600 8600 39
20171221 1314 8600 8600 8600 8600 27
20171221 1315 8600 8600 8600 8600 14
20171221 1316 8600 8600 8600 8600 9
20171221 1317 8600 8600 8600 8600 9
20171221 1318 8600 8600 8600 8600 12
20171221 1319 8600 8600 8600 8600 9
20171221 1320 8600 8600 8600 8600 1
20171221 1343 8600 8600 8600 8600 1
20171221 1413 8585 8585 8585 8585 1000
20171221 1417 8585 8585 8585 8585 500
20171221 1455 8590 8590 8590 8590 2
20171221 1510 8585 8585 8585 8585 24
20171221 1513 8585 8585 8585 8585 10
20171221 1514 8590 8590 8590 8590 20
20171221 1530 8595 8595 8595 8595 5
20171222 901 8745 8745 8745 8745 21
20171222 904 8750 8750 8750 8750 1
20171222 909 8755 8755 8755 8755 993
20171222 911 8775 8775 8775 8775 10
20171222 916 8760 8760 8760 8760 300
20171222 943 8755 8755 8755 8755 500
20171222 944 8755 8755 8755 8755 500
20171222 945 8760 8760 8760 8760 500
20171222 946 8760 8760 8760 8760 20
20171222 1003 8755 8755 8755 8755 1
20171222 1005 8755 8755 8755 8755 2
20171222 1018 8760 8800 8760 8800 500
20171222 1046 8800 8800 8800 8800 1
20171222 1100 8800 8800 8800 8800 30
20171222 1106 8800 8800 8800 8800 30
20171222 1131 8765 8765 8765 8765 1
20171222 1132 8760 8760 8755 8755 26
20171222 1133 8755 8755 8755 8755 51
20171222 1134 8755 8755 8755 8755 25
20171222 1135 8750 8750 8750 8750 26
20171222 1136 8750 8750 8750 8750 26
20171222 1137 8750 8750 8750 8750 52
20171222 1138 8750 8750 8750 8750 26
20171222 1139 8750 8750 8750 8750 26
20171222 1140 8750 8750 8750 8750 52
20171222 1141 8750 8750 8750 8750 26
20171222 1142 8750 8750 8750 8750 26
20171222 1143 8755 8755 8755 8755 52
20171222 1144 8755 8755 8755 8755 26
20171222 1145 8755 8755 8755 8755 26
20171222 1146 8755 8755 8755 8755 26
20171222 1147 8755 8755 8755 8755 26
20171222 1158 8765 8765 8765 8765 2
20171222 1244 8750 8750 8750 8750 289
20171222 1306 8800 8800 8800 8800 12
20171222 1307 8800 8800 8800 8800 21
20171222 1308 8800 8800 8800 8800 19
20171222 1309 8800 8800 8800 8800 17
20171222 1310 8800 8800 8800 8800 20
20171222 1311 8800 8800 8800 8800 17
20171222 1312 8800 8800 8800 8800 17
20171222 1313 8800 8800 8800 8800 17
20171222 1314 8800 8800 8800 8800 17
20171222 1315 8800 8800 8800 8800 5
20171222 1324 8800 8800 8800 8800 17
20171222 1346 8755 8755 8740 8740 102
20171222 1347 8745 8745 8740 8740 101
20171222 1348 8740 8740 8740 8740 101
20171222 1349 8740 8740 8740 8740 202
20171222 1350 8740 8740 8740 8740 101
20171222 1351 8740 8740 8740 8740 101
20171222 1352 8740 8740 8740 8740 202
20171222 1353 8740 8740 8740 8740 101
20171222 1354 8740 8740 8740 8740 101
20171222 1355 8740 8740 8735 8735 202
20171222 1356 8735 8735 8735 8735 101
20171222 1357 8735 8735 8735 8735 101
20171222 1358 8735 8735 8735 8735 202
20171222 1359 8735 8735 8735 8735 101
20171222 1400 8735 8735 8735 8735 101
20171222 1401 8735 8735 8735 8735 101
20171222 1425 8745 8745 8745 8745 5
20171222 1500 8795 8825 8795 8825 158
20171222 1501 8830 8845 8830 8845 42
20171222 1530 8845 8845 8845 8845 2
20171226 919 8750 8750 8750 8750 199
20171226 1143 8835 8835 8835 8835 20
20171226 1147 8835 8835 8835 8835 20
20171226 1154 8835 8835 8835 8835 49
20171226 1228 8765 8765 8760 8760 19
20171226 1307 8830 8830 8830 8830 13
20171226 1308 8830 8835 8830 8835 24
20171226 1309 8835 8850 8835 8850 23
20171226 1310 8850 8850 8850 8850 19
20171226 1311 8850 8850 8850 8850 20
20171226 1312 8850 8860 8850 8860 37
20171226 1313 8860 8860 8860 8860 30
20171226 1314 8860 8860 8860 8860 36
20171226 1315 8860 8860 8860 8860 41
20171226 1316 8860 8860 8860 8860 40
20171226 1317 8860 8860 8860 8860 34
20171226 1318 8860 8860 8860 8860 32
20171226 1319 8860 8860 8860 8860 32
20171226 1320 8860 8860 8860 8860 27
20171226 1321 8860 8860 8860 8860 19
20171226 1322 8860 8860 8860 8860 19
20171226 1323 8860 8860 8860 8860 23
20171226 1324 8860 8860 8860 8860 13
20171226 1325 8860 8860 8860 8860 6
20171226 1326 8860 8860 8860 8860 6
20171226 1327 8860 8860 8860 8860 6
20171226 1328 8860 8860 8860 8860 8
20171226 1329 8860 8860 8860 8860 17
20171226 1330 8860 8860 8860 8860 17
20171226 1331 8860 8860 8860 8860 18
20171226 1332 8860 8860 8860 8860 9
20171226 1333 8860 8860 8860 8860 7
20171226 1334 8860 8860 8860 8860 15
20171226 1335 8860 8860 8760 8860 20
20171226 1336 8860 8860 8860 8860 13
20171226 1337 8860 8860 8860 8860 11
20171226 1338 8860 8860 8860 8860 9
20171226 1339 8860 8860 8860 8860 8
20171226 1340 8860 8860 8860 8860 7
20171226 1341 8860 8860 8860 8860 8
20171226 1342 8860 8860 8860 8860 28
20171226 1343 8860 8860 8860 8860 48
20171226 1344 8860 8860 8860 8860 23
20171226 1345 8860 8860 8860 8860 23
20171226 1346 8860 8860 8860 8860 42
20171226 1347 8865 8865 8860 8860 22
20171226 1348 8860 8865 8860 8865 22
20171226 1349 8865 8865 8865 8865 20
20171226 1350 8865 8865 8865 8865 40
20171226 1351 8865 8865 8865 8865 20
20171226 1352 8865 8865 8865 8865 20
20171226 1353 8860 8860 8860 8860 40
20171226 1354 8860 8860 8860 8860 1019
20171226 1355 8860 8860 8860 8860 16
20171226 1357 8860 8860 8860 8860 1000
20171226 1504 8860 8860 8860 8860 11
20171226 1519 8850 8850 8850 8850 1
20171226 1530 8850 8850 8850 8850 2
20171227 904 8775 8775 8775 8775 2
20171227 908 8775 8775 8775 8775 2
20171227 909 8775 8775 8775 8775 4
20171227 910 8775 8775 8775 8775 2
20171227 911 8775 8775 8775 8775 2
20171227 912 8775 8775 8775 8775 4
20171227 913 8780 8780 8780 8780 2
20171227 914 8775 8775 8775 8775 92
20171227 915 8775 8775 8775 8775 4
20171227 916 8775 8775 8775 8775 202
20171227 917 8775 8775 8775 8775 2
20171227 918 8775 8780 8775 8780 3
20171227 919 8775 8775 8775 8775 1
20171227 940 8810 8810 8810 8810 20
20171227 949 8810 8810 8810 8810 791
20171227 954 8810 8810 8810 8810 24
20171227 957 8810 8810 8810 8810 6
20171227 1050 8835 8885 8835 8885 51
20171227 1059 8885 8885 8885 8885 1
20171227 1155 8885 8885 8885 8885 7
20171227 1157 8885 8885 8885 8885 6
20171227 1159 8885 8885 8885 8885 6
20171227 1200 8885 8885 8885 8885 6
20171227 1202 8885 8885 8885 8885 6
20171227 1203 8880 8885 8880 8885 7
20171227 1205 8885 8900 8885 8900 6
20171227 1206 8900 8900 8900 8900 6
20171227 1208 8900 8900 8900 8900 6
20171227 1215 8900 8900 8900 8900 1
20171227 1216 8900 8900 8900 8900 1
20171227 1217 8900 8900 8900 8900 1
20171227 1219 8900 8900 8900 8900 1
20171227 1220 8900 8900 8900 8900 1
20171227 1221 8900 8900 8900 8900 1
20171227 1223 8900 8900 8900 8900 1
20171227 1224 8900 8900 8900 8900 1
20171227 1226 8900 8900 8900 8900 1
20171227 1227 8900 8900 8900 8900 1
20171227 1228 8900 8900 8900 8900 1
20171227 1243 8895 8895 8895 8895 3
20171227 1244 8895 8895 8895 8895 1
20171227 1245 8895 8895 8895 8895 1
20171227 1246 8895 8895 8895 8895 2
20171227 1247 8895 8895 8895 8895 1
20171227 1248 8895 8895 8895 8895 3
20171227 1249 8850 8850 8850 8850 1
20171227 1250 8850 8850 8850 8850 1
20171227 1251 8850 8850 8850 8850 2
20171227 1252 8850 8850 8850 8850 1
20171227 1253 8850 8850 8850 8850 2
20171227 1254 8850 8850 8850 8850 2
20171227 1255 8850 8850 8850 8850 1
20171227 1256 8850 8850 8850 8850 1
20171227 1257 8850 8850 8850 8850 1
20171227 1308 8900 8900 8900 8900 5
20171227 1309 8900 8900 8900 8900 7
20171227 1310 8900 8900 8900 8900 7
20171227 1311 8900 8900 8900 8900 5
20171227 1312 8900 8900 8900 8900 5
20171227 1313 8900 8900 8900 8900 8
20171227 1314 8900 8900 8900 8900 5
20171227 1315 8900 8900 8900 8900 5
20171227 1316 8900 8900 8900 8900 5
20171227 1317 8900 8900 8900 8900 3
20171227 1319 8850 8850 8820 8820 15
20171227 1320 8820 8820 8815 8815 29
20171227 1321 8815 8815 8815 8815 14
20171227 1322 8815 8815 8815 8815 15
20171227 1323 8815 8815 8815 8815 14
20171227 1324 8815 8815 8815 8815 29
20171227 1325 8815 8815 8815 8815 15
20171227 1326 8815 8815 8815 8815 15
20171227 1327 8820 8820 8815 8815 30
20171227 1328 8815 8815 8815 8815 15
20171227 1329 8815 8815 8815 8815 15
20171227 1330 8815 8820 8815 8820 30
20171227 1331 8820 8820 8820 8820 15
20171227 1332 8815 8815 8815 8815 15
20171227 1333 8815 8815 8815 8815 15
20171227 1334 8815 8815 8815 8815 15
20171227 1356 8815 8815 8815 8815 1152
20171227 1447 8815 8815 8815 8815 10
20171227 1515 8815 8815 8815 8815 10
20171227 1530 8805 8805 8805 8805 10
20171228 904 8735 8735 8735 8735 24
20171228 905 8735 8735 8735 8735 23
20171228 906 8740 8740 8740 8740 46
20171228 907 8740 8740 8735 8735 23
20171228 908 8735 8735 8735 8735 23
20171228 909 8745 8745 8745 8745 23
20171228 910 8745 8750 8745 8750 46
20171228 911 8750 8750 8750 8750 23
20171228 912 8750 8750 8750 8750 23
20171228 913 8750 8750 8740 8740 46
20171228 914 8740 8740 8740 8740 23
20171228 915 8740 8740 8740 8740 23
20171228 916 8740 8740 8740 8740 23
20171228 917 8740 8740 8740 8740 46
20171228 918 8735 8735 8735 8735 23
20171228 919 8735 8735 8735 8735 23
20171228 923 8730 8730 8730 8730 33
20171228 950 8735 8735 8735 8735 1
20171228 1022 8725 8725 8725 8725 22
20171228 1043 8730 8730 8730 8730 1
20171228 1150 8720 8720 8720 8720 3
20171228 1151 8715 8715 8715 8715 2
20171228 1152 8715 8715 8715 8715 3
20171228 1153 8715 8715 8715 8715 2
20171228 1155 8715 8715 8715 8715 3
20171228 1156 8715 8715 8715 8715 2
20171228 1157 8715 8715 8715 8715 3
20171228 1158 8715 8715 8715 8715 2
20171228 1200 8715 8715 8715 8715 3
20171228 1201 8715 8715 8715 8715 2
20171228 1202 8715 8715 8715 8715 3
20171228 1203 8715 8715 8715 8715 2
20171228 1205 8715 8715 8715 8715 3
20171228 1206 8715 8715 8715 8715 2
20171228 1207 8720 8720 8720 8720 3
20171228 1208 8720 8720 8720 8720 2
20171228 1210 8720 8720 8720 8720 3
20171228 1211 8720 8720 8720 8720 3
20171228 1212 8720 8720 8720 8720 3
20171228 1214 8720 8720 8720 8720 3
20171228 1304 8725 8725 8720 8720 12
20171228 1306 8730 8730 8730 8730 1
20171228 1307 8730 8730 8730 8730 1
20171228 1308 8730 8730 8730 8730 1
20171228 1309 8730 8730 8730 8730 1
20171228 1311 8730 8730 8730 8730 1
20171228 1312 8730 8730 8730 8730 1
20171228 1313 8730 8730 8730 8730 1
20171228 1314 8730 8730 8730 8730 6
20171228 1316 8730 8730 8730 8730 1
20171228 1317 8730 8730 8730 8730 1
20171228 1318 8730 8730 8730 8730 1
20171228 1423 8720 8720 8720 8720 21
20171228 1441 8730 8730 8730 8730 1
20171228 1443 8730 8730 8730 8730 60
20171228 1455 8720 8720 8720 8720 9
20171228 1456 8720 8720 8720 8720 8
20171228 1457 8720 8720 8720 8720 8
20171228 1458 8720 8720 8720 8720 16
20171228 1459 8720 8720 8720 8720 8
20171228 1500 8720 8720 8720 8720 8
20171228 1501 8720 8720 8720 8720 16
20171228 1502 8720 8720 8720 8720 8
20171228 1503 8720 8720 8720 8720 8
20171228 1504 8720 8720 8720 8720 16
20171228 1505 8720 8720 8720 8720 8
20171228 1506 8720 8720 8720 8720 8
20171228 1507 8720 8720 8705 8705 16
20171228 1508 8705 8705 8705 8705 8
20171228 1509 8705 8705 8705 8705 8
20171228 1510 8705 8705 8705 8705 8
20171228 1517 8730 8730 8730 8730 10
20171228 1530 8730 8730 8730 8730 75
