날짜 시간 시가 고가 저가 종가 거래량
20191101 901 16245 16245 16245 16245 5
20191101 904 16155 16155 16155 16155 5
20191101 910 16190 16190 16190 16190 5
20191101 913 16195 16195 16195 16195 5
20191101 916 16185 16185 16185 16185 5
20191101 919 16190 16190 16190 16190 5
20191101 922 16185 16185 16185 16185 5
20191101 925 16190 16190 16190 16190 5
20191101 928 16180 16180 16180 16180 5
20191101 931 16200 16200 16200 16200 5
20191101 934 16215 16215 16215 16215 5
20191101 937 16220 16220 16220 16220 5
20191101 940 16210 16210 16210 16210 5
20191101 943 16200 16200 16200 16200 5
20191101 946 16205 16205 16205 16205 5
20191101 949 16205 16205 16205 16205 5
20191101 952 16205 16205 16205 16205 5
20191101 955 16200 16215 16200 16210 1485
20191101 957 16210 16210 16195 16195 1420
20191101 958 16210 16210 16200 16200 1381
20191101 959 16215 16215 16215 16215 4
20191101 1000 16205 16205 16205 16205 1450
20191101 1001 16205 16205 16205 16205 5
20191101 1002 16200 16215 16200 16215 1350
20191101 1003 16215 16215 16215 16215 1320
20191101 1004 16220 16220 16205 16215 1285
20191101 1007 16220 16220 16220 16220 5
20191101 1010 16225 16225 16225 16225 5
20191101 1013 16240 16240 16240 16240 5
20191101 1016 16230 16230 16230 16230 5
20191101 1019 16225 16225 16225 16225 5
20191101 1021 16225 16230 16225 16230 1310
20191101 1022 16225 16230 16225 16230 1465
20191101 1025 16230 16230 16230 16230 1435
20191101 1026 16230 16230 16230 16230 1290
20191101 1028 16230 16230 16230 16230 5
20191101 1029 16230 16230 16230 16230 1302
20191101 1031 16230 16230 16230 16230 5
20191101 1034 16230 16230 16230 16230 5
20191101 1037 16235 16235 16235 16235 5
20191101 1040 16240 16240 16240 16240 5
20191101 1043 16235 16235 16235 16235 5
20191101 1046 16235 16255 16235 16255 1454
20191101 1049 16255 16255 16255 16255 1444
20191101 1050 16250 16250 16235 16235 360
20191101 1051 16250 16250 16250 16250 350
20191101 1052 16235 16260 16235 16260 8
20191101 1055 16260 16260 16260 16260 5
20191101 1058 16265 16265 16265 16265 5
20191101 1101 16260 16260 16260 16260 5
20191101 1104 16255 16255 16255 16255 5
20191101 1107 16250 16250 16250 16250 5
20191101 1110 16240 16240 16240 16240 5
20191101 1113 16240 16240 16240 16240 5
20191101 1116 16240 16240 16240 16240 5
20191101 1119 16240 16240 16240 16240 5
20191101 1120 16225 16225 16225 16225 1
20191101 1122 16250 16250 16250 16250 5
20191101 1125 16260 16260 16260 16260 5
20191101 1128 16255 16255 16255 16255 5
20191101 1131 16260 16260 16260 16260 5
20191101 1134 16250 16250 16250 16250 5
20191101 1137 16250 16250 16250 16250 5
20191101 1140 16260 16260 16260 16260 5
20191101 1143 16260 16260 16260 16260 5
20191101 1146 16255 16255 16255 16255 5
20191101 1149 16255 16255 16255 16255 5
20191101 1152 16250 16250 16250 16250 5
20191101 1155 16245 16245 16245 16245 5
20191101 1158 16250 16250 16250 16250 5
20191101 1201 16255 16255 16255 16255 5
20191101 1204 16255 16255 16255 16255 5
20191101 1207 16255 16255 16255 16255 5
20191101 1210 16250 16250 16250 16250 5
20191101 1213 16250 16250 16250 16250 5
20191101 1216 16250 16250 16250 16250 5
20191101 1219 16250 16250 16250 16250 5
20191101 1222 16255 16255 16255 16255 5
20191101 1225 16250 16250 16250 16250 5
20191101 1228 16260 16260 16260 16260 5
20191101 1231 16265 16265 16265 16265 5
20191101 1234 16270 16270 16270 16270 5
20191101 1237 16270 16270 16270 16270 5
20191101 1240 16270 16270 16270 16270 5
20191101 1243 16260 16260 16260 16260 5
20191101 1246 16260 16260 16260 16260 5
20191101 1249 16260 16260 16260 16260 5
20191101 1252 16255 16255 16255 16255 5
20191101 1255 16255 16255 16255 16255 5
20191101 1257 16255 16255 16255 16255 6
20191101 1258 16255 16255 16255 16255 5
20191101 1301 16255 16255 16255 16255 5
20191101 1304 16255 16255 16255 16255 5
20191101 1307 16250 16250 16250 16250 5
20191101 1310 16250 16250 16250 16250 5
20191101 1313 16250 16250 16250 16250 5
20191101 1316 16250 16250 16250 16250 5
20191101 1319 16250 16250 16250 16250 5
20191101 1322 16255 16255 16255 16255 5
20191101 1325 16260 16260 16260 16260 5
20191101 1328 16265 16265 16265 16265 5
20191101 1331 16270 16270 16270 16270 5
20191101 1334 16270 16270 16270 16270 5
20191101 1337 16260 16260 16260 16260 5
20191101 1340 16265 16265 16265 16265 5
20191101 1343 16265 16265 16265 16265 5
20191101 1346 16265 16265 16265 16265 5
20191101 1349 16265 16265 16265 16265 5
20191101 1352 16265 16265 16265 16265 5
20191101 1355 16260 16260 16260 16260 5
20191101 1359 16260 16260 16260 16260 5
20191101 1454 16305 16305 16305 16305 5
20191104 901 16515 16515 16515 16515 5
20191104 904 16445 16445 16445 16445 5
20191104 907 16465 16465 16465 16465 5
20191104 910 16455 16455 16455 16455 5
20191104 913 16465 16465 16465 16465 5
20191104 916 16485 16485 16485 16485 5
20191104 919 16490 16490 16490 16490 5
20191104 922 16485 16485 16485 16485 5
20191104 925 16485 16485 16485 16485 5
20191104 928 16490 16490 16490 16490 5
20191104 931 16495 16495 16495 16495 5
20191104 934 16480 16480 16480 16480 5
20191104 937 16480 16480 16480 16480 5
20191104 940 16490 16490 16490 16490 5
20191104 943 16495 16495 16495 16495 5
20191104 946 16490 16490 16490 16490 5
20191104 949 16495 16495 16495 16495 5
20191104 952 16495 16495 16495 16495 5
20191104 953 16480 16490 16480 16490 1410
20191104 955 16485 16485 16485 16485 5
20191104 958 16490 16490 16490 16490 5
20191104 1000 16475 16485 16475 16485 1390
20191104 1001 16485 16485 16485 16485 5
20191104 1004 16510 16510 16510 16510 5
20191104 1007 16510 16510 16510 16510 5
20191104 1009 16490 16490 16490 16490 1356
20191104 1010 16500 16505 16500 16505 9
20191104 1013 16510 16510 16510 16510 5
20191104 1016 16515 16515 16515 16515 5
20191104 1019 16520 16520 16520 16520 5
20191104 1022 16525 16525 16525 16525 5
20191104 1025 16535 16535 16535 16535 5
20191104 1028 16535 16535 16535 16535 5
20191104 1031 16530 16530 16530 16530 5
20191104 1034 16535 16535 16535 16535 5
20191104 1037 16545 16545 16545 16545 5
20191104 1040 16545 16545 16545 16545 5
20191104 1043 16550 16550 16550 16550 1368
20191104 1045 16545 16545 16545 16545 1275
20191104 1046 16525 16540 16525 16540 10
20191104 1049 16530 16530 16530 16530 5
20191104 1052 16545 16545 16545 16545 5
20191104 1055 16540 16540 16540 16540 1255
20191104 1058 16535 16535 16535 16535 5
20191104 1101 16540 16540 16540 16540 5
20191104 1104 16540 16540 16540 16540 5
20191104 1107 16545 16545 16545 16545 5
20191104 1110 16540 16540 16540 16540 5
20191104 1113 16540 16540 16540 16540 5
20191104 1116 16540 16540 16540 16540 5
20191104 1119 16540 16540 16540 16540 5
20191104 1122 16545 16545 16545 16545 5
20191104 1125 16550 16550 16550 16550 5
20191104 1128 16550 16550 16550 16550 5
20191104 1131 16555 16555 16555 16555 5
20191104 1134 16545 16545 16545 16545 5
20191104 1137 16545 16545 16545 16545 5
20191104 1140 16540 16540 16540 16540 5
20191104 1143 16535 16535 16535 16535 5
20191104 1146 16540 16540 16540 16540 5
20191104 1149 16545 16545 16545 16545 5
20191104 1152 16545 16545 16545 16545 5
20191104 1155 16550 16550 16550 16550 5
20191104 1158 16555 16555 16555 16555 5
20191104 1201 16550 16550 16550 16550 5
20191104 1204 16540 16540 16540 16540 5
20191104 1207 16545 16545 16545 16545 5
20191104 1210 16550 16550 16550 16550 5
20191104 1213 16555 16555 16555 16555 5
20191104 1216 16550 16550 16550 16550 5
20191104 1219 16545 16545 16545 16545 5
20191104 1222 16550 16550 16550 16550 5
20191104 1225 16545 16545 16545 16545 5
20191104 1228 16540 16540 16540 16540 5
20191104 1231 16540 16540 16540 16540 5
20191104 1234 16540 16540 16540 16540 5
20191104 1237 16530 16530 16530 16530 5
20191104 1240 16530 16530 16530 16530 5
20191104 1243 16515 16515 16515 16515 5
20191104 1246 16525 16525 16525 16525 5
20191104 1249 16530 16530 16530 16530 5
20191104 1252 16525 16525 16525 16525 5
20191104 1255 16525 16525 16525 16525 5
20191104 1258 16530 16530 16530 16530 5
20191104 1301 16530 16530 16530 16530 5
20191104 1304 16530 16530 16530 16530 5
20191104 1306 16520 16530 16520 16530 1350
20191104 1307 16525 16530 16525 16530 1375
20191104 1310 16530 16530 16530 16530 5
20191104 1313 16535 16535 16535 16535 5
20191104 1316 16530 16530 16530 16530 5
20191104 1319 16530 16530 16530 16530 5
20191104 1322 16535 16535 16535 16535 5
20191104 1325 16535 16535 16535 16535 5
20191104 1328 16530 16530 16530 16530 5
20191104 1331 16530 16530 16530 16530 5
20191104 1334 16525 16530 16525 16530 1265
20191104 1335 16525 16535 16525 16535 1230
20191104 1337 16535 16535 16535 16535 5
20191104 1340 16535 16535 16535 16535 5
20191104 1343 16535 16535 16535 16535 5
20191104 1346 16535 16535 16535 16535 5
20191104 1349 16535 16535 16535 16535 5
20191104 1352 16530 16530 16530 16530 5
20191104 1355 16530 16530 16530 16530 5
20191104 1359 16535 16535 16535 16535 5
20191104 1423 16545 16550 16545 16550 1330
20191104 1425 16540 16555 16540 16555 1340
20191104 1426 16550 16555 16550 16555 1280
20191104 1427 16550 16555 16550 16555 1192
20191104 1428 16540 16540 16535 16535 900
20191104 1429 16540 16540 16535 16535 976
20191104 1430 16535 16535 16535 16535 19
20191104 1517 16540 16540 16540 16540 13000
20191105 902 16580 16580 16580 16580 5
20191105 905 16565 16565 16565 16565 5
20191105 908 16555 16555 16555 16555 5
20191105 911 16560 16560 16560 16560 5
20191105 914 16555 16555 16555 16555 5
20191105 917 16570 16570 16570 16570 5
20191105 920 16585 16585 16585 16585 5
20191105 923 16585 16585 16585 16585 5
20191105 926 16570 16570 16570 16570 5
20191105 929 16570 16570 16570 16570 5
20191105 932 16570 16570 16570 16570 5
20191105 935 16580 16580 16580 16580 5
20191105 938 16575 16575 16575 16575 5
20191105 941 16585 16585 16585 16585 5
20191105 944 16570 16570 16570 16570 5
20191105 947 16570 16570 16570 16570 5
20191105 950 16565 16565 16565 16565 5
20191105 953 16565 16565 16565 16565 5
20191105 956 16560 16560 16560 16560 5
20191105 959 16560 16560 16560 16560 5
20191105 1002 16565 16565 16565 16565 5
20191105 1005 16565 16565 16565 16565 5
20191105 1008 16570 16570 16570 16570 5
20191105 1011 16565 16565 16565 16565 5
20191105 1014 16570 16570 16570 16570 5
20191105 1017 16575 16575 16575 16575 5
20191105 1020 16570 16570 16570 16570 5
20191105 1023 16575 16575 16575 16575 5
20191105 1026 16580 16580 16580 16580 5
20191105 1029 16565 16565 16565 16565 5
20191105 1032 16565 16565 16565 16565 5
20191105 1035 16560 16560 16560 16560 5
20191105 1038 16565 16565 16565 16565 5
20191105 1041 16565 16565 16565 16565 5
20191105 1044 16565 16565 16565 16565 5
20191105 1047 16570 16570 16570 16570 5
20191105 1050 16565 16565 16565 16565 5
20191105 1053 16580 16580 16580 16580 5
20191105 1056 16580 16580 16580 16580 5
20191105 1059 16585 16585 16585 16585 5
20191105 1102 16585 16585 16585 16585 5
20191105 1105 16590 16590 16590 16590 5
20191105 1108 16590 16590 16590 16590 5
20191105 1111 16585 16585 16585 16585 5
20191105 1114 16580 16580 16580 16580 5
20191105 1117 16580 16580 16580 16580 5
20191105 1120 16575 16575 16575 16575 5
20191105 1123 16575 16575 16575 16575 5
20191105 1126 16575 16575 16575 16575 5
20191105 1129 16570 16570 16570 16570 5
20191105 1132 16585 16585 16585 16585 5
20191105 1135 16585 16585 16585 16585 5
20191105 1138 16585 16585 16585 16585 5
20191105 1141 16580 16580 16580 16580 5
20191105 1144 16575 16575 16575 16575 5
20191105 1147 16585 16585 16585 16585 5
20191105 1150 16585 16585 16585 16585 5
20191105 1153 16585 16585 16585 16585 5
20191105 1156 16580 16580 16580 16580 5
20191105 1159 16585 16585 16585 16585 5
20191105 1202 16590 16590 16590 16590 5
20191105 1205 16590 16590 16590 16590 5
20191105 1208 16590 16590 16590 16590 5
20191105 1211 16590 16590 16590 16590 5
20191105 1214 16585 16585 16585 16585 5
20191105 1217 16585 16585 16585 16585 5
20191105 1220 16585 16585 16585 16585 5
20191105 1223 16585 16585 16585 16585 5
20191105 1226 16585 16585 16585 16585 5
20191105 1229 16590 16590 16590 16590 5
20191105 1232 16590 16590 16590 16590 5
20191105 1235 16590 16590 16590 16590 5
20191105 1238 16590 16590 16590 16590 5
20191105 1241 16590 16590 16590 16590 5
20191105 1244 16590 16590 16590 16590 5
20191105 1247 16600 16600 16600 16600 5
20191105 1250 16595 16595 16595 16595 5
20191105 1253 16600 16600 16600 16600 5
20191105 1256 16600 16600 16600 16600 5
20191105 1259 16600 16600 16600 16600 5
20191105 1302 16600 16600 16600 16600 5
20191105 1305 16600 16600 16600 16600 5
20191105 1308 16600 16600 16600 16600 5
20191105 1311 16600 16600 16600 16600 5
20191105 1314 16600 16600 16600 16600 5
20191105 1317 16600 16600 16600 16600 5
20191105 1320 16600 16600 16600 16600 5
20191105 1323 16605 16605 16605 16605 5
20191105 1326 16610 16610 16610 16610 5
20191105 1329 16625 16625 16625 16625 5
20191105 1332 16620 16620 16620 16620 5
20191105 1335 16620 16620 16620 16620 5
20191105 1338 16620 16620 16620 16620 5
20191105 1341 16620 16620 16620 16620 5
20191105 1344 16625 16625 16625 16625 5
20191105 1347 16640 16640 16640 16640 5
20191105 1350 16655 16655 16655 16655 5
20191105 1353 16655 16655 16655 16655 5
20191105 1356 16660 16660 16660 16660 5
20191105 1359 16655 16655 16655 16655 5
20191105 1459 16655 16655 16655 16655 13000
20191106 901 16745 16745 16745 16745 5
20191106 904 16670 16670 16670 16670 5
20191106 907 16660 16660 16660 16660 5
20191106 910 16670 16670 16670 16670 5
20191106 913 16665 16665 16665 16665 5
20191106 916 16685 16685 16685 16685 5
20191106 919 16680 16680 16680 16680 5
20191106 922 16715 16715 16715 16715 5
20191106 925 16720 16720 16720 16720 5
20191106 928 16720 16720 16720 16720 5
20191106 931 16720 16720 16720 16720 5
20191106 934 16745 16745 16745 16745 5
20191106 937 16765 16765 16765 16765 5
20191106 940 16745 16745 16745 16745 5
20191106 943 16775 16775 16775 16775 5
20191106 946 16775 16775 16775 16775 5
20191106 949 16765 16765 16765 16765 5
20191106 952 16765 16765 16765 16765 5
20191106 955 16755 16755 16755 16755 5
20191106 958 16745 16745 16745 16745 1386
20191106 1001 16735 16735 16735 16735 5
20191106 1004 16705 16705 16705 16705 1462
20191106 1007 16700 16700 16700 16700 5
20191106 1010 16690 16690 16690 16690 5
20191106 1013 16690 16690 16690 16690 5
20191106 1016 16685 16685 16685 16685 5
20191106 1019 16685 16685 16685 16685 5
20191106 1021 16675 16675 16675 16675 1460
20191106 1022 16670 16670 16670 16670 5
20191106 1024 16660 16660 16660 16660 1370
20191106 1025 16660 16660 16660 16660 5
20191106 1028 16670 16670 16665 16665 1355
20191106 1031 16670 16670 16670 16670 5
20191106 1032 16665 16670 16665 16670 1420
20191106 1034 16670 16670 16670 16670 5
20191106 1037 16650 16650 16650 16650 5
20191106 1040 16650 16650 16650 16650 5
20191106 1043 16670 16670 16670 16670 5
20191106 1046 16670 16670 16670 16670 5
20191106 1049 16700 16700 16700 16700 5
20191106 1052 16690 16690 16690 16690 5
20191106 1055 16685 16685 16685 16685 5
20191106 1058 16690 16690 16690 16690 5
20191106 1101 16695 16695 16695 16695 5
20191106 1104 16690 16690 16690 16690 5
20191106 1107 16695 16695 16695 16695 5
20191106 1110 16690 16690 16690 16690 5
20191106 1113 16685 16685 16685 16685 5
20191106 1116 16700 16700 16700 16700 5
20191106 1119 16695 16695 16695 16695 5
20191106 1122 16695 16695 16695 16695 5
20191106 1125 16690 16690 16690 16690 5
20191106 1128 16675 16675 16675 16675 5
20191106 1131 16680 16680 16680 16680 5
20191106 1134 16680 16680 16680 16680 5
20191106 1137 16670 16670 16670 16670 5
20191106 1140 16675 16675 16675 16675 5
20191106 1143 16675 16675 16675 16675 5
20191106 1146 16670 16670 16670 16670 5
20191106 1149 16660 16660 16660 16660 5
20191106 1152 16660 16660 16660 16660 5
20191106 1155 16660 16660 16660 16660 5
20191106 1158 16655 16655 16655 16655 5
20191106 1201 16640 16640 16640 16640 5
20191106 1204 16655 16655 16655 16655 5
20191106 1207 16660 16660 16660 16660 5
20191106 1210 16675 16675 16675 16675 5
20191106 1213 16670 16670 16670 16670 5
20191106 1216 16670 16670 16670 16670 5
20191106 1219 16680 16680 16680 16680 5
20191106 1220 16675 16675 16660 16660 1430
20191106 1222 16670 16670 16670 16670 5
20191106 1225 16680 16680 16680 16680 5
20191106 1228 16685 16685 16685 16685 5
20191106 1231 16680 16680 16680 16680 5
20191106 1234 16675 16675 16675 16675 5
20191106 1237 16680 16685 16680 16685 1395
20191106 1240 16680 16680 16680 16680 5
20191106 1243 16685 16685 16685 16685 5
20191106 1245 16680 16680 16680 16680 1358
20191106 1246 16685 16685 16685 16685 5
20191106 1247 16685 16685 16685 16685 2
20191106 1249 16680 16680 16680 16680 5
20191106 1250 16670 16680 16670 16680 1340
20191106 1252 16680 16680 16680 16680 5
20191106 1255 16680 16680 16680 16680 5
20191106 1258 16680 16680 16680 16680 5
20191106 1301 16680 16680 16680 16680 5
20191106 1303 16680 16680 16665 16665 1349
20191106 1304 16665 16680 16665 16680 11
20191106 1307 16680 16680 16680 16680 5
20191106 1310 16680 16680 16680 16680 5
20191106 1313 16675 16675 16675 16675 5
20191106 1316 16680 16680 16680 16680 5
20191106 1317 16675 16680 16675 16680 1290
20191106 1319 16680 16680 16680 16680 5
20191106 1322 16675 16675 16675 16675 5
20191106 1325 16680 16680 16680 16680 5
20191106 1328 16670 16670 16670 16670 5
20191106 1330 16665 16665 16665 16665 1270
20191106 1331 16665 16665 16665 16665 5
20191106 1333 16660 16670 16660 16670 1350
20191106 1334 16670 16685 16670 16685 465
20191106 1337 16680 16680 16680 16680 5
20191106 1340 16690 16690 16690 16690 5
20191106 1341 16685 16685 16685 16685 420
20191106 1343 16675 16690 16675 16690 9
20191106 1346 16685 16685 16685 16685 5
20191106 1347 16670 16670 16670 16670 1
20191106 1348 16670 16670 16670 16670 18
20191106 1349 16685 16685 16685 16685 5
20191106 1352 16680 16680 16680 16680 5
20191106 1355 16680 16680 16680 16680 5
20191106 1359 16680 16680 16680 16680 5
20191107 903 16630 16630 16630 16630 5
20191107 906 16635 16635 16635 16635 5
20191107 909 16625 16625 16625 16625 5
20191107 912 16620 16620 16620 16620 5
20191107 915 16630 16630 16630 16630 5
20191107 918 16625 16625 16625 16625 5
20191107 921 16610 16610 16610 16610 5
20191107 924 16615 16615 16615 16615 5
20191107 926 16600 16600 16600 16600 22
20191107 927 16600 16600 16600 16600 5
20191107 930 16625 16625 16625 16625 5
20191107 933 16635 16635 16635 16635 5
20191107 936 16640 16640 16640 16640 5
20191107 939 16635 16635 16635 16635 5
20191107 942 16650 16650 16650 16650 5
20191107 945 16640 16640 16640 16640 5
20191107 948 16630 16630 16630 16630 5
20191107 951 16630 16630 16630 16630 5
20191107 954 16630 16630 16630 16630 5
20191107 957 16635 16635 16635 16635 5
20191107 1000 16635 16635 16635 16635 5
20191107 1003 16640 16640 16640 16640 5
20191107 1006 16640 16640 16640 16640 5
20191107 1009 16640 16640 16640 16640 5
20191107 1012 16645 16645 16645 16645 5
20191107 1014 16640 16645 16640 16645 1355
20191107 1017 16645 16645 16645 16645 5
20191107 1020 16650 16650 16650 16650 5
20191107 1023 16655 16655 16655 16655 5
20191107 1026 16650 16650 16650 16650 5
20191107 1029 16650 16650 16650 16650 5
20191107 1032 16655 16655 16655 16655 5
20191107 1035 16650 16650 16650 16650 5
20191107 1036 16650 16650 16640 16640 1340
20191107 1038 16655 16655 16655 16655 5
20191107 1041 16665 16665 16665 16665 5
20191107 1044 16645 16645 16645 16645 5
20191107 1047 16640 16640 16640 16640 5
20191107 1050 16640 16640 16640 16640 5
20191107 1051 16635 16635 16635 16635 1
20191107 1053 16630 16635 16630 16635 1288
20191107 1056 16635 16635 16635 16635 5
20191107 1059 16630 16630 16630 16630 5
20191107 1102 16635 16635 16635 16635 5
20191107 1105 16640 16640 16640 16640 5
20191107 1108 16645 16645 16645 16645 5
20191107 1111 16650 16650 16650 16650 5
20191107 1114 16655 16655 16655 16655 5
20191107 1115 16650 16650 16650 16650 1310
20191107 1117 16655 16655 16655 16655 5
20191107 1120 16665 16665 16665 16665 5
20191107 1123 16675 16675 16675 16675 6
20191107 1126 16670 16670 16670 16670 5
20191107 1129 16685 16690 16685 16690 1365
20191107 1132 16690 16690 16690 16690 5
20191107 1135 16690 16690 16690 16690 5
20191107 1137 16685 16685 16685 16685 1260
20191107 1138 16680 16680 16680 16680 5
20191107 1141 16680 16680 16680 16680 5
20191107 1143 16670 16670 16660 16660 1240
20191107 1144 16670 16670 16670 16670 5
20191107 1147 16670 16670 16670 16670 5
20191107 1150 16665 16665 16665 16665 5
20191107 1153 16670 16670 16670 16670 5
20191107 1156 16665 16665 16665 16665 5
20191107 1159 16665 16665 16665 16665 5
20191107 1202 16665 16665 16665 16665 5
20191107 1205 16655 16655 16655 16655 5
20191107 1208 16655 16655 16655 16655 5
20191107 1211 16650 16650 16650 16650 5
20191107 1214 16655 16655 16655 16655 5
20191107 1217 16655 16655 16655 16655 5
20191107 1219 16640 16640 16640 16640 1330
20191107 1220 16640 16640 16640 16640 5
20191107 1223 16640 16640 16640 16640 5
20191107 1224 16630 16630 16630 16630 1315
20191107 1226 16645 16650 16630 16650 1275
20191107 1227 16645 16645 16645 16645 1240
20191107 1229 16645 16645 16645 16645 5
20191107 1232 16650 16650 16650 16650 5
20191107 1235 16650 16650 16650 16650 5
20191107 1238 16650 16650 16650 16650 5
20191107 1241 16650 16650 16650 16650 5
20191107 1244 16655 16655 16655 16655 5
20191107 1247 16655 16655 16655 16655 5
20191107 1250 16665 16665 16665 16665 5
20191107 1252 16660 16665 16660 16665 1300
20191107 1253 16665 16665 16665 16665 5
20191107 1256 16665 16665 16665 16665 5
20191107 1259 16665 16665 16665 16665 5
20191107 1302 16660 16660 16660 16660 1302
20191107 1303 16645 16655 16645 16655 1330
20191107 1304 16655 16655 16655 16655 3
20191107 1305 16650 16650 16650 16650 5
20191107 1308 16645 16645 16645 16645 5
20191107 1310 16640 16640 16640 16640 1320
20191107 1311 16640 16640 16640 16640 5
20191107 1314 16640 16640 16640 16640 5
20191107 1317 16640 16640 16640 16640 5
20191107 1320 16640 16640 16640 16640 5
20191107 1323 16640 16640 16640 16640 5
20191107 1324 16630 16630 16630 16630 1293
20191107 1326 16645 16645 16630 16630 975
20191107 1328 16635 16640 16635 16640 970
20191107 1329 16640 16640 16640 16640 5
20191107 1332 16640 16640 16640 16640 5
20191107 1335 16645 16645 16645 16645 5
20191107 1338 16645 16645 16645 16645 5
20191107 1341 16640 16640 16640 16640 5
20191107 1344 16635 16635 16635 16635 5
20191107 1347 16630 16630 16630 16630 5
20191107 1350 16635 16635 16635 16635 5
20191107 1353 16640 16640 16640 16640 5
20191107 1356 16650 16650 16650 16650 5
20191107 1359 16650 16650 16650 16650 5
20191107 1510 16650 16650 16650 16650 13000
20191108 901 16805 16805 16805 16805 5
20191108 904 16730 16730 16730 16730 5
20191108 907 16710 16710 16710 16710 5
20191108 910 16735 16735 16735 16735 5
20191108 913 16750 16750 16750 16750 5
20191108 916 16750 16750 16750 16750 5
20191108 919 16755 16755 16755 16755 5
20191108 922 16750 16750 16750 16750 5
20191108 925 16730 16730 16730 16730 5
20191108 928 16735 16735 16735 16735 5
20191108 930 16730 16730 16720 16720 2
20191108 931 16740 16740 16740 16740 5
20191108 934 16725 16725 16725 16725 5
20191108 937 16740 16740 16740 16740 5
20191108 940 16720 16720 16720 16720 5
20191108 943 16705 16705 16705 16705 5
20191108 946 16705 16705 16705 16705 5
20191108 949 16705 16705 16705 16705 5
20191108 952 16710 16710 16710 16710 5
20191108 955 16700 16700 16700 16700 5
20191108 958 16695 16695 16695 16695 5
20191108 1001 16700 16700 16700 16700 5
20191108 1004 16690 16690 16690 16690 5
20191108 1007 16670 16670 16670 16670 5
20191108 1010 16655 16655 16655 16655 5
20191108 1013 16660 16660 16660 16660 5
20191108 1016 16670 16670 16670 16670 5
20191108 1019 16655 16655 16655 16655 5
20191108 1022 16640 16640 16640 16640 5
20191108 1025 16625 16625 16625 16625 5
20191108 1028 16650 16650 16650 16650 5
20191108 1031 16655 16655 16655 16655 5
20191108 1034 16640 16640 16640 16640 5
20191108 1037 16655 16655 16655 16655 5
20191108 1040 16655 16655 16655 16655 5
20191108 1043 16660 16660 16660 16660 5
20191108 1046 16655 16655 16655 16655 5
20191108 1049 16650 16650 16650 16650 5
20191108 1052 16655 16655 16655 16655 5
20191108 1055 16655 16655 16655 16655 5
20191108 1058 16650 16650 16650 16650 5
20191108 1101 16640 16640 16640 16640 5
20191108 1104 16640 16640 16640 16640 5
20191108 1107 16640 16640 16640 16640 5
20191108 1110 16630 16630 16630 16630 5
20191108 1113 16635 16635 16635 16635 5
20191108 1116 16625 16625 16625 16625 5
20191108 1119 16635 16635 16635 16635 5
20191108 1120 16630 16630 16630 16630 10
20191108 1122 16615 16615 16615 16615 5
20191108 1125 16620 16620 16620 16620 5
20191108 1128 16635 16635 16635 16635 5
20191108 1131 16645 16645 16645 16645 5
20191108 1134 16645 16645 16645 16645 5
20191108 1137 16640 16640 16640 16640 5
20191108 1140 16640 16640 16640 16640 5
20191108 1142 16630 16630 16630 16630 10
20191108 1143 16630 16635 16630 16635 10
20191108 1146 16625 16630 16625 16630 11
20191108 1149 16640 16640 16640 16640 5
20191108 1152 16635 16635 16635 16635 5
20191108 1155 16635 16635 16635 16635 5
20191108 1158 16635 16635 16635 16635 5
20191108 1201 16630 16630 16630 16630 5
20191108 1204 16620 16620 16620 16620 5
20191108 1207 16625 16625 16625 16625 5
20191108 1210 16625 16625 16625 16625 5
20191108 1213 16645 16645 16645 16645 5
20191108 1216 16645 16645 16645 16645 5
20191108 1219 16640 16640 16640 16640 5
20191108 1222 16635 16635 16635 16635 5
20191108 1225 16630 16630 16630 16630 5
20191108 1228 16635 16635 16635 16635 5
20191108 1231 16635 16635 16635 16635 5
20191108 1234 16645 16645 16645 16645 5
20191108 1237 16635 16635 16635 16635 5
20191108 1240 16630 16630 16630 16630 5
20191108 1243 16630 16630 16630 16630 5
20191108 1246 16630 16630 16630 16630 5
20191108 1249 16630 16630 16630 16630 5
20191108 1252 16630 16630 16630 16630 5
20191108 1255 16630 16630 16630 16630 5
20191108 1258 16635 16635 16635 16635 5
20191108 1301 16635 16635 16635 16635 5
20191108 1304 16630 16630 16630 16630 5
20191108 1307 16630 16630 16630 16630 5
20191108 1310 16625 16625 16625 16625 5
20191108 1313 16625 16625 16625 16625 5
20191108 1316 16620 16620 16620 16620 5
20191108 1317 16615 16615 16615 16615 1
20191108 1319 16625 16625 16625 16625 5
20191108 1322 16625 16625 16625 16625 5
20191108 1325 16625 16625 16625 16625 5
20191108 1328 16625 16625 16625 16625 5
20191108 1332 16620 16620 16620 16620 5
20191108 1334 16620 16620 16620 16620 5
20191108 1337 16615 16615 16615 16615 5
20191108 1340 16615 16615 16615 16615 5
20191108 1343 16615 16615 16615 16615 5
20191108 1346 16625 16625 16625 16625 5
20191108 1349 16625 16625 16625 16625 5
20191108 1352 16620 16620 16620 16620 5
20191108 1355 16625 16625 16625 16625 5
20191108 1359 16615 16615 16615 16615 5
20191108 1505 16620 16620 16620 16620 10
20191108 1508 16610 16610 16610 16610 13000
20191108 1512 16600 16600 16600 16600 8
20191111 901 16660 16660 16660 16660 5
20191111 904 16590 16590 16590 16590 5
20191111 906 16545 16545 16545 16545 7
20191111 907 16550 16550 16550 16550 5
20191111 910 16580 16580 16580 16580 5
20191111 913 16545 16545 16545 16545 5
20191111 914 16545 16545 16545 16545 3
20191111 916 16530 16530 16530 16530 5
20191111 919 16530 16530 16530 16530 5
20191111 922 16540 16540 16540 16540 5
20191111 925 16535 16535 16535 16535 5
20191111 928 16535 16535 16535 16535 5
20191111 931 16545 16545 16545 16545 5
20191111 934 16530 16530 16530 16530 5
20191111 937 16530 16530 16530 16530 1404
20191111 938 16520 16520 16520 16520 1
20191111 940 16530 16530 16530 16530 5
20191111 943 16535 16535 16535 16535 5
20191111 946 16540 16540 16540 16540 5
20191111 949 16525 16525 16525 16525 5
20191111 952 16510 16510 16510 16510 1475
20191111 955 16515 16515 16515 16515 5
20191111 958 16515 16515 16515 16515 5
20191111 1001 16510 16510 16510 16510 5
20191111 1004 16505 16505 16505 16505 5
20191111 1007 16490 16490 16490 16490 5
20191111 1010 16505 16505 16505 16505 5
20191111 1013 16505 16505 16505 16505 5
20191111 1016 16495 16495 16495 16495 5
20191111 1019 16460 16460 16460 16460 5
20191111 1022 16460 16460 16460 16460 5
20191111 1023 16460 16465 16460 16465 1460
20191111 1025 16465 16465 16465 16465 5
20191111 1027 16455 16455 16455 16455 1368
20191111 1028 16440 16460 16440 16460 7
20191111 1031 16455 16455 16455 16455 5
20191111 1034 16450 16450 16450 16450 5
20191111 1037 16450 16450 16450 16450 5
20191111 1040 16445 16445 16445 16445 5
20191111 1043 16460 16460 16460 16460 5
20191111 1045 16460 16470 16460 16470 1350
20191111 1046 16470 16470 16470 16470 5
20191111 1049 16470 16470 16470 16470 5
20191111 1052 16465 16465 16465 16465 5
20191111 1055 16470 16470 16470 16470 5
20191111 1058 16465 16465 16465 16465 5
20191111 1101 16470 16470 16470 16470 5
20191111 1104 16465 16465 16465 16465 5
20191111 1107 16455 16455 16455 16455 5
20191111 1110 16455 16455 16455 16455 5
20191111 1112 16455 16455 16455 16455 1430
20191111 1113 16455 16455 16455 16455 5
20191111 1114 16455 16455 16440 16440 1476
20191111 1115 16440 16440 16440 16440 100
20191111 1116 16460 16460 16460 16460 5
20191111 1119 16460 16460 16460 16460 5
20191111 1122 16455 16455 16455 16455 1406
20191111 1125 16460 16460 16460 16460 5
20191111 1128 16455 16455 16455 16455 5
20191111 1131 16445 16445 16445 16445 5
20191111 1134 16445 16445 16445 16445 5
20191111 1137 16445 16450 16445 16450 1252
20191111 1140 16440 16440 16440 16440 1265
20191111 1143 16445 16445 16445 16445 5
20191111 1146 16450 16450 16450 16450 5
20191111 1149 16450 16450 16450 16450 5
20191111 1152 16450 16450 16450 16450 5
20191111 1154 16455 16455 16440 16440 1410
20191111 1155 16455 16455 16455 16455 5
20191111 1158 16455 16455 16455 16455 5
20191111 1159 16455 16455 16455 16455 1370
20191111 1201 16450 16450 16450 16450 5
20191111 1204 16450 16450 16450 16450 5
20191111 1207 16460 16460 16460 16460 5
20191111 1210 16455 16460 16445 16460 1375
20191111 1213 16460 16460 16460 16460 5
20191111 1216 16465 16465 16465 16465 5
20191111 1219 16460 16460 16460 16460 5
20191111 1222 16465 16465 16465 16465 5
20191111 1225 16465 16465 16465 16465 5
20191111 1228 16460 16460 16460 16460 5
20191111 1231 16475 16475 16475 16475 5
20191111 1234 16470 16470 16470 16470 5
20191111 1237 16460 16460 16460 16460 5
20191111 1240 16465 16465 16465 16465 5
20191111 1243 16460 16460 16460 16460 5
20191111 1246 16460 16460 16460 16460 5
20191111 1249 16460 16460 16460 16460 5
20191111 1252 16455 16455 16455 16455 5
20191111 1255 16460 16460 16460 16460 5
20191111 1258 16465 16465 16465 16465 5
20191111 1301 16460 16460 16460 16460 5
20191111 1304 16460 16460 16460 16460 5
20191111 1307 16460 16460 16460 16460 5
20191111 1310 16460 16460 16460 16460 5
20191111 1312 16460 16460 16460 16460 1
20191111 1313 16465 16465 16465 16465 5
20191111 1314 16465 16470 16465 16470 1320
20191111 1316 16470 16470 16470 16470 5
20191111 1319 16470 16470 16470 16470 5
20191111 1322 16475 16475 16475 16475 5
20191111 1323 16480 16480 16470 16470 400
20191111 1325 16485 16485 16485 16485 5
20191111 1328 16485 16485 16485 16485 5
20191111 1331 16500 16500 16500 16500 5
20191111 1334 16495 16495 16495 16495 5
20191111 1337 16495 16495 16495 16495 5
20191111 1340 16495 16495 16495 16495 5
20191111 1343 16505 16505 16505 16505 5
20191111 1346 16495 16495 16495 16495 5
20191111 1349 16500 16500 16500 16500 5
20191111 1352 16500 16500 16500 16500 5
20191111 1355 16500 16500 16500 16500 5
20191111 1359 16500 16500 16500 16500 5
20191111 1429 16540 16545 16540 16545 434
20191111 1456 16550 16555 16550 16555 13000
20191112 901 16625 16625 16625 16625 5
20191112 905 16505 16505 16505 16505 5
20191112 907 16495 16495 16495 16495 5
20191112 910 16515 16515 16515 16515 5
20191112 913 16505 16505 16505 16505 5
20191112 916 16505 16505 16505 16505 5
20191112 919 16500 16500 16500 16500 5
20191112 922 16490 16490 16490 16490 5
20191112 925 16500 16500 16500 16500 5
20191112 928 16510 16510 16510 16510 5
20191112 931 16515 16515 16515 16515 5
20191112 934 16540 16540 16540 16540 5
20191112 937 16525 16525 16525 16525 5
20191112 940 16530 16530 16530 16530 5
20191112 943 16530 16530 16530 16530 5
20191112 946 16540 16540 16540 16540 5
20191112 949 16540 16540 16540 16540 5
20191112 952 16540 16540 16540 16540 5
20191112 955 16530 16530 16530 16530 5
20191112 958 16540 16540 16540 16540 5
20191112 1001 16540 16540 16540 16540 5
20191112 1004 16520 16520 16520 16520 5
20191112 1007 16520 16520 16520 16520 5
20191112 1010 16525 16525 16525 16525 5
20191112 1013 16515 16515 16515 16515 5
20191112 1016 16505 16505 16505 16505 5
20191112 1019 16505 16505 16505 16505 5
20191112 1022 16505 16505 16505 16505 5
20191112 1024 16500 16500 16500 16500 3
20191112 1025 16505 16505 16505 16505 5
20191112 1028 16515 16515 16515 16515 5
20191112 1031 16500 16500 16500 16500 5
20191112 1034 16490 16490 16490 16490 5
20191112 1040 16515 16515 16515 16515 5
20191112 1043 16500 16505 16500 16505 10
20191112 1046 16470 16470 16470 16470 5
20191112 1049 16485 16485 16485 16485 5
20191112 1052 16495 16495 16495 16495 5
20191112 1055 16490 16490 16490 16490 5
20191112 1058 16480 16480 16480 16480 5
20191112 1101 16480 16480 16480 16480 5
20191112 1104 16480 16480 16480 16480 5
20191112 1107 16485 16485 16485 16485 5
20191112 1110 16480 16480 16480 16480 5
20191112 1113 16485 16485 16485 16485 5
20191112 1116 16485 16485 16485 16485 5
20191112 1119 16495 16495 16495 16495 5
20191112 1122 16510 16510 16510 16510 5
20191112 1125 16510 16510 16510 16510 5
20191112 1128 16505 16505 16505 16505 5
20191112 1131 16515 16515 16515 16515 5
20191112 1134 16515 16515 16515 16515 5
20191112 1137 16510 16510 16510 16510 5
20191112 1140 16500 16500 16500 16500 5
20191112 1143 16505 16505 16505 16505 5
20191112 1146 16505 16505 16505 16505 5
20191112 1149 16500 16500 16500 16500 5
20191112 1152 16495 16495 16495 16495 5
20191112 1155 16495 16495 16495 16495 5
20191112 1158 16495 16495 16495 16495 5
20191112 1201 16500 16500 16500 16500 5
20191112 1204 16495 16495 16495 16495 5
20191112 1207 16475 16475 16475 16475 5
20191112 1210 16480 16480 16480 16480 5
20191112 1213 16495 16495 16495 16495 5
20191112 1216 16495 16495 16495 16495 5
20191112 1219 16495 16495 16495 16495 5
20191112 1222 16490 16490 16490 16490 5
20191112 1225 16500 16500 16500 16500 5
20191112 1228 16495 16495 16495 16495 5
20191112 1231 16505 16505 16505 16505 5
20191112 1234 16505 16505 16505 16505 5
20191112 1237 16505 16505 16505 16505 5
20191112 1240 16500 16500 16500 16500 5
20191112 1243 16500 16500 16500 16500 5
20191112 1246 16505 16505 16505 16505 5
20191112 1249 16505 16505 16505 16505 5
20191112 1252 16505 16505 16505 16505 5
20191112 1255 16510 16510 16510 16510 5
20191112 1258 16510 16510 16510 16510 5
20191112 1301 16505 16505 16505 16505 5
20191112 1304 16500 16500 16500 16500 5
20191112 1307 16500 16500 16500 16500 5
20191112 1310 16505 16505 16505 16505 5
20191112 1313 16505 16505 16505 16505 5
20191112 1316 16510 16510 16510 16510 5
20191112 1319 16510 16510 16510 16510 5
20191112 1322 16510 16510 16510 16510 5
20191112 1325 16505 16505 16505 16505 5
20191112 1328 16515 16515 16515 16515 5
20191112 1331 16510 16510 16510 16510 5
20191112 1334 16510 16510 16510 16510 5
20191112 1337 16515 16515 16515 16515 5
20191112 1340 16515 16515 16515 16515 5
20191112 1343 16520 16520 16520 16520 5
20191112 1346 16545 16545 16545 16545 5
20191112 1349 16535 16535 16535 16535 5
20191112 1352 16535 16535 16535 16535 5
20191112 1355 16530 16530 16530 16530 5
20191112 1359 16535 16535 16535 16535 5
20191113 901 16670 16670 16670 16670 6
20191113 904 16550 16550 16550 16550 5
20191113 907 16535 16535 16535 16535 5
20191113 910 16545 16545 16545 16545 5
20191113 913 16540 16540 16540 16540 5
20191113 914 16520 16520 16520 16520 1
20191113 916 16535 16535 16535 16535 5
20191113 919 16525 16525 16525 16525 5
20191113 922 16530 16530 16530 16530 5
20191113 925 16525 16525 16525 16525 5
20191113 928 16525 16525 16525 16525 5
20191113 931 16530 16530 16530 16530 5
20191113 934 16540 16540 16540 16540 5
20191113 937 16530 16530 16530 16530 5
20191113 940 16530 16530 16530 16530 5
20191113 943 16535 16535 16535 16535 5
20191113 946 16495 16495 16495 16495 5
20191113 949 16495 16495 16470 16470 6
20191113 952 16470 16470 16470 16470 5
20191113 955 16465 16465 16465 16465 5
20191113 958 16470 16470 16470 16470 5
20191113 1001 16495 16495 16495 16495 5
20191113 1004 16495 16495 16495 16495 5
20191113 1007 16490 16490 16490 16490 5
20191113 1010 16490 16490 16490 16490 5
20191113 1013 16485 16485 16485 16485 5
20191113 1016 16475 16475 16475 16475 5
20191113 1019 16470 16470 16470 16470 5
20191113 1022 16485 16485 16485 16485 5
20191113 1025 16480 16480 16480 16480 5
20191113 1028 16480 16480 16480 16480 5
20191113 1031 16465 16465 16465 16465 5
20191113 1034 16470 16470 16470 16470 5
20191113 1037 16475 16475 16475 16475 5
20191113 1040 16470 16470 16470 16470 5
20191113 1043 16475 16475 16475 16475 5
20191113 1046 16460 16460 16460 16460 5
20191113 1049 16455 16455 16455 16455 5
20191113 1052 16455 16455 16455 16455 5
20191113 1055 16455 16455 16455 16455 5
20191113 1058 16455 16455 16455 16455 5
20191113 1105 16455 16455 16455 16455 5
20191113 1109 16465 16465 16465 16465 5
20191113 1113 16475 16475 16475 16475 5
20191113 1117 16475 16475 16475 16475 5
20191113 1121 16475 16475 16475 16475 5
20191113 1126 16470 16470 16470 16470 5
20191113 1130 16470 16470 16470 16470 5
20191113 1134 16470 16470 16470 16470 5
20191113 1138 16470 16470 16470 16470 5
20191113 1142 16495 16495 16495 16495 5
20191113 1146 16465 16465 16465 16465 5
20191113 1151 16475 16475 16475 16475 5
20191113 1155 16495 16495 16495 16495 5
20191113 1159 16495 16495 16495 16495 5
20191113 1203 16490 16490 16490 16490 5
20191113 1207 16495 16495 16495 16495 5
20191113 1211 16495 16495 16495 16495 5
20191113 1216 16495 16495 16495 16495 5
20191113 1219 16490 16490 16490 16490 1396
20191113 1220 16490 16490 16490 16490 5
20191113 1224 16495 16495 16495 16495 5
20191113 1228 16490 16490 16490 16490 5
20191113 1232 16485 16485 16485 16485 5
20191113 1233 16485 16490 16485 16490 1400
20191113 1236 16490 16490 16490 16490 5
20191113 1241 16485 16485 16485 16485 5
20191113 1245 16475 16475 16475 16475 5
20191113 1249 16475 16475 16475 16475 5
20191113 1253 16475 16475 16475 16475 5
20191113 1257 16465 16465 16465 16465 5
20191113 1301 16465 16465 16465 16465 5
20191113 1306 16470 16470 16470 16470 5
20191113 1309 16470 16470 16455 16455 1370
20191113 1310 16475 16475 16475 16475 5
20191113 1314 16470 16470 16470 16470 5
20191113 1316 16465 16470 16465 16470 1440
20191113 1318 16465 16465 16465 16465 5
20191113 1322 16460 16460 16460 16460 5
20191113 1326 16455 16455 16455 16455 5
20191113 1329 16450 16450 16450 16450 1345
20191113 1330 16445 16445 16445 16445 5
20191113 1331 16455 16455 16455 16455 1295
20191113 1335 16455 16455 16455 16455 5
20191113 1339 16460 16460 16460 16460 5
20191113 1343 16460 16460 16460 16460 5
20191113 1347 16460 16460 16460 16460 5
20191113 1348 16455 16455 16455 16455 1286
20191113 1351 16460 16460 16460 16460 5
20191113 1354 16460 16460 16460 16460 1320
20191113 1356 16460 16460 16450 16450 20
20191113 1400 16465 16465 16465 16465 1443
20191113 1401 16465 16465 16465 16465 4
20191113 1404 16475 16475 16475 16475 5
20191113 1406 16470 16470 16470 16470 1438
20191113 1408 16470 16470 16470 16470 5
20191113 1412 16460 16460 16460 16460 5
20191113 1415 16460 16460 16460 16460 1375
20191113 1416 16465 16465 16465 16465 10
20191113 1417 16465 16470 16465 16470 1260
20191113 1418 16470 16470 16470 16470 4
20191113 1421 16465 16465 16465 16465 1278
20191113 1423 16465 16465 16465 16465 1330
20191113 1424 16460 16460 16460 16460 546
20191113 1425 16450 16465 16450 16465 9
20191113 1429 16455 16455 16455 16455 5
20191113 1430 16455 16455 16455 16455 557
20191113 1431 16445 16445 16445 16445 28
20191113 1433 16475 16475 16475 16475 5
20191113 1437 16475 16475 16475 16475 5
20191113 1441 16485 16485 16485 16485 5
20191113 1446 16485 16485 16485 16485 5
20191113 1450 16485 16485 16485 16485 5
20191113 1454 16485 16485 16485 16485 5
20191113 1458 16485 16485 16485 16485 5
20191113 1502 16470 16470 16470 16470 5
20191113 1506 16465 16465 16465 16465 5
20191113 1511 16470 16470 16470 16470 5
20191114 1001 16585 16585 16585 16585 5
20191114 1004 16535 16535 16535 16535 5
20191114 1008 16535 16535 16535 16535 5
20191114 1011 16530 16530 16530 16530 5
20191114 1015 16530 16530 16530 16530 5
20191114 1019 16530 16530 16530 16530 5
20191114 1022 16525 16525 16525 16525 5
20191114 1026 16530 16530 16530 16530 5
20191114 1029 16550 16550 16550 16550 5
20191114 1033 16550 16550 16550 16550 5
20191114 1037 16560 16560 16560 16560 5
20191114 1040 16560 16560 16560 16560 5
20191114 1044 16560 16560 16560 16560 5
20191114 1048 16565 16565 16565 16565 5
20191114 1051 16565 16565 16565 16565 5
20191114 1055 16560 16560 16560 16560 5
20191114 1058 16545 16545 16545 16545 5
20191114 1102 16525 16525 16525 16525 5
20191114 1106 16505 16505 16505 16505 5
20191114 1109 16525 16525 16525 16525 5
20191114 1113 16525 16525 16525 16525 5
20191114 1116 16520 16520 16520 16520 5
20191114 1120 16520 16520 16520 16520 5
20191114 1124 16530 16530 16530 16530 5
20191114 1127 16540 16540 16540 16540 5
20191114 1131 16540 16540 16540 16540 5
20191114 1135 16540 16540 16540 16540 5
20191114 1138 16520 16520 16520 16520 5
20191114 1141 16480 16480 16480 16480 6
20191114 1142 16485 16485 16485 16485 5
20191114 1145 16490 16490 16490 16490 5
20191114 1149 16500 16500 16500 16500 5
20191114 1153 16500 16500 16500 16500 5
20191114 1156 16490 16490 16490 16490 5
20191114 1200 16495 16495 16495 16495 5
20191114 1203 16490 16490 16490 16490 5
20191114 1207 16495 16495 16495 16495 5
20191114 1211 16500 16500 16500 16500 5
20191114 1214 16505 16505 16505 16505 5
20191114 1218 16520 16520 16520 16520 5
20191114 1222 16515 16515 16515 16515 5
20191114 1225 16520 16520 16520 16520 5
20191114 1229 16520 16520 16520 16520 5
20191114 1232 16520 16520 16520 16520 5
20191114 1236 16540 16540 16540 16540 5
20191114 1240 16540 16540 16540 16540 5
20191114 1243 16550 16550 16550 16550 5
20191114 1247 16545 16545 16545 16545 5
20191114 1250 16540 16540 16540 16540 5
20191114 1254 16535 16535 16535 16535 5
20191114 1258 16535 16535 16535 16535 5
20191114 1301 16535 16535 16535 16535 5
20191114 1305 16525 16525 16525 16525 5
20191114 1309 16520 16520 16520 16520 5
20191114 1312 16535 16535 16535 16535 5
20191114 1316 16530 16530 16530 16530 5
20191114 1319 16530 16530 16530 16530 5
20191114 1323 16525 16525 16525 16525 5
20191114 1327 16540 16540 16540 16540 5
20191114 1330 16535 16535 16535 16535 5
20191114 1334 16525 16525 16525 16525 5
20191114 1337 16525 16525 16525 16525 5
20191114 1341 16525 16525 16525 16525 5
20191114 1345 16525 16525 16525 16525 5
20191114 1348 16525 16525 16525 16525 5
20191114 1352 16525 16525 16525 16525 5
20191114 1356 16530 16530 16530 16530 5
20191114 1359 16545 16545 16545 16545 5
20191114 1403 16545 16545 16545 16545 5
20191114 1406 16555 16555 16555 16555 5
20191114 1410 16545 16545 16545 16545 5
20191114 1414 16545 16545 16545 16545 5
20191114 1417 16545 16545 16545 16545 5
20191114 1421 16550 16550 16550 16550 5
20191114 1424 16560 16560 16560 16560 5
20191114 1428 16550 16550 16550 16550 5
20191114 1432 16545 16545 16545 16545 5
20191114 1435 16555 16555 16555 16555 5
20191114 1439 16555 16555 16555 16555 5
20191114 1443 16560 16560 16560 16560 5
20191114 1446 16555 16555 16555 16555 5
20191114 1450 16555 16555 16555 16555 5
20191114 1453 16555 16555 16555 16555 5
20191114 1457 16565 16565 16565 16565 5
20191114 1501 16560 16560 16560 16560 5
20191114 1504 16550 16550 16550 16550 5
20191114 1508 16540 16540 16540 16540 5
20191114 1511 16540 16540 16540 16540 5
20191114 1515 16535 16535 16535 16535 5
20191114 1519 16545 16545 16545 16545 5
20191114 1522 16545 16545 16545 16545 5
20191114 1526 16545 16545 16545 16545 5
20191114 1530 16555 16555 16555 16555 5
20191114 1533 16560 16560 16560 16560 5
20191114 1537 16555 16555 16555 16555 5
20191114 1540 16560 16560 16560 16560 5
20191114 1544 16555 16555 16555 16555 5
20191114 1548 16560 16560 16560 16560 5
20191114 1551 16565 16565 16565 16565 5
20191114 1555 16560 16560 16560 16560 5
20191114 1559 16555 16555 16555 16555 5
20191114 1615 16560 16560 16560 16560 10100
20191114 1616 16560 16560 16560 16560 2900
20191114 1630 16610 16610 16610 16610 60
20191115 901 16555 16610 16555 16610 60
20191115 904 16635 16635 16635 16635 5
20191115 908 16620 16620 16620 16620 5
20191115 911 16620 16620 16620 16620 5
20191115 915 16630 16630 16630 16630 5
20191115 916 16615 16615 16615 16615 6
20191115 919 16645 16645 16645 16645 5
20191115 922 16620 16620 16620 16620 5
20191115 926 16630 16630 16630 16630 5
20191115 929 16640 16640 16640 16640 5
20191115 933 16635 16635 16635 16635 5
20191115 937 16640 16640 16640 16640 5
20191115 940 16690 16690 16690 16690 5
20191115 942 16690 16690 16690 16690 1380
20191115 944 16695 16695 16695 16695 5
20191115 947 16720 16725 16720 16725 1450
20191115 948 16725 16725 16725 16725 5
20191115 951 16750 16750 16750 16750 1445
20191115 955 16750 16750 16750 16750 5
20191115 958 16775 16775 16775 16775 1385
20191115 1002 16775 16775 16775 16775 5
20191115 1004 16775 16780 16775 16780 1270
20191115 1006 16775 16775 16775 16775 5
20191115 1009 16795 16795 16795 16795 5
20191115 1013 16800 16800 16800 16800 5
20191115 1014 16795 16795 16795 16795 1306
20191115 1015 16810 16810 16810 16810 4
20191115 1016 16830 16830 16830 16830 5
20191115 1020 16820 16820 16820 16820 5
20191115 1024 16820 16820 16820 16820 5
20191115 1026 16820 16820 16820 16820 1398
20191115 1027 16820 16820 16820 16820 5
20191115 1031 16825 16825 16825 16825 5
20191115 1032 16830 16830 16830 16830 1260
20191115 1035 16815 16815 16815 16815 5
20191115 1037 16810 16810 16805 16810 1280
20191115 1038 16805 16810 16805 16810 8
20191115 1039 16820 16820 16820 16820 1350
20191115 1040 16810 16810 16805 16805 13
20191115 1042 16820 16820 16820 16820 5
20191115 1045 16815 16815 16815 16815 5
20191115 1049 16810 16810 16810 16810 5
20191115 1053 16810 16810 16810 16810 5
20191115 1056 16820 16820 16820 16820 5
20191115 1100 16830 16830 16830 16830 5
20191115 1103 16825 16825 16825 16825 5
20191115 1107 16825 16825 16825 16825 1375
20191115 1111 16835 16835 16835 16835 5
20191115 1114 16835 16835 16835 16835 5
20191115 1118 16830 16830 16830 16830 5
20191115 1122 16830 16830 16830 16830 5
20191115 1123 16830 16830 16830 16830 1365
20191115 1125 16835 16835 16835 16835 5
20191115 1129 16835 16835 16835 16835 5
20191115 1132 16840 16840 16840 16840 5
20191115 1136 16840 16840 16840 16840 5
20191115 1140 16840 16840 16840 16840 5
20191115 1143 16860 16860 16860 16860 5
20191115 1147 16845 16845 16845 16845 5
20191115 1150 16845 16845 16845 16845 5
20191115 1154 16840 16840 16840 16840 1276
20191115 1158 16855 16855 16855 16855 5
20191115 1201 16860 16860 16860 16860 5
20191115 1203 16855 16855 16855 16855 1226
20191115 1205 16855 16855 16855 16855 5
20191115 1206 16835 16850 16835 16850 886
20191115 1209 16850 16850 16850 16850 784
20191115 1210 16840 16855 16840 16855 28
20191115 1212 16845 16845 16845 16845 5
20191115 1216 16845 16845 16845 16845 5
20191115 1219 16845 16845 16845 16845 5
20191115 1223 16840 16840 16840 16840 5
20191115 1227 16835 16835 16835 16835 5
20191115 1230 16835 16835 16835 16835 5
20191115 1234 16840 16840 16840 16840 5
20191115 1237 16830 16830 16830 16830 5
20191115 1241 16830 16830 16830 16830 5
20191115 1245 16825 16825 16825 16825 5
20191115 1248 16825 16825 16825 16825 5
20191115 1252 16825 16825 16825 16825 5
20191115 1256 16830 16830 16830 16830 5
20191115 1259 16830 16830 16830 16830 5
20191115 1303 16840 16840 16840 16840 5
20191115 1306 16845 16845 16845 16845 5
20191115 1310 16860 16860 16860 16860 5
20191115 1314 16855 16855 16855 16855 5
20191115 1317 16845 16845 16845 16845 5
20191115 1321 16845 16845 16845 16845 5
20191115 1324 16845 16845 16845 16845 5
20191115 1328 16840 16840 16840 16840 5
20191115 1332 16840 16840 16840 16840 5
20191115 1335 16840 16840 16840 16840 5
20191115 1339 16840 16840 16840 16840 5
20191115 1343 16830 16830 16830 16830 5
20191115 1346 16825 16825 16825 16825 5
20191115 1350 16830 16830 16830 16830 5
20191115 1353 16840 16840 16840 16840 5
20191115 1357 16835 16835 16835 16835 5
20191115 1401 16830 16830 16830 16830 5
20191115 1404 16840 16840 16840 16840 5
20191115 1408 16830 16830 16830 16830 5
20191115 1411 16830 16830 16830 16830 5
20191115 1415 16825 16825 16825 16825 5
20191115 1419 16830 16830 16830 16830 5
20191115 1422 16830 16830 16830 16830 5
20191115 1426 16820 16820 16820 16820 5
20191115 1430 16800 16800 16800 16800 5
20191115 1433 16795 16795 16795 16795 5
20191115 1437 16810 16810 16810 16810 5
20191115 1440 16805 16805 16805 16805 5
20191115 1444 16810 16810 16810 16810 5
20191115 1448 16815 16815 16815 16815 5
20191115 1451 16820 16820 16820 16820 5
20191115 1455 16820 16820 16820 16820 5
20191115 1459 16805 16805 16805 16805 5
20191118 902 16850 16850 16850 16850 5
20191118 905 16850 16850 16850 16850 5
20191118 909 16825 16825 16825 16825 5
20191118 912 16825 16825 16825 16825 5
20191118 916 16805 16805 16805 16805 5
20191118 920 16815 16815 16815 16815 5
20191118 923 16815 16815 16815 16815 5
20191118 927 16810 16810 16810 16810 5
20191118 930 16815 16815 16815 16815 5
20191118 934 16830 16830 16830 16830 5
20191118 938 16835 16835 16835 16835 5
20191118 941 16815 16815 16815 16815 5
20191118 945 16815 16815 16815 16815 5
20191118 948 16790 16790 16790 16790 5
20191118 952 16795 16795 16795 16795 5
20191118 956 16790 16790 16790 16790 5
20191118 959 16810 16810 16810 16810 5
20191118 1003 16815 16815 16815 16815 5
20191118 1006 16820 16820 16820 16820 5
20191118 1010 16810 16810 16810 16810 5
20191118 1014 16820 16820 16820 16820 5
20191118 1017 16825 16825 16825 16825 5
20191118 1021 16815 16815 16815 16815 5
20191118 1024 16815 16815 16815 16815 5
20191118 1028 16800 16800 16800 16800 5
20191118 1032 16800 16800 16800 16800 5
20191118 1035 16790 16790 16790 16790 5
20191118 1039 16805 16805 16805 16805 5
20191118 1043 16790 16790 16790 16790 5
20191118 1046 16790 16790 16790 16790 5
20191118 1050 16800 16800 16800 16800 5
20191118 1053 16810 16810 16810 16810 5
20191118 1057 16810 16810 16810 16810 5
20191118 1101 16820 16820 16820 16820 5
20191118 1104 16805 16805 16805 16805 5
20191118 1108 16810 16810 16810 16810 5
20191118 1111 16805 16805 16805 16805 5
20191118 1115 16800 16800 16800 16800 5
20191118 1119 16795 16795 16795 16795 5
20191118 1122 16790 16790 16790 16790 5
20191118 1126 16790 16790 16790 16790 5
20191118 1129 16795 16795 16795 16795 5
20191118 1133 16785 16785 16785 16785 5
20191118 1137 16785 16785 16785 16785 5
20191118 1140 16795 16795 16795 16795 5
20191118 1144 16795 16795 16795 16795 5
20191118 1147 16780 16780 16780 16780 5
20191118 1151 16780 16780 16780 16780 5
20191118 1155 16780 16780 16780 16780 5
20191118 1158 16795 16795 16795 16795 5
20191118 1202 16800 16800 16800 16800 5
20191118 1205 16800 16800 16800 16800 5
20191118 1209 16795 16795 16795 16795 5
20191118 1213 16795 16795 16790 16790 7
20191118 1216 16800 16800 16800 16800 5
20191118 1220 16810 16810 16810 16810 5
20191118 1223 16810 16810 16810 16810 5
20191118 1227 16810 16810 16810 16810 5
20191118 1231 16800 16800 16800 16800 5
20191118 1234 16805 16805 16805 16805 5
20191118 1238 16810 16810 16810 16810 5
20191118 1242 16810 16810 16810 16810 5
20191118 1245 16800 16800 16800 16800 5
20191118 1249 16810 16810 16810 16810 5
20191118 1252 16805 16805 16805 16805 5
20191118 1256 16805 16805 16805 16805 5
20191118 1300 16805 16805 16805 16805 5
20191118 1303 16805 16805 16805 16805 5
20191118 1307 16800 16800 16800 16800 5
20191118 1310 16805 16805 16805 16805 5
20191118 1314 16800 16800 16800 16800 5
20191118 1318 16790 16790 16790 16790 5
20191118 1321 16790 16790 16790 16790 5
20191118 1325 16795 16795 16795 16795 5
20191118 1328 16790 16790 16790 16790 5
20191118 1332 16790 16790 16790 16790 5
20191118 1336 16790 16790 16790 16790 5
20191118 1339 16795 16795 16795 16795 5
20191118 1343 16790 16790 16790 16790 5
20191118 1346 16795 16795 16795 16795 5
20191118 1350 16795 16795 16795 16795 5
20191118 1354 16785 16785 16785 16785 5
20191118 1357 16775 16775 16775 16775 5
20191118 1401 16785 16785 16785 16785 5
20191118 1404 16795 16795 16795 16795 5
20191118 1408 16790 16790 16790 16790 5
20191118 1412 16780 16780 16780 16780 5
20191118 1415 16790 16790 16790 16790 5
20191118 1419 16790 16790 16790 16790 5
20191118 1422 16795 16795 16795 16795 5
20191118 1426 16795 16795 16795 16795 5
20191118 1430 16795 16795 16795 16795 5
20191118 1433 16795 16795 16795 16795 5
20191118 1437 16790 16790 16790 16790 5
20191118 1440 16795 16795 16795 16795 5
20191118 1444 16795 16795 16795 16795 5
20191118 1448 16795 16795 16795 16795 5
20191118 1451 16805 16805 16805 16805 5
20191118 1455 16810 16810 16810 16810 5
20191118 1459 16810 16810 16810 16810 5
20191119 901 16810 16810 16810 16810 5
20191119 904 16775 16775 16775 16775 5
20191119 906 16770 16780 16770 16780 1380
20191119 908 16750 16750 16750 16750 5
20191119 909 16695 16695 16695 16695 1440
20191119 911 16685 16685 16685 16685 5
20191119 912 16685 16690 16685 16690 1423
20191119 915 16685 16685 16685 16685 5
20191119 918 16670 16670 16670 16670 1403
20191119 919 16670 16670 16670 16670 5
20191119 920 16665 16665 16650 16650 1360
20191119 922 16675 16675 16675 16675 5
20191119 923 16670 16670 16670 16670 1360
20191119 926 16660 16660 16660 16660 1345
20191119 929 16665 16665 16665 16665 5
20191119 930 16665 16670 16665 16670 1288
20191119 932 16670 16670 16670 16670 1290
20191119 933 16675 16675 16675 16675 5
20191119 937 16670 16670 16665 16665 1352
20191119 938 16660 16660 16660 16660 3
20191119 940 16675 16675 16660 16675 1355
20191119 942 16635 16635 16635 16635 1
20191119 944 16645 16645 16645 16645 5
20191119 947 16640 16645 16640 16645 1260
20191119 948 16645 16645 16645 16645 5
20191119 951 16645 16645 16645 16645 5
20191119 953 16640 16640 16630 16630 1230
20191119 955 16640 16645 16640 16645 1305
20191119 958 16645 16645 16645 16645 5
20191119 1002 16640 16640 16640 16640 5
20191119 1006 16640 16640 16640 16640 5
20191119 1009 16660 16660 16660 16660 5
20191119 1013 16655 16655 16655 16655 5
20191119 1016 16675 16675 16675 16675 5
20191119 1020 16680 16680 16680 16680 5
20191119 1021 16680 16680 16680 16680 698
20191119 1022 16670 16675 16670 16675 700
20191119 1024 16660 16660 16650 16650 35
20191119 1027 16655 16655 16655 16655 5
20191119 1031 16670 16670 16670 16670 5
20191119 1035 16675 16675 16675 16675 5
20191119 1038 16690 16690 16690 16690 5
20191119 1042 16695 16695 16695 16695 5
20191119 1045 16705 16705 16705 16705 5
20191119 1049 16715 16715 16715 16715 5
20191119 1053 16715 16715 16715 16715 5
20191119 1056 16740 16740 16740 16740 5
20191119 1100 16740 16740 16740 16740 5
20191119 1103 16740 16740 16740 16740 5
20191119 1107 16735 16735 16735 16735 5
20191119 1111 16740 16740 16740 16740 5
20191119 1114 16750 16750 16750 16750 5
20191119 1118 16750 16750 16750 16750 5
20191119 1122 16760 16760 16760 16760 5
20191119 1125 16755 16755 16755 16755 5
20191119 1129 16760 16760 16760 16760 5
20191119 1132 16775 16775 16775 16775 5
20191119 1136 16770 16770 16770 16770 5
20191119 1140 16770 16770 16770 16770 5
20191119 1143 16775 16775 16775 16775 5
20191119 1147 16765 16765 16765 16765 5
20191119 1150 16760 16760 16760 16760 5
20191119 1154 16760 16760 16760 16760 5
20191119 1158 16765 16765 16765 16765 5
20191119 1201 16760 16760 16760 16760 5
20191119 1205 16760 16760 16760 16760 5
20191119 1209 16755 16755 16755 16755 5
20191119 1212 16755 16755 16755 16755 5
20191119 1216 16755 16755 16755 16755 5
20191119 1219 16745 16745 16745 16745 5
20191119 1223 16735 16735 16735 16735 5
20191119 1227 16740 16740 16740 16740 5
20191119 1230 16750 16750 16750 16750 5
20191119 1234 16750 16750 16750 16750 5
20191119 1237 16750 16750 16750 16750 5
20191119 1241 16750 16750 16750 16750 5
20191119 1245 16765 16765 16765 16765 5
20191119 1248 16770 16770 16770 16770 5
20191119 1252 16770 16770 16770 16770 5
20191119 1256 16770 16770 16770 16770 5
20191119 1259 16760 16760 16760 16760 5
20191119 1303 16750 16750 16750 16750 5
20191119 1306 16735 16735 16735 16735 5
20191119 1310 16740 16740 16740 16740 5
20191119 1314 16735 16735 16735 16735 5
20191119 1317 16735 16735 16735 16735 5
20191119 1321 16730 16730 16730 16730 5
20191119 1324 16740 16740 16740 16740 5
20191119 1328 16740 16740 16740 16740 5
20191119 1332 16740 16740 16740 16740 5
20191119 1335 16745 16745 16745 16745 5
20191119 1339 16740 16740 16740 16740 5
20191119 1343 16755 16755 16755 16755 5
20191119 1346 16755 16755 16755 16755 5
20191119 1350 16750 16750 16750 16750 5
20191119 1353 16760 16760 16760 16760 5
20191119 1357 16755 16755 16755 16755 5
20191119 1401 16755 16755 16755 16755 5
20191119 1404 16755 16755 16755 16755 5
20191119 1408 16755 16755 16755 16755 5
20191119 1411 16755 16755 16755 16755 5
20191119 1415 16760 16760 16760 16760 5
20191119 1419 16755 16755 16755 16755 5
20191119 1422 16760 16760 16760 16760 5
20191119 1426 16760 16760 16760 16760 5
20191119 1430 16745 16745 16745 16745 5
20191119 1433 16760 16760 16760 16760 5
20191119 1437 16730 16730 16730 16730 5
20191119 1440 16730 16730 16730 16730 5
20191119 1444 16725 16725 16725 16725 5
20191119 1448 16715 16715 16715 16715 5
20191119 1451 16710 16710 16710 16710 5
20191119 1455 16725 16725 16725 16725 5
20191119 1459 16750 16750 16750 16750 5
20191120 901 16755 16755 16755 16755 5
20191120 904 16650 16650 16650 16650 5
20191120 908 16685 16685 16685 16685 5
20191120 911 16690 16690 16690 16690 5
20191120 915 16705 16705 16705 16705 5
20191120 919 16695 16695 16695 16695 5
20191120 922 16700 16700 16700 16700 5
20191120 926 16695 16695 16695 16695 5
20191120 929 16685 16685 16685 16685 5
20191120 933 16685 16685 16685 16685 5
20191120 937 16690 16690 16690 16690 5
20191120 940 16700 16700 16700 16700 5
20191120 944 16705 16705 16705 16705 5
20191120 948 16695 16695 16695 16695 5
20191120 951 16685 16685 16685 16685 5
20191120 955 16680 16680 16680 16680 5
20191120 958 16680 16680 16680 16680 5
20191120 1002 16680 16680 16680 16680 5
20191120 1006 16670 16670 16670 16670 5
20191120 1009 16670 16670 16670 16670 5
20191120 1013 16650 16650 16650 16650 5
20191120 1016 16665 16665 16665 16665 5
20191120 1020 16655 16655 16655 16655 5
20191120 1024 16625 16625 16625 16625 5
20191120 1027 16635 16635 16635 16635 5
20191120 1031 16625 16625 16625 16625 5
20191120 1035 16650 16650 16650 16650 5
20191120 1038 16645 16645 16645 16645 5
20191120 1042 16645 16645 16645 16645 5
20191120 1044 16625 16625 16625 16625 1
20191120 1045 16625 16625 16625 16625 5
20191120 1049 16630 16630 16630 16630 5
20191120 1053 16600 16600 16600 16600 5
20191120 1056 16600 16600 16600 16600 5
20191120 1100 16600 16600 16600 16600 5
20191120 1103 16600 16600 16600 16600 5
20191120 1107 16600 16600 16600 16600 5
20191120 1111 16600 16600 16600 16600 5
20191120 1114 16605 16605 16605 16605 5
20191120 1118 16600 16600 16600 16600 5
20191120 1122 16610 16610 16610 16610 5
20191120 1125 16590 16590 16590 16590 5
20191120 1129 16595 16595 16595 16595 5
20191120 1132 16600 16600 16600 16600 5
20191120 1136 16595 16595 16595 16595 5
20191120 1140 16595 16595 16595 16595 5
20191120 1143 16580 16580 16580 16580 5
20191120 1147 16580 16580 16580 16580 5
20191120 1150 16585 16585 16585 16585 5
20191120 1154 16590 16590 16590 16590 5
20191120 1158 16595 16595 16595 16595 5
20191120 1201 16580 16580 16580 16580 5
20191120 1205 16585 16585 16585 16585 5
20191120 1209 16590 16590 16590 16590 5
20191120 1212 16595 16595 16595 16595 5
20191120 1216 16590 16590 16590 16590 5
20191120 1219 16595 16595 16595 16595 5
20191120 1223 16585 16585 16585 16585 5
20191120 1227 16580 16580 16580 16580 5
20191120 1230 16590 16590 16590 16590 5
20191120 1234 16590 16590 16590 16590 5
20191120 1237 16585 16585 16585 16585 5
20191120 1241 16585 16585 16570 16570 6
20191120 1245 16575 16575 16575 16575 5
20191120 1248 16575 16575 16575 16575 5
20191120 1252 16565 16565 16565 16565 5
20191120 1255 16560 16560 16560 16560 1
20191120 1256 16560 16560 16560 16560 5
20191120 1259 16540 16540 16540 16540 5
20191120 1303 16545 16545 16545 16545 5
20191120 1306 16540 16540 16540 16540 5
20191120 1310 16545 16545 16545 16545 5
20191120 1312 16540 16540 16540 16540 3
20191120 1314 16545 16545 16545 16545 5
20191120 1317 16545 16545 16545 16545 5
20191120 1321 16560 16560 16560 16560 5
20191120 1324 16565 16565 16565 16565 5
20191120 1328 16575 16575 16575 16575 5
20191120 1332 16580 16580 16580 16580 5
20191120 1335 16590 16590 16590 16590 5
20191120 1339 16585 16585 16585 16585 5
20191120 1343 16585 16585 16585 16585 5
20191120 1346 16580 16580 16580 16580 5
20191120 1350 16575 16575 16575 16575 5
20191120 1353 16560 16560 16560 16560 5
20191120 1357 16565 16565 16565 16565 5
20191120 1401 16570 16570 16570 16570 5
20191120 1404 16585 16585 16585 16585 5
20191120 1408 16585 16585 16585 16585 5
20191120 1411 16575 16575 16575 16575 5
20191120 1415 16575 16575 16575 16575 5
20191120 1419 16570 16570 16570 16570 5
20191120 1422 16570 16570 16570 16570 5
20191120 1426 16575 16575 16575 16575 5
20191120 1430 16570 16570 16570 16570 5
20191120 1433 16565 16565 16565 16565 5
20191120 1437 16560 16560 16560 16560 5
20191120 1440 16560 16560 16560 16560 5
20191120 1444 16550 16550 16550 16550 5
20191120 1448 16560 16560 16560 16560 5
20191120 1451 16560 16560 16560 16560 5
20191120 1455 16560 16560 16560 16560 5
20191120 1459 16570 16570 16570 16570 5
20191121 901 16585 16585 16585 16585 5
20191121 904 16515 16515 16515 16515 5
20191121 908 16520 16520 16520 16520 5
20191121 911 16500 16500 16500 16500 5
20191121 915 16495 16495 16495 16495 5
20191121 919 16495 16495 16495 16495 5
20191121 922 16475 16475 16475 16475 5
20191121 926 16470 16470 16470 16470 5
20191121 929 16450 16450 16450 16450 5
20191121 933 16420 16420 16420 16420 5
20191121 937 16420 16420 16420 16420 5
20191121 940 16405 16405 16405 16405 5
20191121 944 16425 16425 16425 16425 5
20191121 947 16410 16410 16410 16410 1400
20191121 948 16415 16415 16415 16415 5
20191121 949 16395 16395 16395 16395 1
20191121 951 16385 16385 16385 16385 5
20191121 955 16370 16370 16370 16370 5
20191121 958 16350 16350 16345 16345 1383
20191121 1001 16340 16340 16340 16340 2
20191121 1002 16365 16365 16365 16365 5
20191121 1006 16360 16360 16360 16360 1363
20191121 1009 16365 16365 16365 16365 5
20191121 1010 16360 16360 16345 16345 1340
20191121 1013 16355 16355 16355 16355 5
20191121 1016 16360 16365 16360 16365 1325
20191121 1020 16350 16350 16350 16350 5
20191121 1024 16345 16345 16345 16345 5
20191121 1025 16340 16340 16340 16340 1
20191121 1027 16330 16330 16330 16330 5
20191121 1031 16325 16325 16325 16325 5
20191121 1035 16315 16315 16315 16315 5
20191121 1038 16300 16300 16300 16300 5
20191121 1042 16290 16290 16290 16290 5
20191121 1045 16290 16290 16290 16290 5
20191121 1049 16295 16295 16295 16295 5
20191121 1053 16290 16290 16290 16290 5
20191121 1056 16290 16290 16290 16290 5
20191121 1100 16300 16300 16300 16300 5
20191121 1103 16315 16315 16315 16315 5
20191121 1105 16300 16300 16300 16300 1420
20191121 1107 16310 16310 16310 16310 5
20191121 1111 16305 16305 16305 16305 5
20191121 1112 16300 16305 16300 16305 1370
20191121 1114 16300 16300 16300 16300 5
20191121 1115 16295 16295 16295 16295 1336
20191121 1117 16295 16295 16295 16295 4
20191121 1118 16295 16295 16295 16295 5
20191121 1122 16295 16295 16295 16295 5
20191121 1125 16345 16345 16345 16345 5
20191121 1129 16325 16325 16325 16325 5
20191121 1132 16345 16345 16345 16345 5
20191121 1136 16350 16350 16350 16350 5
20191121 1140 16350 16350 16350 16350 5
20191121 1143 16335 16335 16335 16335 5
20191121 1147 16335 16335 16335 16335 5
20191121 1150 16345 16345 16345 16345 5
20191121 1154 16345 16345 16345 16345 5
20191121 1158 16350 16350 16350 16350 5
20191121 1201 16355 16355 16350 16350 1395
20191121 1203 16345 16345 16345 16345 1290
20191121 1205 16340 16340 16340 16340 5
20191121 1208 16330 16330 16330 16330 1260
20191121 1209 16335 16335 16335 16335 5
20191121 1212 16320 16320 16320 16320 5
20191121 1213 16315 16315 16315 16315 1371
20191121 1216 16315 16315 16315 16315 5
20191121 1217 16315 16315 16315 16315 1308
20191121 1218 16300 16300 16300 16300 2
20191121 1219 16305 16305 16305 16305 5
20191121 1223 16305 16305 16305 16305 5
20191121 1227 16310 16310 16310 16310 5
20191121 1230 16320 16320 16320 16320 5
20191121 1234 16320 16320 16320 16320 5
20191121 1237 16325 16325 16325 16325 5
20191121 1238 16325 16335 16320 16320 1298
20191121 1239 16330 16330 16330 16330 597
20191121 1240 16320 16335 16320 16335 573
20191121 1241 16320 16335 16320 16320 24
20191121 1242 16335 16335 16320 16320 8
20191121 1245 16325 16325 16325 16325 5
20191121 1248 16325 16325 16325 16325 5
20191121 1252 16330 16330 16330 16330 5
20191121 1256 16325 16325 16325 16325 5
20191121 1259 16330 16330 16330 16330 5
20191121 1303 16320 16320 16320 16320 5
20191121 1306 16310 16310 16310 16310 5
20191121 1310 16315 16315 16315 16315 5
20191121 1314 16325 16325 16325 16325 5
20191121 1317 16315 16315 16315 16315 5
20191121 1321 16310 16310 16310 16310 5
20191121 1324 16295 16295 16295 16295 5
20191121 1327 16275 16275 16275 16275 1
20191121 1328 16285 16285 16285 16285 5
20191121 1332 16280 16280 16280 16280 5
20191121 1335 16275 16275 16275 16275 5
20191121 1339 16275 16275 16275 16275 5
20191121 1343 16270 16270 16270 16270 5
20191121 1346 16270 16270 16270 16270 5
20191121 1350 16260 16260 16260 16260 5
20191121 1353 16265 16265 16265 16265 5
20191121 1357 16265 16265 16265 16265 5
20191121 1401 16265 16265 16265 16265 5
20191121 1404 16280 16280 16280 16280 5
20191121 1408 16270 16270 16270 16270 5
20191121 1411 16270 16270 16270 16270 5
20191121 1415 16270 16270 16270 16270 5
20191121 1419 16265 16265 16265 16265 5
20191121 1422 16270 16270 16270 16270 5
20191121 1426 16255 16255 16255 16255 5
20191121 1427 16255 16255 16255 16255 1
20191121 1430 16260 16260 16260 16260 5
20191121 1433 16265 16265 16265 16265 5
20191121 1437 16265 16265 16265 16265 5
20191121 1440 16300 16300 16300 16300 5
20191121 1444 16285 16285 16280 16280 7
20191121 1448 16275 16275 16275 16275 5
20191121 1449 16275 16275 16275 16275 1
20191121 1451 16265 16265 16265 16265 5
20191121 1455 16265 16265 16265 16265 5
20191121 1459 16285 16285 16285 16285 5
20191122 901 16430 16430 16430 16430 5
20191122 904 16345 16345 16345 16345 5
20191122 908 16345 16345 16345 16345 5
20191122 911 16340 16340 16340 16340 5
20191122 915 16335 16335 16335 16335 5
20191122 919 16320 16320 16320 16320 5
20191122 922 16315 16315 16315 16315 5
20191122 926 16325 16325 16325 16325 5
20191122 929 16320 16320 16320 16320 5
20191122 933 16340 16340 16340 16340 5
20191122 937 16360 16360 16360 16360 5
20191122 940 16375 16375 16375 16375 5
20191122 944 16370 16370 16370 16370 5
20191122 948 16370 16370 16370 16370 5
20191122 951 16370 16370 16370 16370 5
20191122 955 16385 16385 16385 16385 5
20191122 958 16375 16375 16375 16375 5
20191122 1002 16380 16380 16380 16380 5
20191122 1006 16395 16395 16395 16395 5
20191122 1009 16385 16385 16385 16385 5
20191122 1013 16385 16385 16385 16385 5
20191122 1016 16390 16390 16390 16390 5
20191122 1020 16380 16380 16380 16380 5
20191122 1024 16380 16380 16380 16380 5
20191122 1027 16390 16390 16390 16390 5
20191122 1031 16390 16390 16390 16390 5
20191122 1035 16395 16395 16395 16395 5
20191122 1038 16385 16385 16385 16385 5
20191122 1042 16380 16380 16380 16380 5
20191122 1045 16375 16375 16375 16375 5
20191122 1049 16375 16375 16375 16375 5
20191122 1053 16370 16370 16370 16370 5
20191122 1056 16365 16365 16365 16365 5
20191122 1100 16380 16380 16380 16380 5
20191122 1103 16370 16370 16370 16370 5
20191122 1107 16380 16380 16380 16380 5
20191122 1111 16380 16380 16380 16380 5
20191122 1114 16380 16380 16380 16380 5
20191122 1118 16370 16370 16370 16370 5
20191122 1122 16370 16370 16370 16370 5
20191122 1125 16370 16370 16370 16370 5
20191122 1129 16370 16370 16370 16370 5
20191122 1132 16370 16370 16370 16370 5
20191122 1136 16370 16370 16370 16370 5
20191122 1140 16370 16370 16370 16370 5
20191122 1143 16360 16360 16360 16360 5
20191122 1147 16375 16375 16375 16375 5
20191122 1150 16375 16375 16375 16375 5
20191122 1154 16365 16365 16365 16365 5
20191122 1158 16365 16365 16365 16365 5
20191122 1201 16370 16370 16370 16370 5
20191122 1205 16355 16355 16355 16355 5
20191122 1209 16360 16360 16360 16360 5
20191122 1212 16370 16370 16370 16370 5
20191122 1216 16360 16360 16360 16360 5
20191122 1219 16360 16360 16360 16360 5
20191122 1223 16370 16370 16370 16370 5
20191122 1227 16375 16375 16375 16375 5
20191122 1230 16375 16375 16375 16375 5
20191122 1234 16370 16370 16370 16370 5
20191122 1237 16370 16370 16370 16370 5
20191122 1241 16365 16365 16365 16365 5
20191122 1245 16360 16360 16360 16360 5
20191122 1248 16370 16370 16370 16370 5
20191122 1252 16365 16365 16365 16365 5
20191122 1256 16365 16365 16365 16365 5
20191122 1259 16365 16365 16365 16365 5
20191122 1303 16365 16365 16365 16365 5
20191122 1306 16365 16365 16365 16365 5
20191122 1310 16360 16360 16360 16360 5
20191122 1314 16355 16355 16355 16355 5
20191122 1317 16345 16345 16345 16345 5
20191122 1321 16355 16355 16355 16355 5
20191122 1324 16355 16355 16355 16355 5
20191122 1328 16345 16345 16345 16345 5
20191122 1331 16330 16330 16330 16330 10100
20191122 1332 16330 16345 16330 16345 2905
20191122 1335 16345 16345 16345 16345 5
20191122 1339 16340 16340 16340 16340 5
20191122 1343 16340 16340 16340 16340 5
20191122 1346 16340 16340 16340 16340 5
20191122 1350 16345 16345 16345 16345 5
20191122 1353 16350 16350 16350 16350 5
20191122 1357 16355 16355 16355 16355 5
20191122 1401 16355 16355 16355 16355 5
20191122 1404 16345 16345 16345 16345 5
20191122 1408 16355 16355 16355 16355 5
20191122 1411 16355 16355 16355 16355 5
20191122 1415 16360 16360 16360 16360 5
20191122 1419 16370 16370 16370 16370 5
20191122 1422 16380 16380 16380 16380 5
20191122 1426 16380 16380 16380 16380 5
20191122 1430 16380 16380 16380 16380 5
20191122 1433 16390 16390 16390 16390 5
20191122 1437 16400 16400 16400 16400 5
20191122 1440 16395 16395 16395 16395 5
20191122 1444 16380 16380 16380 16380 5
20191122 1448 16385 16385 16385 16385 5
20191122 1451 16385 16385 16385 16385 5
20191122 1455 16375 16375 16375 16375 5
20191122 1459 16375 16375 16375 16375 5
20191125 902 16555 16555 16555 16555 5
20191125 906 16545 16545 16545 16545 5
20191125 909 16570 16570 16570 16570 5
20191125 913 16560 16560 16560 16560 5
20191125 916 16555 16555 16555 16555 5
20191125 920 16560 16560 16560 16560 5
20191125 924 16560 16560 16560 16560 5
20191125 927 16570 16570 16570 16570 5
20191125 931 16565 16565 16565 16565 5
20191125 934 16570 16570 16570 16570 5
20191125 938 16570 16570 16570 16570 5
20191125 942 16605 16605 16605 16605 5
20191125 945 16580 16580 16580 16580 5
20191125 949 16570 16570 16570 16570 5
20191125 952 16570 16570 16570 16570 5
20191125 956 16565 16565 16565 16565 5
20191125 1000 16580 16580 16580 16580 5
20191125 1002 16565 16570 16565 16570 1370
20191125 1003 16565 16565 16565 16565 5
20191125 1007 16570 16570 16570 16570 5
20191125 1008 16565 16565 16565 16565 1347
20191125 1010 16565 16565 16565 16565 5
20191125 1014 16585 16585 16585 16585 5
20191125 1018 16605 16605 16605 16605 5
20191125 1020 16605 16605 16605 16605 1320
20191125 1021 16605 16605 16605 16605 1303
20191125 1025 16600 16600 16600 16600 5
20191125 1026 16600 16600 16600 16600 1291
20191125 1028 16600 16600 16600 16600 5
20191125 1031 16605 16605 16605 16605 1390
20191125 1032 16600 16600 16600 16600 5
20191125 1036 16595 16595 16595 16595 5
20191125 1039 16610 16610 16610 16610 5
20191125 1043 16600 16600 16600 16600 5
20191125 1046 16600 16600 16600 16600 5
20191125 1050 16595 16595 16595 16595 5
20191125 1054 16595 16595 16595 16595 5
20191125 1057 16600 16600 16600 16600 5
20191125 1058 16600 16600 16600 16600 1183
20191125 1101 16600 16600 16600 16600 5
20191125 1103 16595 16595 16595 16595 1180
20191125 1104 16590 16600 16590 16600 80
20191125 1108 16595 16595 16595 16595 5
20191125 1112 16595 16595 16595 16595 5
20191125 1115 16600 16600 16600 16600 5
20191125 1119 16595 16600 16595 16600 1425
20191125 1121 16600 16600 16600 16600 1380
20191125 1122 16605 16605 16605 16605 5
20191125 1126 16600 16605 16600 16605 1361
20191125 1130 16605 16605 16605 16605 5
20191125 1133 16600 16605 16600 16605 1265
20191125 1137 16600 16600 16600 16600 5
20191125 1140 16590 16590 16590 16590 5
20191125 1144 16585 16585 16585 16585 1240
20191125 1145 16585 16585 16585 16585 1
20191125 1148 16580 16580 16580 16580 5
20191125 1151 16570 16570 16570 16570 5
20191125 1155 16580 16580 16580 16580 5
20191125 1158 16575 16575 16575 16575 5
20191125 1201 16575 16575 16575 16575 1358
20191125 1202 16575 16575 16575 16575 5
20191125 1206 16575 16580 16575 16575 1755
20191125 1207 16570 16570 16555 16555 9
20191125 1209 16570 16570 16570 16570 5
20191125 1213 16575 16575 16575 16575 5
20191125 1216 16575 16575 16575 16575 5
20191125 1220 16580 16580 16580 16580 5
20191125 1224 16580 16580 16580 16580 5
20191125 1227 16585 16585 16585 16585 5
20191125 1231 16585 16585 16585 16585 5
20191125 1234 16585 16585 16585 16585 5
20191125 1238 16580 16580 16580 16580 5
20191125 1242 16575 16575 16575 16575 5
20191125 1245 16565 16565 16565 16565 5
20191125 1249 16565 16565 16565 16565 5
20191125 1252 16565 16565 16565 16565 5
20191125 1256 16565 16565 16565 16565 5
20191125 1300 16565 16565 16565 16565 5
20191125 1303 16570 16570 16570 16570 5
20191125 1307 16575 16575 16575 16575 5
20191125 1310 16580 16580 16580 16580 5
20191125 1314 16575 16575 16575 16575 5
20191125 1318 16570 16570 16570 16570 5
20191125 1321 16565 16565 16565 16565 5
20191125 1325 16555 16555 16555 16555 5
20191125 1328 16565 16565 16565 16565 5
20191125 1332 16560 16560 16560 16560 5
20191125 1336 16555 16555 16555 16555 5
20191125 1339 16555 16555 16555 16555 5
20191125 1343 16560 16560 16560 16560 5
20191125 1346 16565 16565 16565 16565 5
20191125 1350 16565 16565 16565 16565 5
20191125 1354 16565 16565 16565 16565 5
20191125 1357 16565 16565 16565 16565 5
20191125 1401 16565 16565 16565 16565 5
20191125 1404 16565 16565 16565 16565 5
20191125 1408 16570 16570 16570 16570 5
20191125 1412 16565 16565 16565 16565 5
20191125 1415 16555 16555 16555 16555 5
20191125 1418 16540 16540 16540 16540 1
20191125 1419 16535 16535 16535 16535 5
20191125 1422 16540 16540 16540 16540 5
20191125 1426 16550 16550 16550 16550 5
20191125 1430 16550 16550 16550 16550 5
20191125 1433 16550 16550 16550 16550 5
20191125 1437 16550 16550 16550 16550 5
20191125 1440 16550 16550 16550 16550 5
20191125 1444 16550 16550 16550 16550 5
20191125 1448 16545 16545 16545 16545 5
20191125 1451 16555 16555 16555 16555 5
20191125 1455 16560 16560 16560 16560 5
20191125 1459 16550 16550 16550 16550 5
20191126 901 16680 16680 16680 16680 5
20191126 904 16580 16580 16580 16580 5
20191126 908 16565 16565 16565 16565 5
20191126 911 16565 16565 16565 16565 5
20191126 915 16580 16580 16580 16580 5
20191126 919 16600 16600 16600 16600 5
20191126 922 16580 16580 16580 16580 5
20191126 926 16590 16590 16590 16590 5
20191126 929 16610 16610 16610 16610 5
20191126 930 16595 16595 16595 16595 1
20191126 933 16605 16605 16605 16605 5
20191126 937 16605 16605 16605 16605 5
20191126 940 16595 16595 16595 16595 5
20191126 944 16585 16585 16585 16585 5
20191126 948 16600 16600 16600 16600 5
20191126 951 16620 16620 16620 16620 5
20191126 955 16645 16645 16645 16645 5
20191126 958 16650 16650 16650 16650 5
20191126 1002 16635 16635 16635 16635 5
20191126 1006 16615 16615 16615 16615 5
20191126 1009 16610 16610 16610 16610 5
20191126 1013 16620 16620 16620 16620 5
20191126 1016 16635 16635 16635 16635 5
20191126 1020 16655 16655 16655 16655 5
20191126 1024 16655 16655 16655 16655 5
20191126 1027 16660 16660 16660 16660 5
20191126 1031 16655 16655 16655 16655 26
20191126 1035 16650 16650 16650 16650 5
20191126 1038 16645 16645 16645 16645 5
20191126 1042 16645 16645 16645 16645 5
20191126 1045 16660 16660 16660 16660 5
20191126 1049 16675 16675 16675 16675 5
20191126 1053 16665 16665 16665 16665 5
20191126 1056 16670 16670 16670 16670 5
20191126 1100 16670 16670 16670 16670 5
20191126 1103 16665 16665 16665 16665 5
20191126 1107 16660 16660 16660 16660 5
20191126 1111 16655 16655 16655 16655 5
20191126 1114 16645 16645 16645 16645 5
20191126 1118 16645 16645 16645 16645 5
20191126 1122 16635 16635 16635 16635 5
20191126 1125 16630 16630 16630 16630 5
20191126 1129 16635 16635 16635 16635 5
20191126 1132 16635 16635 16635 16635 5
20191126 1136 16635 16635 16635 16635 5
20191126 1140 16635 16635 16635 16635 5
20191126 1143 16640 16640 16640 16640 5
20191126 1147 16635 16635 16635 16635 5
20191126 1150 16625 16625 16625 16625 5
20191126 1154 16625 16625 16625 16625 5
20191126 1158 16630 16630 16630 16630 5
20191126 1201 16630 16630 16630 16630 5
20191126 1205 16625 16625 16625 16625 5
20191126 1209 16635 16635 16635 16635 5
20191126 1212 16645 16645 16645 16645 5
20191126 1216 16645 16645 16645 16645 5
20191126 1219 16650 16650 16650 16650 5
20191126 1223 16645 16645 16645 16645 5
20191126 1227 16650 16650 16650 16650 5
20191126 1230 16650 16650 16650 16650 5
20191126 1234 16650 16650 16650 16650 5
20191126 1237 16650 16650 16650 16650 5
20191126 1241 16650 16650 16650 16650 5
20191126 1245 16660 16660 16660 16660 5
20191126 1248 16655 16655 16655 16655 5
20191126 1252 16655 16655 16655 16655 5
20191126 1256 16655 16655 16655 16655 5
20191126 1259 16655 16655 16655 16655 5
20191126 1303 16660 16660 16660 16660 5
20191126 1306 16660 16660 16660 16660 5
20191126 1310 16660 16660 16660 16660 5
20191126 1314 16655 16655 16655 16655 5
20191126 1317 16655 16655 16655 16655 5
20191126 1321 16655 16655 16655 16655 5
20191126 1324 16660 16660 16660 16660 5
20191126 1328 16670 16670 16670 16670 5
20191126 1332 16660 16660 16660 16660 5
20191126 1335 16665 16665 16665 16665 5
20191126 1339 16670 16670 16670 16670 5
20191126 1343 16675 16675 16675 16675 5
20191126 1346 16670 16670 16670 16670 5
20191126 1350 16665 16665 16665 16665 5
20191126 1353 16680 16680 16680 16680 5
20191126 1357 16690 16690 16690 16690 5
20191126 1401 16690 16690 16690 16690 5
20191126 1404 16690 16690 16690 16690 5
20191126 1408 16685 16685 16685 16685 5
20191126 1411 16685 16685 16685 16685 5
20191126 1415 16685 16685 16685 16685 5
20191126 1419 16690 16690 16690 16690 5
20191126 1422 16695 16695 16695 16695 5
20191126 1426 16685 16685 16685 16685 5
20191126 1430 16685 16685 16685 16685 5
20191126 1433 16660 16660 16660 16660 5
20191126 1437 16655 16655 16655 16655 5
20191126 1440 16640 16640 16640 16640 5
20191126 1444 16645 16645 16645 16645 5
20191126 1448 16645 16645 16645 16645 5
20191126 1451 16645 16645 16645 16645 5
20191126 1455 16615 16615 16615 16615 5
20191126 1459 16615 16615 16615 16615 5
20191126 1530 16555 16555 16555 16555 1
20191127 901 16730 16730 16730 16730 5
20191127 904 16615 16615 16615 16615 5
20191127 908 16595 16595 16595 16595 5
20191127 911 16560 16560 16560 16560 5
20191127 915 16565 16565 16565 16565 5
20191127 919 16590 16590 16590 16590 5
20191127 922 16580 16580 16580 16580 5
20191127 926 16595 16595 16595 16595 5
20191127 929 16595 16595 16595 16595 5
20191127 933 16565 16565 16565 16565 5
20191127 937 16560 16560 16560 16560 5
20191127 940 16505 16505 16505 16505 5
20191127 943 16505 16505 16495 16495 1380
20191127 944 16505 16505 16505 16505 5
20191127 945 16490 16500 16490 16500 1370
20191127 948 16510 16510 16510 16510 5
20191127 951 16550 16550 16550 16550 5
20191127 952 16555 16565 16555 16565 2719
20191127 955 16585 16585 16585 16585 5
20191127 958 16580 16580 16580 16580 5
20191127 1002 16580 16580 16575 16575 1353
20191127 1003 16565 16565 16565 16565 2
20191127 1006 16570 16570 16570 16570 5
20191127 1009 16595 16595 16595 16595 1335
20191127 1012 16595 16595 16580 16580 1300
20191127 1013 16600 16600 16600 16600 5
20191127 1016 16605 16605 16605 16605 1295
20191127 1020 16600 16600 16600 16600 5
20191127 1022 16600 16600 16600 16600 1400
20191127 1024 16600 16600 16600 16600 5
20191127 1027 16595 16595 16595 16595 5
20191127 1031 16595 16595 16595 16595 5
20191127 1035 16580 16580 16580 16580 5
20191127 1036 16575 16580 16575 16580 1391
20191127 1038 16570 16570 16570 16570 5
20191127 1040 16555 16555 16555 16555 1250
20191127 1042 16555 16555 16555 16555 5
20191127 1045 16580 16580 16580 16580 5
20191127 1049 16570 16570 16560 16560 1257
20191127 1053 16580 16580 16580 16580 5
20191127 1056 16575 16575 16575 16575 5
20191127 1057 16575 16580 16575 16580 1368
20191127 1100 16575 16575 16575 16575 5
20191127 1103 16575 16575 16575 16575 5
20191127 1107 16580 16580 16580 16580 5
20191127 1111 16585 16585 16585 16585 5
20191127 1114 16580 16580 16580 16580 1355
20191127 1118 16585 16585 16580 16580 1343
20191127 1120 16570 16570 16570 16570 2
20191127 1122 16590 16590 16590 16590 5
20191127 1123 16585 16590 16585 16590 800
20191127 1125 16590 16590 16590 16590 5
20191127 1128 16580 16580 16580 16580 772
20191127 1129 16595 16595 16595 16595 5
20191127 1132 16585 16585 16585 16585 5
20191127 1136 16570 16570 16570 16570 5
20191127 1140 16570 16570 16570 16570 5
20191127 1143 16570 16570 16570 16570 5
20191127 1147 16575 16575 16575 16575 5
20191127 1150 16580 16580 16580 16580 5
20191127 1154 16580 16580 16580 16580 5
20191127 1158 16580 16580 16580 16580 5
20191127 1201 16590 16590 16590 16590 5
20191127 1205 16590 16590 16590 16590 5
20191127 1209 16590 16590 16590 16590 5
20191127 1212 16600 16600 16600 16600 5
20191127 1216 16600 16600 16600 16600 5
20191127 1219 16600 16600 16600 16600 5
20191127 1223 16590 16590 16590 16590 5
20191127 1227 16585 16585 16585 16585 5
20191127 1230 16590 16590 16590 16590 5
20191127 1234 16590 16590 16590 16590 5
20191127 1237 16595 16595 16595 16595 5
20191127 1241 16595 16595 16595 16595 5
20191127 1245 16595 16595 16595 16595 5
20191127 1248 16595 16595 16595 16595 5
20191127 1252 16595 16595 16595 16595 5
20191127 1256 16595 16595 16595 16595 5
20191127 1259 16595 16595 16595 16595 5
20191127 1303 16595 16595 16595 16595 5
20191127 1306 16600 16600 16600 16600 5
20191127 1310 16600 16600 16600 16600 5
20191127 1314 16595 16595 16595 16595 5
20191127 1317 16580 16580 16580 16580 5
20191127 1321 16580 16580 16580 16580 5
20191127 1324 16590 16590 16590 16590 5
20191127 1328 16595 16595 16595 16595 5
20191127 1332 16595 16595 16595 16595 5
20191127 1335 16600 16600 16600 16600 5
20191127 1339 16600 16600 16600 16600 5
20191127 1343 16600 16600 16600 16600 5
20191127 1346 16600 16600 16600 16600 5
20191127 1350 16590 16590 16590 16590 5
20191127 1353 16595 16595 16595 16595 5
20191127 1357 16595 16595 16595 16595 5
20191127 1401 16595 16595 16595 16595 5
20191127 1404 16605 16605 16605 16605 5
20191127 1408 16610 16610 16610 16610 5
20191127 1411 16610 16610 16610 16610 5
20191127 1415 16605 16605 16605 16605 5
20191127 1419 16605 16605 16605 16605 5
20191127 1422 16610 16610 16610 16610 5
20191127 1426 16610 16610 16610 16610 5
20191127 1430 16600 16600 16600 16600 5
20191127 1433 16605 16605 16605 16605 5
20191127 1437 16605 16605 16605 16605 5
20191127 1440 16610 16610 16610 16610 5
20191127 1444 16600 16600 16600 16600 5
20191127 1448 16600 16600 16600 16600 5
20191127 1451 16570 16570 16570 16570 5
20191127 1455 16585 16585 16585 16585 5
20191127 1459 16590 16590 16590 16590 5
20191128 901 16510 16510 16510 16510 5
20191128 905 16500 16500 16500 16500 5
20191128 908 16505 16505 16505 16505 5
20191128 912 16515 16515 16515 16515 5
20191128 916 16515 16515 16515 16515 5
20191128 919 16525 16525 16525 16525 5
20191128 923 16545 16545 16545 16545 5
20191128 926 16550 16550 16550 16550 5
20191128 930 16535 16535 16535 16535 5
20191128 934 16520 16520 16520 16520 5
20191128 937 16530 16530 16530 16530 5
20191128 941 16550 16550 16550 16550 5
20191128 944 16545 16545 16545 16545 5
20191128 948 16530 16530 16530 16530 5
20191128 952 16550 16550 16550 16550 5
20191128 955 16550 16550 16550 16550 5
20191128 959 16555 16555 16555 16555 5
20191128 1003 16555 16555 16555 16555 5
20191128 1006 16545 16545 16545 16545 5
20191128 1010 16545 16545 16545 16545 5
20191128 1013 16540 16540 16540 16540 5
20191128 1017 16545 16545 16545 16545 5
20191128 1021 16540 16540 16540 16540 5
20191128 1024 16540 16540 16540 16540 5
20191128 1028 16540 16540 16540 16540 5
20191128 1031 16535 16535 16535 16535 5
20191128 1035 16550 16550 16550 16550 5
20191128 1039 16555 16555 16555 16555 5
20191128 1042 16560 16560 16560 16560 5
20191128 1046 16570 16570 16570 16570 5
20191128 1049 16570 16570 16570 16570 5
20191128 1053 16565 16565 16565 16565 5
20191128 1057 16565 16565 16565 16565 5
20191128 1100 16560 16560 16560 16560 5
20191128 1104 16550 16550 16550 16550 5
20191128 1107 16545 16545 16545 16545 5
20191128 1111 16540 16540 16540 16540 5
20191128 1115 16545 16545 16545 16545 5
20191128 1118 16535 16535 16535 16535 5
20191128 1122 16540 16540 16540 16540 5
20191128 1126 16545 16545 16545 16545 5
20191128 1129 16545 16545 16545 16545 5
20191128 1133 16550 16550 16550 16550 5
20191128 1136 16545 16545 16545 16545 5
20191128 1140 16555 16555 16555 16555 5
20191128 1144 16555 16555 16555 16555 5
20191128 1147 16555 16555 16555 16555 5
20191128 1151 16545 16545 16545 16545 5
20191128 1154 16545 16545 16545 16545 5
20191128 1158 16540 16540 16540 16540 5
20191128 1202 16545 16545 16545 16545 5
20191128 1205 16545 16545 16545 16545 5
20191128 1209 16540 16540 16540 16540 5
20191128 1212 16535 16535 16535 16535 5
20191128 1216 16535 16535 16535 16535 5
20191128 1220 16525 16525 16525 16525 5
20191128 1223 16530 16530 16530 16530 5
20191128 1227 16530 16530 16530 16530 5
20191128 1231 16530 16530 16530 16530 5
20191128 1234 16530 16530 16530 16530 5
20191128 1238 16520 16520 16520 16520 5
20191128 1241 16530 16530 16530 16530 5
20191128 1245 16535 16535 16535 16535 5
20191128 1249 16535 16535 16535 16535 5
20191128 1252 16535 16535 16535 16535 5
20191128 1256 16530 16530 16530 16530 5
20191128 1259 16530 16530 16530 16530 5
20191128 1303 16520 16520 16520 16520 5
20191128 1307 16530 16530 16530 16530 5
20191128 1310 16530 16530 16530 16530 5
20191128 1314 16530 16530 16530 16530 5
20191128 1317 16535 16535 16535 16535 5
20191128 1321 16530 16530 16530 16530 5
20191128 1325 16530 16530 16530 16530 5
20191128 1328 16535 16535 16535 16535 5
20191128 1332 16535 16535 16535 16535 5
20191128 1335 16540 16540 16540 16540 5
20191128 1339 16545 16545 16545 16545 5
20191128 1343 16545 16545 16545 16545 5
20191128 1346 16545 16545 16545 16545 5
20191128 1350 16545 16545 16545 16545 5
20191128 1354 16535 16535 16535 16535 5
20191128 1357 16530 16530 16530 16530 5
20191128 1401 16530 16530 16530 16530 5
20191128 1404 16510 16510 16510 16510 5
20191128 1407 16485 16485 16485 16485 7
20191128 1408 16485 16485 16485 16485 5
20191128 1412 16505 16505 16505 16505 5
20191128 1415 16510 16510 16510 16510 5
20191128 1419 16510 16510 16510 16510 5
20191128 1422 16510 16510 16510 16510 5
20191128 1426 16510 16510 16510 16510 5
20191128 1430 16510 16510 16510 16510 5
20191128 1433 16530 16530 16530 16530 5
20191128 1437 16520 16520 16520 16520 5
20191128 1440 16520 16520 16520 16520 5
20191128 1444 16520 16520 16520 16520 5
20191128 1448 16515 16515 16515 16515 5
20191128 1451 16505 16505 16505 16505 5
20191128 1455 16520 16520 16520 16520 5
20191128 1459 16510 16510 16510 16510 5
20191128 1511 16480 16485 16480 16485 844
20191128 1512 16485 16490 16485 16490 1056
20191128 1513 16490 16495 16490 16495 1056
20191128 1514 16495 16495 16495 16495 844
20191128 1515 16495 16495 16490 16495 1267
20191128 1516 16495 16495 16495 16495 1055
20191128 1517 16495 16495 16495 16495 845
20191128 1518 16490 16490 16490 16490 1266
20191128 1519 16490 16490 16490 16490 1055
20191128 1520 16490 16490 16490 16490 212
20191129 901 16630 16630 16630 16630 5
20191129 904 16505 16505 16505 16505 5
20191129 908 16505 16505 16505 16505 5
20191129 911 16485 16485 16485 16485 5
20191129 915 16465 16465 16465 16465 5
20191129 919 16450 16450 16450 16450 5
20191129 922 16455 16455 16455 16455 5
20191129 926 16440 16440 16440 16440 5
20191129 929 16415 16415 16415 16415 5
20191129 933 16460 16460 16460 16460 5
20191129 937 16450 16450 16450 16450 5
20191129 940 16465 16465 16465 16465 5
20191129 944 16445 16445 16445 16445 5
20191129 948 16455 16455 16450 16450 1387
20191129 951 16440 16440 16440 16440 5
20191129 955 16440 16440 16440 16440 5
20191129 958 16385 16385 16385 16385 1365
20191129 1002 16380 16380 16380 16380 5
20191129 1006 16390 16390 16390 16390 5
20191129 1009 16390 16390 16390 16390 5
20191129 1011 16375 16390 16375 16390 1350
20191129 1013 16385 16385 16385 16385 5
20191129 1016 16375 16375 16375 16375 5
20191129 1020 16360 16360 16360 16360 5
20191129 1024 16355 16355 16355 16355 5
20191129 1027 16335 16335 16335 16335 5
20191129 1030 16340 16340 16330 16330 1341
20191129 1031 16345 16345 16345 16345 5
20191129 1034 16335 16335 16335 16335 1330
20191129 1035 16335 16335 16335 16335 5
20191129 1038 16340 16340 16340 16340 5
20191129 1042 16335 16335 16335 16335 5
20191129 1044 16320 16320 16320 16320 1307
20191129 1045 16310 16310 16310 16310 5
20191129 1046 16310 16310 16310 16310 3
20191129 1047 16325 16325 16325 16325 1290
20191129 1049 16320 16320 16320 16320 5
20191129 1050 16310 16315 16310 16315 1270
20191129 1053 16310 16310 16285 16285 1247
20191129 1056 16295 16310 16295 16310 1375
20191129 1059 16310 16310 16310 16310 1360
20191129 1100 16300 16300 16300 16300 5
20191129 1102 16290 16290 16285 16285 1340
20191129 1103 16305 16305 16305 16305 5
20191129 1107 16305 16305 16305 16305 5
20191129 1110 16305 16305 16305 16305 1317
20191129 1111 16290 16310 16290 16310 8
20191129 1114 16305 16305 16305 16305 5
20191129 1118 16305 16305 16305 16305 5
20191129 1122 16300 16300 16300 16300 5
20191129 1125 16300 16300 16300 16300 5
20191129 1129 16290 16290 16290 16290 5
20191129 1132 16300 16300 16300 16300 5
20191129 1136 16300 16300 16300 16300 5
20191129 1140 16290 16290 16280 16280 6
20191129 1143 16300 16300 16300 16300 5
20191129 1147 16290 16290 16290 16290 5
20191129 1150 16285 16290 16285 16285 1316
20191129 1152 16275 16280 16265 16280 807
20191129 1153 16275 16280 16275 16280 1534
20191129 1154 16275 16275 16275 16275 5
20191129 1158 16275 16275 16275 16275 5
20191129 1201 16275 16275 16275 16275 5
20191129 1205 16265 16265 16265 16265 5
20191129 1209 16275 16275 16275 16275 5
20191129 1212 16270 16270 16270 16270 5
20191129 1216 16250 16250 16250 16250 5
20191129 1219 16255 16255 16255 16255 5
20191129 1223 16260 16260 16260 16260 5
20191129 1227 16245 16245 16245 16245 5
20191129 1230 16245 16245 16245 16245 5
20191129 1234 16250 16250 16250 16250 5
20191129 1237 16240 16240 16240 16240 5
20191129 1241 16240 16240 16240 16240 5
20191129 1245 16230 16230 16230 16230 5
20191129 1248 16235 16235 16235 16235 5
20191129 1252 16235 16235 16235 16235 5
20191129 1256 16250 16250 16250 16250 5
20191129 1259 16245 16245 16245 16245 5
20191129 1303 16250 16250 16250 16250 5
20191129 1306 16230 16230 16230 16230 5
20191129 1310 16255 16255 16255 16255 5
20191129 1314 16255 16255 16255 16255 5
20191129 1317 16255 16255 16255 16255 5
20191129 1319 16250 16250 16250 16250 100
20191129 1321 16255 16255 16255 16255 5
20191129 1324 16255 16255 16255 16255 5
20191129 1328 16260 16260 16260 16260 5
20191129 1332 16255 16255 16255 16255 5
20191129 1335 16245 16245 16245 16245 5
20191129 1339 16255 16255 16255 16255 5
20191129 1343 16255 16255 16255 16255 5
20191129 1346 16250 16250 16250 16250 5
20191129 1350 16255 16255 16255 16255 5
20191129 1353 16255 16255 16255 16255 5
20191129 1357 16250 16250 16250 16250 5
20191129 1401 16250 16250 16250 16250 5
20191129 1403 16240 16240 16240 16240 20
20191129 1404 16245 16245 16245 16245 5
20191129 1406 16240 16240 16240 16240 10
20191129 1407 16235 16235 16235 16235 150
20191129 1408 16235 16235 16235 16235 5
20191129 1411 16240 16240 16240 16240 5
20191129 1415 16225 16225 16225 16225 5
20191129 1417 16220 16220 16220 16220 150
20191129 1419 16220 16220 16220 16220 5
20191129 1422 16220 16220 16220 16220 5
20191129 1426 16220 16220 16220 16220 5
20191129 1430 16225 16225 16225 16225 5
20191129 1433 16240 16240 16240 16240 5
20191129 1437 16230 16230 16230 16230 5
20191129 1440 16230 16230 16230 16230 5
20191129 1444 16230 16230 16230 16230 5
20191129 1448 16230 16230 16230 16230 5
20191129 1451 16230 16230 16230 16230 5
20191129 1455 16235 16235 16235 16235 5
20191129 1459 16235 16235 16235 16235 5
20191129 1519 16225 16225 16225 16225 1000
20191129 1530 16240 16240 16240 16240 2338
