날짜 시간 시가 고가 저가 종가 거래량
20190102 1001 17200 17200 17200 17200 70
20190102 1003 17195 17210 17195 17210 100
20190102 1006 17005 17005 17005 17005 2
20190102 1010 17005 17005 17000 17000 100
20190102 1011 17000 17000 17000 17000 2
20190102 1012 17000 17195 17000 17195 2
20190102 1013 17195 17195 17195 17195 3
20190102 1014 17180 17180 17180 17180 1
20190102 1015 17180 17180 17180 17180 1
20190102 1017 17180 17180 17000 17000 202
20190102 1018 17145 17145 17100 17100 14
20190102 1020 17000 17000 17000 17000 82
20190102 1021 17000 17000 17000 17000 1
20190102 1031 17000 17000 17000 17000 1
20190102 1036 16910 16910 16910 16910 2
20190102 1037 16910 16910 16800 16800 430
20190102 1038 16765 16765 16760 16760 160
20190102 1039 16775 16775 16775 16775 160
20190102 1040 16805 16805 16775 16775 210
20190102 1042 16770 16770 16735 16745 163
20190102 1043 16895 16895 16895 16895 1
20190102 1055 16805 16805 16805 16805 1
20190102 1056 16770 16770 16770 16770 55
20190102 1058 16740 16740 16740 16740 3
20190102 1103 16740 16740 16740 16740 47
20190102 1104 16735 16735 16735 16735 1
20190102 1105 16735 16735 16735 16735 11
20190102 1108 16705 16705 16705 16705 1
20190102 1110 16705 16705 16700 16700 100
20190102 1114 16735 16735 16735 16735 3
20190102 1115 16735 16735 16735 16735 21
20190102 1127 16735 16735 16735 16735 1
20190102 1139 16705 16705 16705 16705 59
20190102 1141 16705 16735 16700 16735 81
20190102 1151 16735 16735 16735 16735 1
20190102 1159 16735 16735 16735 16735 61
20190102 1200 16740 16740 16740 16740 39
20190102 1211 16735 16735 16735 16735 2
20190102 1212 16735 16735 16735 16735 2
20190102 1213 16735 16735 16735 16735 4
20190102 1214 16735 16735 16735 16735 1
20190102 1215 16735 16735 16735 16735 1
20190102 1220 16740 16740 16740 16740 5
20190102 1229 16740 16740 16740 16740 1
20190102 1232 16720 16720 16720 16720 1
20190102 1236 16700 16700 16700 16700 5
20190102 1243 16740 16740 16740 16740 2
20190102 1253 16740 16740 16740 16740 15
20190102 1255 16740 16740 16740 16740 2
20190102 1303 16740 16740 16740 16740 1
20190102 1313 16740 16740 16740 16740 2
20190102 1341 16715 16715 16710 16710 35
20190102 1344 16740 16740 16740 16740 1
20190102 1347 16740 16740 16740 16740 3
20190102 1355 16740 16740 16740 16740 9
20190102 1358 16740 16740 16740 16740 500
20190102 1407 16800 16800 16800 16800 4
20190102 1409 16800 16800 16800 16800 1
20190102 1411 16800 16800 16800 16800 1
20190102 1418 16770 16770 16770 16770 13
20190102 1421 16770 16795 16740 16740 1031
20190102 1423 16740 16740 16740 16740 167
20190102 1424 16740 16740 16740 16740 2
20190102 1432 16780 16780 16780 16780 1
20190102 1436 16760 16760 16760 16760 11
20190102 1442 16800 16800 16800 16800 1
20190102 1443 16800 16800 16800 16800 1
20190102 1454 16790 16790 16790 16790 1
20190102 1500 16755 16755 16755 16755 10
20190102 1505 16745 16745 16745 16745 1
20190102 1511 16740 16740 16740 16740 1
20190102 1512 16740 16740 16740 16740 10
20190102 1517 16740 16740 16715 16715 38
20190102 1530 16745 16745 16745 16745 223
20190103 905 16745 16745 16745 16745 2
20190103 911 16920 16920 16920 16920 1
20190103 922 16705 16705 16705 16705 1
20190103 927 16705 16705 16705 16705 10
20190103 928 16705 16705 16705 16705 6
20190103 931 16895 16895 16895 16895 1
20190103 932 16705 16705 16705 16705 1
20190103 934 16705 16705 16705 16705 2
20190103 940 16705 16705 16705 16705 1
20190103 947 16880 16890 16880 16890 7
20190103 948 16705 16705 16705 16705 1
20190103 1014 16710 16710 16710 16710 1
20190103 1016 16710 16710 16710 16710 50
20190103 1021 16720 16720 16710 16710 50
20190103 1024 16710 16710 16710 16710 4
20190103 1025 16820 16830 16820 16830 8
20190103 1027 16830 16830 16830 16830 3
20190103 1034 16840 16840 16840 16840 5
20190103 1057 16720 16720 16720 16720 442
20190103 1106 16885 16885 16885 16885 1
20190103 1123 16885 16885 16885 16885 1
20190103 1134 16800 16800 16800 16800 33
20190103 1135 16870 16870 16870 16870 1
20190103 1233 16815 16815 16815 16815 7
20190103 1249 16815 16815 16815 16815 2
20190103 1312 16745 16745 16715 16715 40
20190103 1313 16715 16715 16700 16700 40
20190103 1314 16700 16700 16670 16680 80
20190103 1315 16680 16715 16680 16715 80
20190103 1316 16695 16705 16695 16705 79
20190103 1317 16710 16710 16710 16710 78
20190103 1351 16710 16710 16710 16710 20
20190103 1358 16780 16780 16780 16780 1
20190103 1424 16775 16775 16775 16775 10
20190103 1425 16770 16770 16770 16770 5
20190103 1431 16790 16790 16790 16790 2
20190103 1438 16770 16770 16745 16745 52
20190103 1444 16745 16745 16740 16740 10
20190103 1445 16740 16740 16735 16735 9
20190103 1449 16735 16735 16730 16730 14
20190103 1451 16725 16725 16725 16725 3
20190103 1506 16725 16725 16720 16720 27
20190103 1513 16710 16710 16710 16710 42
20190103 1517 16720 16720 16720 16720 1
20190103 1519 16720 16720 16720 16720 6
20190103 1520 16710 16710 16710 16710 5
20190103 1530 16670 16670 16670 16670 42
20190104 901 16650 16650 16650 16650 10
20190104 906 16650 16650 16650 16650 3
20190104 907 16650 16650 16650 16650 5
20190104 914 16650 16650 16625 16625 8
20190104 915 16605 16605 15935 15935 3500
20190104 916 16535 16535 16535 16535 2
20190104 917 16535 16535 16535 16535 39
20190104 918 16535 16535 16535 16535 2
20190104 919 16510 16535 16505 16535 311
20190104 920 16535 16535 16535 16535 390
20190104 921 16535 16535 16535 16535 20
20190104 923 16535 16535 16535 16535 20
20190104 924 16520 16520 16505 16505 690
20190104 925 16520 16520 16505 16520 319
20190104 940 16520 16520 16520 16520 30
20190104 942 16520 16520 16520 16520 50
20190104 944 16520 16520 16520 16520 233
20190104 949 16520 16520 16520 16520 1
20190104 1026 16520 16520 16520 16520 1
20190104 1035 16510 16510 16500 16500 360
20190104 1039 16560 16560 16560 16560 500
20190104 1042 16560 16565 16560 16565 198
20190104 1045 16580 16580 16580 16580 447
20190104 1057 16585 16585 16585 16585 60
20190104 1102 16590 16590 16590 16590 149
20190104 1127 16650 16650 16650 16650 50
20190104 1128 16650 16650 16650 16650 46
20190104 1132 16650 16650 16650 16650 1
20190104 1133 16680 16680 16680 16680 500
20190104 1134 16680 16705 16680 16705 266
20190104 1141 16705 16705 16705 16705 553
20190104 1142 16705 16705 16705 16705 5
20190104 1151 16705 16705 16705 16705 5
20190104 1155 16730 16730 16730 16730 1
20190104 1156 16730 16730 16730 16730 1
20190104 1157 16730 16730 16730 16730 20
20190104 1202 16735 16735 16735 16735 5
20190104 1205 16735 16735 16735 16735 25
20190104 1207 16750 16750 16750 16750 86
20190104 1215 16775 16775 16775 16775 7
20190104 1216 16800 16800 16800 16800 98
20190104 1217 16800 16800 16800 16800 13
20190104 1219 16850 16850 16850 16850 1
20190104 1224 16820 16820 16820 16820 1
20190104 1226 16860 16860 16860 16860 48
20190104 1227 16870 16870 16870 16870 59
20190104 1229 16885 16885 16885 16885 2
20190104 1230 16900 16900 16900 16900 60
20190104 1232 16890 16900 16890 16900 101
20190104 1238 16895 16895 16895 16895 68
20190104 1240 16895 16895 16895 16895 1
20190104 1243 16905 16905 16905 16905 50
20190104 1249 16905 16905 16905 16905 30
20190104 1250 16910 16910 16910 16910 2
20190104 1300 16905 16905 16905 16905 20
20190104 1301 16910 16910 16910 16910 18
20190104 1304 16910 16910 16910 16910 2
20190104 1306 16910 16910 16910 16910 2
20190104 1320 16910 16910 16910 16910 1
20190104 1328 16940 16970 16940 16970 190
20190104 1329 16970 17000 16970 16970 159
20190104 1330 16995 17045 16995 17045 175
20190104 1331 17045 17055 17045 17055 244
20190104 1332 17055 17055 17050 17050 130
20190104 1333 17065 17100 17065 17100 133
20190104 1334 17100 17110 17100 17100 222
20190104 1335 17100 17120 17100 17120 238
20190104 1336 17120 17120 17110 17110 230
20190104 1337 17120 17175 17120 17175 139
20190104 1338 17170 17175 17170 17175 320
20190104 1339 17175 17185 17175 17180 161
20190104 1340 17185 17185 17175 17175 298
20190104 1341 17170 17185 17170 17185 307
20190104 1342 17185 17185 17165 17175 434
20190104 1343 17165 17175 17165 17175 154
20190104 1344 17175 17185 17175 17185 203
20190104 1345 17185 17185 17185 17185 310
20190104 1346 17185 17195 17185 17195 204
20190104 1347 17195 17195 17190 17190 232
20190104 1348 17190 17200 17185 17195 473
20190104 1349 17200 17200 17200 17200 352
20190104 1350 17200 17200 17195 17200 290
20190104 1351 17200 17200 17200 17200 284
20190104 1352 17195 17195 17195 17195 255
20190104 1353 17195 17200 17195 17200 245
20190104 1354 17200 17200 17200 17200 220
20190104 1355 17200 17200 17195 17195 874
20190104 1356 17190 17190 17185 17185 413
20190104 1357 17185 17185 17175 17175 280
20190104 1358 17175 17175 17175 17175 344
20190104 1359 17175 17175 17175 17175 294
20190104 1400 17175 17175 17175 17175 295
20190104 1401 17175 17200 17175 17200 130
20190104 1402 17200 17200 17200 17200 165
20190104 1403 17190 17190 17190 17190 345
20190104 1404 17190 17190 17190 17190 299
20190104 1405 17185 17185 17180 17180 295
20190104 1406 17170 17175 17165 17165 195
20190104 1407 17165 17165 17165 17165 195
20190104 1408 17165 17165 17165 17165 120
20190104 1409 17165 17180 17165 17180 103
20190104 1410 17180 17180 17180 17180 294
20190104 1411 17175 17175 17055 17165 456
20190104 1412 17165 17165 17160 17160 60
20190104 1413 17155 17155 17155 17155 195
20190104 1414 17150 17150 17150 17150 195
20190104 1415 17085 17145 17085 17145 39
20190104 1416 17140 17145 17140 17145 195
20190104 1417 17140 17140 17140 17140 195
20190104 1418 17140 17145 17140 17145 185
20190104 1419 17140 17150 17140 17150 220
20190104 1420 17145 17145 17135 17145 321
20190104 1421 17155 17155 17155 17155 225
20190104 1422 17160 17160 17155 17155 109
20190104 1423 17160 17160 17160 17160 235
20190104 1424 17160 17165 17160 17165 1134
20190104 1425 17165 17165 17165 17165 245
20190104 1426 17165 17165 17150 17155 463
20190104 1427 17150 17150 17135 17135 315
20190104 1428 17135 17135 17125 17125 394
20190104 1429 17130 17130 17125 17125 200
20190104 1430 17135 17135 17125 17125 514
20190104 1431 17130 17130 17120 17120 684
20190104 1432 17125 17125 17125 17125 244
20190104 1433 17125 17125 17125 17125 90
20190104 1434 17130 17130 17125 17130 135
20190104 1435 17135 17135 17135 17135 234
20190104 1436 17135 17135 17135 17135 295
20190104 1437 17130 17130 17100 17130 186
20190104 1438 17115 17115 17115 17115 344
20190104 1439 17115 17115 17105 17105 329
20190104 1440 17120 17120 17095 17095 318
20190104 1441 17120 17125 17080 17080 451
20190104 1442 17085 17125 17000 17020 451
20190104 1443 17030 17120 17030 17045 451
20190104 1444 17045 17105 17045 17105 280
20190104 1445 17105 17105 17100 17100 147
20190104 1446 17100 17105 17100 17105 185
20190104 1447 17105 17110 17105 17110 120
20190104 1448 17110 17110 17095 17095 614
20190104 1449 17100 17100 17090 17090 375
20190104 1450 17090 17090 17085 17090 343
20190104 1451 17080 17085 17080 17085 269
20190104 1452 17085 17085 17080 17080 435
20190104 1453 17080 17080 17080 17080 355
20190104 1454 17085 17085 17075 17080 305
20190104 1455 17080 17085 17075 17085 205
20190104 1456 17080 17080 17080 17080 305
20190104 1457 17080 17080 17075 17075 230
20190104 1458 17080 17080 17075 17075 140
20190104 1459 17080 17085 17080 17085 274
20190104 1500 17090 17105 17090 17105 235
20190104 1501 17105 17110 17105 17105 314
20190104 1502 17105 17110 17105 17110 269
20190104 1503 17105 17110 17105 17105 345
20190104 1504 17105 17105 17100 17105 272
20190104 1505 17100 17100 17095 17095 329
20190104 1506 17100 17100 17095 17095 195
20190104 1507 17090 17090 17085 17085 135
20190104 1508 17085 17085 17085 17085 195
20190104 1509 17085 17085 17080 17080 93
20190104 1510 17085 17090 17085 17085 514
20190104 1511 17085 17085 17085 17085 271
20190104 1512 17085 17085 17085 17085 270
20190104 1513 17085 17085 17085 17085 295
20190104 1514 17085 17090 17085 17090 245
20190104 1515 17090 17090 17090 17090 295
20190104 1516 17090 17095 17090 17095 82
20190104 1517 17095 17095 17090 17095 433
20190104 1518 17095 17105 17095 17105 143
20190104 1519 17110 17115 17110 17115 269
20190104 1530 17115 17115 17115 17115 415
20190107 901 17300 17300 17300 17300 22
20190107 904 17300 17300 17300 17300 1
20190107 912 17300 17300 17300 17300 5
20190107 914 17300 17350 17300 17350 53
20190107 916 17450 17450 17450 17450 43
20190107 918 17450 17450 17450 17450 2
20190107 921 17445 17445 17445 17445 40
20190107 928 17400 17400 17400 17400 3
20190107 944 17400 17400 17400 17400 9
20190107 945 17400 17400 17400 17400 40
20190107 951 17435 17435 17435 17435 30
20190107 952 17435 17435 17435 17435 58
20190107 953 17435 17440 17435 17440 120
20190107 955 17440 17440 17435 17435 214
20190107 958 17440 17440 17440 17440 50
20190107 959 17450 17450 17450 17450 30
20190107 1000 17450 17450 17450 17450 3
20190107 1003 17465 17465 17465 17465 25
20190107 1006 17470 17475 17470 17475 6
20190107 1007 17480 17500 17480 17495 112
20190107 1008 17495 17500 17495 17500 97
20190107 1009 17510 17510 17510 17510 50
20190107 1010 17510 17570 17510 17570 20
20190107 1011 17550 17550 17550 17550 14
20190107 1012 17555 17555 17555 17555 3
20190107 1013 17555 17555 17555 17555 2
20190107 1014 17560 17560 17560 17560 2
20190107 1015 17565 17570 17565 17565 119
20190107 1016 17570 17570 17570 17570 7
20190107 1017 17570 17570 17570 17570 8
20190107 1018 17570 17575 17570 17575 6
20190107 1019 17575 17580 17575 17580 5
20190107 1020 17585 17590 17585 17590 7
20190107 1021 17595 17600 17595 17600 12
20190107 1022 17600 17600 17600 17600 1
20190107 1023 17605 17615 17605 17615 125
20190107 1024 17620 17630 17620 17630 21
20190107 1025 17635 17635 17635 17635 3
20190107 1026 17640 17640 17640 17640 1
20190107 1027 17635 17635 17635 17635 5
20190107 1028 17635 17635 17635 17635 8
20190107 1031 17635 17635 17635 17635 7
20190107 1033 17635 17635 17635 17635 110
20190107 1034 17635 17635 17390 17390 142
20190107 1039 17330 17330 17330 17330 66
20190107 1041 17295 17295 17290 17290 6
20190107 1045 17280 17280 17280 17280 3
20190107 1048 17315 17315 17315 17315 1
20190107 1053 17295 17295 17290 17290 120
20190107 1058 17295 17295 17295 17295 10
20190107 1104 17295 17295 17295 17295 10
20190107 1108 17315 17345 17315 17345 100
20190107 1112 17350 17350 17350 17350 13
20190107 1113 17310 17310 17310 17310 100
20190107 1118 17310 17310 17310 17310 28
20190107 1121 17335 17335 17335 17335 100
20190107 1122 17330 17330 17330 17330 100
20190107 1127 17315 17315 17315 17315 40
20190107 1135 17340 17340 17340 17340 1
20190107 1150 17340 17340 17340 17340 10
20190107 1203 17340 17340 17340 17340 1
20190107 1205 17390 17390 17390 17390 1
20190107 1206 17385 17385 17385 17385 5
20190107 1209 17350 17350 17350 17350 3
20190107 1211 17380 17380 17355 17355 7
20190107 1212 17380 17380 17380 17380 1
20190107 1214 17355 17355 17355 17355 4
20190107 1217 17375 17375 17370 17370 17
20190107 1218 17365 17365 17365 17365 13
20190107 1221 17365 17365 17365 17365 5
20190107 1223 17370 17370 17365 17365 6
20190107 1225 17370 17370 17370 17370 2
20190107 1226 17365 17365 17365 17365 3
20190107 1227 17370 17370 17370 17370 1
20190107 1229 17370 17385 17370 17385 7
20190107 1231 17375 17375 17375 17375 3
20190107 1232 17375 17375 17375 17375 1
20190107 1233 17375 17375 17375 17375 2
20190107 1235 17380 17380 17375 17375 3
20190107 1238 17375 17375 17375 17375 2
20190107 1241 17375 17375 17375 17375 1
20190107 1242 17375 17375 17375 17375 1
20190107 1243 17375 17375 17375 17375 2
20190107 1244 17380 17380 17380 17380 4
20190107 1245 17385 17385 17385 17385 4
20190107 1247 17385 17385 17385 17385 2
20190107 1248 17380 17380 17380 17380 47
20190107 1249 17380 17385 17380 17385 62
20190107 1250 17380 17380 17380 17380 4
20190107 1252 17385 17385 17385 17385 20
20190107 1254 17385 17385 17385 17385 10
20190107 1257 17385 17385 17385 17385 5
20190107 1259 17385 17385 17385 17385 3
20190107 1300 17380 17380 17380 17380 3
20190107 1302 17385 17385 17385 17385 3
20190107 1304 17380 17380 17380 17380 219
20190107 1306 17380 17380 17380 17380 20
20190107 1307 17380 17380 17380 17380 10
20190107 1310 17380 17380 17375 17375 117
20190107 1320 17385 17385 17385 17385 4
20190107 1321 17380 17380 17380 17380 30
20190107 1322 17385 17385 17385 17385 10
20190107 1324 17385 17385 17385 17385 3
20190107 1325 17385 17385 17385 17385 2
20190107 1326 17385 17385 17385 17385 3
20190107 1329 17385 17385 17385 17385 1
20190107 1331 17385 17385 17385 17385 1
20190107 1332 17380 17380 17380 17380 9
20190107 1334 17385 17385 17385 17385 5
20190107 1335 17385 17385 17385 17385 1
20190107 1336 17380 17380 17380 17380 15
20190107 1338 17375 17380 17375 17380 18
20190107 1341 17380 17380 17380 17380 3
20190107 1343 17385 17385 17385 17385 2
20190107 1346 17385 17385 17380 17380 2
20190107 1348 17380 17380 17380 17380 1
20190107 1349 17375 17375 17375 17375 8
20190107 1358 17380 17380 17380 17380 1
20190107 1418 17380 17380 17380 17380 2
20190107 1419 17380 17385 17380 17385 6
20190107 1426 17380 17380 17380 17380 4
20190107 1441 17365 17365 17365 17365 5
20190107 1511 17385 17385 17385 17385 2
20190107 1517 17385 17385 17385 17385 3
20190107 1518 17365 17365 17340 17340 185
20190107 1519 17335 17335 17260 17260 156
20190107 1530 17365 17365 17365 17365 82
20190108 911 17450 17450 17450 17450 1
20190108 934 17365 17365 17365 17365 1
20190108 935 17365 17365 17365 17365 6
20190108 941 17365 17365 17365 17365 1
20190108 949 17365 17365 17365 17365 2
20190108 950 17450 17450 17450 17450 1
20190108 953 17250 17250 17250 17250 5
20190108 959 17250 17250 17250 17250 2
20190108 1002 17250 17250 17250 17250 1
20190108 1004 17250 17250 17250 17250 4
20190108 1010 17250 17250 17250 17250 2
20190108 1011 17250 17250 17250 17250 2
20190108 1015 17250 17250 17250 17250 1
20190108 1023 17250 17250 17250 17250 8
20190108 1025 17250 17250 17250 17250 1
20190108 1037 17210 17210 17210 17210 31
20190108 1040 17210 17210 17210 17210 167
20190108 1042 17205 17205 17200 17200 52
20190108 1044 17140 17140 17140 17140 3
20190108 1049 17140 17140 17125 17125 60
20190108 1054 17205 17205 17205 17205 1
20190108 1107 17245 17245 17245 17245 1
20190108 1122 17235 17235 17235 17235 1
20190108 1123 17235 17235 17235 17235 1
20190108 1142 17240 17240 17240 17240 1
20190108 1217 17250 17250 17250 17250 1
20190108 1221 17250 17250 17250 17250 1
20190108 1225 17250 17250 17250 17250 7
20190108 1234 17325 17325 17325 17325 100
20190108 1235 17325 17325 17325 17325 50
20190108 1236 17320 17320 17320 17320 5
20190108 1250 17325 17325 17325 17325 1
20190108 1252 17320 17320 17320 17320 1
20190108 1301 17315 17315 17315 17315 18
20190108 1312 17315 17315 17315 17315 10
20190108 1321 17315 17315 17315 17315 5
20190108 1322 17315 17315 17315 17315 5
20190108 1326 17310 17310 17310 17310 1
20190108 1339 17190 17190 17190 17190 1
20190108 1343 17190 17190 17190 17190 9
20190108 1344 17190 17190 17190 17190 34
20190108 1345 17190 17190 17190 17190 39
20190108 1346 17190 17190 17190 17190 1
20190108 1350 17190 17190 17190 17190 17
20190108 1352 17185 17185 17185 17185 1
20190108 1401 17305 17305 17305 17305 1
20190108 1433 17305 17310 17305 17310 12
20190108 1436 17305 17305 17300 17300 11
20190108 1438 17290 17290 17290 17290 1
20190108 1439 17185 17185 17185 17185 10
20190108 1442 17185 17185 17185 17185 5
20190108 1444 17185 17185 17185 17185 1
20190108 1450 17185 17185 17185 17185 49
20190108 1456 17185 17185 17185 17185 60
20190108 1458 17185 17185 17185 17185 100
20190108 1500 17185 17185 17185 17185 79
20190108 1502 17180 17180 17180 17180 1
20190108 1511 17185 17185 17185 17185 5
20190108 1518 17185 17185 17185 17185 46
20190108 1530 17185 17185 17185 17185 33
20190109 909 17300 17300 17300 17300 1
20190109 919 17350 17350 17350 17350 1
20190109 923 17350 17350 17350 17350 1
20190109 926 17205 17205 17205 17205 5
20190109 930 17250 17250 17250 17250 5
20190109 933 17255 17255 17255 17255 5
20190109 935 17255 17255 17250 17250 8
20190109 936 17255 17255 17255 17255 1
20190109 937 17255 17255 17255 17255 5
20190109 940 17255 17255 17255 17255 5
20190109 943 17360 17360 17360 17360 1
20190109 944 17255 17255 17255 17255 5
20190109 947 17255 17255 17255 17255 5
20190109 951 17265 17265 17260 17260 5
20190109 954 17270 17270 17270 17270 5
20190109 958 17270 17270 17270 17270 5
20190109 1000 17360 17360 17360 17360 10
20190109 1001 17360 17360 17360 17360 5
20190109 1005 17360 17360 17360 17360 5
20190109 1008 17360 17360 17360 17360 5
20190109 1011 17360 17360 17360 17360 1
20190109 1012 17360 17360 17360 17360 15
20190109 1013 17400 17400 17400 17400 2
20190109 1015 17360 17360 17360 17360 5
20190109 1018 17360 17360 17360 17360 5
20190109 1019 17360 17360 17360 17360 59
20190109 1022 17300 17300 17300 17300 5
20190109 1023 17300 17300 17300 17300 10
20190109 1025 17300 17300 17300 17300 5
20190109 1029 17300 17300 17300 17300 5
20190109 1032 17305 17305 17305 17305 5
20190109 1036 17305 17305 17305 17305 5
20190109 1039 17305 17305 17305 17305 5
20190109 1043 17305 17305 17305 17305 5
20190109 1046 17305 17305 17305 17305 5
20190109 1050 17325 17325 17325 17325 5
20190109 1051 17325 17340 17325 17340 20
20190109 1052 17340 17340 17335 17335 75
20190109 1053 17340 17345 17340 17345 146
20190109 1056 17345 17345 17345 17345 80
20190109 1057 17355 17355 17355 17355 5
20190109 1100 17375 17375 17375 17375 5
20190109 1103 17425 17430 17425 17430 38
20190109 1104 17430 17430 17390 17390 5
20190109 1106 17390 17390 17390 17390 7
20190109 1107 17395 17395 17395 17395 16
20190109 1111 17400 17400 17400 17400 5
20190109 1114 17400 17400 17400 17400 5
20190109 1118 17410 17410 17410 17410 5
20190109 1121 17410 17410 17410 17410 9
20190109 1123 17420 17420 17420 17420 4
20190109 1124 17450 17495 17420 17495 44
20190109 1125 17430 17495 17430 17495 18
20190109 1126 17495 17495 17495 17495 13
20190109 1128 17435 17495 17435 17495 49
20190109 1130 17495 17495 17495 17495 13
20190109 1131 17460 17460 17460 17460 5
20190109 1132 17490 17490 17490 17490 15
20190109 1133 17495 17495 17495 17495 43
20190109 1135 17470 17500 17470 17500 19
20190109 1138 17500 17500 17480 17480 73
20190109 1139 17500 17500 17500 17500 47
20190109 1140 17560 17560 17560 17560 13
20190109 1142 17500 17560 17500 17560 19
20190109 1143 17560 17560 17560 17560 60
20190109 1145 17560 17560 17560 17560 10
20190109 1146 17570 17570 17570 17570 9
20190109 1147 17575 17575 17575 17575 43
20190109 1148 17575 17575 17575 17575 70
20190109 1149 17575 17580 17575 17580 26
20190109 1152 17580 17580 17575 17575 48
20190109 1153 17580 17585 17580 17585 32
20190109 1154 17585 17585 17585 17585 13
20190109 1156 17580 17585 17580 17585 32
20190109 1157 17585 17585 17585 17585 68
20190109 1158 17590 17590 17590 17590 10
20190109 1159 17590 17590 17585 17585 18
20190109 1200 17585 17585 17585 17585 5
20190109 1201 17585 17585 17585 17585 74
20190109 1202 17580 17580 17580 17580 30
20190109 1203 17565 17570 17565 17565 48
20190109 1206 17580 17580 17565 17565 48
20190109 1207 17570 17570 17570 17570 30
20190109 1208 17570 17575 17570 17575 17
20190109 1210 17570 17570 17570 17570 5
20190109 1211 17580 17580 17580 17580 45
20190109 1212 17570 17570 17570 17570 35
20190109 1213 17580 17580 17560 17560 33
20190109 1214 17580 17580 17580 17580 2
20190109 1216 17580 17580 17580 17580 43
20190109 1217 17565 17565 17565 17565 5
20190109 1218 17580 17580 17580 17580 14
20190109 1220 17570 17580 17565 17580 77
20190109 1222 17575 17580 17570 17580 33
20190109 1224 17570 17570 17570 17570 5
20190109 1225 17580 17580 17580 17580 37
20190109 1227 17585 17590 17585 17585 34
20190109 1230 17590 17590 17590 17590 44
20190109 1231 17585 17590 17570 17580 55
20190109 1232 17580 17580 17575 17575 30
20190109 1233 17585 17585 17585 17585 17
20190109 1234 17575 17585 17575 17585 18
20190109 1235 17585 17585 17585 17585 20
20190109 1236 17590 17590 17580 17585 74
20190109 1238 17580 17580 17575 17575 5
20190109 1239 17585 17585 17585 17585 38
20190109 1240 17585 17585 17585 17585 5
20190109 1241 17585 17585 17580 17585 25
20190109 1244 17590 17590 17585 17585 49
20190109 1245 17590 17590 17590 17590 1
20190109 1246 17595 17595 17595 17595 27
20190109 1248 17590 17590 17590 17590 5
20190109 1249 17595 17595 17595 17595 43
20190109 1250 17595 17595 17595 17595 50
20190109 1251 17595 17595 17590 17590 18
20190109 1253 17595 17595 17595 17595 13
20190109 1254 17595 17595 17595 17595 30
20190109 1255 17595 17600 17595 17600 74
20190109 1258 17600 17600 17600 17600 9
20190109 1259 17605 17615 17605 17615 67
20190109 1300 17610 17615 17610 17615 26
20190109 1302 17610 17610 17610 17610 13
20190109 1303 17610 17610 17610 17610 24
20190109 1304 17615 17615 17615 17615 30
20190109 1305 17615 17615 17610 17610 31
20190109 1307 17615 17615 17615 17615 13
20190109 1308 17615 17615 17615 17615 30
20190109 1309 17610 17620 17610 17615 77
20190109 1310 17610 17610 17610 17610 20
20190109 1312 17610 17610 17600 17600 19
20190109 1313 17600 17600 17600 17600 30
20190109 1314 17610 17610 17610 17610 14
20190109 1316 17605 17605 17605 17605 5
20190109 1317 17610 17610 17610 17610 43
20190109 1319 17610 17610 17610 17610 61
20190109 1322 17615 17615 17615 17615 43
20190109 1323 17610 17615 17610 17615 17
20190109 1326 17610 17615 17605 17615 28
20190109 1327 17615 17615 17615 17615 30
20190109 1328 17615 17615 17615 17615 61
20190109 1329 17610 17610 17610 17610 30
20190109 1330 17605 17605 17605 17605 4
20190109 1331 17615 17615 17615 17615 43
20190109 1332 17615 17615 17615 17615 15
20190109 1333 17615 17615 17610 17610 28
20190109 1336 17615 17615 17615 17615 43
20190109 1337 17610 17610 17610 17610 4
20190109 1338 17620 17620 17620 17620 50
20190109 1340 17615 17625 17615 17625 18
20190109 1341 17625 17625 17625 17625 30
20190109 1342 17625 17625 17625 17625 14
20190109 1343 17625 17625 17625 17625 12
20190109 1344 17620 17620 17620 17620 14
20190109 1345 17630 17630 17630 17630 13
20190109 1346 17630 17630 17630 17630 30
20190109 1347 17630 17630 17620 17630 54
20190109 1350 17625 17625 17625 17625 73
20190109 1351 17620 17620 17620 17620 59
20190109 1352 17620 17620 17620 17620 45
20190109 1354 17625 17625 17625 17625 4
20190109 1355 17635 17635 17635 17635 44
20190109 1356 17630 17630 17630 17630 14
20190109 1357 17630 17630 17625 17625 50
20190109 1359 17630 17630 17630 17630 13
20190109 1400 17630 17630 17625 17625 33
20190109 1401 17620 17630 17620 17630 17
20190109 1403 17635 17640 17635 17640 34
20190109 1404 17640 17640 17625 17625 29
20190109 1405 17625 17625 17625 17625 90
20190109 1406 17625 17630 17625 17625 112
20190109 1407 17630 17630 17630 17630 34
20190109 1408 17605 17630 17585 17630 37
20190109 1409 17630 17630 17630 17630 44
20190109 1411 17625 17625 17580 17580 18
20190109 1413 17620 17620 17620 17620 13
20190109 1414 17620 17620 17620 17620 43
20190109 1415 17580 17615 17580 17615 17
20190109 1416 17580 17580 17575 17575 42
20190109 1417 17580 17580 17580 17580 30
20190109 1418 17580 17580 17575 17575 17
20190109 1420 17580 17580 17580 17580 13
20190109 1421 17580 17580 17580 17580 12
20190109 1422 17575 17580 17575 17580 34
20190109 1423 17580 17580 17580 17580 43
20190109 1425 17580 17580 17575 17575 33
20190109 1426 17580 17630 17580 17630 101
20190109 1428 17630 17630 17630 17630 44
20190109 1429 17590 17625 17590 17625 8
20190109 1430 17630 17630 17630 17630 10
20190109 1431 17630 17630 17630 17630 7
20190109 1432 17630 17635 17630 17635 17
20190109 1433 17635 17635 17630 17630 49
20190109 1434 17630 17630 17630 17630 13
20190109 1435 17630 17630 17630 17630 16
20190109 1436 17625 17630 17625 17630 31
20190109 1437 17635 17635 17635 17635 13
20190109 1438 17635 17635 17635 17635 30
20190109 1439 17630 17630 17625 17625 21
20190109 1440 17630 17630 17630 17630 11
20190109 1441 17635 17635 17635 17635 30
20190109 1442 17630 17630 17630 17630 74
20190109 1443 17625 17625 17570 17570 15
20190109 1444 17595 17595 17595 17595 13
20190109 1445 17605 17605 17605 17605 21
20190109 1446 17580 17605 17580 17605 13
20190109 1448 17630 17630 17630 17630 13
20190109 1450 17610 17615 17610 17615 34
20190109 1451 17610 17610 17610 17610 37
20190109 1452 17605 17605 17600 17600 65
20190109 1453 17595 17595 17580 17580 18
20190109 1456 17610 17610 17610 17610 16
20190109 1457 17610 17610 17590 17590 34
20190109 1458 17610 17610 17610 17610 13
20190109 1459 17605 17605 17605 17605 52
20190109 1500 17600 17600 17600 17600 4
20190109 1501 17610 17610 17605 17605 63
20190109 1502 17600 17600 17595 17600 88
20190109 1504 17595 17600 17595 17600 34
20190109 1505 17595 17600 17595 17600 23
20190109 1506 17595 17595 17595 17595 30
20190109 1507 17590 17590 17570 17590 44
20190109 1510 17585 17585 17585 17585 14
20190109 1511 17580 17580 17580 17580 4
20190109 1512 17590 17590 17590 17590 13
20190109 1516 17605 17605 17605 17605 54
20190109 1518 17600 17600 17600 17600 100
20190109 1519 17590 17590 17590 17590 30
20190109 1520 17585 17585 17585 17585 30
20190109 1530 17570 17570 17570 17570 177
20190110 912 17570 17570 17570 17570 1
20190110 914 17650 17650 17650 17650 1
20190110 938 17650 17650 17650 17650 100
20190110 1012 17450 17450 17450 17450 11
20190110 1014 17450 17450 17450 17450 2
20190110 1025 17650 17650 17650 17650 1
20190110 1030 17650 17650 17650 17650 1
20190110 1039 17520 17520 17520 17520 2
20190110 1044 17475 17475 17475 17475 1
20190110 1046 17460 17460 17460 17460 5
20190110 1047 17455 17455 17455 17455 34
20190110 1048 17425 17425 17425 17425 5
20190110 1049 17420 17420 17420 17420 5
20190110 1053 17425 17425 17425 17425 1
20190110 1055 17410 17410 17410 17410 1
20190110 1137 17480 17480 17480 17480 5
20190110 1159 17435 17435 17420 17420 21
20190110 1206 17420 17420 17420 17420 2
20190110 1211 17545 17545 17545 17545 1
20190110 1212 17540 17540 17540 17540 1
20190110 1213 17540 17540 17540 17540 1
20190110 1224 17500 17520 17500 17520 14
20190110 1233 17510 17510 17510 17510 1
20190110 1239 17505 17520 17505 17520 16
20190110 1240 17565 17565 17565 17565 50
20190110 1301 17565 17565 17565 17565 1
20190110 1302 17590 17590 17590 17590 1
20190110 1312 17590 17590 17590 17590 1
20190110 1319 17590 17590 17590 17590 1
20190110 1321 17590 17590 17590 17590 3
20190110 1344 17590 17590 17590 17590 1
20190110 1359 17550 17550 17545 17545 20
20190110 1406 17595 17595 17595 17595 2
20190110 1428 17585 17585 17585 17585 63
20190110 1434 17545 17545 17545 17545 9
20190110 1450 17545 17545 17470 17470 40
20190110 1452 17475 17475 17475 17475 40
20190110 1453 17475 17475 17475 17475 40
20190110 1454 17470 17470 17460 17460 40
20190110 1455 17460 17460 17460 17460 40
20190110 1511 17570 17570 17570 17570 5
20190110 1517 17540 17540 17540 17540 1
20190110 1530 17555 17555 17555 17555 125
20190111 901 17570 17570 17570 17570 1
20190111 902 17790 17790 17790 17790 1
20190111 903 17570 17570 17570 17570 3
20190111 905 17785 17800 17785 17800 20
20190111 916 17760 17760 17760 17760 7
20190111 1007 17755 18000 17755 18000 200
20190111 1008 18000 18200 18000 18200 60
20190111 1015 17705 17705 17705 17705 5
20190111 1016 17700 17700 17700 17700 3
20190111 1017 17720 17720 17720 17720 8
20190111 1018 17705 17705 17705 17705 2
20190111 1019 17700 17700 17700 17700 5
20190111 1020 17745 17745 17745 17745 3
20190111 1022 17735 17735 17735 17735 50
20190111 1024 17705 17705 17705 17705 10
20190111 1025 17705 17705 17705 17705 10
20190111 1027 17705 17705 17705 17705 10
20190111 1030 17705 17705 17705 17705 10
20190111 1033 17705 17705 17610 17610 170
20190111 1037 17610 17610 17555 17555 241
20190111 1040 17590 17590 17590 17590 1
20190111 1042 17590 17590 17590 17590 6
20190111 1044 17590 17590 17590 17590 1
20190111 1046 17590 17590 17590 17590 2
20190111 1108 17700 17700 17700 17700 3
20190111 1112 17600 17600 17600 17600 1
20190111 1114 17590 17590 17590 17590 2
20190111 1120 17665 17665 17660 17665 120
20190111 1123 17670 17670 17670 17670 34
20190111 1146 17600 17600 17600 17600 378
20190111 1151 17600 17600 17600 17600 2983
20190111 1152 17595 17595 17595 17595 120
20190111 1201 17620 17620 17620 17620 1
20190111 1212 17640 17640 17640 17640 1
20190111 1313 17640 17640 17640 17640 2
20190111 1400 17615 17615 17615 17615 20
20190111 1414 17640 17640 17640 17640 5
20190111 1424 17640 17645 17640 17645 25
20190111 1429 17645 17645 17645 17645 13
20190111 1442 17670 17670 17670 17670 13
20190111 1443 17665 17665 17665 17665 3
20190111 1501 17665 17665 17665 17665 2
20190111 1509 17605 17605 17605 17605 1
20190111 1510 17680 17700 17680 17700 3
20190111 1515 17690 17690 17690 17690 7
20190111 1519 17690 17690 17690 17690 1
20190111 1530 17685 17685 17685 17685 19
20190114 905 17795 17795 17795 17795 1
20190114 908 17795 17880 17795 17880 80
20190114 911 17870 17875 17870 17875 10
20190114 912 17875 17875 17870 17870 26
20190114 913 17870 17870 17870 17870 6
20190114 914 17870 17870 17870 17870 3
20190114 915 17870 17870 17860 17860 10
20190114 916 17860 17860 17860 17860 2
20190114 945 17850 17850 17850 17850 2
20190114 953 17750 17750 17685 17685 28
20190114 954 17685 17685 17685 17685 137
20190114 1006 17685 17685 17685 17685 50
20190114 1009 17685 17685 17685 17685 12
20190114 1024 17800 17800 17800 17800 1
20190114 1038 17685 17685 17510 17510 399
20190114 1047 17540 17540 17540 17540 6
20190114 1049 17535 17535 17535 17535 14
20190114 1057 17595 17595 17595 17595 15
20190114 1136 17645 17645 17645 17645 1
20190114 1137 17595 17595 17595 17595 22
20190114 1208 17540 17540 17500 17500 86
20190114 1209 17500 17500 17485 17485 258
20190114 1210 17485 17485 17485 17485 257
20190114 1211 17485 17485 17450 17450 255
20190114 1212 17595 17595 17450 17450 171
20190114 1213 17460 17465 17455 17460 255
20190114 1224 17570 17570 17570 17570 1
20190114 1247 17550 17550 17550 17550 1
20190114 1310 17550 17550 17550 17550 1
20190114 1332 17520 17550 17520 17550 14
20190114 1342 17545 17545 17545 17545 13
20190114 1343 17545 17550 17545 17550 9
20190114 1359 17545 17545 17545 17545 1
20190114 1400 17545 17545 17545 17545 1
20190114 1433 17545 17545 17545 17545 1
20190114 1436 17545 17545 17545 17545 1
20190114 1438 17495 17495 17495 17495 10
20190114 1450 17495 17495 17495 17495 8
20190114 1455 17495 17495 17495 17495 1
20190114 1456 17500 17500 17500 17500 1
20190114 1457 17505 17505 17505 17505 1
20190114 1511 17510 17515 17510 17515 2
20190114 1515 17500 17500 17475 17475 150
20190114 1517 17530 17530 17530 17530 1
20190114 1530 17540 17540 17540 17540 33
20190115 901 17410 17410 17410 17410 20
20190115 912 17595 17595 17595 17595 1
20190115 915 17490 17490 17490 17490 5
20190115 923 17540 17540 17540 17540 1
20190115 925 17540 17540 17540 17540 11
20190115 929 17555 17570 17555 17570 30
20190115 930 17570 17570 17570 17570 4
20190115 933 17565 17565 17565 17565 4
20190115 939 17565 17565 17565 17565 2
20190115 941 17565 17565 17565 17565 295
20190115 949 17570 17570 17570 17570 4
20190115 957 17575 17575 17575 17575 1
20190115 1020 17575 17575 17575 17575 16
20190115 1021 17570 17570 17570 17570 1
20190115 1025 17570 17570 17545 17545 31
20190115 1031 17595 17595 17595 17595 101
20190115 1035 17545 17545 17380 17500 1055
20190115 1043 17565 17565 17565 17565 154
20190115 1046 17570 17570 17570 17570 1
20190115 1058 17560 17560 17550 17550 3
20190115 1059 17545 17545 17510 17510 7
20190115 1104 17565 17565 17565 17565 5
20190115 1108 17560 17560 17560 17560 2
20190115 1111 17560 17560 17500 17500 326
20190115 1112 17500 17520 17500 17510 325
20190115 1113 17510 17530 17510 17525 324
20190115 1114 17560 17560 17530 17540 334
20190115 1115 17540 17540 17540 17540 324
20190115 1116 17545 17545 17545 17545 2
20190115 1118 17545 17545 17545 17545 105
20190115 1123 17565 17565 17565 17565 5
20190115 1135 17565 17565 17565 17565 4
20190115 1137 17565 17565 17565 17565 60
20190115 1207 17570 17570 17570 17570 3
20190115 1211 17575 17600 17575 17600 20
20190115 1214 17615 17615 17615 17615 1
20190115 1220 17625 17625 17625 17625 1
20190115 1222 17630 17645 17630 17645 11
20190115 1230 17680 17680 17680 17680 10
20190115 1236 17680 17680 17680 17680 10
20190115 1243 17680 17680 17680 17680 5
20190115 1314 17665 17665 17655 17655 133
20190115 1322 17665 17665 17665 17665 1
20190115 1341 17675 17675 17675 17675 19
20190115 1355 17675 17675 17675 17675 1
20190115 1356 17665 17665 17665 17665 847
20190115 1358 17665 17665 17665 17665 847
20190115 1359 17665 17665 17660 17660 847
20190115 1400 17660 17660 17660 17660 847
20190115 1401 17645 17645 17645 17645 846
20190115 1441 17645 17645 17645 17645 1
20190115 1453 17655 17655 17655 17655 1
20190115 1455 17685 17685 17685 17685 50
20190115 1500 17705 17705 17705 17705 46
20190115 1501 17715 17715 17715 17715 1
20190115 1502 17730 17730 17730 17730 60
20190115 1503 17735 17735 17735 17735 30
20190115 1509 17735 17750 17735 17750 19
20190115 1511 17750 17750 17750 17750 1
20190115 1512 17740 17740 17740 17740 24
20190115 1513 17740 17740 17740 17740 10
20190115 1514 17745 17745 17745 17745 3
20190115 1515 17745 17745 17745 17745 1
20190115 1519 17740 17750 17740 17750 65
20190115 1520 17750 17755 17750 17755 147
20190115 1530 17760 17760 17760 17760 32
20190116 924 17705 17705 17705 17705 5
20190116 933 17705 17705 17705 17705 190
20190116 934 17710 17710 17710 17710 6
20190116 939 17750 17750 17750 17750 4
20190116 1012 17785 17785 17785 17785 1
20190116 1019 17785 17785 17785 17785 1
20190116 1021 17710 17710 17710 17710 2
20190116 1024 17710 17710 17710 17710 20
20190116 1042 17710 17710 17700 17700 60
20190116 1053 17755 17755 17755 17755 2
20190116 1116 17735 17735 17735 17735 3
20190116 1118 17715 17715 17705 17705 28
20190116 1119 17705 17705 17705 17705 50
20190116 1123 17705 17705 17705 17705 2
20190116 1155 17710 17710 17710 17710 5
20190116 1156 17705 17705 17705 17705 19
20190116 1158 17755 17755 17755 17755 1
20190116 1159 17705 17755 17705 17755 6
20190116 1209 17755 17755 17755 17755 13
20190116 1234 17775 17775 17775 17775 20
20190116 1237 17775 17775 17775 17775 2
20190116 1256 17775 17795 17775 17795 110
20190116 1407 17750 17750 17740 17740 4
20190116 1501 17715 17715 17700 17700 89
20190116 1514 17720 17720 17680 17680 805
20190116 1515 17690 17690 17685 17685 200
20190116 1518 17755 17755 17755 17755 1
20190116 1520 17750 17750 17750 17750 6
20190116 1530 17755 17755 17755 17755 199
20190117 901 17800 17800 17800 17800 53
20190117 903 17800 17800 17800 17800 2
20190117 910 17800 17800 17800 17800 1
20190117 911 17800 17890 17800 17890 12
20190117 913 17805 17805 17805 17805 1
20190117 917 17865 17890 17865 17885 150
20190117 918 17885 17885 17885 17885 13
20190117 919 17805 17805 17805 17805 5
20190117 937 17800 17800 17800 17800 2
20190117 942 17800 17800 17800 17800 50
20190117 955 17860 17860 17860 17860 1
20190117 1005 17800 17800 17800 17800 2
20190117 1012 17800 17800 17800 17800 50
20190117 1014 17800 17800 17800 17800 4
20190117 1016 17800 17800 17800 17800 4
20190117 1025 17790 17790 17790 17790 1
20190117 1026 17785 17785 17785 17785 50
20190117 1032 17780 17780 17780 17780 6
20190117 1036 17755 17755 17755 17755 17
20190117 1040 17620 17620 17610 17610 144
20190117 1041 17605 17605 17605 17605 49
20190117 1042 17605 17685 17605 17685 13
20190117 1044 17750 17750 17680 17680 3
20190117 1053 17735 17735 17735 17735 1
20190117 1054 17730 17735 17730 17735 238
20190117 1056 17710 17710 17710 17710 3
20190117 1058 17735 17735 17735 17735 50
20190117 1100 17740 17745 17740 17745 200
20190117 1103 17740 17740 17740 17740 1
20190117 1105 17735 17735 17735 17735 50
20190117 1106 17745 17750 17745 17750 58
20190117 1107 17755 17775 17755 17775 200
20190117 1108 17780 17785 17780 17785 90
20190117 1111 17765 17765 17765 17765 170
20190117 1124 17740 17740 17740 17740 1
20190117 1132 17725 17725 17725 17725 100
20190117 1134 17730 17730 17730 17730 1
20190117 1135 17730 17730 17730 17730 756
20190117 1136 17730 17730 17730 17730 50
20190117 1137 17735 17735 17735 17735 50
20190117 1139 17735 17735 17735 17735 43
20190117 1146 17715 17715 17715 17715 11
20190117 1148 17725 17765 17725 17765 625
20190117 1200 17765 17765 17760 17760 95
20190117 1201 17770 17770 17770 17770 100
20190117 1202 17775 17790 17775 17790 153
20190117 1207 17770 17770 17770 17770 50
20190117 1211 17780 17780 17780 17780 1
20190117 1218 17770 17770 17770 17770 50
20190117 1220 17770 17770 17770 17770 50
20190117 1221 17775 17795 17775 17795 299
20190117 1225 17815 17815 17815 17815 50
20190117 1226 17830 17830 17830 17830 49
20190117 1227 17835 17835 17835 17835 50
20190117 1228 17840 17840 17840 17840 50
20190117 1230 17835 17835 17835 17835 50
20190117 1231 17840 17840 17840 17840 50
20190117 1232 17845 17845 17845 17845 50
20190117 1233 17840 17840 17840 17840 100
20190117 1238 17840 17840 17840 17840 50
20190117 1239 17845 17845 17845 17845 37
20190117 1246 17845 17845 17845 17845 5
20190117 1248 17845 17845 17845 17845 1
20190117 1249 17840 17840 17840 17840 50
20190117 1252 17840 17840 17840 17840 50
20190117 1256 17840 17840 17840 17840 50
20190117 1259 17840 17840 17840 17840 50
20190117 1301 17845 17845 17845 17845 1
20190117 1304 17835 17835 17835 17835 5
20190117 1305 17830 17830 17830 17830 50
20190117 1307 17835 17835 17835 17835 58
20190117 1312 17830 17830 17830 17830 50
20190117 1315 17830 17830 17830 17830 50
20190117 1316 17835 17835 17835 17835 8
20190117 1318 17830 17830 17830 17830 50
20190117 1321 17830 17830 17830 17830 50
20190117 1322 17830 17830 17830 17830 1
20190117 1324 17830 17830 17830 17830 50
20190117 1326 17835 17835 17835 17835 42
20190117 1328 17835 17835 17835 17835 50
20190117 1332 17835 17835 17835 17835 50
20190117 1334 17835 17835 17835 17835 50
20190117 1340 17830 17830 17830 17830 50
20190117 1344 17830 17835 17830 17835 51
20190117 1347 17830 17830 17830 17830 50
20190117 1348 17835 17835 17835 17835 49
20190117 1350 17835 17835 17835 17835 50
20190117 1356 17830 17830 17830 17830 50
20190117 1357 17835 17835 17835 17835 1
20190117 1358 17830 17835 17830 17835 701
20190117 1403 17825 17825 17825 17825 5
20190117 1406 17820 17820 17810 17810 15
20190117 1409 17805 17805 17805 17805 5
20190117 1412 17800 17800 17800 17800 5
20190117 1416 17795 17795 17795 17795 5
20190117 1419 17790 17790 17790 17790 5
20190117 1422 17785 17785 17785 17785 40
20190117 1423 17785 17790 17785 17790 12
20190117 1425 17785 17785 17785 17785 50
20190117 1429 17775 17775 17775 17775 37
20190117 1430 17785 17785 17785 17785 50
20190117 1432 17785 17790 17785 17790 236
20190117 1433 17795 17795 17795 17795 10
20190117 1434 17790 17790 17790 17790 80
20190117 1435 17790 17790 17790 17790 50
20190117 1440 17785 17785 17785 17785 10
20190117 1441 17785 17785 17785 17785 50
20190117 1444 17785 17785 17785 17785 33
20190117 1446 17770 17770 17770 17770 93
20190117 1447 17785 17785 17785 17785 10
20190117 1448 17770 17770 17770 17770 92
20190117 1449 17770 17770 17770 17770 92
20190117 1450 17770 17770 17765 17765 92
20190117 1451 17775 17775 17770 17770 152
20190117 1453 17780 17780 17780 17780 50
20190117 1454 17785 17785 17785 17785 57
20190117 1455 17785 17790 17785 17790 121
20190117 1456 17795 17795 17795 17795 52
20190117 1459 17795 17795 17795 17795 2
20190117 1502 17775 17775 17775 17775 168
20190117 1503 17775 17780 17775 17775 119
20190117 1505 17780 17780 17780 17780 20
20190117 1506 17785 17785 17785 17785 69
20190117 1508 17785 17785 17785 17785 50
20190117 1510 17785 17785 17785 17785 50
20190117 1513 17785 17790 17785 17790 100
20190117 1514 17790 17790 17775 17780 102
20190117 1517 17795 17800 17795 17800 93
20190117 1518 17775 17800 17775 17800 108
20190117 1530 17800 17800 17800 17800 21
20190118 905 17950 17950 17950 17950 1
20190118 906 17945 17945 17945 17945 30
20190118 908 17940 17940 17940 17940 1
20190118 911 17930 17930 17930 17930 1
20190118 935 17755 17755 17755 17755 3
20190118 944 17880 17900 17880 17900 2
20190118 947 17875 17875 17875 17875 1
20190118 951 17870 17870 17840 17840 4
20190118 1001 17840 17840 17840 17840 1
20190118 1020 17840 17840 17840 17840 1
20190118 1021 17840 17840 17840 17840 1
20190118 1022 17840 17840 17840 17840 2
20190118 1023 17840 17840 17840 17840 1
20190118 1044 17840 17840 17840 17840 5
20190118 1045 17840 17840 17840 17840 127
20190118 1050 17845 17845 17845 17845 1
20190118 1058 17845 17845 17845 17845 29
20190118 1103 17865 17865 17865 17865 653
20190118 1110 17880 17880 17880 17880 10
20190118 1111 17880 17880 17880 17880 65
20190118 1113 17880 17880 17880 17880 75
20190118 1124 17880 17880 17880 17880 100
20190118 1146 17830 17830 17815 17815 95
20190118 1147 17815 17815 17815 17815 3
20190118 1211 17810 17810 17785 17785 132
20190118 1215 17860 17860 17860 17860 1
20190118 1216 17860 17860 17860 17860 1
20190118 1222 17850 17850 17850 17850 10
20190118 1224 17860 17860 17860 17860 8
20190118 1225 17865 17865 17865 17865 20
20190118 1231 17870 17870 17870 17870 1
20190118 1232 17870 17870 17870 17870 1
20190118 1233 17870 17870 17870 17870 13
20190118 1234 17870 17870 17870 17870 1
20190118 1248 17870 17870 17870 17870 18
20190118 1251 17870 17870 17870 17870 80
20190118 1256 17870 17870 17870 17870 1
20190118 1305 17870 17870 17870 17870 1
20190118 1312 17835 17835 17830 17830 56
20190118 1314 17830 17830 17830 17830 56
20190118 1315 17830 17830 17830 17830 55
20190118 1316 17830 17830 17830 17830 55
20190118 1317 17830 17830 17830 17830 55
20190118 1338 17870 17870 17870 17870 10
20190118 1347 17870 17870 17870 17870 6
20190118 1348 17875 17875 17875 17875 34
20190118 1357 17875 17875 17875 17875 1
20190118 1413 17870 17875 17870 17875 38
20190118 1416 17880 17880 17880 17880 20
20190118 1419 17880 17880 17880 17880 50
20190118 1442 17860 17860 17860 17860 403
20190118 1444 17875 17875 17875 17875 60
20190118 1445 17880 17880 17880 17880 778
20190118 1501 17895 17895 17895 17895 11
20190118 1502 17900 17900 17900 17900 299
20190118 1505 17915 17915 17915 17915 5
20190118 1506 17915 17915 17915 17915 5
20190118 1507 17915 17915 17915 17915 1
20190118 1508 17915 17915 17875 17875 162
20190118 1509 17875 17875 17875 17875 322
20190118 1510 17880 17880 17880 17880 160
20190118 1511 17880 17915 17880 17915 413
20190118 1512 17930 17940 17930 17940 87
20190118 1513 17935 17935 17935 17935 500
20190118 1514 17930 17930 17930 17930 600
20190118 1516 17935 17935 17935 17935 41
20190118 1517 17935 17940 17935 17940 700
20190118 1518 17940 17945 17940 17945 541
20190118 1519 17945 17950 17945 17950 109
20190118 1520 17975 17975 17950 17950 710
20190118 1530 17955 17955 17955 17955 916
20190121 901 18000 18000 18000 18000 56
20190121 907 17970 17970 17965 17965 2
20190121 912 18010 18010 18010 18010 1
20190121 913 18060 18060 18060 18060 2
20190121 914 18055 18055 18055 18055 7
20190121 921 18045 18045 18045 18045 1
20190121 927 18045 18045 18045 18045 1
20190121 931 18040 18040 18040 18040 10
20190121 934 18045 18045 18045 18045 1
20190121 941 18045 18045 18045 18045 1
20190121 943 18045 18050 18045 18050 44
20190121 945 18050 18050 18050 18050 8
20190121 947 18060 18060 18060 18060 1
20190121 954 18060 18060 18060 18060 1
20190121 1001 18065 18065 18065 18065 1
20190121 1008 18070 18070 18070 18070 1
20190121 1012 18070 18070 18065 18065 55
20190121 1013 18050 18050 18050 18050 2
20190121 1014 18065 18065 18065 18065 1
20190121 1021 18060 18060 18060 18060 1
20190121 1025 18060 18060 18060 18060 2
20190121 1028 18065 18065 18065 18065 1
20190121 1030 18060 18060 18060 18060 1
20190121 1031 18060 18060 18060 18060 4
20190121 1032 18065 18065 18060 18065 594
20190121 1033 18060 18060 18060 18060 124
20190121 1035 18065 18065 18065 18065 1
20190121 1038 18065 18065 18065 18065 1
20190121 1041 18065 18065 18065 18065 1
20190121 1042 18065 18070 18065 18070 1464
20190121 1043 18080 18135 18080 18135 85
20190121 1044 18130 18130 18130 18130 1003
20190121 1045 18150 18150 18150 18150 2
20190121 1046 18115 18115 18115 18115 3
20190121 1048 18130 18130 18130 18130 1
20190121 1050 18150 18150 18150 18150 14
20190121 1051 18165 18165 18165 18165 220
20190121 1053 18170 18170 18170 18170 181
20190121 1054 18190 18190 18190 18190 133
20190121 1056 18175 18175 18175 18175 8
20190121 1100 18175 18175 18175 18175 90
20190121 1101 18175 18175 18165 18165 102
20190121 1104 18195 18195 18195 18195 10
20190121 1109 18190 18190 18185 18185 20
20190121 1113 18180 18180 18180 18180 9
20190121 1119 18180 18180 18165 18180 36
20190121 1123 18180 18180 18180 18180 3
20190121 1124 18165 18165 18145 18145 90
20190121 1125 18145 18145 18140 18140 15
20190121 1145 18175 18175 18175 18175 1
20190121 1203 18175 18175 18175 18175 1
20190121 1204 18175 18200 18175 18200 639
20190121 1206 18200 18200 18185 18185 82
20190121 1207 18185 18185 18185 18185 15
20190121 1208 18180 18180 18180 18180 81
20190121 1209 18175 18175 18170 18170 101
20190121 1210 18170 18170 18170 18170 81
20190121 1211 18165 18165 18165 18165 101
20190121 1212 18195 18195 18195 18195 2
20190121 1217 18160 18160 18160 18160 35
20190121 1218 18190 18190 18190 18190 2
20190121 1220 18190 18190 18190 18190 1
20190121 1221 18140 18140 18130 18140 129
20190121 1223 18135 18135 18135 18135 20
20190121 1224 18140 18150 18140 18150 25
20190121 1225 18150 18190 18150 18190 181
20190121 1228 18150 18150 18150 18150 9
20190121 1229 18160 18160 18160 18160 100
20190121 1230 18165 18165 18165 18165 100
20190121 1232 18185 18185 18180 18180 154
20190121 1234 18175 18175 18175 18175 15
20190121 1238 18185 18185 18185 18185 18
20190121 1245 18185 18185 18185 18185 2
20190121 1247 18185 18185 18185 18185 5
20190121 1251 18185 18195 18185 18195 2
20190121 1252 18185 18185 18185 18185 7
20190121 1254 18195 18195 18195 18195 3
20190121 1255 18195 18195 18195 18195 5
20190121 1258 18195 18195 18195 18195 2
20190121 1259 18185 18185 18185 18185 6
20190121 1305 18195 18195 18195 18195 2
20190121 1309 18195 18195 18195 18195 2
20190121 1310 18190 18190 18190 18190 14
20190121 1311 18195 18235 18195 18235 57
20190121 1312 18235 18235 18235 18235 2
20190121 1313 18190 18190 18190 18190 9
20190121 1318 18200 18210 18200 18210 102
20190121 1324 18200 18200 18200 18200 25
20190121 1325 18200 18200 18200 18200 2
20190121 1331 18200 18210 18200 18210 11
20190121 1333 18200 18200 18200 18200 19
20190121 1336 18210 18210 18210 18210 1
20190121 1338 18210 18210 18200 18200 16
20190121 1339 18200 18200 18200 18200 8
20190121 1344 18210 18210 18210 18210 3
20190121 1351 18210 18210 18210 18210 1
20190121 1358 18210 18210 18205 18205 6
20190121 1401 18205 18205 18200 18200 170
20190121 1402 18200 18200 18200 18200 100
20190121 1404 18200 18210 18200 18210 20
20190121 1409 18200 18200 18200 18200 23
20190121 1411 18205 18205 18200 18200 4
20190121 1418 18205 18205 18205 18205 1
20190121 1421 18205 18205 18205 18205 1
20190121 1424 18200 18200 18190 18190 24
20190121 1425 18190 18190 18190 18190 19
20190121 1430 18200 18205 18200 18205 6
20190121 1431 18205 18205 18205 18205 1
20190121 1437 18205 18205 18205 18205 1
20190121 1440 18190 18190 18190 18190 24
20190121 1441 18190 18190 18190 18190 1628
20190121 1443 18190 18190 18190 18190 1
20190121 1444 18205 18205 18205 18205 1
20190121 1451 18205 18205 18205 18205 1
20190121 1456 18190 18190 18190 18190 500
20190121 1457 18205 18205 18205 18205 1
20190121 1501 18190 18190 18190 18190 9
20190121 1504 18205 18205 18190 18190 354
20190121 1507 18190 18190 18190 18190 6
20190121 1511 18205 18205 18205 18205 7
20190121 1515 18205 18205 18205 18205 49
20190121 1516 18205 18205 18205 18205 100
20190121 1517 18210 18210 18205 18205 107
20190121 1519 18205 18205 18205 18205 10
20190121 1520 18205 18205 18205 18205 7
20190121 1530 18235 18235 18235 18235 179
20190122 901 18235 18235 18235 18235 90
20190122 907 18235 18235 18235 18235 10
20190122 908 18235 18235 18235 18235 1
20190122 909 18235 18235 18235 18235 1
20190122 911 18235 18235 18235 18235 2
20190122 912 18235 18235 18235 18235 1
20190122 913 18235 18235 18235 18235 2
20190122 914 18235 18235 18235 18235 2
20190122 915 18235 18235 18235 18235 2
20190122 916 18235 18235 18235 18235 2
20190122 925 18070 18070 18065 18065 6
20190122 927 18070 18070 18070 18070 1
20190122 955 18230 18230 18230 18230 1
20190122 957 18230 18230 18230 18230 2
20190122 1021 18225 18230 18225 18230 16
20190122 1023 18230 18230 18230 18230 15
20190122 1026 18230 18235 18230 18235 89
20190122 1031 18225 18225 18225 18225 2
20190122 1033 18225 18225 18225 18225 12
20190122 1035 18095 18095 18095 18095 60
20190122 1036 18095 18095 18095 18095 60
20190122 1037 18095 18095 18095 18095 59
20190122 1038 18095 18095 18095 18095 59
20190122 1039 18220 18220 18220 18220 1
20190122 1058 18095 18095 18095 18095 1
20190122 1059 18090 18090 18090 18090 49
20190122 1117 18095 18095 18095 18095 10
20190122 1124 18095 18095 18095 18095 50
20190122 1129 18095 18095 18095 18095 217
20190122 1138 18090 18090 18090 18090 170
20190122 1139 18090 18090 18090 18090 340
20190122 1140 18090 18090 18090 18090 169
20190122 1141 18090 18090 18090 18090 338
20190122 1142 18090 18090 18090 18090 338
20190122 1143 18090 18090 18090 18090 338
20190122 1145 18090 18090 18090 18090 1
20190122 1147 18090 18090 18090 18090 3
20190122 1150 18090 18090 18090 18090 30
20190122 1152 18090 18090 18090 18090 217
20190122 1200 18175 18180 18175 18180 20
20190122 1222 18090 18090 18090 18090 16
20190122 1223 18090 18090 18090 18090 16
20190122 1227 18100 18100 18100 18100 1
20190122 1243 18090 18090 18090 18090 136
20190122 1259 18095 18095 18095 18095 8
20190122 1310 18090 18090 18090 18090 250
20190122 1315 18090 18090 18090 18090 138
20190122 1316 18090 18090 18090 18090 18
20190122 1321 18090 18090 18090 18090 10
20190122 1325 18090 18090 18090 18090 65
20190122 1415 18090 18090 18090 18090 1
20190122 1416 18090 18090 18090 18090 292
20190122 1440 18085 18085 18080 18080 3
20190122 1512 18075 18075 18070 18070 26
20190122 1530 18065 18065 18065 18065 45
20190123 901 18005 18005 18005 18005 4
20190123 910 18005 18005 18005 18005 1
20190123 912 17930 17930 17930 17930 3
20190123 913 17925 17925 17920 17920 8
20190123 914 17920 17925 17920 17925 29
20190123 915 17920 17925 17920 17920 15
20190123 916 17920 17920 17920 17920 14
20190123 938 18000 18000 18000 18000 1
20190123 952 18055 18055 18055 18055 1
20190123 955 18055 18055 18055 18055 2
20190123 1011 17925 17925 17925 17925 1
20190123 1014 17925 17925 17925 17925 30
20190123 1027 17935 17935 17935 17935 50
20190123 1032 18050 18065 18050 18065 166
20190123 1033 18065 18125 18065 18125 246
20190123 1034 18140 18140 18130 18130 132
20190123 1037 18140 18140 18140 18140 196
20190123 1041 18160 18160 18160 18160 77
20190123 1044 18135 18135 18135 18135 1
20190123 1059 18150 18150 18150 18150 50
20190123 1102 18135 18135 18135 18135 10
20190123 1111 18090 18090 18090 18090 5
20190123 1113 17950 17950 17905 17905 363
20190123 1128 18060 18060 18060 18060 10
20190123 1157 18070 18070 18070 18070 25
20190123 1158 18070 18070 18070 18070 60
20190123 1206 18060 18060 18060 18060 3
20190123 1212 18060 18060 18060 18060 3
20190123 1314 18060 18060 18060 18060 6
20190123 1322 18060 18060 18060 18060 45
20190123 1344 18085 18085 18085 18085 1
20190123 1358 18005 18005 18000 18000 160
20190123 1359 18000 18000 17965 17965 159
20190123 1400 17965 17965 17955 17955 159
20190123 1401 17945 17945 17945 17945 159
20190123 1402 17940 17940 17940 17940 159
20190123 1404 18000 18000 18000 18000 1
20190123 1419 18000 18000 18000 18000 10
20190123 1446 18000 18000 18000 18000 9
20190123 1451 17955 17955 17955 17955 1
20190123 1457 17970 17970 17970 17970 10
20190123 1458 17970 17970 17970 17970 1
20190123 1505 17955 17955 17955 17955 1
20190123 1506 17970 17970 17970 17970 14
20190123 1507 17970 17970 17970 17970 50
20190123 1517 18050 18050 18050 18050 3
20190123 1530 18045 18045 18045 18045 24
20190124 901 18045 18045 18045 18045 20
20190124 908 18045 18045 18045 18045 1
20190124 911 18045 18045 18045 18045 1
20190124 934 18045 18045 18045 18045 3
20190124 952 18000 18000 18000 18000 10
20190124 1005 18000 18000 18000 18000 6
20190124 1031 18040 18045 18040 18045 98
20190124 1032 18190 18190 18190 18190 25
20190124 1043 18195 18195 18195 18195 1
20190124 1044 18005 18005 18005 18005 1
20190124 1046 18195 18195 18195 18195 8
20190124 1047 18005 18005 18000 18000 399
20190124 1100 18090 18090 18090 18090 2
20190124 1107 18005 18005 18000 18000 17
20190124 1108 18000 18000 18000 18000 24
20190124 1129 18000 18000 18000 18000 96
20190124 1137 18000 18000 18000 18000 129
20190124 1157 18050 18050 18050 18050 20
20190124 1201 18055 18055 18055 18055 5
20190124 1207 18060 18060 18060 18060 5
20190124 1211 18140 18140 18140 18140 1
20190124 1217 18135 18135 18135 18135 1
20190124 1236 18135 18135 18135 18135 1
20190124 1304 18125 18125 18125 18125 20
20190124 1329 18135 18135 18135 18135 1
20190124 1331 18060 18060 18055 18055 40
20190124 1332 18055 18055 18055 18055 80
20190124 1333 18055 18055 18055 18055 40
20190124 1334 18055 18055 18055 18055 39
20190124 1344 18135 18135 18135 18135 1
20190124 1407 18115 18120 18115 18120 195
20190124 1408 18120 18120 18120 18120 3
20190124 1412 18120 18120 18120 18120 5
20190124 1414 18120 18120 18120 18120 300
20190124 1415 18120 18120 18120 18120 150
20190124 1433 18060 18060 18060 18060 3
20190124 1438 18120 18120 18120 18120 3
20190124 1447 18120 18120 18120 18120 1
20190124 1504 18120 18120 18060 18060 8
20190124 1511 18075 18075 18075 18075 16
20190124 1514 18135 18135 18135 18135 1
20190124 1517 18135 18135 18135 18135 1
20190124 1530 18130 18130 18130 18130 11
20190125 913 18190 18200 18190 18200 13
20190125 914 18200 18200 18200 18200 1
20190125 922 18130 18130 18130 18130 1
20190125 946 18245 18245 18245 18245 10
20190125 949 18245 18245 18245 18245 1
20190125 950 18245 18245 18245 18245 1
20190125 952 18245 18245 18245 18245 7
20190125 1001 18240 18240 18240 18240 1
20190125 1006 18240 18240 18240 18240 2
20190125 1011 18240 18240 18240 18240 1
20190125 1025 18235 18235 18235 18235 1
20190125 1026 18235 18235 18235 18235 1
20190125 1031 18235 18235 18235 18235 5
20190125 1036 18235 18240 18235 18240 25
20190125 1043 18240 18240 18240 18240 1
20190125 1047 18135 18135 18120 18120 1236
20190125 1048 18140 18140 18140 18140 1
20190125 1100 18200 18200 18200 18200 2
20190125 1102 18200 18200 18200 18200 1
20190125 1103 18200 18200 18200 18200 2
20190125 1107 18165 18165 18165 18165 1
20190125 1108 18140 18140 18140 18140 56
20190125 1110 18135 18135 18135 18135 56
20190125 1111 18150 18150 18150 18150 55
20190125 1112 18155 18155 18150 18150 55
20190125 1113 18155 18155 18150 18150 55
20190125 1136 18195 18195 18195 18195 1
20190125 1137 18195 18195 18195 18195 9
20190125 1139 18195 18195 18195 18195 1
20190125 1143 18195 18195 18195 18195 1
20190125 1148 18195 18200 18195 18200 508
20190125 1212 18200 18200 18195 18195 7
20190125 1213 18195 18195 18195 18195 2
20190125 1215 18195 18195 18195 18195 102
20190125 1229 18195 18195 18195 18195 1
20190125 1230 18190 18190 18175 18175 36
20190125 1232 18195 18195 18195 18195 37
20190125 1245 18185 18185 18185 18185 7
20190125 1247 18200 18200 18200 18200 1
20190125 1248 18200 18200 18200 18200 1
20190125 1253 18200 18200 18200 18200 3
20190125 1309 18190 18190 18190 18190 34
20190125 1310 18185 18185 18185 18185 19
20190125 1323 18185 18185 18185 18185 5
20190125 1324 18185 18185 18180 18180 41
20190125 1325 18180 18180 18180 18180 20
20190125 1328 18180 18180 18180 18180 15
20190125 1339 18180 18180 18180 18180 800
20190125 1341 18180 18180 18180 18180 1
20190125 1346 18180 18180 18180 18180 20
20190125 1347 18180 18180 18180 18180 460
20190125 1351 18180 18180 18180 18180 10
20190125 1359 18175 18175 18175 18175 1
20190125 1400 18175 18175 18175 18175 1
20190125 1403 18175 18175 18175 18175 3
20190125 1404 18175 18175 18175 18175 5
20190125 1412 18180 18180 18180 18180 3
20190125 1416 18180 18180 18180 18180 5631
20190125 1419 18185 18185 18185 18185 10
20190125 1420 18185 18200 18185 18200 141
20190125 1421 18200 18200 18200 18200 2436
20190125 1422 18215 18215 18215 18215 400
20190125 1427 18215 18215 18215 18215 400
20190125 1435 18230 18230 18230 18230 13
20190125 1436 18230 18230 18230 18230 1
20190125 1437 18230 18230 18230 18230 20
20190125 1438 18225 18225 18225 18225 30
20190125 1440 18230 18230 18230 18230 10
20190125 1447 18230 18230 18230 18230 16
20190125 1449 18235 18235 18235 18235 50
20190125 1450 18235 18235 18235 18235 26
20190125 1451 18240 18240 18240 18240 20
20190125 1453 18240 18240 18240 18240 33
20190125 1454 18245 18245 18245 18245 171
20190125 1458 18245 18245 18245 18245 10
20190125 1500 18240 18240 18240 18240 10
20190125 1501 18250 18250 18250 18250 25
20190125 1502 18250 18250 18245 18245 16
20190125 1508 18250 18250 18250 18250 4
20190125 1511 18250 18250 18250 18250 7
20190125 1517 18240 18245 18240 18245 7
20190125 1520 18245 18245 18245 18245 21
20190125 1530 18240 18240 18240 18240 96
20190128 901 18285 18285 18285 18285 1
20190128 914 18295 18295 18295 18295 4
20190128 915 18300 18300 18300 18300 11
20190128 916 18300 18300 18300 18300 1
20190128 921 18300 18300 18295 18295 46
20190128 927 18295 18295 18295 18295 1
20190128 934 18295 18295 18295 18295 1
20190128 941 18290 18290 18290 18290 38
20190128 956 18285 18285 18285 18285 1
20190128 957 18285 18285 18285 18285 10
20190128 1013 18285 18285 18285 18285 10
20190128 1027 18285 18285 18285 18285 38
20190128 1036 18285 18350 18285 18350 299
20190128 1037 18370 18390 18370 18390 1400
20190128 1043 18390 18390 18390 18390 1
20190128 1048 18350 18350 18350 18350 50
20190128 1102 18380 18380 18380 18380 400
20190128 1106 18390 18400 18390 18400 58
20190128 1107 18410 18410 18410 18410 25
20190128 1108 18410 18410 18410 18410 14
20190128 1109 18410 18410 18410 18410 10
20190128 1113 18425 18425 18425 18425 350
20190128 1116 18425 18425 18425 18425 49
20190128 1124 18425 18425 18425 18425 22
20190128 1126 18425 18425 18425 18425 23
20190128 1143 18420 18425 18420 18425 68
20190128 1153 18450 18450 18450 18450 1
20190128 1154 18430 18430 18430 18430 64
20190128 1156 18445 18445 18445 18445 1
20190128 1205 18445 18445 18445 18445 1
20190128 1206 18440 18440 18440 18440 1
20190128 1207 18445 18445 18445 18445 5
20190128 1208 18435 18435 18430 18430 2
20190128 1209 18425 18425 18405 18405 5
20190128 1210 18430 18430 18430 18430 1
20190128 1211 18430 18430 18430 18430 1
20190128 1221 18400 18400 18390 18390 3
20190128 1252 18385 18385 18380 18380 2
20190128 1254 18380 18380 18380 18380 5
20190128 1259 18380 18380 18380 18380 1
20190128 1308 18350 18350 18350 18350 10
20190128 1310 18380 18380 18380 18380 1
20190128 1332 18375 18375 18375 18375 28
20190128 1333 18370 18370 18365 18365 11
20190128 1339 18365 18365 18365 18365 56
20190128 1356 18365 18365 18365 18365 1
20190128 1411 18365 18365 18365 18365 300
20190128 1425 18365 18365 18365 18365 12
20190128 1426 18360 18360 18350 18350 50
20190128 1435 18350 18350 18345 18345 4
20190128 1443 18300 18300 18300 18300 300
20190128 1447 18270 18270 18270 18270 2
20190128 1450 18240 18240 18240 18240 35
20190128 1456 18240 18240 18240 18240 32
20190128 1459 18240 18240 18240 18240 2
20190128 1501 18240 18240 18240 18240 8
20190128 1507 18145 18145 18145 18145 1
20190128 1508 18240 18240 18240 18240 1
20190128 1530 18240 18240 18240 18240 153
20190129 901 18240 18240 18240 18240 6
20190129 917 18240 18240 18240 18240 1
20190129 948 18220 18220 18220 18220 2
20190129 1010 18220 18220 18220 18220 8
20190129 1011 18220 18220 18220 18220 2
20190129 1059 18110 18110 18110 18110 130
20190129 1115 18170 18170 18170 18170 1
20190129 1121 18145 18145 18145 18145 1
20190129 1124 18145 18145 18145 18145 10
20190129 1125 18110 18110 18110 18110 5
20190129 1157 18095 18095 18095 18095 5
20190129 1209 18095 18095 18095 18095 10
20190129 1224 18095 18095 18095 18095 16
20190129 1225 18095 18095 18095 18095 9
20190129 1358 18110 18110 18110 18110 1
20190129 1427 18110 18110 18110 18110 34
20190129 1437 18145 18150 18145 18150 566
20190129 1459 18150 18150 18150 18150 9
20190129 1505 18150 18150 18150 18150 11
20190129 1520 18210 18210 18210 18210 57
20190129 1530 18200 18200 18200 18200 18
20190130 901 18245 18245 18245 18245 1
20190130 915 18245 18245 18245 18245 8
20190130 950 18065 18065 18065 18065 5
20190130 1017 18225 18225 18225 18225 4
20190130 1018 18225 18230 18225 18230 49
20190130 1020 18230 18230 18230 18230 2
20190130 1042 18085 18085 18085 18085 43
20190130 1046 18145 18145 18145 18145 171
20190130 1106 18230 18230 18230 18230 10
20190130 1118 18225 18225 18225 18225 5
20190130 1120 18230 18230 18230 18230 52
20190130 1123 18235 18235 18235 18235 1
20190130 1143 18220 18220 18220 18220 5
20190130 1146 18205 18210 18205 18210 493
20190130 1150 18200 18200 18200 18200 2
20190130 1152 18195 18195 18195 18195 7
20190130 1205 18195 18195 18195 18195 50
20190130 1208 18230 18235 18230 18235 42
20190130 1209 18250 18250 18250 18250 20
20190130 1218 18335 18335 18335 18335 1
20190130 1222 18335 18335 18335 18335 11
20190130 1244 18280 18280 18280 18280 3
20190130 1317 18285 18285 18285 18285 100
20190130 1324 18290 18290 18290 18290 10
20190130 1335 18330 18330 18330 18330 10
20190130 1358 18330 18330 18330 18330 94
20190130 1402 18330 18330 18330 18330 6
20190130 1412 18330 18330 18330 18330 101
20190130 1413 18330 18330 18330 18330 20
20190130 1426 18330 18330 18330 18330 10
20190130 1428 18330 18330 18330 18330 19
20190130 1430 18330 18330 18330 18330 9
20190130 1436 18330 18330 18330 18330 26
20190130 1438 18330 18330 18330 18330 171
20190130 1439 18330 18330 18330 18330 25
20190130 1440 18330 18330 18330 18330 25
20190130 1441 18330 18330 18330 18330 25
20190130 1448 18335 18340 18335 18340 50
20190130 1449 18330 18330 18330 18330 29
20190130 1458 18330 18330 18210 18210 465
20190130 1500 18210 18210 18190 18190 464
20190130 1501 18195 18195 18195 18195 464
20190130 1502 18200 18200 18190 18190 464
20190130 1503 18205 18205 18205 18205 464
20190130 1505 18295 18295 18295 18295 50
20190130 1511 18295 18295 18295 18295 30
20190130 1514 18335 18335 18335 18335 1
20190130 1515 18335 18335 18335 18335 1
20190130 1516 18335 18335 18335 18335 1
20190130 1530 18325 18325 18325 18325 77
20190131 904 18325 18325 18325 18325 1
20190131 911 18480 18480 18480 18480 2
20190131 912 18325 18325 18325 18325 4
20190131 913 18205 18205 18205 18205 11
20190131 914 18205 18205 18165 18165 12
20190131 915 18175 18175 18175 18175 11
20190131 917 18195 18195 18195 18195 11
20190131 920 18250 18250 18250 18250 8
20190131 923 18310 18310 18310 18310 5
20190131 929 18450 18450 18450 18450 5
20190131 933 18445 18450 18445 18450 6
20190131 936 18450 18450 18450 18450 5
20190131 940 18450 18450 18450 18450 5
20190131 943 18450 18450 18450 18450 5
20190131 946 18445 18445 18445 18445 5
20190131 950 18445 18445 18445 18445 5
20190131 953 18445 18445 18445 18445 1
20190131 957 18450 18450 18450 18450 5
20190131 958 18445 18445 18445 18445 4
20190131 1000 18450 18450 18450 18450 5
20190131 1004 18450 18450 18450 18450 5
20190131 1007 18450 18450 18450 18450 10
20190131 1011 18450 18450 18450 18450 15
20190131 1014 18450 18450 18315 18315 25
20190131 1016 18315 18315 18315 18315 54
20190131 1017 18440 18440 18440 18440 5
20190131 1021 18450 18450 18450 18450 5
20190131 1022 18310 18310 18265 18265 392
20190131 1024 18325 18325 18325 18325 5
20190131 1028 18345 18345 18345 18345 6
20190131 1029 18340 18390 18340 18390 20
20190131 1031 18385 18385 18385 18385 5
20190131 1035 18310 18310 18310 18310 5
20190131 1038 18380 18380 18380 18380 5
20190131 1042 18375 18375 18375 18375 5
20190131 1044 18375 18375 18375 18375 1
20190131 1045 18375 18375 18375 18375 5
20190131 1048 18370 18370 18370 18370 5
20190131 1052 18345 18345 18345 18345 5
20190131 1055 18340 18340 18340 18340 5
20190131 1058 18280 18280 18280 18280 1
20190131 1059 18315 18315 18315 18315 5
20190131 1102 18360 18360 18360 18360 5
20190131 1106 18350 18350 18350 18350 5
20190131 1109 18340 18340 18340 18340 5
20190131 1113 18340 18340 18340 18340 5
20190131 1116 18370 18370 18370 18370 5
20190131 1120 18370 18370 18370 18370 5
20190131 1123 18280 18380 18270 18380 118
20190131 1126 18380 18380 18380 18380 5
20190131 1130 18370 18370 18370 18370 5
20190131 1133 18370 18370 18370 18370 5
20190131 1135 18370 18370 18370 18370 30
20190131 1137 18405 18405 18405 18405 5
20190131 1140 18395 18395 18395 18395 5
20190131 1144 18385 18385 18385 18385 5
20190131 1147 18410 18410 18410 18410 5
20190131 1151 18410 18410 18410 18410 5
20190131 1152 18410 18410 18410 18410 15
20190131 1154 18425 18425 18425 18425 5
20190131 1157 18450 18450 18450 18450 5
20190131 1158 18450 18450 18450 18450 3
20190131 1200 18425 18425 18410 18410 90
20190131 1201 18440 18440 18440 18440 5
20190131 1204 18425 18425 18425 18425 5
20190131 1206 18410 18410 18410 18410 4
20190131 1208 18410 18410 18410 18410 5
20190131 1211 18425 18425 18425 18425 6
20190131 1214 18415 18415 18415 18415 42
20190131 1215 18415 18415 18415 18415 5
20190131 1218 18415 18415 18415 18415 5
20190131 1222 18405 18405 18405 18405 5
20190131 1225 18395 18395 18395 18395 5
20190131 1228 18390 18390 18390 18390 5
20190131 1232 18380 18380 18380 18380 6
20190131 1235 18375 18375 18375 18375 5
20190131 1239 18375 18375 18375 18375 5
20190131 1242 18370 18370 18370 18370 5
20190131 1246 18375 18375 18375 18375 5
20190131 1247 18375 18375 18375 18375 1
20190131 1249 18375 18375 18375 18375 6
20190131 1253 18375 18375 18375 18375 5
20190131 1256 18375 18375 18375 18375 5
20190131 1300 18375 18375 18375 18375 5
20190131 1303 18375 18375 18375 18375 5
20190131 1306 18355 18355 18355 18355 5
20190131 1307 18340 18340 18340 18340 19
20190131 1310 18355 18355 18355 18355 5
20190131 1312 18355 18355 18355 18355 50
20190131 1313 18355 18355 18355 18355 5
20190131 1317 18355 18355 18355 18355 5
20190131 1320 18355 18355 18355 18355 5
20190131 1324 18355 18355 18355 18355 5
20190131 1327 18355 18355 18355 18355 5
20190131 1328 18355 18355 18355 18355 1
20190131 1331 18355 18355 18355 18355 5
20190131 1334 18355 18355 18355 18355 5
20190131 1337 18355 18355 18355 18355 15
20190131 1341 18355 18355 18355 18355 5
20190131 1344 18355 18355 18355 18355 6
20190131 1348 18355 18355 18355 18355 5
20190131 1351 18355 18355 18355 18355 5
20190131 1355 18355 18355 18355 18355 5
20190131 1358 18355 18355 18355 18355 5
20190131 1402 18355 18355 18355 18355 5
20190131 1404 18355 18355 18355 18355 3
20190131 1405 18355 18355 18355 18355 5
20190131 1408 18355 18355 18355 18355 5
20190131 1412 18355 18355 18355 18355 3
20190131 1415 18360 18360 18360 18360 5
20190131 1418 18355 18355 18355 18355 1
20190131 1419 18360 18360 18360 18360 13
20190131 1422 18360 18360 18360 18360 5
20190131 1424 18330 18330 18330 18330 9
20190131 1426 18330 18330 18330 18330 1
20190131 1429 18355 18355 18355 18355 5
20190131 1433 18355 18355 18325 18325 105
20190131 1434 18330 18330 18330 18330 212
20190131 1436 18350 18350 18350 18350 5
20190131 1439 18330 18355 18330 18355 6
20190131 1443 18350 18350 18350 18350 5
20190131 1446 18350 18350 18350 18350 5
20190131 1450 18360 18360 18360 18360 5
20190131 1453 18355 18355 18355 18355 5
20190131 1457 18340 18340 18340 18340 5
20190131 1500 18350 18350 18350 18350 5
20190131 1504 18335 18335 18335 18335 5
20190131 1505 18325 18325 18325 18325 5
20190131 1507 18330 18330 18320 18320 9
20190131 1509 18320 18320 18320 18320 2
20190131 1511 18320 18320 18315 18315 4
20190131 1512 18300 18300 18300 18300 5
20190131 1513 18285 18285 18285 18285 50
20190131 1514 18280 18280 18280 18280 10
20190131 1517 18290 18290 18290 18290 2
20190131 1530 18320 18320 18320 18320 27
