날짜 시간 시가 고가 저가 종가 거래량
20200601 901 120000 121000 120000 120000 3662
20200601 902 120000 120000 118000 118500 1907
20200601 903 118500 119000 118000 119000 1361
20200601 904 119000 119000 118000 118000 2924
20200601 905 118000 119000 118000 118500 1004
20200601 906 119000 119500 118000 119000 807
20200601 907 119000 119500 118500 119500 768
20200601 908 119500 119500 119000 119500 267
20200601 909 119500 119500 118500 119000 1933
20200601 910 118500 119000 118500 118500 369
20200601 911 118500 119000 118500 119000 893
20200601 912 118500 119500 118500 118500 398
20200601 913 119000 119500 118500 119000 813
20200601 914 119000 119500 119000 119500 297
20200601 915 119000 119500 119000 119000 1034
20200601 916 118500 119000 118500 118500 102
20200601 917 119000 119000 118500 119000 189
20200601 918 119000 119000 118500 119000 322
20200601 919 119000 119500 118500 119000 1660
20200601 920 118500 119000 118500 119000 487
20200601 921 119000 119000 118500 118500 117
20200601 922 118500 119000 118500 118500 363
20200601 923 118500 119000 118500 118500 84
20200601 924 119000 119000 118500 118500 289
20200601 925 118500 119000 118500 119000 60
20200601 926 119000 119000 118500 119000 350
20200601 927 119000 119000 118500 119000 211
20200601 928 118500 119000 118500 119000 380
20200601 929 118500 119000 118500 119000 336
20200601 930 119000 119000 118500 118500 1744
20200601 931 118500 119000 118000 118500 1960
20200601 932 118000 118500 118000 118000 1092
20200601 933 118000 119000 118000 119000 1653
20200601 934 118500 119000 118500 118500 1517
20200601 935 118500 119000 118000 118000 694
20200601 936 118500 118500 118000 118000 635
20200601 937 118000 118500 118000 118000 175
20200601 938 118500 118500 118000 118000 587
20200601 939 118000 118500 118000 118000 361
20200601 940 118000 118500 118000 118000 641
20200601 941 118500 118500 118000 118000 313
20200601 942 118000 118500 118000 118500 234
20200601 943 118500 118500 118000 118000 39
20200601 944 118000 118500 118000 118500 88
20200601 945 118500 118500 118000 118000 731
20200601 946 118000 118500 118000 118000 665
20200601 947 118000 118500 118000 118000 78
20200601 948 118500 118500 118000 118500 610
20200601 949 118000 118500 118000 118500 121
20200601 950 118500 118500 118000 118500 138
20200601 951 118500 118500 118000 118500 78
20200601 952 118000 118500 118000 118000 61
20200601 953 118000 118500 118000 118000 252
20200601 954 118000 119000 118000 118500 927
20200601 955 118500 119000 118500 119000 87
20200601 956 119000 119500 119000 119500 1941
20200601 957 119500 119500 119000 119500 414
20200601 958 119000 119500 119000 119500 358
20200601 959 119500 120000 119000 120000 4499
20200601 1000 120000 121000 120000 120000 1004
20200601 1001 120500 121000 120500 121000 557
20200601 1002 121000 121000 120500 121000 517
20200601 1003 120500 121500 120500 121500 1941
20200601 1004 121500 122000 120500 121000 2495
20200601 1005 121000 121500 120500 121000 1086
20200601 1006 121000 121000 120500 120500 341
20200601 1007 120500 120500 120000 120500 830
20200601 1008 120500 120500 120000 120000 219
20200601 1009 120000 120500 120000 120000 256
20200601 1010 120000 120500 120000 120000 149
20200601 1011 120000 120500 120000 120000 869
20200601 1012 120000 120000 120000 120000 221
20200601 1013 120000 120000 120000 120000 44
20200601 1014 120000 120500 120000 120000 1106
20200601 1015 120000 120000 120000 120000 258
20200601 1016 120000 120500 120000 120000 121
20200601 1017 120000 120000 120000 120000 378
20200601 1018 120000 120000 119500 119500 1252
20200601 1019 119500 120000 119500 120000 210
20200601 1020 119500 120000 119500 119500 63
20200601 1021 120000 120000 119500 120000 142
20200601 1022 120000 120000 119500 119500 147
20200601 1023 119500 120000 119500 120000 109
20200601 1024 120000 120000 119500 119500 117
20200601 1025 119500 120000 119500 120000 91
20200601 1026 119500 120000 119500 120000 93
20200601 1027 120000 120000 119500 120000 1280
20200601 1028 120000 120500 120000 120000 80
20200601 1029 120000 120500 120000 120000 71
20200601 1030 120000 120500 120000 120000 774
20200601 1031 120000 120500 120000 120500 411
20200601 1032 120500 121000 120500 120500 41
20200601 1033 120500 121000 120000 120000 173
20200601 1034 120500 120500 120000 120000 65
20200601 1035 120000 120500 120000 120000 200
20200601 1036 120000 120500 120000 120000 97
20200601 1037 120000 120500 120000 120000 136
20200601 1038 120000 120000 120000 120000 216
20200601 1039 120500 120500 120000 120500 235
20200601 1040 120000 120500 120000 120000 1420
20200601 1041 120500 120500 120000 120000 144
20200601 1042 120000 120500 120000 120000 141
20200601 1043 120500 120500 120000 120000 257
20200601 1044 120000 120500 120000 120500 155
20200601 1045 120500 120500 120000 120500 97
20200601 1046 120000 120500 120000 120000 137
20200601 1047 120500 120500 120000 120000 357
20200601 1048 120000 120500 120000 120500 139
20200601 1049 120000 120500 120000 120000 1360
20200601 1050 120000 120500 120000 120500 165
20200601 1051 120500 120500 120000 120000 223
20200601 1052 120000 120500 120000 120000 798
20200601 1053 120000 120500 120000 120000 223
20200601 1054 120500 120500 120000 120000 173
20200601 1055 120000 120500 120000 120000 150
20200601 1056 120000 120500 120000 120000 291
20200601 1057 120500 120500 120000 120000 211
20200601 1058 120000 120500 120000 120500 128
20200601 1059 120500 120500 120000 120500 111
20200601 1100 120000 121000 120000 121000 1166
20200601 1101 120500 120500 120000 120000 204
20200601 1102 120500 120500 120000 120000 483
20200601 1103 120000 120500 120000 120000 52
20200601 1104 120500 120500 120000 120000 119
20200601 1105 120000 120500 120000 120500 119
20200601 1106 120500 120500 120000 120000 324
20200601 1107 120000 120500 120000 120000 57
20200601 1108 120500 120500 120000 120500 113
20200601 1109 120000 120500 120000 120000 119
20200601 1110 120000 120500 120000 120000 124
20200601 1111 120000 120500 120000 120500 136
20200601 1112 120000 120500 120000 120500 112
20200601 1113 121000 121000 120500 120500 38
20200601 1114 120500 121000 120500 120500 50
20200601 1115 120500 121000 120500 120500 60
20200601 1116 120500 120500 120500 120500 148
20200601 1117 120500 121000 120000 120000 614
20200601 1118 120000 120500 120000 120500 44
20200601 1119 120000 120500 120000 120000 169
20200601 1120 120000 120000 120000 120000 142
20200601 1121 120000 120000 120000 120000 62
20200601 1122 120000 120000 120000 120000 74
20200601 1123 120000 120000 120000 120000 43
20200601 1124 120000 120500 120000 120000 199
20200601 1125 120500 120500 119500 120000 6216
20200601 1126 119500 120000 119500 119500 93
20200601 1127 119500 120000 119500 119500 1463
20200601 1128 119500 120000 119500 120000 1274
20200601 1129 119500 120000 119500 119500 144
20200601 1130 119500 120000 119500 119500 244
20200601 1131 119500 119500 119500 119500 130
20200601 1132 119500 120000 119500 120000 1588
20200601 1133 119500 120000 119500 119500 118
20200601 1134 119500 120000 119500 120000 470
20200601 1135 119500 120000 119500 119500 100
20200601 1136 119500 120000 119500 119500 25
20200601 1137 119500 120000 119500 119500 118
20200601 1138 120000 120000 119500 119500 151
20200601 1139 120000 120000 119500 119500 131
20200601 1140 119500 120000 119500 120000 39
20200601 1141 119500 119500 119500 119500 1257
20200601 1142 119500 119500 119500 119500 334
20200601 1143 119500 119500 119000 119000 144
20200601 1144 119500 120000 119000 119500 75
20200601 1145 119000 120000 119000 119500 101
20200601 1146 119500 120000 119000 119500 249
20200601 1147 119500 120000 119500 119500 122
20200601 1148 119500 120000 119500 120000 456
20200601 1149 120000 120000 119500 119500 479
20200601 1150 119500 120500 119500 120500 243
20200601 1151 120500 120500 120000 120000 76
20200601 1152 120000 120500 120000 120500 149
20200601 1153 120500 120500 120000 120000 74
20200601 1154 120000 120500 120000 120000 122
20200601 1155 120000 120000 120000 120000 41
20200601 1156 120000 120500 119500 119500 1584
20200601 1157 119500 119500 119500 119500 101
20200601 1158 119500 120000 119500 119500 118
20200601 1159 119500 120000 119500 119500 79
20200601 1200 119500 120000 119500 119500 115
20200601 1201 119500 120000 119500 120000 145
20200601 1202 119500 120000 119500 120000 59
20200601 1203 119500 120000 119500 119500 48
20200601 1204 119500 120000 119500 119500 200
20200601 1205 119500 120000 119500 119500 368
20200601 1206 119500 120000 119500 120000 34
20200601 1207 120000 120000 119500 120000 311
20200601 1208 119500 120000 119500 120000 362
20200601 1209 119500 120000 119500 120000 250
20200601 1210 120000 120000 119500 119500 233
20200601 1211 119500 120000 119500 119500 90
20200601 1212 119500 120000 119500 119500 1040
20200601 1213 119500 120000 119500 119500 71
20200601 1214 119500 120000 119500 119500 226
20200601 1215 119500 120000 119500 120000 155
20200601 1216 120000 120000 119500 119500 46
20200601 1217 119500 120000 119500 119500 97
20200601 1218 119500 119500 119500 119500 667
20200601 1219 119500 120000 119500 119500 83
20200601 1220 119500 120000 119500 119500 196
20200601 1221 119500 120000 119000 119000 1007
20200601 1222 119000 119500 119000 119000 210
20200601 1223 119000 119500 119000 119000 237
20200601 1224 119000 119500 119000 119000 95
20200601 1225 119000 119500 119000 119500 1825
20200601 1226 119000 119500 119000 119500 92
20200601 1227 119500 119500 119000 119000 221
20200601 1228 119000 119500 119000 119000 83
20200601 1229 119500 119500 119000 119500 242
20200601 1230 119500 119500 119000 119000 167
20200601 1231 119000 119500 119000 119500 205
20200601 1232 119000 119500 119000 119000 172
20200601 1233 119500 119500 119000 119000 66
20200601 1234 119000 119500 119000 119000 348
20200601 1235 119000 119500 119000 119000 121
20200601 1236 119000 119500 119000 119500 81
20200601 1237 119000 119500 119000 119000 68
20200601 1238 119000 119500 119000 119000 97
20200601 1239 119000 119500 119000 119000 188
20200601 1240 119000 119500 119000 119000 78
20200601 1241 119000 119500 119000 119000 97
20200601 1242 119000 119500 119000 119500 196
20200601 1243 119000 119500 119000 119000 707
20200601 1244 119000 119500 119000 119500 210
20200601 1245 119000 119500 119000 119000 102
20200601 1246 119000 119500 119000 119500 473
20200601 1247 119000 119500 119000 119000 153
20200601 1248 119000 119500 119000 119000 293
20200601 1249 119500 119500 119000 119000 93
20200601 1250 119500 119500 119000 119000 310
20200601 1251 119500 119500 119000 119000 107
20200601 1252 119500 119500 119000 119000 142
20200601 1253 119000 119500 119000 119500 107
20200601 1254 119000 119500 119000 119000 46
20200601 1255 119000 119500 119000 119000 156
20200601 1256 119500 119500 119000 119500 2071
20200601 1257 119000 119500 119000 119000 177
20200601 1258 119000 119500 119000 119000 178
20200601 1259 119500 119500 119000 119000 183
20200601 1300 119000 119000 119000 119000 29
20200601 1301 119000 119000 119000 119000 94
20200601 1302 119000 119500 119000 119000 116
20200601 1303 119000 119500 119000 119000 125
20200601 1304 119000 119500 119000 119000 494
20200601 1305 119000 119000 118500 118500 2408
20200601 1306 118500 119000 118500 118500 57
20200601 1307 118500 118500 118500 118500 1226
20200601 1308 118500 118500 118500 118500 37
20200601 1309 118500 119000 118000 118500 576
20200601 1310 118500 118500 118000 118000 561
20200601 1311 118500 118500 118000 118000 147
20200601 1312 118000 118500 118000 118000 783
20200601 1313 118000 118500 118000 118500 184
20200601 1314 118000 118500 118000 118500 256
20200601 1315 118000 118500 118000 118500 171
20200601 1316 118500 118500 118500 118500 368
20200601 1317 118500 118500 118500 118500 203
20200601 1318 118500 118500 118500 118500 353
20200601 1319 118500 119000 118500 119000 60
20200601 1320 119000 119000 118500 118500 309
20200601 1321 118500 118500 118500 118500 111
20200601 1322 118500 119000 118500 118500 77
20200601 1323 118500 119000 118500 118500 87
20200601 1324 118500 119000 118500 119000 56
20200601 1325 119000 119000 118500 118500 128
20200601 1326 118500 119000 118500 118500 287
20200601 1327 118500 119000 118500 118500 190
20200601 1328 118500 118500 118000 118500 128
20200601 1329 118000 118500 118000 118000 380
20200601 1330 118000 118500 118000 118000 345
20200601 1331 118500 118500 118000 118000 123
20200601 1332 118000 118500 118000 118000 627
20200601 1333 118000 118500 118000 118000 497
20200601 1334 118000 118500 118000 118000 214
20200601 1335 118000 118500 118000 118500 142
20200601 1336 118500 119000 118000 118000 148
20200601 1337 118000 118500 118000 118500 331
20200601 1338 118000 118500 118000 118000 183
20200601 1339 118000 118500 118000 118000 155
20200601 1340 118500 118500 118000 118500 235
20200601 1341 118500 118500 118000 118500 189
20200601 1342 118500 119000 118500 119000 169
20200601 1343 119000 119000 118500 118500 161
20200601 1344 118500 118500 118000 118500 240
20200601 1345 118000 118500 118000 118000 294
20200601 1346 118000 118500 118000 118000 336
20200601 1347 118000 118500 118000 118000 195
20200601 1348 118000 118500 118000 118000 1402
20200601 1349 118000 118000 118000 118000 165
20200601 1350 118000 118500 118000 118000 247
20200601 1351 118000 118500 118000 118000 181
20200601 1352 118500 118500 118000 118000 201
20200601 1353 118000 118500 118000 118000 268
20200601 1354 118000 118500 118000 118500 230
20200601 1355 118000 118500 118000 118000 239
20200601 1356 118000 118500 118000 118000 280
20200601 1357 118000 118500 118000 118000 709
20200601 1358 118000 118000 118000 118000 272
20200601 1359 118000 118500 118000 118000 857
20200601 1400 118000 118500 118000 118000 137
20200601 1401 118000 118500 118000 118000 263
20200601 1402 118000 118500 118000 118000 257
20200601 1403 118000 118500 118000 118000 275
20200601 1404 118000 118000 118000 118000 175
20200601 1405 118500 118500 118000 118000 156
20200601 1406 118500 118500 118000 118000 373
20200601 1407 118000 118500 118000 118000 235
20200601 1408 118000 118000 118000 118000 364
20200601 1409 118000 118500 118000 118000 188
20200601 1410 118000 118500 118000 118000 215
20200601 1411 118000 118000 118000 118000 158
20200601 1412 118000 118000 118000 118000 170
20200601 1413 118500 118500 118000 118000 104
20200601 1414 118000 118500 118000 118000 368
20200601 1415 118000 118500 118000 118000 150
20200601 1416 118000 118500 118000 118000 191
20200601 1417 118000 118500 118000 118500 413
20200601 1418 118000 118500 118000 118000 240
20200601 1419 118000 118500 118000 118500 270
20200601 1420 118000 118000 118000 118000 243
20200601 1421 118000 118500 118000 118000 247
20200601 1422 118000 118500 118000 118000 514
20200601 1423 118000 118500 118000 118000 419
20200601 1424 118500 118500 118000 118000 457
20200601 1425 118500 118500 118000 118500 219
20200601 1426 118000 118500 118000 118000 377
20200601 1427 118000 118500 118000 118000 113
20200601 1428 118000 118500 118000 118000 182
20200601 1429 118000 118000 118000 118000 174
20200601 1430 118000 118500 118000 118000 481
20200601 1431 118000 118500 118000 118000 205
20200601 1432 118000 118000 118000 118000 157
20200601 1433 118000 118500 118000 118000 262
20200601 1434 118500 118500 118000 118000 167
20200601 1435 118000 118500 118000 118500 283
20200601 1436 118500 118500 118000 118000 152
20200601 1437 118000 118500 118000 118000 262
20200601 1438 118000 118500 118000 118000 247
20200601 1439 118000 118500 118000 118000 163
20200601 1440 118000 118500 118000 118000 194
20200601 1441 118000 118500 118000 118000 219
20200601 1442 118000 118500 118000 118000 145
20200601 1443 118000 118500 118000 118500 258
20200601 1444 118000 118500 118000 118000 225
20200601 1445 118000 118500 118000 118000 154
20200601 1446 118000 118500 118000 118000 123
20200601 1447 118000 118500 118000 118500 216
20200601 1448 118500 118500 118000 118500 1064
20200601 1449 118000 118500 118000 118500 200
20200601 1450 118000 118500 118000 118000 152
20200601 1451 118000 118500 118000 118500 334
20200601 1452 118000 118500 118000 118000 157
20200601 1453 118000 118500 118000 118000 333
20200601 1454 118000 119000 118000 118500 384
20200601 1455 118500 119000 118500 118500 199
20200601 1456 118500 118500 118000 118000 362
20200601 1457 118000 119000 118000 118500 296
20200601 1458 118500 118500 118500 118500 237
20200601 1459 118500 118500 118000 118000 286
20200601 1500 118000 118500 118000 118000 186
20200601 1501 118000 118500 118000 118500 259
20200601 1502 118000 118500 118000 118500 211
20200601 1503 118500 118500 118000 118500 706
20200601 1504 118500 118500 118000 118000 84
20200601 1505 118000 118500 118000 118500 219
20200601 1506 118000 118500 118000 118000 219
20200601 1507 118000 118500 118000 118000 204
20200601 1508 118000 118500 118000 118000 454
20200601 1509 118500 118500 118000 118500 317
20200601 1510 118500 119000 118500 118500 208
20200601 1511 118500 119000 118500 118500 332
20200601 1512 119000 119000 118500 118500 244
20200601 1513 118500 119000 118500 118500 418
20200601 1514 118500 118500 118000 118500 981
20200601 1515 118500 118500 118000 118000 218
20200601 1516 118000 119000 118000 118500 555
20200601 1517 118500 118500 118000 118000 519
20200601 1518 118000 118500 118000 118000 1524
20200601 1519 118000 118500 118000 118500 392
20200601 1520 119000 119000 118500 119000 126
20200601 1530 119500 119500 119500 119500 8679
20200602 901 118500 118500 118000 118500 1534
20200602 902 118000 118500 118000 118000 497
20200602 903 118000 118500 118000 118500 431
20200602 904 118000 118500 118000 118500 1004
20200602 905 118500 118500 118000 118500 565
20200602 906 118500 119000 118500 118500 286
20200602 907 119000 119000 118500 118500 54
20200602 908 118500 119000 118500 118500 113
20200602 909 118500 119000 118500 118500 165
20200602 910 118500 119000 118500 118500 149
20200602 911 119000 119000 118500 118500 30
20200602 912 118500 119000 118500 118500 1286
20200602 913 118500 119000 118500 119000 314
20200602 914 119000 119500 118500 119500 726
20200602 915 119500 120000 119000 119500 504
20200602 916 119500 120000 119500 119500 291
20200602 917 119000 119500 119000 119500 177
20200602 918 119500 119500 119500 119500 79
20200602 919 119500 120000 119500 119500 176
20200602 920 120000 120000 120000 120000 59
20200602 921 120000 122000 119500 122000 4749
20200602 922 122000 123500 121500 122500 4535
20200602 923 122000 123500 121500 122500 4160
20200602 924 122500 123000 122000 122500 2007
20200602 925 122000 122500 122000 122000 796
20200602 926 122000 122000 120500 120500 2824
20200602 927 121000 121000 120500 121000 635
20200602 928 121000 121500 121000 121000 330
20200602 929 121000 121500 120500 121000 191
20200602 930 121000 121000 120500 120500 229
20200602 931 120500 121000 120500 120500 353
20200602 932 121000 121000 120500 120500 445
20200602 933 120500 121000 120500 121000 175
20200602 934 120500 120500 120500 120500 86
20200602 935 120500 121000 120500 120500 151
20200602 936 120500 121500 120500 120500 1675
20200602 937 120500 121500 120500 121500 1141
20200602 938 121500 121500 121000 121500 176
20200602 939 121500 121500 121000 121500 84
20200602 940 121500 121500 121000 121500 338
20200602 941 121000 121500 121000 121000 322
20200602 942 121500 121500 121000 121000 13
20200602 943 121000 121500 120500 120500 651
20200602 944 120500 120500 120500 120500 153
20200602 945 120500 120500 120500 120500 127
20200602 946 120500 120500 120000 120000 90
20200602 947 120000 120500 120000 120500 321
20200602 948 120500 120500 120000 120000 280
20200602 949 120000 120500 120000 120000 332
20200602 950 120000 121000 120000 121000 356
20200602 951 120500 120500 120500 120500 85
20200602 952 120500 120500 119500 119500 1877
20200602 953 119500 120000 119000 119000 1243
20200602 954 119000 119500 119000 119500 226
20200602 955 119000 119500 119000 119500 115
20200602 956 119500 120000 119000 119500 259
20200602 957 119500 119500 119500 119500 120
20200602 958 120000 120000 119500 119500 40
20200602 959 120000 120000 119500 120000 32
20200602 1000 119500 120000 119500 119500 536
20200602 1001 119500 120000 119500 119500 26
20200602 1002 119500 119500 119500 119500 60
20200602 1003 119500 120000 119500 119500 226
20200602 1004 119500 120000 119500 120000 228
20200602 1005 119500 120000 119500 120000 112
20200602 1006 120000 120500 120000 120000 1621
20200602 1007 120500 121000 120500 120500 187
20200602 1008 121000 121000 120500 120500 121
20200602 1009 121000 121000 120500 120500 22
20200602 1010 121000 121000 120500 121000 215
20200602 1011 121000 121000 120500 120500 51
20200602 1012 120500 120500 120500 120500 57
20200602 1013 120500 121000 120500 120500 152
20200602 1014 120500 121000 120500 120500 146
20200602 1015 120500 121000 120500 121000 85
20200602 1016 120500 121000 120500 120500 206
20200602 1017 121000 121000 120500 120500 311
20200602 1018 120500 120500 120000 120000 1230
20200602 1019 120000 120500 120000 120500 659
20200602 1020 120000 120500 120000 120500 141
20200602 1021 120000 120000 120000 120000 67
20200602 1022 120000 120000 119500 119500 446
20200602 1023 119500 120000 119500 120000 277
20200602 1024 120000 120000 119500 119500 24
20200602 1025 120000 120000 119500 119500 273
20200602 1026 120000 120000 119500 120000 441
20200602 1027 119500 120000 119500 120000 310
20200602 1028 119500 120000 119500 119500 58
20200602 1029 119500 120000 119500 120000 73
20200602 1030 119500 119500 119500 119500 44
20200602 1031 119500 120000 119500 119500 5387
20200602 1032 119500 119500 119000 119500 823
20200602 1033 119500 119500 119000 119000 211
20200602 1034 119000 119500 119000 119000 562
20200602 1035 119500 119500 119000 119000 28
20200602 1036 119000 119500 119000 119000 88
20200602 1037 119000 119000 119000 119000 680
20200602 1038 119000 119500 119000 119000 467
20200602 1039 119000 119000 119000 119000 98
20200602 1040 119000 119000 119000 119000 221
20200602 1041 119500 119500 119000 119500 100
20200602 1042 119500 119500 119000 119000 129
20200602 1043 119500 119500 119000 119500 128
20200602 1044 119000 119000 119000 119000 1340
20200602 1045 119000 119000 119000 119000 52
20200602 1046 119000 119500 119000 119000 96
20200602 1047 119000 119500 119000 119000 622
20200602 1048 119000 119500 119000 119500 190
20200602 1049 119000 119000 119000 119000 133
20200602 1050 119000 119000 119000 119000 97
20200602 1051 119000 119500 119000 119000 45
20200602 1052 119000 119500 119000 119000 152
20200602 1053 119000 119000 119000 119000 50
20200602 1054 119500 119500 119000 119000 3824
20200602 1055 119000 119500 119000 119000 37
20200602 1056 119000 119500 119000 119500 46
20200602 1057 119000 119000 119000 119000 73
20200602 1058 119000 119500 119000 119000 133
20200602 1059 119000 119500 119000 119000 83
20200602 1100 119000 119000 119000 119000 64
20200602 1101 119000 119500 119000 119000 56
20200602 1102 119000 119000 119000 119000 116
20200602 1103 119000 119000 119000 119000 1188
20200602 1104 119000 119500 119000 119000 1402
20200602 1105 119000 119000 119000 119000 124
20200602 1106 119500 119500 119000 119000 26
20200602 1107 119000 119000 119000 119000 194
20200602 1108 119000 119000 119000 119000 78
20200602 1109 119500 119500 119000 119500 31
20200602 1110 119500 119500 119000 119000 117
20200602 1111 119500 119500 119000 119500 54
20200602 1112 119500 119500 119000 119000 52
20200602 1113 119000 119500 119000 119000 279
20200602 1114 119000 119500 119000 119500 41
20200602 1115 119500 119500 119000 119000 67
20200602 1116 119500 119500 119000 119500 62
20200602 1117 119000 119000 119000 119000 42
20200602 1118 119000 119000 119000 119000 182
20200602 1119 119000 119500 119000 119000 40
20200602 1120 119000 119000 119000 119000 96
20200602 1121 119000 119500 119000 119500 57
20200602 1122 119000 119500 119000 119000 64
20200602 1123 119000 119000 119000 119000 38
20200602 1124 119500 119500 119000 119000 75
20200602 1125 119000 119500 119000 119500 320
20200602 1126 119000 119500 119000 119000 41
20200602 1127 119500 119500 119000 119500 174
20200602 1128 119000 119000 119000 119000 18
20200602 1129 119500 119500 119000 119500 149
20200602 1130 119000 119000 119000 119000 16
20200602 1131 119500 119500 119000 119500 16
20200602 1132 119000 119500 119000 119000 122
20200602 1133 119000 119000 119000 119000 34
20200602 1134 119000 119500 119000 119500 29
20200602 1135 119000 119500 119000 119500 63
20200602 1136 119000 119500 119000 119000 84
20200602 1137 119000 119500 119000 119000 82
20200602 1138 119500 119500 119000 119000 15
20200602 1139 119000 119500 119000 119500 36
20200602 1140 119000 119500 119000 119500 26
20200602 1141 119000 119000 119000 119000 54
20200602 1142 119000 119500 119000 119000 61
20200602 1143 119000 119000 119000 119000 169
20200602 1144 119000 119500 119000 119500 33
20200602 1145 119000 119000 119000 119000 104
20200602 1146 119000 119000 119000 119000 272
20200602 1147 119500 119500 119000 119000 153
20200602 1148 119000 119000 119000 119000 36
20200602 1149 119000 119500 119000 119000 119
20200602 1150 119000 119000 119000 119000 42
20200602 1151 119000 119500 119000 119000 36
20200602 1152 119000 119500 119000 119000 69
20200602 1153 119000 119000 119000 119000 29
20200602 1154 119000 119500 119000 119500 74
20200602 1155 119000 119500 119000 119000 105
20200602 1156 119000 119000 119000 119000 20
20200602 1157 119000 119500 119000 119000 41
20200602 1158 119000 119500 119000 119000 319
20200602 1159 119500 119500 119000 119000 14
20200602 1200 119500 119500 119000 119000 38
20200602 1201 119000 119000 119000 119000 21
20200602 1202 119000 119500 119000 119500 131
20200602 1203 119000 119500 119000 119000 64
20200602 1204 119500 119500 119000 119500 86
20200602 1205 119500 119500 119000 119000 49
20200602 1206 119000 119500 119000 119500 42
20200602 1207 119000 119500 119000 119500 34
20200602 1208 119000 119000 119000 119000 39
20200602 1209 119000 119000 119000 119000 14
20200602 1210 119000 119500 119000 119000 153
20200602 1211 119000 119500 119000 119000 131
20200602 1212 119000 120000 119000 119500 1049
20200602 1213 119500 120000 119500 119500 47
20200602 1214 119500 119500 119500 119500 60
20200602 1215 119500 120000 119500 119500 1708
20200602 1216 120000 120000 119500 120000 352
20200602 1217 120000 120000 120000 120000 30
20200602 1218 119500 120500 119500 120500 189
20200602 1219 120500 120500 120000 120000 72
20200602 1220 120000 120500 120000 120000 32
20200602 1221 120000 120500 120000 120000 87
20200602 1222 120500 120500 120000 120000 73
20200602 1223 120000 120500 120000 120500 44
20200602 1224 120500 120500 120000 120000 168
20200602 1225 120000 120500 120000 120500 76
20200602 1226 120000 120500 120000 120500 48
20200602 1227 120000 120000 120000 120000 56
20200602 1228 120000 120500 120000 120000 26
20200602 1229 120000 120500 120000 120000 57
20200602 1230 120000 120500 120000 120000 98
20200602 1231 120000 120000 120000 120000 24
20200602 1232 120000 120000 120000 120000 19
20200602 1233 120000 120500 120000 120000 239
20200602 1234 120000 120000 120000 120000 39
20200602 1235 120000 120500 120000 120000 35
20200602 1236 120000 120500 120000 120500 104
20200602 1237 120500 120500 120000 120500 27
20200602 1238 120000 120500 120000 120000 87
20200602 1239 120500 120500 120000 120000 36
20200602 1240 120000 120500 120000 120500 196
20200602 1241 120500 120500 120000 120000 40
20200602 1242 120000 120000 120000 120000 13
20200602 1243 120500 120500 120000 120500 35
20200602 1244 120000 120000 120000 120000 18
20200602 1245 120000 120500 120000 120500 34
20200602 1246 120500 120500 120500 120500 2
20200602 1247 120500 120500 120000 120000 35
20200602 1248 120000 120500 120000 120500 123
20200602 1249 120500 120500 120000 120000 139
20200602 1250 120500 120500 120000 120500 35
20200602 1251 120000 120000 120000 120000 87
20200602 1252 120000 120000 120000 120000 24
20200602 1253 120000 120500 120000 120000 34
20200602 1254 120000 120500 120000 120500 17
20200602 1255 120000 120500 120000 120500 125
20200602 1256 120500 120500 120000 120000 32
20200602 1257 120500 120500 120000 120000 1571
20200602 1258 120000 120500 120000 120000 2148
20200602 1259 120000 120000 120000 120000 297
20200602 1300 120000 120000 120000 120000 545
20200602 1301 120000 120500 119500 120000 226
20200602 1302 119500 120000 119500 120000 159
20200602 1303 119500 120000 119500 120000 281
20200602 1304 119500 119500 119500 119500 1620
20200602 1305 119500 120000 119000 119500 344
20200602 1306 119500 119500 119000 119000 273
20200602 1307 119500 119500 119000 119000 174
20200602 1308 119500 119500 119000 119500 18
20200602 1309 119000 119500 119000 119000 278
20200602 1310 119000 119000 119000 119000 1856
20200602 1311 119000 119500 119000 119000 226
20200602 1312 119000 119500 119000 119500 117
20200602 1313 119500 119500 119000 119500 438
20200602 1314 119500 120000 119500 120000 220
20200602 1315 120000 120000 119500 119500 129
20200602 1316 119500 120000 119500 119500 44
20200602 1317 119500 120000 119500 120000 245
20200602 1318 119500 120000 119500 120000 158
20200602 1319 119500 120000 119500 120000 41
20200602 1320 119500 120000 119500 119500 272
20200602 1321 119500 120000 119500 120000 166
20200602 1322 119500 120000 119500 120000 225
20200602 1323 119500 119500 119500 119500 27
20200602 1324 120000 120000 119500 120000 181
20200602 1325 119500 119500 119500 119500 308
20200602 1326 119500 120000 119500 119500 221
20200602 1327 120000 120000 119500 119500 15
20200602 1328 119500 119500 119500 119500 233
20200602 1329 119500 120000 119500 120000 145
20200602 1330 119500 119500 119500 119500 239
20200602 1331 119500 120000 119500 120000 29
20200602 1332 120000 120000 119500 119500 300
20200602 1333 119500 119500 119500 119500 301
20200602 1334 119500 120000 119500 119500 115
20200602 1335 119500 119500 119500 119500 178
20200602 1336 119500 120000 119500 120000 243
20200602 1337 120000 120000 119500 119500 324
20200602 1338 119500 119500 119500 119500 22
20200602 1339 119500 120000 119500 120000 246
20200602 1340 119500 119500 119500 119500 164
20200602 1341 119500 120000 119500 119500 273
20200602 1342 119500 119500 119500 119500 2
20200602 1343 119500 119500 119500 119500 171
20200602 1344 119500 120000 119500 119500 453
20200602 1345 119500 120000 119500 119500 2418
20200602 1346 119500 120000 119500 119500 104
20200602 1347 119500 119500 119000 119000 228
20200602 1348 119000 119000 119000 119000 259
20200602 1349 119500 119500 119000 119000 177
20200602 1350 119000 119500 119000 119000 485
20200602 1351 119000 119500 119000 119000 360
20200602 1352 119500 119500 119000 119000 236
20200602 1353 119000 119500 119000 119500 1051
20200602 1354 119000 120000 119000 120000 1635
20200602 1355 120000 120000 119500 119500 196
20200602 1356 119500 120000 119500 119500 222
20200602 1357 119500 120000 119500 120000 26
20200602 1358 119500 120000 119500 119500 256
20200602 1359 119500 120000 119500 119500 243
20200602 1400 119500 119500 119500 119500 302
20200602 1401 120000 120000 119500 119500 127
20200602 1402 119500 120000 119500 119500 225
20200602 1403 120000 120000 119500 119500 250
20200602 1404 119500 120000 119500 119500 100
20200602 1405 119500 120000 119500 119500 262
20200602 1406 119500 119500 119500 119500 321
20200602 1407 119500 120000 119500 119500 206
20200602 1408 119500 120000 119500 119500 83
20200602 1409 119500 120000 119500 120000 390
20200602 1410 119500 120000 119500 119500 238
20200602 1411 119500 120000 119500 120000 244
20200602 1412 119500 120000 119500 119500 121
20200602 1413 119500 120000 119500 119500 212
20200602 1414 119500 120000 119500 120000 253
20200602 1415 120000 120000 119500 119500 169
20200602 1416 120000 120000 119500 119500 50
20200602 1417 119500 120000 119500 120000 256
20200602 1418 119500 119500 119500 119500 235
20200602 1419 119500 120000 119500 120000 71
20200602 1420 119500 120000 119500 119500 221
20200602 1421 119500 120000 119500 119500 209
20200602 1422 119500 120000 119500 119500 245
20200602 1423 120000 120000 119500 119500 89
20200602 1424 119500 119500 119500 119500 158
20200602 1425 119500 120000 119500 119500 306
20200602 1426 119500 119500 119500 119500 195
20200602 1427 120000 120000 119500 119500 61
20200602 1428 120000 120000 119500 119500 411
20200602 1429 119500 119500 119500 119500 324
20200602 1430 120000 120000 119500 119500 284
20200602 1431 119500 119500 119500 119500 79
20200602 1432 119500 120000 119500 120000 245
20200602 1433 120000 120000 119500 119500 278
20200602 1434 119500 120000 119500 119500 164
20200602 1435 119500 120000 119500 119500 185
20200602 1436 119500 119500 119500 119500 430
20200602 1437 119500 120000 119500 120000 480
20200602 1438 119500 120000 119500 119500 156
20200602 1439 119500 120000 119500 119500 293
20200602 1440 119500 120000 119500 119500 226
20200602 1441 119500 119500 119500 119500 270
20200602 1442 119500 120000 119500 119500 83
20200602 1443 119500 119500 119500 119500 199
20200602 1444 119500 120000 119500 120000 228
20200602 1445 120000 120000 119500 119500 288
20200602 1446 119500 119500 119500 119500 50
20200602 1447 120000 120000 119500 120000 281
20200602 1448 119500 120000 119500 119500 469
20200602 1449 119500 120000 119500 119500 138
20200602 1450 119500 120000 119500 119500 592
20200602 1451 120000 120000 119500 120000 287
20200602 1452 119500 120000 119500 119500 555
20200602 1453 119500 120000 119500 119500 176
20200602 1454 119500 120000 119500 119500 247
20200602 1455 119500 119500 119000 119000 386
20200602 1456 119000 119500 119000 119000 221
20200602 1457 119500 119500 119000 119000 259
20200602 1458 119000 119500 119000 119500 292
20200602 1459 119000 119500 119000 119000 537
20200602 1500 119000 119500 119000 119000 372
20200602 1501 119000 119500 119000 119000 180
20200602 1502 119000 119500 119000 119000 334
20200602 1503 119000 119500 119000 119000 337
20200602 1504 119000 119500 119000 119000 161
20200602 1505 119000 119500 119000 119000 226
20200602 1506 119000 119500 119000 119000 1992
20200602 1507 119500 120000 119000 119500 5738
20200602 1508 119500 120000 119500 120000 364
20200602 1509 119500 120000 119500 119500 290
20200602 1510 119500 120000 119500 119500 1738
20200602 1511 119500 120500 119500 120000 690
20200602 1512 120000 120000 119500 119500 28
20200602 1513 120000 120000 119500 119500 354
20200602 1514 120000 120000 119500 119500 539
20200602 1515 119500 120000 119500 119500 481
20200602 1516 120000 120000 119500 120000 93
20200602 1517 119500 120000 119500 120000 104
20200602 1518 120000 120000 119500 119500 1294
20200602 1519 120000 120000 119500 119500 162
20200602 1520 120000 120500 119500 120500 2290
20200602 1530 122000 122000 122000 122000 18468
20200603 901 122000 122500 122000 122000 1628
20200603 902 122000 122000 119000 119000 2976
20200603 903 119000 120500 119000 120500 1626
20200603 904 120500 121000 120500 121000 1560
20200603 905 121000 121500 120500 121000 948
20200603 906 120500 121000 120500 121000 261
20200603 907 120500 121000 120000 120000 1031
20200603 908 120000 121000 120000 121000 1087
20200603 909 120500 121000 120500 120500 116
20200603 910 121000 121000 120500 121000 480
20200603 911 120500 121000 120500 121000 941
20200603 912 121000 121000 120500 121000 325
20200603 913 121000 121000 120000 120000 3284
20200603 914 120000 120500 120000 120000 289
20200603 915 120000 120500 120000 120500 643
20200603 916 120500 120500 120000 120500 376
20200603 917 120000 120500 120000 120000 699
20200603 918 120000 120500 120000 120000 471
20200603 919 120000 120000 119500 119500 568
20200603 920 119500 119500 119500 119500 1538
20200603 921 119500 119500 119000 119500 707
20200603 922 119500 120000 119000 119500 1096
20200603 923 119500 120000 119500 119500 430
20200603 924 119500 120000 119500 120000 245
20200603 925 119500 120000 119000 119000 1908
20200603 926 119000 119500 119000 119000 872
20200603 927 119500 119500 119000 119000 768
20200603 928 119000 119500 119000 119000 1683
20200603 929 119000 119500 118500 119000 5068
20200603 930 118500 119000 118000 118000 1391
20200603 931 118000 118500 118000 118500 1125
20200603 932 118000 118500 118000 118000 803
20200603 933 118000 118500 118000 118000 2435
20200603 934 118000 118000 117500 118000 1458
20200603 935 117500 118000 117500 118000 846
20200603 936 117500 118000 117500 117500 958
20200603 937 117500 118500 117500 118000 5706
20200603 938 118500 119000 118000 118000 1078
20200603 939 118500 118500 118000 118500 319
20200603 940 118000 118500 118000 118500 471
20200603 941 118000 118000 117500 117500 654
20200603 942 117500 118000 117500 117500 819
20200603 943 118000 118000 117500 117500 880
20200603 944 117500 118000 116500 116500 5844
20200603 945 117000 117000 116000 116000 2886
20200603 946 116000 117500 116000 117000 2531
20200603 947 116500 117500 116500 117000 883
20200603 948 117000 118000 117000 118000 1989
20200603 949 118000 118000 117500 118000 651
20200603 950 117500 118000 117000 117500 1011
20200603 951 117500 117500 117000 117500 686
20200603 952 117500 118000 117500 118000 574
20200603 953 117500 118000 117500 117500 668
20200603 954 117000 118000 117000 117000 929
20200603 955 117000 117500 117000 117000 847
20200603 956 117000 117500 117000 117000 872
20200603 957 117000 117500 117000 117000 688
20200603 958 117000 117500 116500 116500 5112
20200603 959 116500 116500 116000 116500 1441
20200603 1000 116000 118000 116000 116500 3146
20200603 1001 116500 117500 116500 117500 422
20200603 1002 117000 117500 117000 117000 293
20200603 1003 117000 117500 117000 117000 694
20200603 1004 117000 117500 117000 117000 701
20200603 1005 117000 117500 117000 117000 580
20200603 1006 117000 117000 116500 116500 1801
20200603 1007 116500 117000 116500 117000 790
20200603 1008 116500 117000 116500 116500 357
20200603 1009 116500 117000 116500 117000 856
20200603 1010 116500 117000 116500 116500 2109
20200603 1011 116500 117000 116500 116500 525
20200603 1012 117000 117000 116500 116500 442
20200603 1013 117000 117000 116500 116500 574
20200603 1014 116500 117000 116500 116500 665
20200603 1015 116500 117500 116500 117000 2609
20200603 1016 117000 117500 116500 117500 1458
20200603 1017 117500 117500 117000 117000 393
20200603 1018 117000 117500 117000 117000 561
20200603 1019 117000 117500 117000 117000 397
20200603 1020 117000 117500 117000 117000 387
20200603 1021 117000 117500 117000 117500 377
20200603 1022 117000 117000 116500 116500 812
20200603 1023 117000 117000 116500 116500 321
20200603 1024 117000 117500 116500 117000 1022
20200603 1025 117500 117500 116500 116500 958
20200603 1026 116500 117500 116500 117000 525
20200603 1027 117000 117500 116500 116500 401
20200603 1028 117000 117000 116500 117000 278
20200603 1029 116500 117000 116500 116500 772
20200603 1030 116500 117000 116500 117000 704
20200603 1031 116500 117500 116500 117000 466
20200603 1032 117000 117500 117000 117000 878
20200603 1033 117000 117500 117000 117000 363
20200603 1034 117000 117500 117000 117000 302
20200603 1035 117000 117500 117000 117000 705
20200603 1036 117000 117500 117000 117000 517
20200603 1037 117000 118000 117000 117500 1774
20200603 1038 118000 118000 117500 118000 456
20200603 1039 117500 118000 117500 117500 731
20200603 1040 117500 118000 117500 117500 438
20200603 1041 118000 118000 117500 118000 841
20200603 1042 117500 118000 117500 117500 443
20200603 1043 117500 118000 117500 117500 561
20200603 1044 117500 118000 117500 118000 1522
20200603 1045 118000 118500 118000 118000 611
20200603 1046 118500 118500 118000 118500 285
20200603 1047 118000 119000 118000 118500 2216
20200603 1048 118500 119000 118500 118500 519
20200603 1049 119000 119000 118000 118000 604
20200603 1050 118000 118500 118000 118000 539
20200603 1051 118500 118500 118000 118000 276
20200603 1052 118000 119000 118000 119000 772
20200603 1053 118500 119000 118500 118500 490
20200603 1054 118500 119000 118500 118500 449
20200603 1055 118500 119000 118500 119000 824
20200603 1056 118500 119000 118500 118500 689
20200603 1057 118500 119000 118500 118500 240
20200603 1058 118500 119000 118500 118500 531
20200603 1059 118500 119000 118000 118000 3154
20200603 1100 118000 119000 118000 118500 380
20200603 1101 118500 119000 118500 118500 354
20200603 1102 118500 119000 118500 118500 392
20200603 1103 118500 119000 118500 118500 539
20200603 1104 118500 119500 118500 119000 2579
20200603 1105 119000 119500 119000 119000 917
20200603 1106 119000 119500 118500 118500 2317
20200603 1107 118500 119000 118500 118500 433
20200603 1108 118500 119000 118500 118500 248
20200603 1109 118500 119000 118500 118500 598
20200603 1110 118500 119000 118000 118500 690
20200603 1111 118000 118500 118000 118000 1615
20200603 1112 118500 118500 118000 118000 628
20200603 1113 118000 118500 118000 118000 6128
20200603 1114 118000 118500 118000 118500 274
20200603 1115 118000 118500 118000 118000 505
20200603 1116 118000 119000 118000 118500 1296
20200603 1117 118500 119000 118500 118500 599
20200603 1118 118500 119000 118500 118500 344
20200603 1119 118500 119000 118500 118500 431
20200603 1120 118500 119000 118500 118500 524
20200603 1121 118500 119000 118500 118500 447
20200603 1122 118500 119000 118000 118500 474
20200603 1123 118000 118500 118000 118500 266
20200603 1124 118500 119000 118500 118500 1344
20200603 1125 118500 119000 118500 118500 587
20200603 1126 118000 118500 118000 118000 637
20200603 1127 118000 118500 118000 118000 650
20200603 1128 118000 118500 118000 118000 286
20200603 1129 118000 118500 118000 118000 441
20200603 1130 118000 118500 118000 118000 403
20200603 1131 118000 118500 117500 118000 942
20200603 1132 118000 118500 118000 118000 324
20200603 1133 118000 118500 117500 117500 443
20200603 1134 117500 118000 117500 117500 528
20200603 1135 117500 118000 117500 117500 402
20200603 1136 117500 118000 117500 117500 576
20200603 1137 117500 118000 117500 117500 559
20200603 1138 117500 117500 117000 117000 335
20200603 1139 117000 117500 117000 117000 467
20200603 1140 117000 117500 117000 117000 409
20200603 1141 117000 117500 117000 117000 543
20200603 1142 117000 117500 117000 117500 362
20200603 1143 117000 117500 117000 117000 578
20200603 1144 117000 118000 117000 118000 2229
20200603 1145 117500 118000 117500 117500 1477
20200603 1146 117500 118500 117500 118000 400
20200603 1147 118000 118500 118000 118500 266
20200603 1148 118000 118500 118000 118000 633
20200603 1149 118000 118500 118000 118000 551
20200603 1150 118000 118500 118000 118500 302
20200603 1151 118000 118500 118000 118000 464
20200603 1152 118000 118500 118000 118000 454
20200603 1153 118500 118500 118000 118000 521
20200603 1154 118000 118500 118000 118000 277
20200603 1155 118000 118500 117500 118000 641
20200603 1156 117500 118000 117500 118000 477
20200603 1157 117500 118000 117500 117500 250
20200603 1158 117500 118000 117500 117500 597
20200603 1159 117500 118000 117500 117500 517
20200603 1200 117500 118000 117500 117500 422
20200603 1201 118000 118000 117000 117000 530
20200603 1202 117000 117500 117000 117000 426
20200603 1203 117000 117500 117000 117000 447
20200603 1204 117000 117500 117000 117000 549
20200603 1205 117000 117500 117000 117000 490
20200603 1206 117000 117500 117000 117000 589
20200603 1207 117000 117500 117000 117000 576
20200603 1208 117000 117500 117000 117000 410
20200603 1209 117000 117500 117000 117000 964
20200603 1210 117000 117500 117000 117000 457
20200603 1211 117000 117500 117000 117000 805
20200603 1212 117000 117500 117000 117500 695
20200603 1213 117000 117500 117000 117000 394
20200603 1214 117000 117500 117000 117000 2590
20200603 1215 117000 117500 117000 117000 305
20200603 1216 117000 117500 117000 117000 722
20200603 1217 117000 117500 117000 117000 1269
20200603 1218 117000 117500 117000 117000 2142
20200603 1219 117000 117000 116500 116500 1004
20200603 1220 116500 117000 116500 116500 453
20200603 1221 116500 117000 116500 117000 591
20200603 1222 116500 117000 116500 116500 564
20200603 1223 116500 117000 116500 116500 529
20200603 1224 117000 117000 116500 116500 495
20200603 1225 116500 117000 116500 116500 431
20200603 1226 116500 117500 116500 117000 4233
20200603 1227 117000 117500 117000 117000 385
20200603 1228 117000 117500 117000 117000 338
20200603 1229 117000 117500 117000 117000 607
20200603 1230 117000 117500 117000 117000 529
20200603 1231 117000 117500 117000 117000 554
20200603 1232 117000 117500 116500 117000 831
20200603 1233 117000 117500 116500 117000 784
20200603 1234 117000 117500 117000 117000 248
20200603 1235 117000 117500 117000 117000 583
20200603 1236 117000 117500 116500 116500 553
20200603 1237 116500 117000 116500 116500 673
20200603 1238 116500 117000 116500 116500 483
20200603 1239 116500 117500 116500 117500 1096
20200603 1240 117500 117500 117000 117000 619
20200603 1241 117000 117500 117000 117000 674
20200603 1242 117000 117500 117000 117000 555
20200603 1243 117000 117500 116500 116500 542
20200603 1244 116500 117000 116500 116500 590
20200603 1245 117000 117500 116500 116500 646
20200603 1246 116500 117000 116500 116500 724
20200603 1247 117000 117000 116500 116500 595
20200603 1248 116500 117000 116500 116500 460
20200603 1249 116500 117000 116500 116500 424
20200603 1250 116500 117000 116500 117000 808
20200603 1251 117000 117000 116500 116500 491
20200603 1252 116500 117000 116500 117000 389
20200603 1253 116500 117000 116500 116500 540
20200603 1254 116500 117000 116500 116500 677
20200603 1255 116500 117000 116500 117000 454
20200603 1256 117000 117000 116500 116500 740
20200603 1257 116500 117000 116500 116500 774
20200603 1258 116500 117000 116500 116500 494
20200603 1259 116500 117000 116500 116500 393
20200603 1300 117000 117000 116500 116500 622
20200603 1301 116500 117000 116500 116500 954
20200603 1302 116500 117000 116500 116500 713
20200603 1303 116500 117000 116500 116500 944
20200603 1304 116500 117000 116000 116500 1313
20200603 1305 116500 117000 116000 116500 1132
20200603 1306 116000 117000 116000 116500 994
20200603 1307 116000 116500 116000 116000 402
20200603 1308 116000 116500 116000 116000 1026
20200603 1309 116500 117000 116000 116500 1881
20200603 1310 116500 117000 116500 116500 914
20200603 1311 116500 117000 116500 116500 1025
20200603 1312 116500 117000 116500 116500 794
20200603 1313 116500 117000 116500 116500 1039
20200603 1314 116500 117000 116500 116500 738
20200603 1315 116500 117000 116500 116500 874
20200603 1316 116500 117000 116500 116500 542
20200603 1317 116500 117000 116500 117000 747
20200603 1318 116500 117000 116500 116500 813
20200603 1319 116500 117000 116500 116500 553
20200603 1320 116500 117000 116500 116500 635
20200603 1321 116500 117000 116500 116500 858
20200603 1322 116500 117000 116500 116500 830
20200603 1323 116500 117000 116500 116500 573
20200603 1324 116500 117000 116500 116500 864
20200603 1325 116500 117000 116000 116000 883
20200603 1326 116000 116500 116000 116000 720
20200603 1327 116000 116500 116000 116000 3026
20200603 1328 116000 116500 116000 116000 879
20200603 1329 116000 116500 116000 116000 3904
20200603 1330 116000 116500 116000 116000 2715
20200603 1331 116000 116500 115500 115500 2411
20200603 1332 116000 116500 115500 116000 796
20200603 1333 116000 116500 116000 116000 837
20200603 1334 116000 116500 115500 116000 984
20200603 1335 115500 116000 115500 115500 670
20200603 1336 115500 116000 115500 116000 850
20200603 1337 116000 116000 115500 115500 1158
20200603 1338 115500 116000 115500 115500 883
20200603 1339 115500 116000 115000 115500 5754
20200603 1340 115500 116000 115000 115500 1087
20200603 1341 115500 116000 115500 115500 787
20200603 1342 115500 116000 115500 115500 1134
20200603 1343 115500 116000 115500 115500 669
20200603 1344 115500 116000 115500 115500 1077
20200603 1345 115500 116000 115500 115500 658
20200603 1346 115500 116000 115500 115500 1604
20200603 1347 115500 116000 115000 116000 3922
20200603 1348 115500 116000 115000 115000 950
20200603 1349 115000 115500 115000 115000 1512
20200603 1350 115000 115500 115000 115000 711
20200603 1351 115000 115500 115000 115000 905
20200603 1352 115000 115500 115000 115000 1159
20200603 1353 115000 115500 115000 115000 1352
20200603 1354 115500 115500 115000 115000 789
20200603 1355 115000 115500 115000 115500 2764
20200603 1356 115000 115500 115000 115000 792
20200603 1357 115000 115500 115000 115000 1488
20200603 1358 115000 115500 114500 115000 2690
20200603 1359 115000 115500 114500 115000 1427
20200603 1400 115000 115500 114500 115000 2049
20200603 1401 115000 115000 114500 114500 909
20200603 1402 114500 115000 114500 114500 1414
20200603 1403 114500 115000 114500 114500 1750
20200603 1404 114500 115000 114500 114500 1248
20200603 1405 114500 115000 114500 114500 1138
20200603 1406 114500 115000 114000 114000 1599
20200603 1407 114500 115000 114000 114500 1641
20200603 1408 115000 115000 114000 114500 3663
20200603 1409 114000 115000 114000 115000 1478
20200603 1410 114500 115000 114500 114500 1432
20200603 1411 114500 115000 114000 114000 1540
20200603 1412 114000 115000 114000 114500 2350
20200603 1413 114500 115000 114500 114500 1668
20200603 1414 114500 115000 114000 114000 2070
20200603 1415 114000 115000 114000 114000 853
20200603 1416 114000 115000 114000 114500 2189
20200603 1417 114500 114500 114000 114500 2193
20200603 1418 114500 115000 114000 114000 949
20200603 1419 114500 114500 114000 114000 3839
20200603 1420 114000 114500 114000 114500 1541
20200603 1421 114000 114500 114000 114000 1469
20200603 1422 114500 114500 114000 114000 2036
20200603 1423 114000 114500 114000 114000 2079
20200603 1424 114000 114500 114000 114000 1232
20200603 1425 114000 114500 114000 114000 2415
20200603 1426 114000 114500 113500 114500 5010
20200603 1427 114000 114500 113500 114000 1193
20200603 1428 114000 114500 113500 114500 3207
20200603 1429 114000 114500 113500 113500 2589
20200603 1430 113500 114000 113500 113500 2410
20200603 1431 113500 114000 113000 113500 5674
20200603 1432 113500 114000 113000 113000 1971
20200603 1433 113000 113500 113000 113000 2123
20200603 1434 113500 113500 113000 113000 1618
20200603 1435 113500 113500 113000 113000 1723
20200603 1436 113500 113500 113000 113000 1895
20200603 1437 113000 113500 112500 112500 3240
20200603 1438 112500 113500 112500 112500 3904
20200603 1439 112500 113000 112500 113000 2687
20200603 1440 112500 113500 112500 113000 4181
20200603 1441 113000 114000 113000 113500 5616
20200603 1442 113500 114000 113500 114000 1909
20200603 1443 113500 114000 113000 113500 1604
20200603 1444 113500 114000 113000 113500 1216
20200603 1445 113500 114000 113500 113500 1791
20200603 1446 113500 114000 113500 113500 1511
20200603 1447 113500 114000 113500 113500 1809
20200603 1448 113500 114000 113000 113000 1480
20200603 1449 113000 113500 113000 113500 4501
20200603 1450 113500 114000 113000 113000 983
20200603 1451 113500 114000 113000 113000 2387
20200603 1452 113000 114000 113000 113500 1155
20200603 1453 114000 114000 113500 113500 2553
20200603 1454 113500 114000 113500 113500 1015
20200603 1455 113500 114000 113000 113000 3974
20200603 1456 113000 114000 113000 113000 1740
20200603 1457 113000 114000 113000 113500 1611
20200603 1458 113500 114000 113000 113500 4546
20200603 1459 113500 114000 113000 113500 1434
20200603 1500 113000 113500 113000 113000 1091
20200603 1501 113000 113500 113000 113000 1834
20200603 1502 113000 113500 113000 113500 794
20200603 1503 113000 113500 113000 113000 1107
20200603 1504 113500 113500 113000 113000 3138
20200603 1505 113500 113500 113000 113500 5749
20200603 1506 113500 114000 113000 114000 1948
20200603 1507 113500 114000 113500 113500 1133
20200603 1508 113500 114000 113500 113500 1356
20200603 1509 113500 114000 113500 113500 2021
20200603 1510 113500 114000 113000 113500 1414
20200603 1511 113500 114000 113500 114000 1831
20200603 1512 113500 114000 113500 113500 1981
20200603 1513 113500 114000 113500 113500 2377
20200603 1514 113500 114000 113500 113500 2011
20200603 1515 113500 114000 113500 113500 2861
20200603 1516 113500 114000 113500 113500 1839
20200603 1517 113500 114000 113000 113500 1568
20200603 1518 113500 114000 113500 114000 2276
20200603 1519 114000 114500 113500 114000 4934
20200603 1520 114000 114500 113500 114500 1077
20200603 1530 114000 114000 114000 114000 27004
20200604 901 112000 115000 112000 113000 7360
20200604 902 113000 113500 112000 112000 2920
20200604 903 112000 112000 111500 111500 2780
20200604 904 111500 112000 111000 111500 6472
20200604 905 111500 112000 111500 111500 2674
20200604 906 111500 113000 111500 113000 9276
20200604 907 113000 113000 112500 112500 2403
20200604 908 112500 113000 112500 112500 821
20200604 909 113000 113000 112000 112500 4473
20200604 910 112500 112500 112000 112500 6333
20200604 911 112500 113500 112500 113500 703
20200604 912 113000 113500 113000 113000 913
20200604 913 113000 113500 113000 113000 2763
20200604 914 113000 113500 113000 113000 718
20200604 915 113000 113500 113000 113000 206
20200604 916 113000 113500 113000 113000 153
20200604 917 113000 113000 112000 112000 4327
20200604 918 112000 112500 112000 112000 369
20200604 919 112000 112500 112000 112000 501
20200604 920 112000 112500 112000 112000 392
20200604 921 112000 112500 112000 112000 1596
20200604 922 112000 112000 111500 111500 2906
20200604 923 111500 112000 111000 111500 3324
20200604 924 111500 112500 111000 112000 3415
20200604 925 111500 112500 111500 112500 690
20200604 926 112500 112500 112000 112000 493
20200604 927 112000 112500 111500 111500 1383
20200604 928 111500 112000 111500 111500 693
20200604 929 111500 112000 111500 111500 216
20200604 930 112000 112000 111000 111000 3397
20200604 931 111000 111500 111000 111000 907
20200604 932 111500 111500 111000 111000 557
20200604 933 111000 111000 110500 110500 2190
20200604 934 110500 111000 110000 110500 4021
20200604 935 110500 110500 110000 110000 837
20200604 936 110000 110500 110000 110000 1279
20200604 937 110000 110500 110000 110000 425
20200604 938 110000 111000 110000 111000 7302
20200604 939 111000 111500 111000 111000 672
20200604 940 111000 112000 111000 112000 1922
20200604 941 112500 112500 111500 112000 2359
20200604 942 112000 112500 112000 112000 572
20200604 943 112000 112500 112000 112000 358
20200604 944 112000 112500 112000 112000 274
20200604 945 112000 112500 112000 112000 107
20200604 946 112000 112500 111500 111500 2003
20200604 947 111500 112000 111500 111500 1527
20200604 948 112000 112500 111500 112000 3610
20200604 949 112000 112500 112000 112000 339
20200604 950 112000 112500 112000 112000 232
20200604 951 112000 112500 112000 112000 171
20200604 952 112000 112500 112000 112000 381
20200604 953 112000 112500 112000 112000 688
20200604 954 112000 112500 111500 111500 1858
20200604 955 111500 112000 111500 111500 160
20200604 956 111500 111500 111500 111500 136
20200604 957 111500 112000 111500 112000 624
20200604 958 111500 111500 111500 111500 324
20200604 959 111500 112000 111500 112000 405
20200604 1000 112000 112000 111500 111500 411
20200604 1001 111500 112000 111500 111500 417
20200604 1002 111500 112000 111500 111500 144
20200604 1003 111500 112000 111500 111500 219
20200604 1004 111500 112000 111500 111500 416
20200604 1005 111500 111500 111500 111500 171
20200604 1006 111500 111500 111500 111500 666
20200604 1007 111500 112000 111500 111500 156
20200604 1008 112000 112000 111500 111500 149
20200604 1009 112000 112000 111500 111500 996
20200604 1010 111500 112000 111500 111500 4276
20200604 1011 111500 112000 111500 111500 324
20200604 1012 111500 112000 111500 111500 322
20200604 1013 111500 111500 111500 111500 641
20200604 1014 111500 111500 111000 111000 1544
20200604 1015 111000 111500 111000 111000 58
20200604 1016 111500 111500 111000 111000 471
20200604 1017 111000 111500 111000 111500 200
20200604 1018 111000 111500 111000 111000 120
20200604 1019 111500 111500 111000 111000 173
20200604 1020 111000 111500 111000 111000 264
20200604 1021 111500 111500 111000 111000 407
20200604 1022 111000 111500 111000 111000 2652
20200604 1023 111000 111500 111000 111000 3054
20200604 1024 111000 111500 111000 111000 380
20200604 1025 111000 111500 111000 111500 436
20200604 1026 111000 111500 111000 111000 883
20200604 1027 111000 111500 111000 111000 192
20200604 1028 111000 111500 110500 111000 1261
20200604 1029 110500 111000 110500 110500 1305
20200604 1030 110500 111000 110500 110500 477
20200604 1031 110500 111000 110500 111000 5203
20200604 1032 110500 110500 110000 110000 2099
20200604 1033 110000 110500 110000 110000 1029
20200604 1034 110000 110500 110000 110000 306
20200604 1035 110500 110500 110000 110000 204
20200604 1036 110000 111000 110000 110500 6403
20200604 1037 111000 111000 110500 110500 603
20200604 1038 110500 111000 110500 110500 341
20200604 1039 110500 111000 110500 110500 1111
20200604 1040 110500 111000 110500 110500 1293
20200604 1041 110500 111000 110500 111000 217
20200604 1042 110500 111000 110500 110500 189
20200604 1043 110500 110500 110500 110500 242
20200604 1044 110500 110500 110000 110000 2776
20200604 1045 110000 110500 110000 110000 103
20200604 1046 110000 110500 110000 110500 565
20200604 1047 110000 110500 110000 110500 718
20200604 1048 110000 110500 110000 110000 211
20200604 1049 110000 110500 110000 110000 385
20200604 1050 110000 110500 110000 110000 142
20200604 1051 110500 110500 110000 110000 271
20200604 1052 110000 110500 110000 110500 537
20200604 1053 110500 110500 110000 110000 131
20200604 1054 110500 110500 110000 110000 373
20200604 1055 110000 110500 110000 110000 410
20200604 1056 110500 110500 110000 110000 184
20200604 1057 110000 110500 110000 110000 321
20200604 1058 110000 110500 109500 109500 13846
20200604 1059 109500 110000 109500 109500 5146
20200604 1100 109500 110000 109500 109500 368
20200604 1101 109500 110000 109500 109500 323
20200604 1102 109500 110000 109500 109500 250
20200604 1103 109500 110500 109500 109500 7459
20200604 1104 109500 110000 109500 109500 367
20200604 1105 110000 110000 109500 109500 366
20200604 1106 109500 110000 109500 109500 873
20200604 1107 109500 110000 109500 109500 206
20200604 1108 109500 110000 109500 109500 119
20200604 1109 109500 110000 109500 109500 706
20200604 1110 109500 110000 109500 109500 124
20200604 1111 109500 109500 109500 109500 2444
20200604 1112 109500 109500 109000 109000 2385
20200604 1113 109500 109500 109000 109000 442
20200604 1114 109000 109500 109000 109500 487
20200604 1115 109000 109500 109000 109000 149
20200604 1116 109000 109000 109000 109000 273
20200604 1117 109000 109500 109000 109000 251
20200604 1118 109000 109500 109000 109000 112
20200604 1119 109000 109500 109000 109000 644
20200604 1120 109000 109500 109000 109000 1299
20200604 1121 109000 109500 109000 109500 332
20200604 1122 109500 110000 109500 109500 5594
20200604 1123 109500 110000 109000 109500 762
20200604 1124 109500 110000 109500 110000 673
20200604 1125 110000 110500 110000 110500 4589
20200604 1126 110500 111000 110500 111000 900
20200604 1127 111000 111000 110500 110500 218
20200604 1128 110500 111000 110500 110500 294
20200604 1129 110500 110500 110000 110500 1293
20200604 1130 110000 110500 109500 109500 726
20200604 1131 109500 110000 109500 109500 4361
20200604 1132 110500 110500 110000 110000 186
20200604 1133 110000 110000 110000 110000 532
20200604 1134 110000 110500 110000 110000 427
20200604 1135 110000 110000 110000 110000 190
20200604 1136 110000 110500 110000 110000 304
20200604 1137 110000 110500 110000 110000 202
20200604 1138 110000 110500 110000 110000 149
20200604 1139 110000 110000 110000 110000 208
20200604 1140 110000 110500 110000 110000 243
20200604 1141 110000 110000 110000 110000 173
20200604 1142 110000 110500 110000 110000 257
20200604 1143 110000 110000 110000 110000 192
20200604 1144 110000 110500 110000 110000 285
20200604 1145 110000 110500 110000 110000 224
20200604 1146 110000 110500 110000 110000 72
20200604 1147 110000 110000 110000 110000 496
20200604 1148 110000 110500 110000 110000 630
20200604 1149 110000 110500 110000 110000 344
20200604 1150 110000 110500 110000 110000 320
20200604 1151 110000 110500 110000 110000 204
20200604 1152 110000 110000 110000 110000 422
20200604 1153 110000 110500 110000 110000 364
20200604 1154 110000 110500 110000 110000 396
20200604 1155 110000 110000 110000 110000 234
20200604 1156 110000 110000 110000 110000 225
20200604 1157 110000 110500 110000 110000 319
20200604 1158 110000 110500 110000 110000 286
20200604 1159 110000 110000 110000 110000 263
20200604 1200 110000 110500 110000 110000 301
20200604 1201 110000 110500 110000 110000 352
20200604 1202 110000 110000 110000 110000 275
20200604 1203 110000 110000 110000 110000 244
20200604 1204 110000 110500 110000 110000 412
20200604 1205 110000 110500 110000 110000 254
20200604 1206 110000 110500 110000 110000 219
20200604 1207 110000 110000 110000 110000 471
20200604 1208 110000 110500 110000 110000 271
20200604 1209 110000 110500 110000 110000 916
20200604 1210 110000 110500 110000 110500 368
20200604 1211 110000 110000 110000 110000 453
20200604 1212 110000 110500 110000 110000 476
20200604 1213 110000 110500 110000 110000 203
20200604 1214 110000 110500 110000 110000 298
20200604 1215 110000 110500 110000 110000 321
20200604 1216 110500 110500 110000 110000 222
20200604 1217 110000 110500 109500 109500 6087
20200604 1218 109500 110000 109500 109500 292
20200604 1219 109500 110000 109500 109500 977
20200604 1220 109500 110000 109500 110000 1030
20200604 1221 109500 110000 109000 109500 230
20200604 1222 109500 110000 109500 109500 4979
20200604 1223 110000 110500 109500 110000 1960
20200604 1224 110000 110000 109500 109500 675
20200604 1225 109500 110000 109500 109500 381
20200604 1226 109500 110000 109500 109500 125
20200604 1227 109500 110000 109500 109500 168
20200604 1228 109500 110000 109500 109500 189
20200604 1229 109500 110000 109500 109500 155
20200604 1230 109500 110000 109500 109500 367
20200604 1231 109500 110000 109500 109500 71
20200604 1232 109500 110000 109500 109500 406
20200604 1233 109500 110000 109500 109500 71
20200604 1234 110000 110000 109500 109500 242
20200604 1235 110000 110000 109500 109500 312
20200604 1236 109500 109500 109000 109000 1273
20200604 1237 109500 109500 109000 109000 276
20200604 1238 109000 109500 109000 109000 323
20200604 1239 109000 109500 109000 109000 311
20200604 1240 109000 109500 109000 109000 318
20200604 1241 109500 109500 109000 109500 453
20200604 1242 109500 109500 109000 109000 289
20200604 1243 109000 109500 109000 109000 153
20200604 1244 109500 109500 109000 109500 365
20200604 1245 109000 109500 109000 109000 280
20200604 1246 109000 109500 109000 109000 229
20200604 1247 109500 109500 109000 109000 904
20200604 1248 109000 109500 109000 109000 191
20200604 1249 109500 109500 109000 109000 256
20200604 1250 109000 110000 109000 109500 5364
20200604 1251 109500 110000 109500 110000 162
20200604 1252 110000 110000 109500 109500 364
20200604 1253 109500 110000 109500 109500 175
20200604 1254 109500 110000 109500 109500 158
20200604 1255 109500 110000 109500 109500 1219
20200604 1256 109500 110000 109500 109500 184
20200604 1257 109500 110000 109500 109500 161
20200604 1258 109500 110000 109500 110000 127
20200604 1259 109500 110000 109500 109500 149
20200604 1300 109500 110000 109500 109500 184
20200604 1301 109500 110000 109500 109500 243
20200604 1302 109500 110000 109500 110000 116
20200604 1303 109500 110000 109500 109500 755
20200604 1304 109500 110000 109500 110000 196
20200604 1305 110000 110000 109500 109500 194
20200604 1306 110000 110000 109500 109500 490
20200604 1307 110000 110000 109500 109500 229
20200604 1308 109500 110000 109500 109500 228
20200604 1309 109500 110000 109500 109500 502
20200604 1310 109500 110000 109500 109500 162
20200604 1311 109500 110000 109500 109500 95
20200604 1312 109500 109500 109500 109500 323
20200604 1313 109500 110000 109500 110000 186
20200604 1314 109500 110000 109500 109500 106
20200604 1315 109500 110000 109500 110000 582
20200604 1316 109500 110000 109500 109500 185
20200604 1317 109500 110000 109500 109500 288
20200604 1318 109500 110000 109500 109500 944
20200604 1319 109500 110000 109500 109500 295
20200604 1320 109500 110000 109500 109500 747
20200604 1321 109500 110000 109500 109500 402
20200604 1322 109500 109500 109000 109000 4979
20200604 1323 109000 109500 109000 109500 571
20200604 1324 109000 109500 109000 109000 277
20200604 1325 109000 109500 109000 109500 151
20200604 1326 109000 109500 109000 109000 290
20200604 1327 109500 109500 109000 109000 352
20200604 1328 109000 109500 109000 109000 306
20200604 1329 109000 109500 109000 109000 160
20200604 1330 109000 109500 109000 109000 375
20200604 1331 109000 109500 109000 109500 487
20200604 1332 109000 109500 109000 109000 143
20200604 1333 109500 109500 109000 109000 248
20200604 1334 109500 109500 109000 109500 1441
20200604 1335 109500 109500 109000 109500 426
20200604 1336 109000 109500 109000 109500 4735
20200604 1337 110000 110000 109500 109500 310
20200604 1338 109500 110000 109500 109500 196
20200604 1339 109500 110000 109500 109500 217
20200604 1340 109500 110000 109500 109500 220
20200604 1341 109500 110000 109500 109500 206
20200604 1342 109500 110000 109500 110000 217
20200604 1343 109500 110000 109500 109500 221
20200604 1344 109500 110000 109500 109500 341
20200604 1345 109500 110000 109500 109500 645
20200604 1346 109500 109500 109500 109500 2255
20200604 1347 109500 110000 109500 109500 517
20200604 1348 109500 109500 109000 109500 2931
20200604 1349 109000 109500 109000 109000 393
20200604 1350 109000 109500 109000 109000 455
20200604 1351 109000 109500 109000 109000 603
20200604 1352 109000 109500 109000 109000 386
20200604 1353 109000 109500 109000 109000 399
20200604 1354 109000 109500 109000 109500 404
20200604 1355 109000 109500 109000 109000 511
20200604 1356 109000 109500 109000 109000 649
20200604 1357 109000 109500 109000 109000 468
20200604 1358 109000 109500 109000 109000 1000
20200604 1359 109500 109500 109000 109000 457
20200604 1400 109000 109500 109000 109000 1301
20200604 1401 109000 109500 109000 109000 640
20200604 1402 109000 109500 109000 109000 405
20200604 1403 109500 110000 109000 109500 4013
20200604 1404 109500 109500 109000 109500 358
20200604 1405 109500 109500 109000 109500 2320
20200604 1406 109500 110000 109500 109500 928
20200604 1407 110000 110000 109500 109500 582
20200604 1408 109500 110000 109500 109500 459
20200604 1409 109500 109500 109000 109000 759
20200604 1410 109000 109500 109000 109000 247
20200604 1411 109000 109500 109000 109500 1023
20200604 1412 109500 109500 109000 109000 1582
20200604 1413 109000 109500 109000 109000 555
20200604 1414 109000 109500 109000 109000 2387
20200604 1415 109000 109500 109000 109500 1350
20200604 1416 109000 110000 109000 109500 1128
20200604 1417 109500 110000 109500 109500 688
20200604 1418 109500 110000 109500 109500 846
20200604 1419 109500 110000 109500 109500 537
20200604 1420 109500 110000 109500 109500 717
20200604 1421 110000 110000 109500 109500 500
20200604 1422 109500 110000 109500 109500 605
20200604 1423 109500 110000 109500 109500 574
20200604 1424 109500 110000 109500 109500 825
20200604 1425 109500 110000 109500 109500 473
20200604 1426 109500 109500 109500 109500 730
20200604 1427 109500 110000 109500 109500 1151
20200604 1428 109500 110000 109500 109500 563
20200604 1429 109500 110000 109500 109500 518
20200604 1430 109500 110000 109500 110000 583
20200604 1431 109500 110000 109500 109500 872
20200604 1432 109500 109500 109500 109500 520
20200604 1433 109500 110000 109500 109500 1608
20200604 1434 109500 109500 109000 109500 752
20200604 1435 109000 109500 109000 109000 560
20200604 1436 109000 109500 109000 109000 4154
20200604 1437 109000 109500 109000 109000 518
20200604 1438 109000 109500 109000 109500 637
20200604 1439 109000 109500 109000 109000 554
20200604 1440 109000 109500 109000 109000 1197
20200604 1441 109000 109500 109000 109000 1265
20200604 1442 109000 109500 109000 109000 627
20200604 1443 109000 109500 109000 109000 794
20200604 1444 109000 109500 109000 109000 595
20200604 1445 109000 109500 109000 109000 765
20200604 1446 109000 109500 109000 109000 2060
20200604 1447 109000 109500 109000 109000 1593
20200604 1448 109000 109500 109000 109000 3712
20200604 1449 109000 109500 109000 109000 1046
20200604 1450 109000 109500 108500 108500 845
20200604 1451 108500 109000 108500 108500 621
20200604 1452 108500 109000 108500 108500 460
20200604 1453 108500 109000 108500 108500 1581
20200604 1454 109000 109000 108500 109000 1016
20200604 1455 109000 109000 108500 108500 919
20200604 1456 109000 109000 108500 109000 702
20200604 1457 108500 109000 108500 108500 1190
20200604 1458 108500 109000 108500 109000 803
20200604 1459 109000 109000 108500 109000 1355
20200604 1500 109000 109000 108500 108500 1082
20200604 1501 108500 109500 108500 109000 5087
20200604 1502 109500 109500 109000 109500 538
20200604 1503 109500 109500 109000 109000 1331
20200604 1504 109000 109500 109000 109500 550
20200604 1505 109000 109500 109000 109000 383
20200604 1506 109000 109500 109000 109500 751
20200604 1507 109000 109500 109000 109500 709
20200604 1508 109500 109500 109000 109000 478
20200604 1509 109500 109500 109000 109000 729
20200604 1510 109000 109500 109000 109500 620
20200604 1511 109500 109500 109000 109500 2064
20200604 1512 109000 109500 109000 109000 944
20200604 1513 109000 110000 109000 109000 7808
20200604 1514 109000 109500 109000 109000 1392
20200604 1515 109000 109500 109000 109000 743
20200604 1516 109500 109500 109000 109500 473
20200604 1517 109500 109500 109000 109500 635
20200604 1518 109000 109500 109000 109000 1821
20200604 1519 109500 109500 109000 109000 1353
20200604 1520 109500 109500 109000 109500 1704
20200604 1530 110000 110000 110000 110000 35504
20200605 901 110000 111000 110000 110500 4024
20200605 902 110500 111000 109500 110000 5208
20200605 903 110000 111000 110000 111000 3785
20200605 904 111000 111000 110500 110500 2783
20200605 905 111000 111000 110000 110000 2972
20200605 906 110500 110500 109500 109500 644
20200605 907 109500 109500 109000 109000 1868
20200605 908 109500 109500 109000 109500 156
20200605 909 109500 109500 107500 107500 5474
20200605 910 108000 108000 107000 108000 5201
20200605 911 108000 108500 108000 108000 1966
20200605 912 107500 108500 107500 108500 1699
20200605 913 108500 108500 108000 108000 97
20200605 914 108000 108000 107500 108000 1483
20200605 915 108000 108500 107500 108000 1320
20200605 916 108000 108500 107500 107500 595
20200605 917 107500 108000 107500 107500 227
20200605 918 108000 108000 106500 106500 6705
20200605 919 107000 107000 106500 106500 498
20200605 920 106500 107500 106500 107000 2753
20200605 921 107500 107500 107000 107000 211
20200605 922 107000 107500 107000 107000 244
20200605 923 107500 107500 107000 107000 423
20200605 924 107000 107500 107000 107000 218
20200605 925 107500 107500 106500 107000 3795
20200605 926 107000 107000 106500 107000 402
20200605 927 107000 107000 106500 107000 1342
20200605 928 106500 107000 106000 106500 3488
20200605 929 106000 106500 106000 106000 1774
20200605 930 106000 106500 105500 106000 5500
20200605 931 106000 106500 105500 106000 1970
20200605 932 106000 106500 106000 106000 271
20200605 933 106000 106500 106000 106000 291
20200605 934 106000 106500 106000 106000 315
20200605 935 106000 106500 106000 106000 330
20200605 936 106000 106500 106000 106000 622
20200605 937 106000 107000 106000 106500 3283
20200605 938 107000 107000 106500 106500 156
20200605 939 107000 107500 106500 107500 3092
20200605 940 107000 107500 107000 107000 353
20200605 941 107000 107500 107000 107000 93
20200605 942 107500 107500 107000 107500 312
20200605 943 107500 108000 107000 107000 2243
20200605 944 107500 107500 107000 107500 687
20200605 945 107500 108000 107000 107500 248
20200605 946 107500 108000 107000 107500 545
20200605 947 107500 107500 107000 107000 264
20200605 948 107000 107500 107000 107500 86
20200605 949 107500 107500 106500 106500 1705
20200605 950 107000 107000 106500 106500 192
20200605 951 106500 107000 106500 106500 244
20200605 952 106500 107000 106500 106500 195
20200605 953 107000 107000 106500 106500 158
20200605 954 107000 107000 106500 106500 126
20200605 955 107000 107000 106500 106500 549
20200605 956 106500 107000 106500 106500 284
20200605 957 106500 107000 106500 106500 50
20200605 958 107000 107000 106500 106500 601
20200605 959 106500 107000 106000 106500 1491
20200605 1000 106000 106500 106000 106500 166
20200605 1001 106000 106500 106000 106500 335
20200605 1002 106000 106500 106000 106000 683
20200605 1003 106000 106500 106000 106000 295
20200605 1004 106000 106500 106000 106000 377
20200605 1005 106000 106500 106000 106500 270
20200605 1006 106000 106500 106000 106500 4153
20200605 1007 106000 107000 106000 106500 523
20200605 1008 106500 107000 106500 107000 131
20200605 1009 107000 107000 106500 107000 836
20200605 1010 106500 107000 106500 107000 170
20200605 1011 106500 107000 106500 107000 714
20200605 1012 107500 107500 107000 107500 2233
20200605 1013 107000 107000 106500 107000 277
20200605 1014 107000 107000 106500 107000 422
20200605 1015 106500 107000 106500 106500 91
20200605 1016 106500 107000 106500 107000 360
20200605 1017 106500 107000 106000 106000 1954
20200605 1018 106500 106500 106000 106000 219
20200605 1019 106500 106500 106000 106000 439
20200605 1020 107000 107000 106000 106500 98
20200605 1021 106500 106500 106000 106000 437
20200605 1022 106500 106500 106000 106000 68
20200605 1023 106000 106500 106000 106500 102
20200605 1024 106000 106500 106000 106000 2211
20200605 1025 106000 106500 106000 106000 713
20200605 1026 106000 106500 106000 106000 106
20200605 1027 106500 106500 106000 106000 992
20200605 1028 106500 106500 106000 106000 339
20200605 1029 106000 106500 105500 106000 5976
20200605 1030 106000 106000 105500 106000 1892
20200605 1031 105500 106000 105500 105500 1022
20200605 1032 106000 106000 105500 106000 667
20200605 1033 105500 106000 105500 105500 229
20200605 1034 105500 106000 105500 106000 478
20200605 1035 106000 106000 105500 106000 506
20200605 1036 106000 106000 105500 106000 306
20200605 1037 105500 106000 105000 105500 5177
20200605 1038 105500 105500 105000 105000 482
20200605 1039 105000 105500 105000 105000 484
20200605 1040 105000 105500 105000 105500 392
20200605 1041 105000 105500 105000 105000 735
20200605 1042 105000 105500 105000 105000 863
20200605 1043 105500 105500 105000 105500 1483
20200605 1044 105500 106000 105500 106000 4157
20200605 1045 106000 106000 105500 105500 117
20200605 1046 105500 106000 105500 105500 553
20200605 1047 105500 106000 105500 105500 1554
20200605 1048 105500 105500 105000 105000 285
20200605 1049 105000 105500 105000 105500 312
20200605 1050 105500 105500 105000 105000 195
20200605 1051 105500 105500 105000 105000 208
20200605 1052 105500 105500 105000 105000 739
20200605 1053 105000 105500 105000 105000 598
20200605 1054 105000 105500 105000 105000 146
20200605 1055 105000 105500 105000 105000 478
20200605 1056 105000 105500 105000 105000 2122
20200605 1057 105000 105500 105000 105000 1490
20200605 1058 105000 105500 105000 105500 6367
20200605 1059 105000 105500 105000 105500 552
20200605 1100 105500 106000 105500 105500 159
20200605 1101 105500 106000 105500 105500 161
20200605 1102 106000 106000 105500 106000 112
20200605 1103 105500 106000 105500 105500 550
20200605 1104 105500 106000 105500 105500 221
20200605 1105 106000 106000 105500 105500 917
20200605 1106 106000 106000 105500 105500 284
20200605 1107 105500 105500 105000 105000 2059
20200605 1108 105000 105500 105000 105500 422
20200605 1109 105500 106000 105000 105500 1286
20200605 1110 105000 106000 105000 105500 200
20200605 1111 105500 106000 105500 105500 449
20200605 1112 105500 105500 105500 105500 408
20200605 1113 105500 106000 105500 105500 246
20200605 1114 105500 106000 105000 105500 1761
20200605 1115 105000 105500 105000 105000 602
20200605 1116 105500 105500 105000 105000 149
20200605 1117 105000 105500 105000 105000 4551
20200605 1118 105000 105000 104500 104500 14935
20200605 1119 104500 105000 104500 105000 866
20200605 1120 105000 105000 104500 104500 1950
20200605 1121 104500 105000 104000 104500 3834
20200605 1122 104500 105000 104500 104500 517
20200605 1123 104500 104500 104000 104500 727
20200605 1124 104500 105000 104000 104500 358
20200605 1125 104500 105000 104500 104500 214
20200605 1126 104500 105000 104500 105000 679
20200605 1127 104500 104500 104500 104500 831
20200605 1128 104500 104500 104000 104500 277
20200605 1129 104000 104500 104000 104000 715
20200605 1130 104000 105000 104000 104500 320
20200605 1131 105000 105000 104500 104500 187
20200605 1132 104500 105000 104500 104500 330
20200605 1133 104500 105000 104500 104500 402
20200605 1134 104500 105000 104500 104500 269
20200605 1135 104500 104500 104500 104500 370
20200605 1136 104500 105000 104500 104500 201
20200605 1137 104500 105000 104500 104500 248
20200605 1138 104500 105000 104500 105000 138
20200605 1139 105000 105000 104500 104500 295
20200605 1140 104500 105000 104500 104500 389
20200605 1141 104500 105500 104500 105000 8479
20200605 1142 105000 105000 104500 105000 675
20200605 1143 105500 105500 105000 105000 126
20200605 1144 105500 105500 105000 105000 300
20200605 1145 105500 105500 105000 105000 496
20200605 1146 105500 105500 105000 105500 121
20200605 1147 105500 105500 105000 105000 508
20200605 1148 105000 105500 105000 105000 442
20200605 1149 105000 105500 105000 105500 236
20200605 1150 105000 105500 105000 105000 264
20200605 1151 105000 105500 105000 105000 396
20200605 1152 105000 105500 105000 105000 200
20200605 1153 105500 105500 105000 105000 1217
20200605 1154 105000 105500 105000 105000 319
20200605 1155 105000 105500 105000 105000 578
20200605 1156 105000 105500 105000 105500 224
20200605 1157 105000 105500 105000 105000 153
20200605 1158 105000 105500 105000 105000 291
20200605 1159 105000 105500 105000 105500 241
20200605 1200 105000 105500 105000 105500 271
20200605 1201 105000 105500 105000 105000 337
20200605 1202 105000 105500 105000 105500 257
20200605 1203 105000 105500 105000 105000 336
20200605 1204 105000 105000 105000 105000 451
20200605 1205 105000 105500 105000 105000 398
20200605 1206 105000 105500 105000 105500 253
20200605 1207 105000 105500 105000 105000 226
20200605 1208 105000 105500 105000 105500 274
20200605 1209 105000 105500 105000 105000 293
20200605 1210 105000 105500 105000 105000 252
20200605 1211 105000 105500 105000 105000 205
20200605 1212 105000 105500 105000 105000 436
20200605 1213 105000 105500 105000 105000 247
20200605 1214 105000 105500 105000 105000 271
20200605 1215 105000 105500 105000 105000 195
20200605 1216 105000 105500 105000 105000 2622
20200605 1217 104500 105000 104500 105000 289
20200605 1218 104500 105000 104500 104500 169
20200605 1219 104500 105000 104500 104500 100
20200605 1220 104500 105000 104500 104500 320
20200605 1221 104500 105000 104500 105000 106
20200605 1222 105000 105000 104500 104500 402
20200605 1223 104500 105000 104500 105000 396
20200605 1224 104500 105000 104500 104500 388
20200605 1225 104500 105000 104500 104500 147
20200605 1226 104500 105000 104500 104500 215
20200605 1227 105000 105000 104500 104500 206
20200605 1228 105000 105000 104500 104500 254
20200605 1229 105000 105000 104500 104500 139
20200605 1230 104500 105000 104500 104500 259
20200605 1231 104500 105000 104500 105000 256
20200605 1232 104500 105000 104500 104500 282
20200605 1233 105000 105000 104500 105000 310
20200605 1234 104500 105000 104500 104500 5682
20200605 1235 104500 105000 104500 104500 235
20200605 1236 104500 105000 104500 105000 382
20200605 1237 104500 105000 104500 105000 153
20200605 1238 104500 105000 104500 104500 265
20200605 1239 104500 105000 104500 104500 242
20200605 1240 104500 105000 104500 105000 206
20200605 1241 105000 105000 104500 104500 183
20200605 1242 105000 105000 104500 104500 331
20200605 1243 104500 105000 104500 104500 187
20200605 1244 104500 105000 104500 104500 269
20200605 1245 104500 105000 104500 104500 292
20200605 1246 104500 105000 104500 104500 410
20200605 1247 104500 105000 104500 104500 335
20200605 1248 104500 105000 104500 104500 328
20200605 1249 104500 105000 104500 104500 512
20200605 1250 104500 105000 104500 104500 683
20200605 1251 104500 104500 104000 104500 5209
20200605 1252 104000 104500 104000 104000 1054
20200605 1253 104000 104500 104000 104000 895
20200605 1254 104000 104500 104000 104000 1851
20200605 1255 104000 104500 104000 104000 592
20200605 1256 104500 104500 104000 104500 322
20200605 1257 104500 104500 104000 104000 189
20200605 1258 104000 104500 104000 104000 697
20200605 1259 104500 105000 104000 104500 3309
20200605 1300 104500 105000 104500 104500 388
20200605 1301 104500 105000 104500 105000 731
20200605 1302 104500 105000 104500 104500 275
20200605 1303 104500 105000 104500 104500 189
20200605 1304 104500 105000 104500 104500 335
20200605 1305 104500 105000 104500 104500 402
20200605 1306 104500 105000 104500 104500 332
20200605 1307 104500 105000 104500 104500 243
20200605 1308 105000 105000 104500 104500 353
20200605 1309 104500 105000 104500 104500 485
20200605 1310 105000 105000 104500 104500 294
20200605 1311 104500 105000 104500 104500 594
20200605 1312 104500 105000 104500 104500 263
20200605 1313 104500 105000 104500 104500 366
20200605 1314 104500 105000 104500 104500 275
20200605 1315 104500 104500 104000 104500 3657
20200605 1316 104500 104500 104000 104000 239
20200605 1317 104000 104500 104000 104500 501
20200605 1318 104000 104500 104000 104500 246
20200605 1319 104000 104500 104000 104500 239
20200605 1320 104000 104500 104000 104000 400
20200605 1321 104500 104500 104000 104500 310
20200605 1322 104500 104500 104000 104500 386
20200605 1323 104000 104500 104000 104000 412
20200605 1324 104000 104500 104000 104500 259
20200605 1325 104000 104500 104000 104500 1404
20200605 1326 104000 104500 104000 104500 2231
20200605 1327 104000 105000 104000 104500 6194
20200605 1328 104500 105000 104500 104500 224
20200605 1329 104500 105000 104500 105000 354
20200605 1330 104500 105000 104500 105000 144
20200605 1331 104500 105000 104500 104500 554
20200605 1332 104500 105000 104500 105000 304
20200605 1333 104500 105000 104500 105000 300
20200605 1334 105000 105000 104500 105000 248
20200605 1335 104500 105000 104500 105000 4772
20200605 1336 105000 105500 105000 105000 1536
20200605 1337 105000 105500 105000 105000 400
20200605 1338 105000 105500 105000 105000 199
20200605 1339 105500 105500 105000 105000 382
20200605 1340 105000 105500 105000 105000 222
20200605 1341 105000 105500 105000 105000 267
20200605 1342 105500 105500 105000 105000 194
20200605 1343 105000 105000 105000 105000 328
20200605 1344 105000 105500 105000 105000 195
20200605 1345 105000 105500 105000 105000 372
20200605 1346 105000 105000 105000 105000 249
20200605 1347 105000 105500 105000 105000 804
20200605 1348 105000 105500 105000 105000 713
20200605 1349 105000 105000 105000 105000 389
20200605 1350 105000 105000 104500 104500 888
20200605 1351 104500 105000 104500 104500 374
20200605 1352 104500 105000 104500 104500 233
20200605 1353 104500 105000 104500 104500 447
20200605 1354 104500 105000 104500 104500 342
20200605 1355 104500 105000 104500 105000 551
20200605 1356 105000 105000 104500 104500 466
20200605 1357 104500 105000 104500 104500 2697
20200605 1358 104500 105000 104500 104500 248
20200605 1359 104500 105000 104500 104500 200
20200605 1400 104500 105000 104500 104500 171
20200605 1401 105000 105000 104500 105000 235
20200605 1402 104500 105000 104500 104500 264
20200605 1403 104500 105000 104500 104500 1410
20200605 1404 104500 105000 104500 105000 199
20200605 1405 104500 105000 104500 104500 358
20200605 1406 104500 105000 104500 104500 240
20200605 1407 104500 105000 104500 104500 477
20200605 1408 104500 105000 104500 105000 419
20200605 1409 104500 105000 104500 104500 477
20200605 1410 104500 105000 104500 104500 497
20200605 1411 104500 105000 104500 104500 336
20200605 1412 104500 105000 104500 104500 534
20200605 1413 104500 105000 104500 104500 2249
20200605 1414 104500 105000 104500 104500 411
20200605 1415 104500 105000 104000 104500 3849
20200605 1416 104000 105000 104000 105000 833
20200605 1417 104500 105000 104500 104500 304
20200605 1418 104500 105000 104500 104500 445
20200605 1419 104500 104500 104000 104000 1081
20200605 1420 104500 104500 104000 104500 473
20200605 1421 104500 104500 104000 104000 375
20200605 1422 104000 104500 104000 104500 421
20200605 1423 104000 104500 104000 104000 1036
20200605 1424 104500 104500 104000 104000 595
20200605 1425 104500 104500 104000 104500 318
20200605 1426 104500 104500 104000 104000 557
20200605 1427 104000 104500 104000 104500 472
20200605 1428 104500 104500 104000 104500 3255
20200605 1429 104500 104500 104500 104500 606
20200605 1430 104500 105000 104500 104500 368
20200605 1431 104500 105000 104500 105000 361
20200605 1432 104500 105000 104500 105000 121
20200605 1433 104500 105000 104500 105000 351
20200605 1434 104500 105000 104500 104500 455
20200605 1435 104500 105000 104500 104500 129
20200605 1436 104500 105000 104500 104500 281
20200605 1437 104500 105000 104500 104500 616
20200605 1438 104500 105000 104500 104500 250
20200605 1439 104500 105000 104500 104500 253
20200605 1440 104500 105000 104500 104500 238
20200605 1441 104500 105000 104500 104500 229
20200605 1442 104500 105000 104500 104500 1231
20200605 1443 104500 105000 104500 104500 204
20200605 1444 104500 105000 104500 104500 194
20200605 1445 104500 105000 104500 104500 341
20200605 1446 104500 105000 104500 104500 302
20200605 1447 104500 105000 104500 104500 204
20200605 1448 104500 105000 104500 104500 484
20200605 1449 104500 105000 104500 104500 215
20200605 1450 105000 105000 104500 104500 248
20200605 1451 104500 105000 104500 104500 258
20200605 1452 104500 105000 104500 104500 1522
20200605 1453 104500 105000 104500 104500 483
20200605 1454 104500 105000 104500 105000 288
20200605 1455 104500 105000 104500 105000 209
20200605 1456 105000 105000 104500 104500 389
20200605 1457 104500 105000 104500 104500 532
20200605 1458 104500 105000 104500 104500 243
20200605 1459 105000 105000 104500 104500 927
20200605 1500 104500 105000 104500 104500 547
20200605 1501 105000 105000 104500 104500 1814
20200605 1502 105000 105000 104500 105000 569
20200605 1503 104500 105500 104500 105500 5847
20200605 1504 105500 105500 105000 105000 608
20200605 1505 105500 105500 105000 105000 413
20200605 1506 105000 105500 105000 105500 287
20200605 1507 105500 105500 105000 105500 225
20200605 1508 105000 105500 105000 105000 1251
20200605 1509 105000 105500 105000 105000 675
20200605 1510 105000 105500 105000 105000 821
20200605 1511 105000 105500 105000 105000 512
20200605 1512 105500 105500 105000 105000 458
20200605 1513 105500 105500 105000 105000 729
20200605 1514 105000 105500 105000 105000 780
20200605 1515 105000 105500 105000 105000 1325
20200605 1516 105000 105500 105000 105000 693
20200605 1517 105000 105500 105000 105500 1470
20200605 1518 105000 105500 105000 105500 1049
20200605 1519 105000 105500 105000 105500 2186
20200605 1520 105500 106000 105000 106000 3001
20200605 1530 105500 105500 105500 105500 12236
