날짜 시간 시가 고가 저가 종가 거래량
20190801 940 11715 11715 11715 11715 170
20190801 951 11685 11685 11685 11685 94
20190801 1110 11730 11730 11730 11730 10
20190801 1137 11740 11740 11740 11740 4
20190801 1338 11740 11740 11740 11740 10
20190801 1339 11740 11740 11740 11740 8
20190801 1413 11720 11720 11720 11720 30
20190801 1530 11730 11730 11730 11730 25
20190802 916 11765 11765 11765 11765 84
20190802 1020 11750 11750 11750 11750 116
20190802 1102 11830 11860 11830 11860 42
20190802 1141 11865 11865 11865 11865 48
20190802 1144 11865 11865 11865 11865 47
20190802 1146 11865 11865 11865 11865 48
20190802 1148 11865 11865 11865 11865 47
20190802 1225 11870 11870 11870 11870 243
20190802 1226 11870 11870 11870 11870 50
20190802 1227 11875 11875 11875 11875 199
20190802 1228 11875 11875 11875 11875 46
20190802 1230 11875 11875 11875 11875 47
20190802 1232 11875 11875 11875 11875 46
20190802 1234 11875 11875 11875 11875 46
20190802 1236 11875 11875 11875 11875 429
20190802 1239 11875 11875 11875 11875 41
20190802 1240 11870 11870 11870 11870 55
20190802 1241 11870 11870 11870 11870 40
20190802 1243 11870 11870 11870 11870 41
20190802 1245 11870 11870 11870 11870 40
20190802 1247 11870 11870 11870 11870 41
20190802 1250 11870 11870 11870 11870 40
20190802 1252 11870 11870 11870 11870 41
20190802 1254 11870 11870 11870 11870 40
20190802 1256 11870 11870 11870 11870 41
20190802 1259 11870 11870 11870 11870 40
20190802 1300 11870 11870 11870 11870 41
20190802 1303 11870 11870 11870 11870 40
20190802 1305 11870 11870 11870 11870 41
20190802 1306 11870 11870 11870 11870 1
20190802 1307 11870 11870 11870 11870 40
20190802 1309 11870 11870 11870 11870 41
20190802 1311 11870 11870 11870 11870 40
20190802 1313 11870 11870 11870 11870 41
20190802 1314 11870 11870 11870 11870 20
20190802 1316 11870 11870 11870 11870 40
20190802 1318 11870 11870 11870 11870 41
20190802 1322 11875 11875 11875 11875 41
20190802 1324 11875 11875 11875 11875 41
20190802 1327 11875 11875 11875 11875 42
20190802 1329 11875 11875 11875 11875 41
20190802 1331 11875 11875 11875 11875 42
20190802 1332 11870 11870 11870 11870 8
20190802 1335 11880 11880 11875 11875 83
20190802 1336 11875 11875 11875 11875 15
20190802 1337 11875 11875 11875 11875 41
20190802 1340 11875 11875 11875 11875 42
20190802 1341 11875 11875 11875 11875 425
20190802 1343 11875 11875 11875 11875 41
20190802 1344 11875 11875 11875 11875 42
20190802 1346 11875 11875 11875 11875 45
20190802 1348 11875 11875 11875 11875 42
20190802 1350 11875 11875 11875 11875 42
20190802 1353 11875 11875 11875 11875 43
20190802 1355 11875 11875 11875 11875 41
20190802 1359 11880 11880 11880 11880 41
20190802 1403 11880 11880 11880 11880 52
20190802 1404 11880 11880 11880 11880 42
20190802 1406 11880 11880 11880 11880 42
20190802 1409 11880 11880 11855 11855 340
20190802 1416 11875 11875 11875 11875 1
20190802 1417 11880 11880 11880 11880 42
20190802 1419 11880 11880 11875 11875 303
20190802 1421 11875 11875 11875 11875 42
20190802 1425 11880 11880 11880 11880 42
20190802 1427 11880 11880 11880 11880 42
20190802 1430 11880 11880 11880 11880 42
20190802 1432 11880 11880 11880 11880 42
20190802 1434 11880 11880 11880 11880 42
20190802 1436 11880 11880 11880 11880 44
20190802 1438 11880 11880 11880 11880 44
20190802 1441 11880 11880 11880 11880 44
20190802 1443 11880 11880 11875 11875 86
20190802 1445 11875 11875 11875 11875 44
20190802 1449 11880 11880 11880 11880 44
20190802 1452 11880 11880 11880 11880 44
20190802 1454 11880 11880 11880 11880 44
20190802 1456 11880 11880 11880 11880 44
20190802 1500 11885 11885 11885 11885 44
20190802 1501 11880 11880 11880 11880 44
20190802 1502 11880 11880 11880 11880 44
20190802 1507 11885 11885 11885 11885 44
20190802 1509 11885 11885 11885 11885 44
20190802 1511 11885 11885 11885 11885 44
20190802 1513 11885 11885 11885 11885 81
20190802 1515 11880 11880 11880 11880 126
20190802 1518 11885 11885 11885 11885 218
20190802 1530 11875 11875 11875 11875 255
20190805 901 11770 11770 11770 11770 1
20190805 920 11860 11860 11860 11860 84
20190805 921 11830 11830 11830 11830 1228
20190805 945 11875 11875 11875 11875 60
20190805 949 11890 11890 11890 11890 273
20190805 1009 11890 11890 11890 11890 214
20190805 1030 11895 11895 11895 11895 2
20190805 1033 11895 11895 11895 11895 4
20190805 1149 11945 11980 11945 11980 15
20190805 1151 11985 11985 11985 11985 15
20190805 1530 12015 12015 12015 12015 10
20190806 901 11830 11830 11830 11830 17
20190806 902 11650 11830 11650 11830 2
20190806 931 11745 11745 11745 11745 1
20190806 934 11740 11740 11740 11740 85
20190806 947 11750 11750 11750 11750 1
20190806 958 11750 11750 11750 11750 2
20190806 959 11750 11750 11750 11750 4407
20190806 1006 11790 11790 11790 11790 375
20190806 1007 11750 11750 11750 11750 4
20190806 1013 11730 11730 11730 11730 4
20190806 1057 11725 11725 11725 11725 4
20190806 1136 11765 11765 11765 11765 1
20190806 1147 11760 11760 11760 11760 202
20190806 1244 11705 11705 11705 11705 20
20190806 1258 11705 11705 11705 11705 53
20190806 1319 11780 11785 11780 11785 1600
20190806 1322 11785 11785 11785 11785 50
20190806 1328 11790 11790 11790 11790 2
20190806 1330 11790 11790 11790 11790 1
20190806 1332 11785 11785 11785 11785 1
20190806 1334 11790 11790 11790 11790 1
20190806 1336 11795 11795 11795 11795 1
20190806 1337 11800 11800 11800 11800 1
20190806 1339 11805 11805 11805 11805 1
20190806 1431 11710 11710 11710 11710 20
20190806 1530 11730 11730 11730 11730 1
20190807 931 11800 11800 11800 11800 39
20190807 934 11745 11745 11745 11745 17
20190807 936 11720 11720 11720 11720 495
20190807 937 11720 11720 11720 11720 3737
20190807 1040 11720 11720 11720 11720 10
20190807 1319 11730 11730 11730 11730 20
20190807 1353 11745 11745 11745 11745 10
20190807 1354 11750 11750 11750 11750 30
20190807 1355 11800 11815 11800 11815 426
20190807 1509 11755 11755 11750 11750 5
20190807 1530 11800 11800 11800 11800 10
20190808 901 11800 11800 11800 11800 2
20190808 926 11815 11815 11815 11815 84
20190808 1052 11805 11805 11805 11805 10
20190808 1100 11800 11800 11800 11800 3
20190808 1440 11800 11800 11800 11800 10
20190808 1530 11800 11800 11800 11800 10
20190809 931 11945 11945 11945 11945 10
20190809 935 11900 11900 11900 11900 8545
20190809 950 11940 11940 11940 11940 47
20190809 952 11945 11945 11945 11945 10
20190809 957 11945 11945 11945 11945 120
20190809 1046 11845 11845 11840 11840 500
20190809 1047 11840 11840 11840 11840 1657
20190809 1311 11840 11840 11840 11840 1
20190809 1530 11840 11840 11840 11840 12
20190812 935 11880 11880 11880 11880 2000
20190812 1020 11895 11895 11895 11895 8
20190812 1026 11895 11895 11895 11895 1
20190812 1032 11895 11895 11895 11895 1
20190812 1038 11895 11895 11895 11895 1
20190812 1044 11895 11895 11895 11895 1
20190812 1046 11895 11895 11895 11895 1
20190812 1050 11895 11895 11895 11895 13
20190812 1056 11895 11895 11895 11895 2
20190812 1102 11895 11895 11895 11895 1
20190812 1108 11895 11895 11895 11895 1
20190812 1114 11895 11895 11895 11895 1
20190812 1120 11895 11895 11895 11895 1
20190812 1126 11895 11895 11895 11895 1
20190812 1132 11895 11895 11895 11895 1
20190812 1138 11895 11895 11895 11895 1
20190812 1144 11895 11895 11895 11895 2
20190812 1149 11895 11895 11895 11895 2
20190812 1155 11895 11895 11895 11895 1
20190812 1201 11895 11895 11895 11895 1
20190812 1207 11895 11895 11895 11895 1
20190812 1213 11895 11895 11895 11895 1
20190812 1219 11895 11895 11895 11895 1
20190812 1225 11895 11895 11895 11895 1
20190812 1231 11895 11895 11895 11895 1
20190812 1237 11895 11895 11895 11895 2
20190812 1243 11895 11895 11895 11895 1
20190812 1249 11895 11895 11895 11895 1
20190812 1250 11900 11900 11900 11900 1
20190812 1251 11900 11900 11900 11900 2
20190812 1255 11895 11895 11895 11895 1
20190812 1301 11895 11895 11895 11895 1
20190812 1307 11895 11895 11895 11895 1
20190812 1313 11895 11895 11895 11895 1
20190812 1319 11895 11895 11895 11895 1
20190812 1321 11900 11900 11900 11900 47
20190812 1332 11900 11900 11900 11900 1
20190812 1338 11900 11900 11900 11900 2
20190812 1344 11900 11900 11900 11900 2
20190812 1350 11900 11900 11900 11900 1
20190812 1356 11900 11900 11900 11900 2
20190812 1402 11900 11900 11900 11900 2
20190812 1408 11900 11900 11900 11900 1
20190812 1414 11900 11900 11900 11900 1
20190812 1420 11900 11900 11900 11900 2
20190812 1425 11900 11900 11900 11900 1
20190812 1431 11900 11900 11900 11900 1
20190812 1437 11900 11900 11900 11900 1
20190812 1443 11900 11900 11900 11900 1
20190812 1449 11900 11900 11900 11900 1
20190812 1455 11900 11900 11900 11900 1
20190812 1501 11900 11900 11900 11900 1
20190812 1506 11900 11900 11900 11900 2
20190812 1507 11900 11900 11900 11900 1
20190812 1508 11900 11900 11900 11900 3
20190812 1530 11950 11950 11950 11950 8
20190813 909 11900 11900 11900 11900 32
20190813 916 11875 11875 11875 11875 11
20190813 934 11875 11945 11875 11945 219
20190813 1202 11950 11950 11950 11950 50
20190813 1222 11950 11950 11950 11950 1
20190813 1233 11950 11950 11950 11950 2
20190813 1247 11980 11980 11980 11980 1
20190813 1414 11980 11980 11980 11980 3
20190813 1507 11980 11980 11980 11980 17
20190814 919 11895 11895 11895 11895 18
20190814 1025 11905 11905 11905 11905 3
20190814 1530 11930 11930 11930 11930 8
20190816 901 11765 11765 11765 11765 5
20190816 912 11750 11750 11750 11750 2
20190816 917 11750 11750 11750 11750 2
20190816 922 11680 11680 11680 11680 8
20190816 926 11680 11680 11680 11680 1
20190816 940 11680 11680 11680 11680 7
20190816 941 11680 11680 11680 11680 1
20190816 947 11680 11680 11680 11680 1
20190816 1131 11680 11680 11680 11680 4
20190816 1456 11680 11680 11655 11655 17
20190819 901 11745 11745 11745 11745 1
20190819 924 11770 11770 11770 11770 62
20190819 926 11745 11745 11745 11745 97
20190819 940 11790 11790 11790 11790 2
20190819 949 11790 11790 11790 11790 1
20190819 1307 11790 11790 11790 11790 10
20190819 1422 11790 11790 11790 11790 4
20190819 1530 11830 11830 11830 11830 57
20190820 913 11900 11900 11900 11900 1
20190820 924 11915 11915 11915 11915 252
20190820 1056 11905 11905 11905 11905 10
20190820 1114 11900 11900 11900 11900 9
20190820 1153 11910 11915 11910 11915 2
20190820 1251 11915 11915 11915 11915 1
20190820 1350 11915 11915 11915 11915 4
20190820 1508 11905 11905 11905 11905 30
20190820 1518 11900 11900 11900 11900 6
20190821 942 11825 11825 11825 11825 488
20190821 1120 11805 11805 11805 11805 11
20190821 1127 11810 11810 11810 11810 1
20190821 1128 11810 11810 11810 11810 2
20190821 1133 11810 11810 11810 11810 1
20190821 1201 11780 11780 11780 11780 2
20190821 1203 11770 11770 11770 11770 5
20190821 1205 11765 11765 11765 11765 103
20190821 1206 11760 11760 11755 11755 3
20190821 1345 11790 11805 11790 11805 294
20190821 1510 11805 11805 11805 11805 35
20190821 1530 11795 11795 11795 11795 8
20190822 923 11880 11880 11880 11880 8
20190822 924 11875 11875 11875 11875 16
20190822 1220 11900 11900 11900 11900 30
20190822 1437 11900 11900 11900 11900 2
20190823 901 11770 11770 11770 11770 41
20190823 910 11875 11875 11875 11875 3
20190823 917 11795 11795 11795 11795 30
20190823 937 11870 11870 11870 11870 4166
20190823 944 11845 11845 11845 11845 457
20190823 1253 11850 11850 11850 11850 5
20190823 1255 11845 11845 11845 11845 95
20190823 1310 11845 11845 11810 11810 224
20190823 1329 11870 11870 11870 11870 1
20190823 1336 11870 11870 11870 11870 4
20190823 1338 11820 11820 11820 11820 1
20190823 1340 11810 11810 11810 11810 1
20190823 1341 11810 11810 11810 11810 1
20190823 1343 11810 11810 11810 11810 1
20190823 1345 11810 11810 11810 11810 1
20190823 1346 11810 11810 11810 11810 1
20190823 1348 11810 11810 11810 11810 1
20190823 1349 11860 11860 11860 11860 1
20190823 1350 11810 11810 11810 11810 1
20190823 1351 11810 11810 11810 11810 1
20190823 1352 11860 11860 11860 11860 1
20190823 1353 11810 11860 11810 11860 2
20190823 1411 11830 11830 11830 11830 6
20190823 1502 11840 11840 11840 11840 3
20190823 1530 11840 11840 11840 11840 177
20190826 901 11840 11840 11840 11840 1
20190826 902 11840 11840 11840 11840 16
20190826 909 11780 11780 11780 11780 1
20190826 913 11775 11775 11775 11775 1
20190826 915 11775 11775 11775 11775 100
20190826 924 11770 11770 11770 11770 2
20190826 928 11670 11670 11670 11670 5
20190826 945 11760 11760 11760 11760 1
20190826 948 11760 11760 11760 11760 4
20190826 1001 11760 11760 11760 11760 2
20190826 1008 11750 11750 11750 11750 2
20190826 1019 11750 11750 11750 11750 8
20190826 1028 11750 11750 11750 11750 5
20190826 1030 11740 11740 11740 11740 3
20190826 1053 11740 11740 11740 11740 3
20190826 1114 11740 11740 11740 11740 1
20190826 1132 11730 11730 11730 11730 2
20190826 1232 11730 11730 11730 11730 5
20190826 1307 11720 11720 11710 11710 6
20190826 1315 11710 11710 11710 11710 3
20190826 1316 11710 11710 11710 11710 1
20190826 1317 11710 11710 11710 11710 1
20190826 1332 11710 11710 11710 11710 1
20190826 1339 11735 11735 11735 11735 1
20190826 1530 11740 11740 11740 11740 42
20190827 918 11835 11835 11835 11835 485
20190827 925 11785 11785 11770 11770 545
20190827 1013 11770 11770 11770 11770 21
20190827 1126 11770 11770 11770 11770 36
20190827 1129 11760 11760 11760 11760 256
20190827 1134 11755 11755 11755 11755 1
20190827 1240 11765 11770 11765 11770 132
20190827 1302 11770 11770 11770 11770 100
20190827 1332 11770 11770 11770 11770 10
20190827 1353 11770 11770 11770 11770 10
20190827 1530 11750 11750 11750 11750 109
20190828 913 11815 11815 11815 11815 22
20190828 926 11880 11880 11880 11880 42
20190828 945 11910 11910 11910 11910 10
20190828 1006 11890 11890 11890 11890 2
20190828 1011 11880 11880 11880 11880 10
20190828 1039 11820 11820 11810 11810 860
20190828 1301 11875 11875 11875 11875 1
20190828 1303 11875 11875 11875 11875 1
20190828 1306 11815 11880 11815 11880 100
20190828 1356 11820 11820 11820 11820 198
20190829 1115 11820 11820 11820 11820 297
20190829 1116 11820 11820 11820 11820 90
20190829 1147 11910 11910 11910 11910 1
20190829 1149 11910 11910 11910 11910 2
20190829 1209 11905 11905 11905 11905 1
20190829 1243 11900 11900 11900 11900 1
20190829 1530 11830 11830 11830 11830 10
20190830 919 11915 11915 11910 11910 610
20190830 1017 11920 11920 11920 11920 50
20190830 1024 11970 11970 11970 11970 1
20190830 1041 11960 11965 11960 11965 157
20190830 1051 11965 11965 11965 11965 3
20190830 1140 11950 11950 11950 11950 47
20190830 1141 11950 11950 11950 11950 30
20190830 1146 11970 11970 11970 11970 70
20190830 1148 11980 11980 11980 11980 98
20190830 1354 11955 11955 11955 11955 1
20190830 1530 11885 11885 11885 11885 12
